0	4.7671321747275135	4.7671321747275135	4.7671321747275135	0.09109212816953825	5.470851787518253	0.017727327531777623	9.60288709991514	497.12927120808246	0.6554631610352376	0	0	0	0	0	0	0	0	0
0.1	4.7671321747275135	4.7671321747275135	4.7671321747275135	0.09109212816953825	5.470851787518253	0.017727327531777623	9.60288709991514	497.12927120808246	0.6554631610352376	0	0	0	0	-0.017832756510368447	0	0	-0.18582190697447942	0
0.2	4.7671321747275135	4.7671321747275135	4.7671321747275135	0.09109212816953824	5.470851787518253	0.017727327531777623	9.602887099915138	497.1292712080824	0.6554631610352376	0	0	0	0	-0.02410342953709834	0	0	-0.5241007358849507	3617439289505362e-21
0.3	4.767132174727513	4.767132174727513	4.767132174727513	0.09109212816953825	5.470851787518253	0.017727327531777623	9.60288709991514	497.1292712080824	0.6554631610352375	0	0	0	0	-0.026308739143300192	1742413588162448e-21	0	-0.8640600159587886	11984505452868787e-21
0.4	4.7671321747275135	4.7671321747275135	4.7671321747275135	0.09109212816953825	5.470851787518254	0.017727327531777623	9.60288709991514	497.1292712080825	0.6554631610352376	0	0	0	0	-0.027084387531711412	2701331302055311e-21	0	-1.1625720818633365	2547672118519809e-20
0.5	4.7671321747275135	4.7671321747275135	4.7671321747275135	0.09109212816953825	5.470851787518254	0.017727327531777623	9.60288709991514	497.12927120808246	0.6554631610352376	0	0	0	0	-0.0273574752128813	3579235091561722e-21	0	-1.412465439554259	4289428486819939e-20
0.6	4.7671321747275135	4.7671321747275135	4.7671321747275135	0.09109212816953825	5.470851787518253	0.017727327531777623	9.60288709991514	497.12927120808246	0.6554631610352376	0	0	0	0	-0.02745408635116998	4335043009629956e-21	0	-1.617696816288593	627383567899059e-19
0.7	4.7671321747275135	4.7671321747275135	4.7671321747275135	0.09109212816953825	5.470851787518253	0.017727327531777623	9.60288709991514	497.1292712080825	0.6554631610352376	0	0	0	0	-0.02748860684964854	496615343797269e-20	0	-1.78490624576962	8366496446648953e-20
0.8	4.7671321747275135	4.7671321747275135	4.7671321747275135	0.09109212816953827	5.470851787518253	0.017727327531777623	9.60288709991514	497.1292712080825	0.6554631610352376	0	0	0	0	-0.02750129592442531	5485086878401728e-21	0	-1.920672929547852	0.00010463214819276478
0.9	4.7671321747275135	4.7671321747275135	4.7671321747275135	0.09109212816953825	5.470851787518253	0.017727327531777623	9.60288709991514	497.1292712080825	0.6554631610352376	0	0	0	0	-0.02750630283589699	5908489379088446e-21	0	-2.0307460801486386	0.00012490369297254688
1	4.7671321747275135	4.7671321747275135	4.7671321747275135	0.09109212816953824	5.470851787518253	0.01772732753177762	9.60288709991514	497.1292712080825	0.6554631610352376	0	0	0	0	-0.027508598619383515	6252643694989406e-21	0	-2.119939266178662	0.00014399856402276317
1.1	4.7671321747275135	4.7671321747275135	4.7671321747275135	0.09109212816953824	5.470851787518253	0.01772732753177762	9.60288709991514	497.1292712080825	0.6554631610352375	0	0	0	0	-0.02750990892986319	6531890740358725e-21	0	-2.192202134021634	0.00016163596314142057
1.2	4.7671321747275135	4.7671321747275135	4.7671321747275135	0.09109212816953824	5.470851787518253	0.017727327531777623	9.60288709991514	497.1292712080825	0.6554631610352376	0	0	0	0	-0.027510809889229073	6758158888671083e-21	0	-2.2507117055928925	0.0001776866826080166
1.3	4.767132174727514	4.767132174727514	4.767132174727514	0.09109212816953824	5.470851787518253	0.017727327531777623	9.60288709991514	497.1292712080825	0.6554631610352377	0	0	0	0	-0.027511548407794906	6941603983409482e-21	0	-2.298134712870115	0.00019211019683045913
1.4	4.7671321747275135	4.7671321747275135	4.7671321747275135	0.09109212816953824	5.47085178751825	0.01772732753177762	9.60288709991514	497.1292712080825	0.6554631610352376	0	0	0	0	-0.02751216807277062	70900855437245374e-22	0	-2.3365129435051095	0.00020495210577596297
1.5	4.7671321747275135	4.7671321747275135	4.7671321747275135	0.09109212816953824	5.470851787518253	0.01772732753177762	9.60288709991514	497.1292712080825	0.6554631610352376	0	0	0	0	-0.027512716459037502	72104655841734405e-22	0	-2.36762730979118	0.00021628753618826166
1.6	4.7671321747275135	4.7671321747275135	4.7671321747275135	0.09109212816953824	5.470851787518254	0.017727327531777613	9.60288709991514	497.1292712080825	0.6554631610352376	0	0	0	0	-0.027513191987664647	7307911635476308e-21	0	-2.3928135425259107	0.00022622753341676943
1.7	4.7671321747275135	4.7671321747275135	4.7671321747275135	0.09109212816953824	5.470851787518255	0.017727327531777616	9.60288709991514	497.12927120808246	0.6554631610352376	0	0	0	0	-0.02751360975083587	7386854793023201e-21	0	-2.4132179192775984	0.00023489248032940868
1.8	4.7671321747275135	4.7671321747275135	4.7671321747275135	0.09109212816953825	5.470851787518256	0.01772732753177762	9.60288709991514	497.1292712080825	0.6554631610352376	0	0	0	0	-0.02751397242776817	7450849792629071e-21	0	-2.4297590845170407	0.0002424079473503815
1.9	4.7671321747275135	4.7671321747275135	4.7671321747275135	0.09109212816953827	5.4708517875182565	0.017727327531777623	9.60288709991514	497.12927120808246	0.6554631610352376	0	0	0	0	-0.027514286785921535	7502600691386188e-21	0	-2.443135816861187	0.0002488968416887661
2	4.7671321747275135	4.7671321747275135	4.7671321747275135	0.09109212816953827	5.470851787518257	0.017727327531777623	9.60288709991514	497.1292712080824	0.6554631610352377	0	0	0	0	-0.027514559004976086	754461244749042e-20	0	-2.453995533843174	0.00025448020734187947
2.1	4.7671321747275135	4.7671321747275135	4.7671321747275135	0.09109212816953828	5.470851787518263	0.017727327531777623	9.602887099915138	497.12927120808246	0.6554631610352377	0	0	0	0	-0.02751479245680281	7578615250715842e-21	0	-2.462785319847926	0.000259265817521535
2.2	4.7671321747275135	4.7671321747275135	4.7671321747275135	0.09109212816953828	5.470851787518261	0.01772732753177762	9.602887099915138	497.12927120808246	0.6554631610352378	0	0	0	0	-0.027514993040052633	7606118595431842e-21	0	-2.4698951929663155	0.00026335430998577456
2.3	4.7671321747275135	4.7671321747275135	4.7671321747275135	0.09109212816953827	5.470851787518261	0.017727327531777616	9.60288709991514	497.12927120808246	0.6554631610352378	0	0	0	0	-0.027515164652726836	76284716566294255e-22	0	-2.4756739082359034	0.0002668419883205463
2.4	4.7671321747275135	4.7671321747275135	4.7671321747275135	0.09109212816953825	5.470851787518268	0.01772732753177761	9.60288709991514	497.12927120808223	0.6554631610352378	0	0	0	0	-0.027515310384139964	764655455536697e-20	0	-2.4803489361687747	0.0002698059265628311
2.5	4.7671321747275135	4.7671321747275135	4.7671321747275135	0.09109212816953825	5.470851787518268	0.017727327531777613	9.60288709991514	497.1292712080822	0.6554631610352378	0	0	0	0	-0.02751543465540033	7661167218159675e-21	0	-2.48412685103919	0.00027231800693133996
2.6	4.7671321747275135	4.7671321747275135	4.7671321747275135	0.09109212816953821	5.470851787518264	0.017727327531777606	9.60288709991514	497.12927120808223	0.6554631610352378	0	0	0	0	-0.02751554034105892	7673054703807255e-21	0	-2.487200357057114	0.00027444768943542356
2.7	4.7671321747275135	4.7671321747275135	4.7671321747275135	0.09109212816953811	5.47085178751828	0.01772732753177757	9.602887099915145	497.1292712080818	0.6554631610352382	0	0	0	0	-0.027515628641912194	7682687653362475e-21	0	-2.4896913536583867	0.0002762475657885753
2.8	4.7671321747275135	4.7671321747275135	4.7671321747275135	0.09109212816953804	5.47085178751829	0.01772732753177755	9.602887099915147	497.1292712080815	0.6554631610352383	0	0	0	0	-0.02751570334261528	769045907068186e-20	0	-2.4917009849165863	0.00027776305752830963
2.9	4.767132174727513	4.767132174727513	4.767132174727513	0.09109212816953811	5.470851787518278	0.017727327531777574	9.602887099915144	497.12927120808183	0.655463161035238	0	0	0	0	-0.027515767981651784	7696760811506913e-21	0	-2.493330193284536	0.0002790395127017321
3	4.7671321747275135	4.7671321747275135	4.7671321747275135	0.09109212816953773	5.470851787518275	0.017727327531777436	9.602887099915156	497.12927120808183	0.6554631610352394	0	0	0	0	-0.027515818294691515	7701890910888497e-21	0	-2.4946582653166005	0.00028011601375612397
3.1	4.7671321747275135	4.7671321747275135	4.7671321747275135	0.09109212816953703	5.47085178751829	0.017727327531777196	9.602887099915172	497.12927120808126	0.6554631610352415	0	0	0	0	-0.02751585708961475	7706034431032881e-21	0	-2.495732330883983	0.0002810192995730356
3.2	4.7671321747275135	4.7671321747275135	4.7671321747275135	0.0910921281695367	5.470851787518302	0.01772732753177708	9.602887099915181	497.12927120808087	0.6554631610352426	0	0	0	0	-0.02751589164993388	7709375030850096e-21	0	-2.496597500423344	0.0002817746770544276
3.3	4.7671321747275135	4.7671321747275135	4.7671321747275135	0.09109212816953723	5.470851787518287	0.01772732753177727	9.602887099915167	497.1292712080814	0.6554631610352408	0	0	0	0	-0.02751592860355679	7712095031614029e-21	0	-2.497298860956631	0.00028240745433892877
3.4	4.7671321747275135	4.7671321747275135	4.7671321747275135	0.0910921281695331	5.4708517875180265	0.017727327531775874	9.602887099915277	497.1292712080858	0.655463161035254	0	0	0	0	-0.027515916904131577	7714236918416634e-21	0	-2.4978733108172033	0.00028294024534309764
3.5	4.767132174727514	4.767132174727514	4.767132174727514	0.09109212816952461	5.4708517875175895	0.017727327531772984	9.602887099915502	497.1292712080927	0.6554631610352812	0	0	0	0	-0.02751585960379174	7715881642749066e-21	0	-2.49833979423838	0.00028338646706177164
3.6	4.7671321747275135	4.7671321747275135	4.7671321747275135	0.09109212816951748	5.4708517875172555	0.01772732753177057	9.602887099915694	497.1292712080977	0.6554631610353039	0	0	0	0	-0.02751581163573783	7717201594303883e-21	0	-2.4987151220054327	0.0002837576154792427
3.7	4.7671321747275135	4.7671321747275135	4.7671321747275135	0.09109212816951756	5.470851787517305	0.017727327531770594	9.60288709991569	497.1292712080965	0.6554631610353037	0	0	0	0	-0.027515827933170405	7718369162773643e-21	0	-2.499016104903636	0.0002840651865798029
3.8	4.7671321747275135	4.7671321747275135	4.7671321747275135	0.0910921281695282	5.470851787517848	0.01772732753177421	9.602887099915408	497.12927120808797	0.6554631610352696	0	0	0	0	-0.02751594056984402	7719509010485505e-21	0	-2.4992595920743303	0.00028432083730474574
3.9	4.7671321747275135	4.7671321747275135	4.7671321747275135	0.09109212816953101	5.470851787517646	0.01772732753177529	9.602887099915332	497.1292712080936	0.6554631610352598	0	0	0	0	-0.027515977526993817	7720315226135761e-21	0	-2.4994592321260782	0.00028453551588507905
4	4.7671321747275135	4.7671321747275135	4.7671321747275135	0.09109212816953074	5.470851787517438	0.01772732753177526	9.60288709991534	497.1292712080983	0.6554631610352601	0	0	0	0	-0.02751598404570801	7720926642672071e-21	0	-2.499621262099636	0.000284714372855915
4.1	4.7671321747275135	4.7671321747275135	4.7671321747275135	0.09109212816953478	5.4708517875178595	0.017727327531776547	9.602887099915232	497.12927120809013	0.655463161035248	0	0	0	0	-0.027516029436242734	7721518071916697e-21	0	-2.4997518812071893	0.00028486243815996684
4.2	4.7671321747275135	4.7671321747275135	4.7671321747275135	0.09109212816953502	5.470851787517731	0.017727327531776756	9.602887099915227	497.1292712080931	0.6554631610352462	0	0	0	0	-0.027516038369833233	772192828002601e-20	0	-2.4998584331853544	0.00028498618630556574
4.3	4.7671321747275135	4.7671321747275135	4.7671321747275135	0.09109212816953549	5.4708517875177725	0.0177273275317769	9.602887099915213	497.1292712080923	0.6554631610352447	0	0	0	0	-0.027516047938058546	7722270949534471e-21	0	-2.4999446041893343	0.00028508877744300783
4.4	4.7671321747275135	4.7671321747275135	4.7671321747275135	0.09109212816953693	5.470851787517996	0.017727327531777307	9.602887099915176	497.1292712080878	0.6554631610352408	0	0	0	0	-0.02751606551362487	772257472819738e-20	0	-2.5000144008066902	0.00028517385694409164
4.5	4.7671321747275135	4.7671321747275135	4.7671321747275135	0.09109212816953689	5.470851787517918	0.017727327531777366	9.602887099915177	497.12927120808956	0.6554631610352403	0	0	0	0	-0.027516068332205924	7722789031149198e-21	0	-2.500071186348836	0.0002852446958770191
4.6	4.7671321747275135	4.7671321747275135	4.7671321747275135	0.0910921281695374	5.470851787518042	0.017727327531777467	9.602887099915165	497.129271208087	0.6554631610352394	0	0	0	0	-0.027516076251225794	7722980964484984e-21	0	-2.500117062420626	0.00028530324860885837
4.7	4.7671321747275135	4.7671321747275135	4.7671321747275135	0.09109212816953774	5.4708517875181	0.017727327531777554	9.602887099915154	497.12927120808564	0.6554631610352385	0	0	0	0	-0.0275160818382842	7723133432129995e-21	0	-2.5001543538352857	0.00028535188377609916
4.8	4.7671321747275135	4.7671321747275135	4.7671321747275135	0.09109212816953773	5.470851787518067	0.01772732753177757	9.602887099915156	497.12927120808644	0.6554631610352384	0	0	0	0	-0.027516083450764693	7723247994867885e-21	0	-2.500184598575387	0.000285392204897384
4.9	4.7671321747275135	4.7671321747275135	4.7671321747275135	0.09109212816953799	5.4708517875181615	0.017727327531777602	9.602887099915147	497.12927120808445	0.655463161035238	0	0	0	0	-0.027516087955545304	772335193918187e-20	0	-2.5002090656115046	0.00028542550932076206
5	4.7671321747275135	4.7671321747275135	4.7671321747275135	0.09109212816953803	5.470851787518168	0.017727327531777623	9.602887099915149	497.12927120808433	0.6554631610352378	0	0	0	0	-0.02751608988042697	7723430020260123e-21	0	-2.500228964100244	0.00028545315268725565
5.1	4.7671321747275135	4.7671321747275135	4.7671321747275135	0.09109212816953803	5.470851787518165	0.017727327531777637	9.602887099915147	497.1292712080844	0.6554631610352378	0	0	0	0	-0.027516091109623643	7723492291844909e-21	0	-2.5002450736365494	0.0002854759979735294
5.2	4.7671321747275135	4.7671321747275135	4.7671321747275135	0.09109212816953817	5.470851787518213	0.017727327531777633	9.602887099915145	497.1292712080834	0.6554631610352378	0	0	0	0	-0.027516093248450373	772354706447918e-20	0	-2.50025813604475	0.0002854948782826178
5.3	4.7671321747275135	4.7671321747275135	4.7671321747275135	0.09109212816953818	5.4708517875182086	0.017727327531777633	9.602887099915142	497.1292712080835	0.6554631610352377	0	0	0	0	-0.027516094049943762	7723587835570604e-21	0	-2.500268745685006	0.0002855105145704237
5.4	4.7671321747275135	4.7671321747275135	4.7671321747275135	0.0910921281695382	5.470851787518215	0.017727327531777633	9.602887099915142	497.12927120808337	0.6554631610352376	0	0	0	0	-0.027516094887094833	7723621665147173e-21	0	-2.5002773332860984	0.0002855234147464044
5.5	4.7671321747275135	4.7671321747275135	4.7671321747275135	0.09109212816953637	5.470851787517037	0.01772732753177853	9.602887099915192	497.12927120810974	0.6554631610352302	0	0	0	0	-0.02751607282673404	7723549276527757e-21	0	-2.500284875685199	0.00028553506077566814
5.6	4.7671321747275135	4.7671321747275135	4.7671321747275135	0.09109212816953222	5.470851787514376	0.017727327531780534	9.602887099915302	497.1292712081694	0.6554631610352136	0	0	0	0	-0.027516022018381044	7723346183396386e-21	0	-2.5002917667503097	0.0002855460214074475
5.7	4.7671321747275135	4.7671321747275135	4.7671321747275135	0.09109212816952729	5.470851787511217	0.017727327531782897	9.602887099915431	497.12927120824014	0.6554631610351939	0	0	0	0	-0.027515961500928346	7723096741227778e-21	0	-2.5002977567976674	0.0002855557717269785
5.8	4.7671321747275135	4.7671321747275135	4.7671321747275135	0.09109212816952313	5.470851787508551	0.017727327531784878	9.602887099915543	497.1292712082999	0.6554631610351775	0	0	0	0	-0.027515910313268478	772288530549667e-20	0	-2.500302596143511	0.0002855637868194974
5.9	4.7671321747275135	4.7671321747275135	4.7671321747275135	0.09109212816952127	5.470851787507368	0.017727327531785728	9.602887099915593	497.1292712083263	0.6554631610351704	0	0	0	0	-0.027515887494293963	7722796231677788e-21	0	-2.500306035104078	0.0002855695417702401
6	4.7671321747275135	4.7671321747275135	4.7671321747275135	0.09109212816952324	5.470851787508657	0.017727327531784694	9.60288709991554	497.12927120829744	0.6554631610351792	0	0	0	0	-0.027515912082897324	7722913875245859e-21	0	-2.5003078239956076	0.00028557251166444285
6.1	4.7671321747275135	4.7671321747275135	4.7671321747275135	0.09109212816953038	5.4708517875132845	0.017727327531781138	9.602887099915351	497.12927120819376	0.6554631610352089	0	0	0	0	-0.02751600084138096	7723312364314275e-21	0	-2.5003077634909583	0.00028557226334015794
6.2	4.767132174727513	4.767132174727513	4.767132174727513	0.09109212816953453	5.470851787515827	0.01772732753177954	9.60288709991524	497.1292712081369	0.6554631610352217	0	0	0	0	-0.027516051858750962	7723535439433196e-21	0	-2.500308241069505	0.00028557307509638973
6.3	4.7671321747275135	4.7671321747275135	4.7671321747275135	0.09109212816953528	5.470851787516196	0.017727327531779535	9.602887099915218	497.1292712081288	0.6554631610352215	0	0	0	0	-0.027516060769708257	7723573326650795e-21	0	-2.5003093713920013	0.0002855750784139814
6.4	4.7671321747275135	4.7671321747275135	4.7671321747275135	0.09109212816953699	5.470851787517375	0.01772732753177844	9.602887099915174	497.1292712081023	0.6554631610352307	0	0	0	0	-0.027516082387134874	7723676267414681e-21	0	-2.5003099593640017	0.00028557607070851424
6.5	4.7671321747275135	4.7671321747275135	4.7671321747275135	0.09109212816953738	5.470851787517606	0.017727327531778324	9.602887099915163	497.1292712080971	0.6554631610352316	0	0	0	0	-0.027516087272139632	7723699626156417e-21	0	-2.5003107263195328	0.0002855774512225446
6.6	4.7671321747275135	4.7671321747275135	4.7671321747275135	0.09109212816953774	5.470851787517874	0.01772732753177804	9.602887099915154	497.1292712080911	0.655463161035234	0	0	0	0	-0.02751609204847818	772372462542512e-20	0	-2.5003113293076438	0.00028557853355909196
6.7	4.7671321747275135	4.7671321747275135	4.7671321747275135	0.091092128169538	5.4708517875180585	0.017727327531777852	9.602887099915147	497.1292712080869	0.6554631610352356	0	0	0	0	-0.027516095300883434	7723741925612867e-21	0	-2.500311833547422	0.00028557945558838565
6.8	4.7671321747275135	4.7671321747275135	4.7671321747275135	0.09109212816953803	5.470851787518095	0.01772732753177783	9.602887099915147	497.1292712080862	0.6554631610352358	0	0	0	0	-0.02751609599413117	7723746546208132e-21	0	-2.500312286497838	0.0002855803014505184
6.9	4.7671321747275135	4.7671321747275135	4.7671321747275135	0.09109212816953818	5.470851787518188	0.017727327531777713	9.602887099915142	497.12927120808416	0.6554631610352368	0	0	0	0	-0.02751609755113124	7723755714093287e-21	0	-2.5003126316476707	0.00028558094864982483
7	4.7671321747275135	4.7671321747275135	4.7671321747275135	0.09109212816953821	5.4708517875182014	0.0177273275317777	9.602887099915142	497.1292712080839	0.6554631610352369	0	0	0	0	-0.027516097871630243	7723758229965512e-21	0	-2.5003129331189067	0.0002855815268955582
7.1	4.7671321747275135	4.7671321747275135	4.7671321747275135	0.09109212816953823	5.4708517875182245	0.017727327531777665	9.602887099915142	497.1292712080833	0.6554631610352373	0	0	0	0	-0.027516098264707863	7723761121950171e-21	0	-2.5003131745470926	0.0002855819946132758
7.2	4.7671321747275135	4.7671321747275135	4.7671321747275135	0.09109212816953827	5.470851787518238	0.017727327531777654	9.60288709991514	497.129271208083	0.6554631610352374	0	0	0	0	-0.027516098484934512	7723762933923588e-21	0	-2.500313372928151	0.0002855823847237351
7.3	4.7671321747275135	4.7671321747275135	4.7671321747275135	0.09109212816953827	5.4708517875182405	0.01772732753177765	9.60288709991514	497.1292712080829	0.6554631610352375	0	0	0	0	-0.027516098552623634	77237638213178e-19	0	-2.500313536175424	0.00028558271049496407
7.4	4.767132174727514	4.767132174727514	4.767132174727514	0.09109212816953825	5.470851787518249	0.017727327531777637	9.60288709991514	497.1292712080828	0.6554631610352377	0	0	0	0	-0.027516098671728554	7723764917615881e-21	0	-2.5003136673610435	0.00028558297516356247
7.5	4.7671321747275135	4.7671321747275135	4.7671321747275135	0.09109212816953827	5.470851787518249	0.01772732753177763	9.60288709991514	497.1292712080828	0.6554631610352376	0	0	0	0	-0.027516098700863183	7723765423695971e-21	0	-2.5003137752639235	0.0002855831961103131
7.6	4.7671321747275135	4.7671321747275135	4.7671321747275135	0.09109212816953903	5.47085178751813	0.017727327531778005	9.60288709991512	497.12927120808575	0.6554631610352342	0	0	0	0	-0.02751609673309549	7723753562440414e-21	0	-2.500313908437452	0.00028558349088426103
7.7	4.767132174727514	4.767132174727514	4.767132174727514	0.09109212816954723	5.470851787516866	0.017727327531781936	9.6028870999149	497.12927120811787	0.6554631610351987	0	0	0	0	-0.02751607575444102	772362446816473e-20	0	-2.5003144603880156	0.0002855848338890561
7.8	4.7671321747275135	4.7671321747275135	4.7671321747275135	0.0910921281695622	5.470851787514551	0.01772732753178912	9.602887099914502	497.1292712081764	0.6554631610351339	0	0	0	0	-0.0275160374222924	7723388388981861e-21	0	-2.5003153952653987	0.0002855871346813315
7.9	4.767132174727513	4.767132174727513	4.767132174727513	0.09109212816958125	5.470851787511602	0.017727327531798256	9.60288709991399	497.12927120825105	0.6554631610350512	0	0	0	0	-0.027515988636483652	7723087886835768e-21	0	-2.500316556998034	0.0002855900044786962
8	4.767132174727513	4.767132174727513	4.767132174727513	0.09109212816960167	5.470851787508433	0.017727327531808054	9.602887099913447	497.1292712083313	0.6554631610349628	0	0	0	0	-0.027515936296848828	772276552367041e-20	0	-2.500317789514355	0.0002855930544987593
8.1	4.7671321747275135	4.7671321747275135	4.7671321747275135	0.09109212816962083	5.470851787505456	0.017727327531817216	9.60288709991294	497.12927120840675	0.6554631610348801	0	0	0	0	-0.027515887303221957	772246386142974e-20	0	-2.5003189367427923	0.00028559589595912973
8.2	4.7671321747275135	4.7671321747275135	4.7671321747275135	0.09109212816963594	5.470851787503085	0.017727327531824443	9.602887099912532	497.1292712084667	0.6554631610348148	0	0	0	0	-0.027515848555437077	7722225462057722e-21	0	-2.50031984261178	0.00028559814007741654
8.3	4.7671321747275135	4.7671321747275135	4.7671321747275135	0.09109212816964439	5.470851787501733	0.01772732753182845	9.602887099912309	497.1292712085008	0.6554631610347786	0	0	0	0	-0.02751582695332821	7722092887498308e-21	0	-2.500320351049749	0.00028559939807122875
8.4	4.7671321747275135	4.7671321747275135	4.7671321747275135	0.09109212816964343	5.470851787501815	0.017727327531827933	9.602887099912333	497.1292712084985	0.6554631610347834	0	0	0	0	-0.027515829396729412	772210869969546e-20	0	-2.5003203059851327	0.00028559928115817534
8.5	4.7671321747275135	4.7671321747275135	4.7671321747275135	0.09109212816963044	5.470851787503744	0.017727327531821605	9.602887099912682	497.12927120844944	0.6554631610348407	0	0	0	0	-0.027515862785474705	7722315460593133e-21	0	-2.5003195513463634	0.0002855974005558653
8.6	4.7671321747275135	4.7671321747275135	4.7671321747275135	0.09109212816960265	5.470851787507933	0.01772732753180816	9.602887099913422	497.12927120834297	0.6554631610349623	0	0	0	0	-0.027515934019398124	7722755732135286e-21	0	-2.5003179310618733	0.0002855933674819076
8.7	4.7671321747275135	4.7671321747275135	4.7671321747275135	0.0910921281695646	5.470851787513792	0.017727327531789863	9.602887099914437	497.12927120819444	0.6554631610351276	0	0	0	0	-0.027516031504553076	7723356875442784e-21	0	-2.500315711945908	0.0002855878540373751
8.8	4.7671321747275135	4.7671321747275135	4.7671321747275135	0.09109212816955048	5.47085178751635	0.017727327531783396	9.602887099914813	497.12927120813043	0.6554631610351855	0	0	0	0	-0.02751606750380886	772357455852062e-20	0	-2.5003149001350935	0.0002855858729186575
8.9	4.7671321747275135	4.7671321747275135	4.7671321747275135	0.0910921281695438	5.470851787517415	0.01772732753178026	9.602887099914993	497.1292712081036	0.6554631610352138	0	0	0	0	-0.027516084599680673	7723679597064857e-21	0	-2.5003145191411935	0.0002855849253842349
9	4.7671321747275135	4.7671321747275135	4.7671321747275135	0.0910921281695407	5.470851787517911	0.017727327531778782	9.602887099915074	497.1292712080911	0.6554631610352272	0	0	0	0	-0.027516092588877123	772372873453186e-20	0	-2.5003143448438676	0.00028558448954177037
9.1	4.7671321747275135	4.7671321747275135	4.7671321747275135	0.09109212816953943	5.470851787518098	0.01772732753177819	9.60288709991511	497.1292712080863	0.6554631610352324	0	0	0	0	-0.027516095798654945	7723748599486979e-21	0	-2.5003142784323082	0.0002855843205113974
9.2	4.7671321747275135	4.7671321747275135	4.7671321747275135	0.09109212816953874	5.4708517875181935	0.017727327531777855	9.602887099915128	497.12927120808394	0.6554631610352355	0	0	0	0	-0.027516097563854182	7723759643542408e-21	0	-2.5003142437872117	0.00028558423029369733
9.3	4.7671321747275135	4.7671321747275135	4.7671321747275135	0.0910921281695385	5.470851787518225	0.017727327531777748	9.602887099915133	497.12927120808314	0.6554631610352367	0	0	0	0	-0.02751609816982691	7723763425822969e-21	0	-2.500314234611313	0.0002855842049695062
9.4	4.7671321747275135	4.7671321747275135	4.7671321747275135	0.09109212816953835	5.470851787518243	0.017727327531777668	9.602887099915138	497.1292712080827	0.6554631610352374	0	0	0	0	-0.02751609855730021	772376589516132e-20	0	-2.500314229559908	0.0002855841900497083
9.5	4.7671321747275135	4.7671321747275135	4.7671321747275135	0.09109212816953832	5.470851787518249	0.01772732753177765	9.602887099915138	497.12927120808257	0.6554631610352375	0	0	0	0	-0.027516098673644216	772376663215139e-20	0	-2.5003142299980126	0.00028558418970413003
9.6	4.7671321747275135	4.7671321747275135	4.7671321747275135	0.09109212816953828	5.470851787518253	0.01772732753177763	9.602887099915138	497.1292712080825	0.6554631610352376	0	0	0	0	-0.02751609875777481	772376718131171e-20	0	-2.500314230591822	0.00028558418994137157
9.7	4.7671321747275135	4.7671321747275135	4.7671321747275135	0.09109212816953827	5.470851787518255	0.017727327531777626	9.60288709991514	497.1292712080825	0.6554631610352376	0	0	0	0	-0.027516098781403767	7723767336632283e-21	0	-2.500314232095405	0.00028558419286187195
9.8	4.7671321747275135	4.7671321747275135	4.7671321747275135	0.09109212816953827	5.470851787518255	0.017727327531777623	9.60288709991514	497.1292712080825	0.6554631610352376	0	0	0	0	-0.02751609879887977	7723767455369332e-21	0	-2.5003142333568515	0.00028558419534345227
9.9	4.7671321747275135	4.7671321747275135	4.7671321747275135	0.09109212816953825	5.470851787518255	0.017727327531777626	9.60288709991514	497.1292712080825	0.6554631610352376	0	0	0	0	-0.027516098803970872	7723767492110965e-21	0	-2.500314234587436	0.0002855841979400727
10	4.7671321747275135	4.7671321747275135	4.7671321747275135	0.09109212816955843	5.4708517875216875	0.017727327531780804	9.6028870999146	497.129271208011	0.6554631610352055	0	0	0	0	-0.02751609456966814	7723737771899265e-21	0	-2.5003143326514103	0.00028558447481040217
10.1	4.7671321747275135	4.7671321747275135	4.7671321747275135	0.09109212816965238	5.470851787537655	0.017727327531795616	9.602887099912095	497.12927120767864	0.6554631610350562	0	0	0	0	-0.02751607486128125	7723599437329562e-21	0	-2.500314784875296	0.00028558575425669013
10.2	4.7671321747275135	4.7671321747275135	4.7671321747275135	0.09109212816980855	5.4708517875641896	0.017727327531820238	9.602887099907932	497.12927120712624	0.6554631610348078	0	0	0	0	-0.027516042094149398	7723369450614735e-21	0	-2.5003155359631655	0.0002855878796758137
10.3	4.7671321747275135	4.7671321747275135	4.7671321747275135	0.09109212817001103	5.470851787598572	0.017727327531852174	9.602887099902533	497.1292712064106	0.6554631610344858	0	0	0	0	-0.02751599961451667	772307130842771e-20	0	-2.500316509299679	0.00028559063411970283
10.4	4.7671321747275135	4.7671321747275135	4.7671321747275135	0.09109212817024386	5.47085178763808	0.017727327531888926	9.602887099896325	497.1292712055883	0.6554631610341152	0	0	0	0	-0.027515950768627152	7722728507441416e-21	0	-2.500317628269497	0.0002855938006402873
10.5	4.7671321747275135	4.7671321747275135	4.7671321747275135	0.09109212817049107	5.470851787679993	0.01772732753192798	9.602887099889733	497.12927120471596	0.6554631610337213	0	0	0	0	-0.0275158989027249	7722364544328782e-21	0	-2.5003188162572787	0.000285597162289497
10.6	4.7671321747275135	4.7671321747275135	4.7671321747275135	0.09109212817073674	5.470851787721591	0.017727327531966826	9.60288709988318	497.12927120385024	0.6554631610333296	0	0	0	0	-0.027515847363054007	7722002915762743e-21	0	-2.5003199966476832	0.0002856005021192617
10.7	4.7671321747275135	4.7671321747275135	4.7671321747275135	0.09109212817096493	5.470851787760152	0.01772732753200297	9.602887099877096	497.129271203048	0.6554631610329652	0	0	0	0	-0.027515799495858556	7721667118416225e-21	0	-2.5003210928253714	0.0002856036031815113
10.8	4.7671321747275135	4.7671321747275135	4.7671321747275135	0.09109212817115968	5.470851787792956	0.017727327532033904	9.602887099871904	497.12927120236566	0.6554631610326537	0	0	0	0	-0.027515758647382614	772138064896216e-20	0	-2.5003220281750025	0.00028560624852817573
10.9	4.7671321747275135	4.7671321747275135	4.7671321747275135	0.09109212817130505	5.470851787817281	0.01772732753205712	9.602887099868028	497.12927120186004	0.6554631610324199	0	0	0	0	-0.027515728163870268	7721167004073478e-21	0	-2.500322726081236	0.00028560822121118475
11	4.7671321747275135	4.7671321747275135	4.7671321747275135	0.09109212817138508	5.470851787830408	0.017727327532070115	9.602887099865894	497.1292712015877	0.6554631610322894	0	0	0	0	-0.027515711391565584	7721049680423108e-21	0	-2.500323109928732	0.00028560930428246834
11.1	4.7671321747275135	4.7671321747275135	4.7671321747275135	0.09109212817138385	5.470851787829614	0.017727327532070385	9.602887099865928	497.12927120160543	0.6554631610322874	0	0	0	0	-0.02751571167671265	7721052174683979e-21	0	-2.5003231031021507	0.0002856092807939562
11.2	4.7671321747275135	4.7671321747275135	4.7671321747275135	0.09109212817128538	5.47085178781218	0.017727327532055418	9.602887099868555	497.1292712019698	0.6554631610324393	0	0	0	0	-0.027515732365555542	7721197983529024e-21	0	-2.5003226289861513	0.00028560793379757833
11.3	4.7671321747275135	4.7671321747275135	4.7671321747275135	0.09109212817107376	5.470851787775382	0.017727327532022715	9.6028870998742	497.1292712027376	0.6554631610327704	0	0	0	0	-0.02751577680433834	7721510603631172e-21	0	-2.500321610965393	0.0002856050463452645
11.4	4.7671321747275135	4.7671321747275135	4.7671321747275135	0.09109212817073302	5.470851787716503	0.017727327531969775	9.602887099883286	497.12927120396523	0.6554631610333056	0	0	0	0	-0.027515848339305118	772201353166335e-20	0	-2.500319972424536	0.0002856004014889446
11.5	4.7671321747275135	4.7671321747275135	4.7671321747275135	0.0910921281702472	5.470851787632821	0.01772732753189408	9.602887099896241	497.1292712057096	0.6554631610340707	0	0	0	0	-0.027515950316699955	7722730264298493e-21	0	-2.5003176367482407	0.00028559378228054845
11.6	4.767132174727514	4.767132174727514	4.767132174727514	0.09109212816986145	5.470851787573979	0.017727327531826292	9.60288709990653	497.12927120692007	0.6554631610347438	0	0	0	0	-0.02751603095294179	7723290580840725e-21	0	-2.5003157902057027	0.00028558860898591305
11.7	4.7671321747275135	4.7671321747275135	4.7671321747275135	0.0910921281698888	5.47085178759594	0.017727327531813292	9.602887099905798	497.1292712064257	0.655463161034848	0	0	0	0	-0.02751602443150429	7723230187193534e-21	0	-2.500315940374413	0.0002855891698943898
11.8	4.7671321747275135	4.7671321747275135	4.7671321747275135	0.09109212816982998	5.470851787585111	0.01772732753180562	9.602887099907363	497.1292712066532	0.6554631610349274	0	0	0	0	-0.027516036819454123	7723317838389858e-21	0	-2.5003156572789655	0.0002855883612887006
11.9	4.7671321747275135	4.7671321747275135	4.7671321747275135	0.09109212816968629	5.470851787555448	0.017727327531786904	9.602887099911195	497.12927120728204	0.6554631610351234	0	0	0	0	-0.027516067191570685	7723535456045018e-21	0	-2.5003149620220295	0.0002855863515728208
12	4.7671321747275135	4.7671321747275135	4.7671321747275135	0.09109212816970304	5.470851787566677	0.017727327531778424	9.602887099910747	497.12927120703034	0.6554631610351939	0	0	0	0	-0.027516063276856562	772350091265809e-20	0	-2.500315052120363	0.0002855866722312089
12.1	4.767132174727514	4.767132174727514	4.767132174727514	0.09109212816964131	5.470851787548677	0.017727327531778077	9.602887099912396	497.12927120742137	0.6554631610352106	0	0	0	0	-0.02751607658260306	7723600641285224e-21	0	-2.500314747715929	0.00028558575092104977
12.2	4.7671321747275135	4.7671321747275135	4.7671321747275135	0.09109212816960453	5.470851787540372	0.017727327531773317	9.602887099913373	497.1292712075986	0.6554631610352611	0	0	0	0	-0.02751608438151659	772365712130046e-20	0	-2.5003145693607904	0.00028558522952887663
12.3	4.7671321747275135	4.7671321747275135	4.7671321747275135	0.09109212816961262	5.470851787545446	0.01772732753176876	9.602887099913158	497.1292712074851	0.6554631610352999	0	0	0	0	-0.027516082499544434	7723640798338908e-21	0	-2.5003146127030815	0.000285585381091111
12.4	4.7671321747275135	4.7671321747275135	4.7671321747275135	0.09109212816957603	5.470851787532082	0.017727327531773068	9.602887099914133	497.12927120777863	0.6554631610352697	0	0	0	0	-0.027516090521535953	7723703128846229e-21	0	-2.500314429176319	0.0002855848049873607
12.5	4.7671321747275135	4.7671321747275135	4.7671321747275135	0.09109212816956913	5.470851787531069	0.01772732753177066	9.602887099914318	497.1292712077995	0.6554631610352929	0	0	0	0	-0.02751609195324437	772371305108017e-20	0	-2.5003143965402024	0.00028558471363911256
12.6	4.7671321747275135	4.7671321747275135	4.7671321747275135	0.09109212816956994	5.470851787532067	0.017727327531769133	9.602887099914295	497.1292712077768	0.6554631610353063	0	0	0	0	-0.02751609173576592	7723710804885637e-21	0	-2.5003144016511722	0.0002855847347080328
12.7	4.7671321747275135	4.7671321747275135	4.7671321747275135	0.09109212816955295	5.470851787524771	0.017727327531773387	9.602887099914748	497.12927120793813	0.6554631610352721	0	0	0	0	-0.02751609552073138	7723741081622178e-21	0	-2.5003143150821363	0.0002855844548012243
12.8	4.7671321747275135	4.7671321747275135	4.7671321747275135	0.09109212816955285	5.4708517875254605	0.017727327531771593	9.602887099914753	497.12927120792233	0.6554631610352886	0	0	0	0	-0.027516095508250397	7723740402414031e-21	0	-2.500314315457612	0.0002855844613053336
12.9	4.7671321747275135	4.7671321747275135	4.7671321747275135	0.09109212816955056	5.470851787524457	0.01772732753177225	9.602887099914813	497.1292712079446	0.6554631610352832	0	0	0	0	-0.027516096019982242	7723744511729428e-21	0	-2.5003143038152382	0.00028558442341875066
13	4.767132174727513	4.767132174727513	4.767132174727513	0.09109212816954443	5.4708517875214895	0.017727327531774546	9.602887099914975	497.12927120801044	0.655463161035264	0	0	0	0	-0.027516097406248097	7723755857501704e-21	0	-2.5003142721288745	0.0002855843185369097
13.1	4.7671321747275135	4.7671321747275135	4.7671321747275135	0.09109212816954515	5.470851787522141	0.01772732753177337	9.602887099914957	497.1292712079957	0.6554631610352745	0	0	0	0	-0.02751609723730801	7723754220037856e-21	0	-2.500314276040742	0.0002855843338048773
13.2	4.7671321747275135	4.7671321747275135	4.7671321747275135	0.0910921281695451	5.470851787522354	0.017727327531772644	9.602887099914959	497.1292712079909	0.6554631610352811	0	0	0	0	-0.027516097236772744	772375403238813e-20	0	-2.500314276088716	0.0002855843356335081
13.3	4.7671321747275135	4.7671321747275135	4.7671321747275135	0.09109212816961705	5.470851787570082	0.01772732753170562	9.602887099913039	497.129271206921	0.6554631610358702	0	0	0	0	-0.02751608044600058	7723606325375731e-21	0	-2.500314660504159	0.00028558570357989496
13.4	4.7671321747275135	4.7671321747275135	4.7671321747275135	0.09109212816975093	5.470851787658401	0.017727327531582498	9.602887099909468	497.1292712049417	0.6554631610369522	0	0	0	0	-0.02751604923069129	7723332083816665e-21	0	-2.500315375132844	0.0002855882432932103
13.5	4.7671321747275135	4.7671321747275135	4.7671321747275135	0.09109212816988436	5.470851787746162	0.017727327531460658	9.60288709990591	497.1292712029749	0.6554631610380226	0	0	0	0	-0.027516018135405558	772305908535303e-20	0	-2.500316087011541	0.0002855907714675253
13.6	4.7671321747275135	4.7671321747275135	4.7671321747275135	0.09109212816995498	5.47085178779222	0.017727327531397472	9.602887099904029	497.129271201943	0.6554631610385773	0	0	0	0	-0.02751600170470407	772291510762693e-20	0	-2.5003164631770183	0.00028559210479691077
13.7	4.7671321747275135	4.7671321747275135	4.7671321747275135	0.09109212816990037	5.470851787755422	0.017727327531450333	9.602887099905486	497.12927120276817	0.655463161038112	0	0	0	0	-0.02751601448314751	7723027928280462e-21	0	-2.500316170666047	0.0002855910599754377
13.8	4.767132174727514	4.767132174727514	4.767132174727514	0.09109212816970466	5.470851787626337	0.017727327531630116	9.602887099910706	497.12927120566115	0.6554631610365322	0	0	0	0	-0.027516060110247972	7723428774552163e-21	0	-2.500315126152585	0.0002855873478900169
13.9	4.7671321747275135	4.7671321747275135	4.7671321747275135	0.09109212816965814	5.470851787601518	0.017727327531651814	9.602887099911943	497.1292712062143	0.6554631610363485	0	0	0	0	-0.027516070592989716	7723516680456876e-21	0	-2.500314886137233	0.00028558653423742394
14	4.7671321747275135	4.7671321747275135	4.7671321747275135	0.09109212816965472	5.470851787601954	0.017727327531645503	9.602887099912033	497.129271206203	0.655463161036407	0	0	0	0	-0.027516071225468702	772352031029217e-20	0	-2.500314871643349	0.00028558650082070495
14.1	4.767132174727513	4.767132174727513	4.767132174727513	0.09109212816959078	5.470851787556329	0.017727327531716606	9.602887099913739	497.12927120722736	0.6554631610357782	0	0	0	0	-0.027516086351077853	772365564497135e-20	0	-2.500314525409988	0.00028558524731027364
14.2	4.7671321747275135	4.7671321747275135	4.7671321747275135	0.09109212816958683	5.470851787555851	0.017727327531711797	9.602887099913845	497.1292712072369	0.6554631610358235	0	0	0	0	-0.027516087142418585	772366107170752e-20	0	-2.500314507280004	0.00028558519721026633
14.3	4.7671321747275135	4.7671321747275135	4.7671321747275135	0.09109212816957399	5.470851787546225	0.01772732753172802	9.602887099914186	497.12927120745326	0.6554631610356795	0	0	0	0	-0.027516090208431543	7723688832489689e-21	0	-2.500314437102081	0.0002855849400570937
14.4	4.7671321747275135	4.7671321747275135	4.7671321747275135	0.09109212816955681	5.470851787533224	0.017727327531749864	9.602887099914646	497.12927120774543	0.6554631610354854	0	0	0	0	-0.027516094318849972	7723726130454253e-21	0	-2.500314343020528	0.00028558459454706037
14.5	4.7671321747275135	4.7671321747275135	4.7671321747275135	0.0910921281695576	5.470851787534622	0.0177273275317454	9.602887099914625	497.12927120771354	0.6554631610355259	0	0	0	0	-0.027516094084968006	7723723436252988e-21	0	-2.500314348371218	0.00028558461956340234
14.6	4.7671321747275135	4.7671321747275135	4.7671321747275135	0.09109212816954858	5.470851787527005	0.01772732753176039	9.602887099914865	497.1292712078852	0.6554631610353919	0	0	0	0	-0.02751609628464722	7723743969952594e-21	0	-2.5003142980284165	0.000285584429297713
14.7	4.7671321747275135	4.7671321747275135	4.7671321747275135	0.09109212816954546	5.470851787524669	0.017727327531764158	9.60288709991495	497.12927120793773	0.6554631610353585	0	0	0	0	-0.027516097030317325	7723750716853333e-21	0	-2.5003142809618195	0.0002855843668021021
14.8	4.7671321747275135	4.7671321747275135	4.7671321747275135	0.09109212816954539	5.470851787524789	0.017727327531763454	9.602887099914952	497.12927120793495	0.6554631610353651	0	0	0	0	-0.027516097037327845	7723750657264474e-21	0	-2.50031428080296	0.00028558436736852636
14.9	4.7671321747275135	4.7671321747275135	4.7671321747275135	0.09109212816954149	5.470851787521228	0.01772732753177112	9.602887099915055	497.1292712080153	0.6554631610352962	0	0	0	0	-0.027516098006228923	772375987896204e-20	0	-2.5003142586325264	0.000285584281904779
15	4.7671321747275135	4.7671321747275135	4.7671321747275135	0.09109212816954114	5.470851787521086	0.017727327531771028	9.602887099915064	497.1292712080185	0.6554631610352971	0	0	0	0	-0.027516098074298397	7723760432096158e-21	0	-2.5003142570748453	0.00028558427678869984
15.1	4.7671321747275135	4.7671321747275135	4.7671321747275135	0.09109212816954045	5.470851787520451	0.017727327531772443	9.602887099915083	497.1292712080328	0.6554631610352843	0	0	0	0	-0.02751609824361215	7723762054632734e-21	0	-2.500314253200784	0.0002855842617518607
15.2	4.7671321747275135	4.7671321747275135	4.7671321747275135	0.09109212816953936	5.470851787519383	0.017727327531774886	9.602887099915112	497.1292712080569	0.6554631610352625	0	0	0	0	-0.027516098524066068	7723764756776347e-21	0	-2.5003142467854005	0.0002855842367070062
15.3	4.7671321747275135	4.7671321747275135	4.7671321747275135	0.0910921281695394	5.470851787519475	0.017727327531774525	9.602887099915112	497.12927120805483	0.6554631610352657	0	0	0	0	-0.027516098510809373	7723764592735908e-21	0	-2.5003142470918798	0.00028558423823173617
15.4	4.7671321747275135	4.7671321747275135	4.7671321747275135	0.09109212816954407	5.470851787524898	0.017727327531759235	9.60288709991499	497.1292712079321	0.6554631610354045	0	0	0	0	-0.027516097267854676	7723751988588217e-21	0	-2.5003142755288006	0.0002855843551154328
15.5	4.7671321747275135	4.7671321747275135	4.7671321747275135	0.09109212816960928	5.4708517876001155	0.01772732753154899	9.602887099913248	497.1292712062294	0.6554631610373103	0	0	0	0	-0.02751607991579168	7723576459828669e-21	0	-2.500314672503376	0.00028558598281944685
15.6	4.767132174727514	4.767132174727514	4.767132174727514	0.09109212816972415	5.470851787732501	0.017727327531179237	9.602887099910184	497.1292712032327	0.6554631610406623	0	0	0	0	-0.02751604936010394	7723267426408462e-21	0	-2.500315371546185	0.0002855888485259481
15.7	4.767132174727514	4.767132174727514	4.767132174727514	0.09109212816985525	5.470851787883506	0.017727327530757744	9.602887099906688	497.12927119981435	0.6554631610444832	0	0	0	0	-0.027516014491654955	7722914830148784e-21	0	-2.5003161692553353	0.0002855921181913678
15.8	4.7671321747275135	4.7671321747275135	4.7671321747275135	0.09109212816996917	5.4708517880145875	0.017727327530392276	9.602887099903649	497.12927119684707	0.655463161047796	0	0	0	0	-0.02751598420130822	7722608612870831e-21	0	-2.5003168622289333	0.00028559495777213733
15.9	4.7671321747275135	4.7671321747275135	4.7671321747275135	0.09109212817003252	5.470851788087198	0.017727327530190597	9.60288709990196	497.1292711952035	0.6554631610496241	0	0	0	0	-0.02751596737992726	7722438716395794e-21	0	-2.5003172470650874	0.0002855965332246879
16	4.7671321747275135	4.7671321747275135	4.7671321747275135	0.09109212817001186	5.4708517880627925	0.017727327530260486	9.60288709990251	497.12927119575613	0.6554631610489902	0	0	0	0	-0.02751597291837556	7722495082544867e-21	0	-2.5003171203619043	0.00028559601050545083
16.1	4.7671321747275135	4.7671321747275135	4.7671321747275135	0.09109212816987379	5.470851787902825	0.017727327530709703	9.602887099906193	497.1292711993776	0.655463161044917	0	0	0	0	-0.027516009707516633	7722867653139245e-21	0	-2.5003162787174915	0.0002855925555708573
16.2	4.7671321747275135	4.7671321747275135	4.7671321747275135	0.09109212816967366	5.470851787672726	0.01772732753135051	9.602887099911529	497.12927120458613	0.6554631610391083	0	0	0	0	-0.02751606290513942	772340535063428e-20	0	-2.5003150616762184	0.0002855875694616819
16.3	4.7671321747275135	4.7671321747275135	4.7671321747275135	0.09109212816962425	5.470851787619649	0.017727327531487095	9.602887099912847	497.1292712057866	0.6554631610378735	0	0	0	0	-0.0275160757606727	7723533119277535e-21	0	-2.500314767546088	0.00028558638483245513
16.4	4.767132174727514	4.767132174727514	4.767132174727514	0.09109212816958585	5.470851787574835	0.017727327531614184	9.602887099913872	497.1292712068012	0.6554631610367209	0	0	0	0	-0.027516086017849394	7723637178857098e-21	0	-2.50031453288832	0.00028558541984884025
16.5	4.7671321747275135	4.7671321747275135	4.7671321747275135	0.09109212816956144	5.470851787546346	0.017727327531694828	9.602887099914524	497.12927120744615	0.6554631610359893	0	0	0	0	-0.027516092534311993	7723703303365211e-21	0	-2.500314383810279	0.0002855848066501748
16.6	4.7671321747275135	4.7671321747275135	4.7671321747275135	0.0910921281695552	5.470851787539335	0.01772732753171387	9.60288709991469	497.12927120760475	0.655463161035817	0	0	0	0	-0.027516094179147566	7723719839486274e-21	0	-2.5003143461807795	0.00028558465331697113
16.7	4.767132174727514	4.767132174727514	4.767132174727514	0.09109212816954515	5.470851787526841	0.017727327531751595	9.602887099914957	497.12927120788794	0.6554631610354743	0	0	0	0	-0.02751609692554889	772374812832196e-20	0	-2.50031428335571	0.00028558439094923004
16.8	4.7671321747275135	4.7671321747275135	4.7671321747275135	0.09109212816954311	5.470851787524517	0.01772732753175799	9.602887099915012	497.1292712079406	0.6554631610354164	0	0	0	0	-0.027516097463289466	7723753560263728e-21	0	-2.5003142710542146	0.0002855843405791624
16.9	4.7671321747275135	4.7671321747275135	4.7671321747275135	0.09109212816954057	5.470851787521235	0.017727327531768262	9.60288709991508	497.12927120801487	0.6554631610353228	0	0	0	0	-0.027516098169877115	7723760897048167e-21	0	-2.5003142548928747	0.00028558427252858945
17	4.7671321747275135	4.7671321747275135	4.7671321747275135	0.09109212816953954	5.470851787519964	0.017727327531772117	9.602887099915106	497.12927120804375	0.6554631610352879	0	0	0	0	-0.02751609844847642	7723763769981605e-21	0	-2.5003142485214656	0.00028558424588287555
17.1	4.7671321747275135	4.7671321747275135	4.7671321747275135	0.0910921281695391	5.470851787519377	0.017727327531773956	9.602887099915117	497.12927120805705	0.6554631610352711	0	0	0	0	-0.02751609857485606	7723765082384479e-21	0	-2.500314245630142	0.00028558423371009546
17.2	4.7671321747275135	4.7671321747275135	4.7671321747275135	0.09109212816953861	5.470851787518745	0.017727327531776006	9.602887099915131	497.1292712080714	0.6554631610352525	0	0	0	0	-0.027516098707825145	7723766474388867e-21	0	-2.5003142425904494	0.0002855842207981641
17.3	4.7671321747275135	4.7671321747275135	4.7671321747275135	0.0910921281695385	5.470851787518631	0.01772732753177635	9.602887099915135	497.129271208074	0.6554631610352495	0	0	0	0	-0.02751609873309896	772376673364957e-20	0	-2.5003142420149844	0.0002855842183938729
17.4	4.7671321747275135	4.7671321747275135	4.7671321747275135	0.09109212816953835	5.470851787518413	0.017727327531777082	9.60288709991514	497.12927120807893	0.6554631610352428	0	0	0	0	-0.027516098777483036	7723767204625315e-21	0	-2.500314240997716	0.0002855842140248349
17.5	4.7671321747275135	4.7671321747275135	4.7671321747275135	0.09109212816953831	5.470851787518358	0.017727327531777266	9.60288709991514	497.1292712080801	0.655463161035241	0	0	0	0	-0.027516098789034365	7723767325599989e-21	0	-2.5003142407314747	0.00028558421290263375
17.6	4.7671321747275135	4.7671321747275135	4.7671321747275135	0.09109212816954049	5.470851787521111	0.017727327531767586	9.602887099915081	497.1292712080177	0.6554631610353294	0	0	0	0	-0.02751609827013242	7723761647686173e-21	0	-2.5003142525960143	0.000285584265590037
17.7	4.767132174727514	4.767132174727514	4.767132174727514	0.0910921281695865	5.470851787579533	0.017727327531562368	9.602887099913852	497.12927120669406	0.6554631610372018	0	0	0	0	-0.027516087249350906	7723641110957519e-21	0	-2.5003145046217514	0.0002855853840887177
17.8	4.7671321747275135	4.7671321747275135	4.7671321747275135	0.09109212816968036	5.470851787698654	0.017727327531143963	9.60288709991135	497.1292712039948	0.6554631610410194	0	0	0	0	-0.027516064775220755	772339531441574e-20	0	-2.5003150185674743	0.0002855876649123093
17.9	4.7671321747275135	4.7671321747275135	4.7671321747275135	0.09109212816980632	5.470851787858514	0.017727327530582534	9.60288709990799	497.1292712003725	0.6554631610461421	0	0	0	0	-0.02751603461241271	7723065437739981e-21	0	-2.5003157083413474	0.00028559072594110704
18	4.7671321747275135	4.7671321747275135	4.7671321747275135	0.09109212816994866	5.470851788039148	0.017727327529948232	9.602887099904194	497.1292711962795	0.6554631610519296	0	0	0	0	-0.02751600052559751	7722692660609382e-21	0	-2.5003164878515327	0.0002855941850554059
18.1	4.767132174727514	4.767132174727514	4.767132174727514	0.0910921281700917	5.470851788220592	0.017727327529311224	9.602887099900382	497.12927119216823	0.6554631610577418	0	0	0	0	-0.027515966279445882	7722318162703091e-21	0	-2.500317271006195	0.0002855976601355009
18.2	4.7671321747275135	4.7671321747275135	4.7671321747275135	0.0910921281702197	5.470851788382881	0.017727327528741673	9.602887099896968	497.1292711884909	0.6554631610629386	0	0	0	0	-0.027515935638628572	7721983123700244e-21	0	-2.5003179717134967	0.0002856007690616871
18.3	4.7671321747275135	4.7671321747275135	4.7671321747275135	0.09109212817031694	5.470851788506053	0.01772732752830973	9.602887099894375	497.1292711857	0.6554631610668796	0	0	0	0	-0.027515912367816316	7721728723279991e-21	0	-2.5003185038816027	0.00028560312971425946
18.4	4.7671321747275135	4.7671321747275135	4.7671321747275135	0.09109212817036771	5.470851788570143	0.017727327528085566	9.60288709989302	497.12927118424784	0.6554631610689248	0	0	0	0	-0.02751590023167986	7721596141121466e-21	0	-2.500318781418676	0.0002856043599735132
18.5	4.7671321747275135	4.7671321747275135	4.7671321747275135	0.09109212817035632	5.470851788555187	0.017727327528139332	9.602887099893325	497.1292711845869	0.6554631610684339	0	0	0	0	-0.027515902994889922	7721626556903817e-21	0	-2.5003187182328794	0.00028560407771974325
18.6	4.767132174727513	4.767132174727513	4.767132174727513	0.09109212817026703	5.470851788441221	0.017727327528541198	9.602887099895705	497.1292711871694	0.655463161064767	0	0	0	0	-0.02751592442211725	7721861150306188e-21	0	-2.500318228232377	0.00028560190083324455
18.7	4.7671321747275135	4.7671321747275135	4.7671321747275135	0.09109212817008414	5.470851788208282	0.017727327529361316	9.602887099900585	497.12927119244773	0.6554631610572834	0	0	0	0	-0.027515968278032585	7722341101007718e-21	0	-2.5003172253253325	0.0002855974471943123
18.8	4.7671321747275135	4.7671321747275135	4.7671321747275135	0.09109212816979939	5.470851787846048	0.017727327530635585	9.602887099908179	497.1292712006558	0.6554631610456564	0	0	0	0	-0.02751603652620508	7723087830342814e-21	0	-2.5003156646073474	0.0002855905180318106
18.9	4.7671321747275135	4.7671321747275135	4.7671321747275135	0.09109212816964858	5.470851787657677	0.017727327531289055	9.6028870999122	497.1292712049235	0.6554631610396956	0	0	0	0	-0.02751607242761741	7723479270749098e-21	0	-2.5003148435855698	0.00028558688582541145
19	4.7671321747275135	4.7671321747275135	4.7671321747275135	0.09109212816960256	5.470851787601142	0.017727327531482852	9.602887099913424	497.12927120620407	0.6554631610379283	0	0	0	0	-0.027516083316011877	7723597614972178e-21	0	-2.500314594572885	0.0002855857877301942
19.1	4.7671321747275135	4.7671321747275135	4.7671321747275135	0.09109212816956326	5.470851787550474	0.017727327531663013	9.602887099914474	497.1292712073523	0.655463161036284	0	0	0	0	-0.02751609278466213	7723701473509383e-21	0	-2.50031437804309	0.0002855848239723846
19.2	4.7671321747275135	4.7671321747275135	4.7671321747275135	0.09109212816955313	5.470851787537864	0.017727327531706614	9.602887099914744	497.12927120763794	0.6554631610358863	0	0	0	0	-0.027516095195515757	772372773410984e-20	0	-2.500314322910938	0.00028558458030151834
19.3	4.7671321747275135	4.7671321747275135	4.7671321747275135	0.0910921281695441	5.470851787525939	0.01772732753174984	9.602887099914984	497.1292712079083	0.6554631610354916	0	0	0	0	-0.027516097391042205	7723751926576515e-21	0	-2.5003142727042	0.0002855843557993827
19.4	4.7671321747275135	4.7671321747275135	4.7671321747275135	0.09109212816954151	5.4708517875226415	0.01772732753176149	9.602887099915051	497.129271207983	0.6554631610353853	0	0	0	0	-0.027516098011064884	7723758713990892e-21	0	-2.5003142585268088	0.000285584292817201
19.5	4.767132174727513	4.767132174727513	4.767132174727513	0.09109212816953964	5.470851787520138	0.017727327531770698	9.602887099915101	497.12927120803977	0.6554631610353011	0	0	0	0	-0.027516098466972307	7723763756932468e-21	0	-2.500314248096645	0.00028558424601876555
19.6	4.7671321747275135	4.7671321747275135	4.7671321747275135	0.09109212816953895	5.4708517875192175	0.017727327531774032	9.602887099915122	497.1292712080607	0.6554631610352707	0	0	0	0	-0.027516098636142478	7723765622433723e-21	0	-2.500314244223297	0.00028558422870785427
19.7	4.7671321747275135	4.7671321747275135	4.7671321747275135	0.09109212816953859	5.470851787518723	0.017727327531775864	9.602887099915131	497.1292712080719	0.6554631610352539	0	0	0	0	-0.027516098725583128	7723766612613973e-21	0	-2.500314242177121	0.0002855842195190742
19.8	4.7671321747275135	4.7671321747275135	4.7671321747275135	0.09109212816953839	5.470851787518466	0.017727327531776815	9.602887099915137	497.12927120807774	0.6554631610352453	0	0	0	0	-0.027516098771974414	7723767126932861e-21	0	-2.500314241115765	0.0002855842147459842
19.9	4.7671321747275135	4.7671321747275135	4.7671321747275135	0.09109212816953832	5.47085178751837	0.01772732753177717	9.602887099915138	497.12927120807984	0.6554631610352419	0	0	0	0	-0.027516098789079083	7723767316659244e-21	0	-2.5003142407238226	0.00028558421298529685
20	4.767132174727513	4.767132174727513	4.767132174727513	0.09109212816953827	5.470851787518303	0.01772732753177744	9.60288709991514	497.12927120808143	0.6554631610352395	0	0	0	0	-0.02751609880166557	7723767455629551e-21	0	-2.5003142404372194	0.0002855842116955535
20.1	4.7671321747275135	4.7671321747275135	4.7671321747275135	0.09109212816953825	5.470851787518286	0.01772732753177751	9.60288709991514	497.12927120808195	0.6554631610352387	0	0	0	0	-0.027516098805171883	7723767493542417e-21	0	-2.500314240359404	0.00028558421134358805
20.2	4.7671321747275135	4.7671321747275135	4.7671321747275135	0.09109212816954412	5.470851787548983	0.01772732753167045	9.602887099914982	497.12927120737953	0.655463161036215	0	0	0	0	-0.02751609401612662	7723712639036307e-21	0	-2.5003143498511076	0.0002855847205446197
20.3	4.7671321747275135	4.7671321747275135	4.7671321747275135	0.09109212816956343	5.470851787650069	0.01772732753131792	9.602887099914469	497.1292712050665	0.6554631610394294	0	0	0	0	-0.027516078245828995	772353200669688e-20	0	-2.5003147104025145	0.0002855863973104818
20.4	4.7671321747275135	4.7671321747275135	4.7671321747275135	0.09109212816959315	5.470851787805771	0.017727327530774998	9.602887099913676	497.12927120150397	0.6554631610443798	0	0	0	0	-0.027516053955134803	7723253785768273e-21	0	-2.5003152657521666	0.0002855889799671042
20.5	4.7671321747275135	4.7671321747275135	4.7671321747275135	0.09109212816963017	5.470851787999618	0.017727327530099164	9.602887099912689	497.12927119706853	0.6554631610505421	0	0	0	0	-0.0275160237136714	7722907411390126e-21	0	-2.5003159571517926	0.00028559219527507415
20.6	4.7671321747275135	4.7671321747275135	4.7671321747275135	0.09109212816967131	5.470851788215138	0.017727327529347914	9.602887099911591	497.1292711921372	0.655463161057392	0	0	0	0	-0.027515990091066138	7722522318702077e-21	0	-2.5003167258531236	0.0002855957699949794
20.7	4.7671321747275135	4.7671321747275135	4.7671321747275135	0.09109212816971347	5.470851788435865	0.01772732752857873	9.602887099910467	497.12927118708683	0.6554631610644054	0	0	0	0	-0.02751595565694638	7722127942843769e-21	0	-2.5003175131078885	0.0002855994308874073
20.8	4.7671321747275135	4.7671321747275135	4.7671321747275135	0.09109212816975348	5.470851788645322	0.017727327527849113	9.602887099909399	497.1292711822942	0.655463161071058	0	0	0	0	-0.02751592298093947	7721753718954846e-21	0	-2.5003182601678167	0.00028560290471294554
20.9	4.7671321747275135	4.7671321747275135	4.7671321747275135	0.09109212816978818	5.470851788827045	0.01772732752721655	9.602887099908473	497.1292711781362	0.6554631610768256	0	0	0	0	-0.027515894632672767	7721429082174948e-21	0	-2.5003189082846378	0.0002856059182321815
21	4.7671321747275135	4.7671321747275135	4.7671321747275135	0.09109212816981445	5.47085178896456	0.017727327526738525	9.602887099907774	497.12927117498975	0.6554631610811837	0	0	0	0	-0.027515873181773627	7721183467643717e-21	0	-2.5003193987100816	0.00028560819820570296
21.1	4.7671321747275135	4.7671321747275135	4.7671321747275135	0.09109212816982915	5.470851789041398	0.017727327526472533	9.602887099907381	497.12927117323164	0.6554631610836087	0	0	0	0	-0.027515861197869404	7721046310500793e-21	0	-2.500319672695878	0.0002856094713940972
21.2	4.7671321747275135	4.7671321747275135	4.7671321747275135	0.09109212816982912	5.470851789041087	0.017727327526476065	9.602887099907383	497.1292711732388	0.6554631610835759	0	0	0	0	-0.027515861250587456	7721047045885817e-21	0	-2.5003196714937563	0.0002856094645579518
21.3	4.7671321747275135	4.7671321747275135	4.7671321747275135	0.09109212816981122	5.470851788947159	0.01772732752680661	9.60288709990786	497.129271175388	0.6554631610805614	0	0	0	0	-0.027515875909555135	7721215108938435e-21	0	-2.500319336355446	0.0002856079044578544
21.4	4.7671321747275135	4.7671321747275135	4.7671321747275135	0.09109212816977232	5.470851788743142	0.01772732752752166	9.602887099908898	497.12927118005615	0.6554631610740407	0	0	0	0	-0.0275159077443998	7721579934798283e-21	0	-2.5003186085326767	0.0002856045178543924
21.5	4.7671321747275135	4.7671321747275135	4.7671321747275135	0.09109212816970925	5.470851788412564	0.017727327528678703	9.602887099910582	497.1292711876201	0.6554631610634898	0	0	0	0	-0.027515959324748807	7722170958605005e-21	0	-2.500317429277178	0.0002855990315081535
21.6	4.7671321747275135	4.7671321747275135	4.7671321747275135	0.09109212816962062	5.470851787948168	0.017727327530301953	9.602887099912946	497.12927119824593	0.655463161048688	0	0	0	0	-0.02751603178138514	7723001073332531e-21	0	-2.500315772735456	0.0002855913257411263
21.7	4.7671321747275135	4.7671321747275135	4.7671321747275135	0.0910921281695829	5.470851787753235	0.017727327530941965	9.60288709991395	497.1292712027064	0.6554631610428616	0	0	0	0	-0.027516062122151456	7723346482722776e-21	0	-2.500315079036053	0.00028558811954470235
21.8	4.7671321747275135	4.7671321747275135	4.7671321747275135	0.0910921281695825	5.470851787753395	0.017727327530904734	9.60288709991396	497.1292712027029	0.6554631610432098	0	0	0	0	-0.027516062032109826	7723343500874736e-21	0	-2.5003150810625767	0.0002855881473676779
21.9	4.7671321747275135	4.7671321747275135	4.7671321747275135	0.09109212816955949	5.470851787631076	0.017727327531358524	9.602887099914575	497.1292712055015	0.6554631610390655	0	0	0	0	-0.027516081163324456	7723564069589903e-21	0	-2.500314643689085	0.00028558609977764567
22	4.7671321747275135	4.7671321747275135	4.7671321747275135	0.09109212816955413	5.47085178760376	0.01772732753144351	9.602887099914716	497.1292712061265	0.655463161038293	0	0	0	0	-0.027516085406763185	7723612142196948e-21	0	-2.500314546666624	0.0002855856535703461
22.1	4.7671321747275135	4.7671321747275135	4.7671321747275135	0.09109212816955188	5.470851787592033	0.017727327531483473	9.602887099914776	497.1292712063948	0.6554631610379289	0	0	0	0	-0.027516087234722715	7723633031210322e-21	0	-2.5003145048719793	0.000285585459666457
22.2	4.7671321747275135	4.7671321747275135	4.7671321747275135	0.0910921281695444	5.470851787551615	0.01772732753164296	9.602887099914978	497.12927120731945	0.6554631610364703	0	0	0	0	-0.02751609357309049	7723706605813714e-21	0	-2.5003143599669477	0.0002855847766205071
22.3	4.7671321747275135	4.7671321747275135	4.7671321747275135	0.09109212816954407	5.470851787550155	0.017727327531642904	9.602887099914986	497.12927120735276	0.655463161036472	0	0	0	0	-0.027516093792141167	7723708847624804e-21	0	-2.5003143549510773	0.00028558475582988985
22.4	4.7671321747275135	4.7671321747275135	4.7671321747275135	0.09109212816954168	5.470851787537098	0.0177273275316978	9.60288709991505	497.1292712076515	0.6554631610359691	0	0	0	0	-0.027516095845641932	7723732857068278e-21	0	-2.500314308008608	0.00028558453292037636
22.5	4.767132174727513	4.767132174727513	4.767132174727513	0.09109212816954032	5.470851787529592	0.017727327531728	9.602887099915087	497.12927120782314	0.6554631610356926	0	0	0	0	-0.027516097024288897	7723746569427302e-21	0	-2.500314281066409	0.0002855844056161758
22.6	4.7671321747275135	4.7671321747275135	4.7671321747275135	0.09109212816954027	5.4708517875294325	0.01772732753172729	9.602887099915087	497.12927120782683	0.6554631610356995	0	0	0	0	-0.027516097047227912	7723746767607902e-21	0	-2.500314280542131	0.0002855844037810758
22.7	4.7671321747275135	4.7671321747275135	4.7671321747275135	0.09109212816953918	5.470851787523348	0.017727327531754638	9.602887099915115	497.129271207966	0.6554631610354485	0	0	0	0	-0.02751609800650398	7723758074258942e-21	0	-2.5003142586140217	0.0002855842988010551
22.8	4.7671321747275135	4.7671321747275135	4.7671321747275135	0.091092128169539	5.470851787522453	0.01772732753175789	9.602887099915119	497.12927120798656	0.6554631610354188	0	0	0	0	-0.027516098146893982	7723759688980423e-21	0	-2.500314255406476	0.0002855842838115462
22.9	4.7671321747275135	4.7671321747275135	4.7671321747275135	0.09109212816953882	5.47085178752153	0.017727327531762052	9.602887099915124	497.12927120800765	0.6554631610353806	0	0	0	0	-0.027516098292431356	7723761405148419e-21	0	-2.5003142520802766	0.00028558426787730624
23	4.7671321747275135	4.7671321747275135	4.7671321747275135	0.09109212816953852	5.470851787519826	0.01772732753177004	9.602887099915131	497.1292712080466	0.6554631610353074	0	0	0	0	-0.027516098561439183	7723764593933262e-21	0	-2.5003142459301806	0.0002855842382688703
23.1	4.7671321747275135	4.7671321747275135	4.7671321747275135	0.09109212816953852	5.470851787519811	0.017727327531769876	9.602887099915131	497.12927120804704	0.6554631610353089	0	0	0	0	-0.027516098563899218	772376461168497e-20	0	-2.5003142458731964	0.0002855842381048601
23.2	4.767132174727513	4.767132174727513	4.767132174727513	0.09109212816953968	5.470851787527034	0.017727327531731275	9.6028870999151	497.12927120788174	0.6554631610356639	0	0	0	0	-0.02751609742602743	7723750876490577e-21	0	-2.5003142718787403	0.00028558436565642216
23.3	4.7671321747275135	4.7671321747275135	4.7671321747275135	0.09109212816955409	5.470851787616674	0.017727327531255384	9.602887099914717	497.1292712058315	0.655463161040042	0	0	0	0	-0.027516083305786282	7723580599187773e-21	0	-2.500314594602539	0.0002855859469205678
23.4	4.7671321747275135	4.7671321747275135	4.7671321747275135	0.09109212816957897	5.4708517877715614	0.01772732753043355	9.602887099914055	497.12927120228886	0.6554631610476022	0	0	0	0	-0.027516058907599623	7723286403246532e-21	0	-2.5003151522340175	0.0002855886789417457
23.5	4.767132174727513	4.767132174727513	4.767132174727513	0.0910921281696071	5.470851787946495	0.017727327529505794	9.602887099913307	497.1292711982878	0.6554631610561368	0	0	0	0	-0.027516031352315326	772295416001765e-20	0	-2.5003157820228665	0.00028559176428370633
23.6	4.7671321747275135	4.7671321747275135	4.7671321747275135	0.09109212816963116	5.4708517880962715	0.01772732752871214	9.602887099912664	497.12927119486227	0.6554631610634376	0	0	0	0	-0.027516007760781266	7722669740851924e-21	0	-2.500316321218778	0.0002855944055102004
23.7	4.7671321747275135	4.7671321747275135	4.7671321747275135	0.09109212816964397	5.47085178817569	0.017727327528292616	9.602887099912323	497.1292711930458	0.6554631610672967	0	0	0	0	-0.027515995253845297	7722519017100146e-21	0	-2.5003166070714435	0.0002855958051849784
23.8	4.7671321747275135	4.7671321747275135	4.7671321747275135	0.0910921281696382	5.470851788139548	0.017727327528487238	9.602887099912477	497.12927119387246	0.6554631610655058	0	0	0	0	-0.027516000952355294	772258786011311e-20	0	-2.5003164768305552	0.0002855951658717911
23.9	4.7671321747275135	4.7671321747275135	4.7671321747275135	0.09109212816960661	5.470851787942643	0.01772732752953603	9.60288709991332	497.1292711983761	0.6554631610558572	0	0	0	0	-0.027516031977159128	772296214124161e-20	0	-2.500315767745804	0.0002855916901343889
24	4.7671321747275135	4.7671321747275135	4.7671321747275135	0.09109212816956365	5.470851787675306	0.01772732753095554	9.602887099914465	497.1292712044906	0.6554631610427986	0	0	0	0	-0.027516074091353676	77234700023114e-19	0	-2.5003148052065756	0.00028558697392979277
