0	4.7671321747275135	4.7671321747275135	4.7671321747275135	0.09109212816953825	5.470851787518253	0.017727327531777623	9.60288709991514	497.12927120808246	0.6554631610352376	0	0	0	0	0	0	0	0	0
0.1	4.7671321747275135	4.7671321747275135	4.7671321747275135	0.09109212816953825	5.470851787518253	0.017727327531777623	9.60288709991514	497.1292712080824	0.6554631610352376	0	0	0	0	0.0005786236763682045	0	0.0030757390729194397	0.1630876647536953	0.0002094140649920238
0.2	4.7671321747275135	4.7671321747275135	4.7671321747275135	0.09109212816953825	5.470851787518253	0.017727327531777623	9.60288709991514	497.12927120808246	0.6554631610352376	0	0	0	0	0.0016320337145439875	0	0.005566305896148671	0.3105100997002268	0.0003768238850453373
0.3	4.7671321747275135	4.7671321747275135	4.7671321747275135	0.09109212816953825	5.470851787518254	0.017727327531777623	9.60288709991514	497.12927120808246	0.6554631610352376	0	0	0	0	0.002690756883281955	0	0.007583031908839023	0.4484853384613572	0.0005095557600024976
0.4	4.7671321747275135	4.7671321747275135	4.7671321747275135	0.09109212816953825	5.470851787518253	0.017727327531777623	9.60288709991514	497.12927120808246	0.6554631610352376	0	0	0	0	0.0036204570139270406	-13975865364404853e-22	0.009216074263733234	0.5774393333420206	0.0006141098282728066
0.5	4.7671321747275135	4.7671321747275135	4.7671321747275135	0.09109212816953825	5.470851787518254	0.017727327531777623	9.60288709991514	497.12927120808246	0.6554631610352376	0	0	0	0	0.00439884614112527	-17893798822309125e-22	0.010538411956795992	0.6965743002450234	0.0006959403428758071
0.6	4.767132174727513	4.767132174727513	4.767132174727513	0.09109212816953825	5.470851787518253	0.017727327531777623	9.60288709991514	497.1292712080825	0.6554631610352376	0	0	0	0	0.005038188353948894	-21535404751595393e-22	0.01160917503740171	0.8052282939568022	0.0007595442943047321
0.7	4.7671321747275135	4.7671321747275135	4.7671321747275135	0.09109212816953825	5.470851787518253	0.017727327531777623	9.60288709991514	497.1292712080825	0.6554631610352376	0	0	0	0	0.005559146141231006	-24866537398557102e-22	0.012476219627223386	0.9031733663525033	0.00080859731379013
0.8	4.7671321747275135	4.7671321747275135	4.7671321747275135	0.09109212816953824	5.470851787518253	0.01772732753177762	9.60288709991514	497.1292712080825	0.6554631610352377	0	0	0	0	0.005982212065668029	-27875446302845233e-22	0.013178337415216079	0.9905852463751919	0.0008460940944934632
0.9	4.7671321747275135	4.7671321747275135	4.7671321747275135	0.09109212816953824	5.470851787518253	0.01772732753177762	9.60288709991514	497.1292712080825	0.6554631610352377	0	0	0	0	0.006325288669793458	-3056530871091536e-21	0.013746904940282294	1.0679410981339357	0.0008744594872614664
1	4.7671321747275135	4.7671321747275135	4.7671321747275135	0.09109212816953824	5.470851787518253	0.017727327531777623	9.60288709991514	497.1292712080826	0.6554631610352377	0	0	0	0	0.006603237906633359	-3294932748062937e-21	0.014207166924092067	1.135910982061855	0.0008956377522275779
1.1	4.7671321747275135	4.7671321747275135	4.7671321747275135	0.09109212816953824	5.470851787518253	0.017727327531777623	9.60288709991514	497.12927120808257	0.6554631610352377	0	0	0	0	0.006828535877194343	-35046519040529473e-22	0.014580052761566849	1.1952660839151075	0.0009112307569501944
1.2	4.7671321747275135	4.7671321747275135	4.7671321747275135	0.09109212816953824	5.470851787518253	0.017727327531777623	9.60288709991514	497.12927120808257	0.6554631610352377	0	0	0	0	0.007010923104741598	-36880084699352135e-22	0.014881775696378427	1.2468265169525603	0.0009224614439302891
1.3	4.7671321747275135	4.7671321747275135	4.7671321747275135	0.09109212816953824	5.470851787518253	0.017727327531777623	9.60288709991514	497.1292712080825	0.6554631610352377	0	0	0	0	0.007158791156602125	-3847440812712079e-21	0.01512629329952302	1.2914136284650002	0.0009303702702020673
1.4	4.7671321747275135	4.7671321747275135	4.7671321747275135	0.09109212816953824	5.470851787518252	0.01772732753177762	9.60288709991514	497.12927120808257	0.6554631610352377	0	0	0	0	0.007278473613623391	-398541387043785e-20	0.015324113342045025	1.3298092841357485	0.0009357180954662834
1.5	4.7671321747275135	4.7671321747275135	4.7671321747275135	0.09109212816953824	5.470851787518253	0.01772732753177762	9.60288709991514	497.1292712080826	0.6554631610352377	0	0	0	0	0.00737552398272659	-4104344881100681e-21	0.015484453527856141	1.3627653933029245	0.0009391611302150437
1.6	4.7671321747275135	4.7671321747275135	4.7671321747275135	0.09109212816953825	5.470851787518251	0.017727327531777623	9.60288709991514	497.1292712080826	0.6554631610352377	0	0	0	0	0.007454076524265855	-4206461452938289e-21	0.015614168933036559	1.390952392574148	0.0009411654982200647
1.7	4.7671321747275135	4.7671321747275135	4.7671321747275135	0.09109212816953827	5.470851787518254	0.017727327531777623	9.60288709991514	497.1292712080826	0.6554631610352377	0	0	0	0	0.007517755822542308	-4293883811994085e-21	0.01571927072445115	1.415001334966639	0.0009421298855862622
1.8	4.7671321747275135	4.7671321747275135	4.7671321747275135	0.09109212816953828	5.470851787518256	0.017727327531777623	9.60288709991514	497.12927120808257	0.6554631610352377	0	0	0	0	0.007569348049491284	-4368498548433295e-21	0.015804376834315577	1.4354636321432284	0.0009423436065303588
1.9	4.767132174727513	4.767132174727513	4.767132174727513	0.09109212816953827	5.470851787518256	0.017727327531777623	9.60288709991514	497.1292712080825	0.6554631610352377	0	0	0	0	0.007611104607786	-4431997919018264e-21	0.015873218474204885	1.4528282360597455	0.0009420276557155061
2	4.7671321747275135	4.7671321747275135	4.7671321747275135	0.09109212816953827	5.470851787518257	0.017727327531777623	9.60288709991514	497.12927120808257	0.6554631610352377	0	0	0	0	0.007645002290703744	-4485960429599083e-21	0.015929070875008857	1.4675483799298894	0.0009413685597021012
2.1	4.7671321747275135	4.7671321747275135	4.7671321747275135	0.09109212816953828	5.470851787518258	0.017727327531777623	9.60288709991514	497.1292712080826	0.6554631610352377	0	0	0	0	0.007672418150451431	-4531661806611709e-21	0.015974214313700285	1.4799852965181008	0.0009404802823690758
2.2	4.7671321747275135	4.7671321747275135	4.7671321747275135	0.09109212816953828	5.4708517875182565	0.017727327531777623	9.602887099915142	497.1292712080826	0.6554631610352377	0	0	0	0	0.007694639471045568	-4570320612154557e-21	0.0160107803648718	1.4904833971535012	0.0009394664818117013
2.3	4.767132174727514	4.767132174727514	4.767132174727514	0.09109212816953825	5.470851787518258	0.017727327531777626	9.60288709991514	497.1292712080826	0.6554631610352377	0	0	0	0	0.007712677961483853	-4602984202167062e-21	0.016040443365234573	1.4993365054530674	0.0009383994673696424
2.4	4.7671321747275135	4.7671321747275135	4.7671321747275135	0.09109212816953824	5.47085178751826	0.017727327531777626	9.602887099915142	497.12927120808246	0.6554631610352377	0	0	0	0	0.007727255811289461	-4630484273012728e-21	0.01606439783698349	1.5067760937182364	0.0009373210328322708
2.5	4.7671321747275135	4.7671321747275135	4.7671321747275135	0.09109212816953825	5.4708517875182565	0.017727327531777623	9.602887099915144	497.12927120808257	0.6554631610352377	0	0	0	0	0.0077390767183538175	-4653635041710025e-21	0.016083807698020605	1.5130286960160637	0.0009362712618328042
2.6	4.7671321747275135	4.7671321747275135	4.7671321747275135	0.09109212816953823	5.470851787518255	0.01772732753177764	9.602887099915144	497.1292712080825	0.6554631610352377	0	0	0	0	0.007748681845186572	-4673117014440024e-21	0.01609956734302779	1.5182825382768523	0.0009352742871038739
2.7	4.7671321747275135	4.7671321747275135	4.7671321747275135	0.0910921281695382	5.4708517875182565	0.017727327531777654	9.602887099915144	497.1292712080824	0.6554631610352375	0	0	0	0	0.0077564422862419265	-4689444434134031e-21	0.016112289657140268	1.5226790123787004	0.0009343399050457399
2.8	4.7671321747275135	4.7671321747275135	4.7671321747275135	0.09109212816953821	5.4708517875182565	0.01772732753177765	9.602887099915144	497.1292712080824	0.6554631610352375	0	0	0	0	0.007762722206815662	-4703121245412234e-21	0.016122576123042038	1.5263566992924726	0.000933477642520166
2.9	4.7671321747275135	4.7671321747275135	4.7671321747275135	0.09109212816953824	5.4708517875182485	0.017727327531777668	9.602887099915144	497.1292712080826	0.6554631610352374	0	0	0	0	0.007767837129912085	-4714603528200175e-21	0.016130947452868354	1.5294406416613588	0.0009326930052230007
3	4.7671321747275135	4.7671321747275135	4.7671321747275135	0.09109212816953827	5.470851787518236	0.017727327531777727	9.602887099915142	497.1292712080829	0.6554631610352369	0	0	0	0	0.007771977731715905	-4724202438850907e-21	0.016137717904184685	1.5320156013588677	0.0009319836703826338
3.1	4.7671321747275135	4.7671321747275135	4.7671321747275135	0.09109212816953827	5.470851787518232	0.01772732753177775	9.60288709991514	497.12927120808297	0.6554631610352366	0	0	0	0	0.007775317747111721	-47322026069060725e-22	0.016143173984703746	1.5341591544198403	0.0009313470276769453
3.2	4.7671321747275135	4.7671321747275135	4.7671321747275135	0.09109212816953827	5.47085178751824	0.01772732753177771	9.60288709991514	497.12927120808286	0.6554631610352369	0	0	0	0	0.007778029663314575	-47388874145544245e-22	0.01614760005832492	1.535948499984563	0.0009307803636565056
3.3	4.767132174727513	4.767132174727513	4.767132174727513	0.09109212816953834	5.470851787518203	0.017727327531777935	9.602887099915137	497.1292712080837	0.6554631610352348	0	0	0	0	0.0077802407244865	-4744483157351983e-21	0.01615120478856801	1.5374447540461136	0.0009302787909786991
3.4	4.7671321747275135	4.7671321747275135	4.7671321747275135	0.09109212816953843	5.470851787518148	0.017727327531778293	9.602887099915133	497.12927120808513	0.6554631610352315	0	0	0	0	0.00778202829531504	-4749140016484717e-21	0.016154115647060208	1.538688615553389	0.0009298367660159997
3.5	4.7671321747275135	4.7671321747275135	4.7671321747275135	0.09109212816953847	5.470851787518121	0.017727327531778456	9.602887099915133	497.1292712080857	0.65546316103523	0	0	0	0	0.007783468103805013	-4753003264991993e-21	0.01615645785584797	1.5397196222067626	0.0009294490419808717
3.6	4.7671321747275135	4.7671321747275135	4.7671321747275135	0.09109212816953839	5.470851787518167	0.017727327531778168	9.602887099915135	497.1292712080846	0.6554631610352327	0	0	0	0	0.007784635850715722	-4756218239504367e-21	0.016158356469179864	1.5405772768098662	0.0009291103669432648
3.7	4.7671321747275135	4.7671321747275135	4.7671321747275135	0.09109212816953897	5.470851787517888	0.01772732753178055	9.602887099915119	497.1292712080912	0.6554631610352106	0	0	0	0	0.00778559462563514	-4758916098981697e-21	0.016159908007769876	1.5412939596653432	0.0009288153134772444
3.8	4.7671321747275135	4.7671321747275135	4.7671321747275135	0.09109212816954015	5.470851787517308	0.0177273275317853	9.602887099915089	497.12927120810485	0.6554631610351667	0	0	0	0	0.0077863752425986	-4761167220205594e-21	0.016161163566844428	1.5418888949559795	0.000928559243491405
3.9	4.7671321747275135	4.7671321747275135	4.7671321747275135	0.09109212816954113	5.470851787516824	0.01772732753178922	9.602887099915062	497.12927120811634	0.6554631610351305	0	0	0	0	0.007787003450460368	-4763027684802391e-21	0.01616217247136636	1.542380227019798	0.0009283378832235448
4	4.7671321747275135	4.7671321747275135	4.7671321747275135	0.0910921281695411	5.470851787516828	0.01772732753178911	9.602887099915062	497.12927120811617	0.6554631610351316	0	0	0	0	0.0077875049980747095	-4764553574398425e-21	0.01616298404629852	1.5427861001948222	0.0009281469589114621
4.1	4.7671321747275135	4.7671321747275135	4.7671321747275135	0.0910921281695398	5.470851787517486	0.01772732753178389	9.6028870999151	497.1292712081007	0.6554631610351798	0	0	0	0	0.0077879076804577676	-4765807412554402e-21	0.016163646339662625	1.543124222068893	0.0009279822955298249
4.2	4.7671321747275135	4.7671321747275135	4.7671321747275135	0.09109212816954106	5.470851787517047	0.017727327531789253	9.602887099915066	497.1292712081112	0.6554631610351301	0	0	0	0	0.007788248815919649	-4766888476875926e-21	0.01616418605108565	1.5434052107989016	0.0009278409959923175
4.3	4.7671321747275135	4.7671321747275135	4.7671321747275135	0.09109212816954307	5.4708517875162315	0.01772732753179769	9.602887099915012	497.12927120813055	0.6554631610350519	0	0	0	0	0.007788530035343124	-4767797068247983e-21	0.016164621717865393	1.543637312254223	0.000927720057901711
4.4	4.767132174727513	4.767132174727513	4.767132174727513	0.09109212816954243	5.470851787516493	0.017727327531794963	9.602887099915032	497.12927120812435	0.6554631610350772	0	0	0	0	0.007788745070503541	-47685100332861816e-22	0.01616497358902695	1.5438294021145338	0.0009276162686382859
4.5	4.7671321747275135	4.7671321747275135	4.7671321747275135	0.09109212816954176	5.470851787516923	0.017727327531792576	9.602887099915046	497.12927120811423	0.6554631610350989	0	0	0	0	0.007788919668083541	-4769105843287298e-21	0.016165259961302515	1.5439889040959518	0.0009275274984643018
4.6	4.7671321747275135	4.7671321747275135	4.7671321747275135	0.09109212816954562	5.470851787515696	0.017727327531809382	9.602887099914946	497.12927120814373	0.6554631610349431	0	0	0	0	0.007789085072819842	-4769677339739987e-21	0.016165491786167722	1.5441202555120341	0.0009274524970914482
4.7	4.7671321747275135	4.7671321747275135	4.7671321747275135	0.09109212816954766	5.470851787514997	0.0177273275318183	9.602887099914891	497.12927120816045	0.6554631610348602	0	0	0	0	0.007789212927370255	-4770126007858952e-21	0.016165678732975076	1.5442286770645324	0.000927388484630777
4.8	4.7671321747275135	4.7671321747275135	4.7671321747275135	0.09109212816954358	5.470851787516427	0.01772732753180065	9.602887099914998	497.1292712081262	0.6554631610350241	0	0	0	0	0.007789285268681161	-4770390675108093e-21	0.016165830364983872	1.5443191076871325	0.0009273330344945569
4.9	4.767132174727514	4.767132174727514	4.767132174727514	0.09109212816954652	5.470851787515879	0.017727327531814354	9.602887099914922	497.12927120813987	0.6554631610348964	0	0	0	0	0.007789378730136257	-4770742663985578e-21	0.016165953566302314	1.5443931926521488	0.0009272871055004767
5	4.7671321747275135	4.7671321747275135	4.7671321747275135	0.09109212816955169	5.470851787514544	0.0177273275318376	9.602887099914783	497.1292712081722	0.6554631610346803	0	0	0	0	0.007789469544108479	-4771085478293479e-21	0.016166053023724813	1.5444538943342567	0.000927248657909057
5.1	4.767132174727514	4.767132174727514	4.767132174727514	0.0910921281695485	5.470851787515393	0.01772732753182321	9.602887099914868	497.1292712081517	0.6554631610348141	0	0	0	0	0.007789502270533032	-4771208636487679e-21	0.01616613342154922	1.5445048891046538	0.0009272146246138998
5.2	4.7671321747275135	4.7671321747275135	4.7671321747275135	0.0910921281695447	5.470851787516641	0.017727327531806857	9.602887099914968	497.1292712081217	0.6554631610349659	0	0	0	0	0.007789522860849943	-4771296637245772e-21	0.016166198794700822	1.5445472313417716	0.0009271856601446073
5.3	4.7671321747275135	4.7671321747275135	4.7671321747275135	0.09109212816954733	5.470851787516274	0.017727327531819423	9.602887099914899	497.12927120813106	0.6554631610348487	0	0	0	0	0.007789571132664952	-47714962214025945e-22	0.016166251653581716	1.5445813938744726	0.000927162363938653
5.4	4.7671321747275135	4.7671321747275135	4.7671321747275135	0.09109212816954539	5.470851787516701	0.01772732753181048	9.602887099914952	497.12927120812066	0.6554631610349321	0	0	0	0	0.007789587157331593	-4771558797810157e-21	0.016166294383667786	1.5446100674768004	0.0009271417573348208
5.5	4.7671321747275135	4.7671321747275135	4.7671321747275135	0.09109212816954221	5.470851787517488	0.017727327531795983	9.602887099915034	497.12927120810144	0.6554631610350669	0	0	0	0	0.007789591362112828	-4771577606142247e-21	0.016166329088272965	1.5446339598697345	0.0009271240538838726
5.6	4.7671321747275135	4.7671321747275135	4.7671321747275135	0.09109212816954297	5.470851787517502	0.017727327531799807	9.602887099915016	497.12927120810133	0.6554631610350311	0	0	0	0	0.007789613611943675	-4771675485567235e-21	0.016166357148174833	1.5446531929601302	0.000927109907842788
5.7	4.7671321747275135	4.7671321747275135	4.7671321747275135	0.09109212816954125	5.470851787517776	0.017727327531791712	9.60288709991506	497.12927120809445	0.6554631610351064	0	0	0	0	0.0077896182136009545	-4771692050168708e-21	0.016166379852355188	1.5446693416102775	0.0009270974053999954
5.8	4.7671321747275135	4.7671321747275135	4.7671321747275135	0.09109212816954024	5.470851787517999	0.017727327531787188	9.602887099915087	497.1292712080891	0.6554631610351487	0	0	0	0	0.007789624443117686	-47717196946640205e-22	0.01616639828022806	1.5446826083142655	0.0009270870072207499
5.9	4.7671321747275135	4.7671321747275135	4.7671321747275135	0.09109212816954058	5.470851787518016	0.017727327531789072	9.602887099915078	497.12927120808877	0.6554631610351309	0	0	0	0	0.007789636177561924	-4771773406225821e-21	0.01616641317144542	1.544693362124864	0.0009270785603536869
6	4.7671321747275135	4.7671321747275135	4.7671321747275135	0.09109212816953965	5.4708517875181215	0.0177273275317845	9.602887099915103	497.1292712080861	0.6554631610351735	0	0	0	0	0.007789638347345869	-47717809106953024e-22	0.016166425234552504	1.5447023884943745	0.0009270711217074249
6.1	4.7671321747275135	4.7671321747275135	4.7671321747275135	0.09109212816954074	5.470851787518154	0.017727327531789787	9.602887099915074	497.1292712080857	0.6554631610351243	0	0	0	0	0.007789651002454436	-4771844549092559e-21	0.016166435028818423	1.5447095828973287	0.0009270653989753014
6.2	4.7671321747275135	4.7671321747275135	4.7671321747275135	0.09109212816954242	5.470851787518124	0.017727327531798072	9.60288709991503	497.1292712080867	0.6554631610350466	0	0	0	0	0.007789666082429454	-4771920696602163e-21	0.01616644293455345	1.5447153798034237	0.000927060819486726
6.3	4.7671321747275135	4.7671321747275135	4.7671321747275135	0.09109212816954171	5.470851787518137	0.017727327531794537	9.602887099915048	497.12927120808627	0.6554631610350797	0	0	0	0	0.007789665887576024	-4771916735197945e-21	0.01616644932169239	1.5447204281267815	0.00092705636452873
6.4	4.7671321747275135	4.7671321747275135	4.7671321747275135	0.09109212816954264	5.470851787518344	0.017727327531799023	9.602887099915025	497.1292712080818	0.6554631610350375	0	0	0	0	0.007789674897296897	-4771969572544584e-21	0.016166454521819567	1.5447243870336986	0.0009270531407444164
6.5	4.7671321747275135	4.7671321747275135	4.7671321747275135	0.09109212816954892	5.470851787518674	0.017727327531829627	9.602887099914856	497.1292712080762	0.6554631610347512	0	0	0	0	0.007789715176296447	-47721960280655335e-22	0.016166458731626802	1.5447268878576017	0.0009270521206923604
6.6	4.7671321747275135	4.7671321747275135	4.7671321747275135	0.09109212816955312	5.470851787518845	0.017727327531850006	9.602887099914746	497.1292712080736	0.6554631610345603	0	0	0	0	0.007789742320495134	-4772346910835801e-21	0.01616646212325134	1.5447290692621949	0.0009270509199515988
6.7	4.7671321747275135	4.7671321747275135	4.7671321747275135	0.09109212816954788	5.47085178751859	0.01772732753182453	9.602887099914886	497.12927120807774	0.6554631610347988	0	0	0	0	0.007789712817507352	-4772178293144821e-21	0.016166464868757193	1.5447320494161803	0.0009270472026380304
6.8	4.7671321747275135	4.7671321747275135	4.7671321747275135	0.09109212816954822	5.470851787519101	0.017727327531825977	9.602887099914877	497.12927120806614	0.655463161034785	0	0	0	0	0.007789716884142317	-4772216041987415e-21	0.016166467104644706	1.5447338577808833	0.0009270457382451151
6.9	4.7671321747275135	4.7671321747275135	4.7671321747275135	0.09109212816955618	5.470851787520152	0.017727327531864522	9.602887099914664	497.12927120804443	0.6554631610344236	0	0	0	0	0.007789766500623008	-47725175515188825e-22	0.016166468911848697	1.5447342803323463	0.0009270470043024496
7	4.7671321747275135	4.7671321747275135	4.7671321747275135	0.0910921281695561	5.4708517875201395	0.017727327531864213	9.602887099914666	497.12927120804477	0.6554631610344265	0	0	0	0	0.007789767025473645	-4772519602953541e-21	0.016166470370740236	1.5447355465393002	0.0009270457621151964
7.1	4.7671321747275135	4.7671321747275135	4.7671321747275135	0.09109212816954629	5.470851787519147	0.01772732753181646	9.602887099914929	497.1292712080645	0.6554631610348739	0	0	0	0	0.007789708346042456	-4772170260175757e-21	0.016166471556209146	1.5447379444301448	0.0009270414885837117
7.2	4.7671321747275135	4.7671321747275135	4.7671321747275135	0.09109212816954594	5.470851787519415	0.017727327531814267	9.602887099914938	497.1292712080582	0.6554631610348941	0	0	0	0	0.0077897069422697045	-4772171068681985e-21	0.016166472515931316	1.544738840975734	0.0009270406183790855
7.3	4.7671321747275135	4.7671321747275135	4.7671321747275135	0.09109212816954387	5.470851787519139	0.01772732753180438	9.602887099914991	497.129271208064	0.6554631610349867	0	0	0	0	0.007789694955315725	-4772097359793989e-21	0.016166473291972724	1.544739824521186	0.0009270392067570468
7.4	4.767132174727514	4.767132174727514	4.767132174727514	0.09109212816954103	5.470851787518738	0.017727327531790744	9.602887099915067	497.1292712080723	0.6554631610351146	0	0	0	0	0.007789678149815777	-4771993627835969e-21	0.016166473921734096	1.544740792576449	0.0009270376395554728
7.5	4.7671321747275135	4.7671321747275135	4.7671321747275135	0.09109212816954089	5.4708517875188	0.017727327531789995	9.60288709991507	497.1292712080708	0.6554631610351215	0	0	0	0	0.007789677760199431	-4771993497665234e-21	0.016166474430895812	1.5447412793052786	0.0009270371304965378
7.6	4.7671321747275135	4.7671321747275135	4.7671321747275135	0.09109212816953968	5.47085178751856	0.017727327531784288	9.602887099915105	497.129271208076	0.655463161035175	0	0	0	0	0.007789670627611151	-4771947246064621e-21	0.01616647484339891	1.5447418350165827	0.0009270362805273005
7.7	4.7671321747275135	4.7671321747275135	4.7671321747275135	0.09109212816954003	5.4708517875187415	0.017727327531785984	9.602887099915096	497.1292712080719	0.6554631610351591	0	0	0	0	0.007789673365368139	-4771967677048657e-21	0.01616647517795235	1.5447420945599848	0.0009270361168380592
7.8	4.7671321747275135	4.7671321747275135	4.7671321747275135	0.09109212816954067	5.4708517875189555	0.017727327531789044	9.602887099915078	497.12927120806717	0.6554631610351305	0	0	0	0	0.007789677760237351	-47719981295697335e-22	0.016166475448049764	1.544742257596452	0.0009270361053498519
7.9	4.7671321747275135	4.7671321747275135	4.7671321747275135	0.09109212816953978	5.470851787518711	0.01772732753178487	9.602887099915101	497.1292712080725	0.6554631610351697	0	0	0	0	0.007789672307703949	-4771961054398123e-21	0.016166475666888024	1.5447425989841976	0.0009270355195167988
8	4.7671321747275135	4.7671321747275135	4.7671321747275135	0.0910921281695418	5.470851787519512	0.017727327531793947	9.602887099915046	497.1292712080547	0.6554631610350841	0	0	0	0	0.007789685658337659	-4772058850067053e-21	0.016166475844765875	1.5447424712110818	0.0009270362203805618
8.1	4.7671321747275135	4.7671321747275135	4.7671321747275135	0.09109212816954501	5.470851787520692	0.01772732753180851	9.602887099914962	497.1292712080288	0.655463161034947	0	0	0	0	0.007789706570192986	-4772209468298992e-21	0.01616647598836224	1.5447421377790445	0.0009270374437601587
8.2	4.7671321747275135	4.7671321747275135	4.7671321747275135	0.09109212816954536	5.470851787520804	0.017727327531810118	9.602887099914952	497.12927120802635	0.6554631610349319	0	0	0	0	0.007789708863606139	-4772225462663271e-21	0.016166476104143075	1.5447422042545824	0.0009270374520527439
8.3	4.7671321747275135	4.7671321747275135	4.7671321747275135	0.09109212816954303	5.470851787520085	0.01772732753179917	9.602887099915016	497.12927120804204	0.6554631610350348	0	0	0	0	0.007789693994907539	-477212231026912e-20	0.01616647619832185	1.544742642887722	0.0009270363832714107
8.4	4.7671321747275135	4.7671321747275135	4.7671321747275135	0.09109212816954973	5.47085178752316	0.01772732753182811	9.602887099914835	497.12927120797355	0.6554631610347617	0	0	0	0	0.007789738542166132	-477246110371085e-20	0.016166476274784836	1.5447417029520765	0.0009270394191709816
8.5	4.7671321747275135	4.7671321747275135	4.7671321747275135	0.09109212816955688	5.470851787526287	0.017727327531859315	9.602887099914645	497.1292712079039	0.6554631610344672	0	0	0	0	0.007789785757529726	-4772815989735659e-21	0.01616647633645058	1.5447406871222948	0.0009270426200423698
8.6	4.7671321747275135	4.7671321747275135	4.7671321747275135	0.09109212816955345	5.470851787524756	0.017727327531844413	9.602887099914737	497.1292712079381	0.6554631610346079	0	0	0	0	0.0077897630685042	-47726444969456686e-22	0.01616647638626642	1.5447412606132895	0.0009270409683234092
8.7	4.7671321747275135	4.7671321747275135	4.7671321747275135	0.0910921281695467	5.470851787522064	0.017727327531814115	9.602887099914915	497.1292712079977	0.6554631610348933	0	0	0	0	0.007789718904726453	-4772320177317709e-21	0.016166476426816245	1.5447423166040017	0.000927037915826968
8.8	4.7671321747275135	4.7671321747275135	4.7671321747275135	0.09109212816954977	5.470851787523871	0.017727327531825977	9.602887099914835	497.1292712079572	0.655463161034781	0	0	0	0	0.007789739780381116	-4772490872636669e-21	0.01616647645962125	1.5447418747881152	0.0009270394497075438
8.9	4.7671321747275135	4.7671321747275135	4.7671321747275135	0.09109212816954826	5.470851787523147	0.017727327531819444	9.602887099914875	497.1292712079733	0.6554631610348426	0	0	0	0	0.007789729576736707	-4772412672507585e-21	0.01616647648613147	1.5447421381358648	0.0009270386887977624
9	4.7671321747275135	4.7671321747275135	4.7671321747275135	0.09109212816954264	5.4708517875204405	0.017727327531795838	9.602887099915025	497.1292712080337	0.6554631610350656	0	0	0	0	0.007789692308419554	-4772124839410108e-21	0.016166476507656284	1.5447430160804163	0.0009270359956281857
9.1	4.7671321747275135	4.7671321747275135	4.7671321747275135	0.09109212816954204	5.470851787520276	0.017727327531792885	9.602887099915042	497.12927120803727	0.6554631610350933	0	0	0	0	0.007789688535633488	-477209924063267e-20	0.016166476525065664	1.5447431224419343	0.0009270357332936064
9.2	4.7671321747275135	4.7671321747275135	4.7671321747275135	0.09109212816954025	5.47085178751932	0.017727327531785585	9.602887099915089	497.1292712080587	0.6554631610351624	0	0	0	0	0.007789676391004222	-4772003004547345e-21	0.016166476539163598	1.544743416888349	0.0009270348215459021
9.3	4.7671321747275135	4.7671321747275135	4.7671321747275135	0.09109212816953988	5.470851787519192	0.017727327531783885	9.602887099915097	497.12927120806154	0.6554631610351783	0	0	0	0	0.007789674061223384	-4771986377793556e-21	0.016166476550594864	1.5447434836351688	0.0009270346500905146
9.4	4.7671321747275135	4.7671321747275135	4.7671321747275135	0.09109212816954006	5.470851787519326	0.017727327531784437	9.602887099915092	497.1292712080585	0.6554631610351732	0	0	0	0	0.007789675306242425	-4771997446588591e-21	0.016166476559829855	1.544743466060676	0.000927034737857636
9.5	4.7671321747275135	4.7671321747275135	4.7671321747275135	0.09109212816953942	5.470851787518959	0.017727327531781852	9.60288709991511	497.12927120806677	0.6554631610351976	0	0	0	0	0.0077896708831550615	-4771961834206451e-21	0.01616647656732093	1.5447435763128465	0.0009270343961465706
9.6	4.767132174727513	4.767132174727513	4.767132174727513	0.09109212816954071	5.4708517875198055	0.017727327531785873	9.602887099915076	497.12927120804767	0.6554631610351593	0	0	0	0	0.00778967931082494	-4772034606045421e-21	0.01616647657339583	1.5447433907111383	0.0009270350598161527
9.7	4.7671321747275135	4.7671321747275135	4.7671321747275135	0.09109212816954196	5.470851787520611	0.017727327531789988	9.60288709991504	497.12927120802965	0.6554631610351203	0	0	0	0	0.00778968758353329	-4772105155805687e-21	0.01616647657829607	1.5447432072957148	0.0009270357045973475
9.8	4.7671321747275135	4.7671321747275135	4.7671321747275135	0.09109212816954075	5.47085178751983	0.017727327531785977	9.602887099915073	497.1292712080472	0.6554631610351583	0	0	0	0	0.007789679544762617	-47720366773823305e-22	0.01616647658226135	1.5447433962516213	0.0009270350637360765
9.9	4.7671321747275135	4.7671321747275135	4.7671321747275135	0.09109212816954307	5.470851787521586	0.01772732753179235	9.602887099915012	497.12927120800765	0.6554631610350973	0	0	0	0	0.007789695200268695	-47721771064639195e-22	0.01616647658548946	1.5447430419189832	0.0009270363587439243
10	4.7671321747275135	4.7671321747275135	4.7671321747275135	0.09109212816954895	5.47085178752577	0.017727327531809774	9.602887099914856	497.12927120791346	0.655463161034931	0	0	0	0	0.007789734569702748	-4772523368107686e-21	0.01616647658809866	1.5447421439460223	0.0009270395606628328
10.1	4.7671321747275135	4.7671321747275135	4.7671321747275135	0.09109212816955176	5.470851787527719	0.017727327531818177	9.602887099914781	497.12927120786964	0.6554631610348507	0	0	0	0	0.007789753163473913	-4772686080611744e-21	0.01616647659020058	1.5447417209619492	0.0009270410635300986
10.2	4.7671321747275135	4.7671321747275135	4.7671321747275135	0.09109212816954569	5.470851787523424	0.017727327531800157	9.602887099914943	497.12927120796627	0.6554631610350228	0	0	0	0	0.0077897126330091025	-47723300427702405e-22	0.01616647659190592	1.544742651013227	0.0009270377631541112
10.3	4.7671321747275135	4.7671321747275135	4.7671321747275135	0.0910921281695428	5.470851787521565	0.01772732753179077	9.60288709991502	497.129271208008	0.6554631610351122	0	0	0	0	0.00778969369530423	-477216801083244e-20	0.016166476593292324	1.5447430864026284	0.0009270362603661477
10.4	4.7671321747275135	4.7671321747275135	4.7671321747275135	0.09109212816954285	5.470851787521724	0.01772732753179033	9.60288709991502	497.12927120800435	0.655463161035116	0	0	0	0	0.007789694221868202	-4772175647441337e-21	0.01616647659441268	1.5447430758568206	0.0009270363291661094
10.5	4.767132174727513	4.767132174727513	4.767132174727513	0.09109212816954038	5.470851787519867	0.017727327531783504	9.602887099915085	497.12927120804613	0.6554631610351814	0	0	0	0	0.007789677536418534	-4772026484532789e-21	0.016166476595320944	1.5447434590103855	0.0009270349457488446
10.6	4.7671321747275135	4.7671321747275135	4.7671321747275135	0.09109212816953999	5.470851787519654	0.017727327531782112	9.602887099915094	497.12927120805097	0.6554631610351946	0	0	0	0	0.007789675117640225	-477200655422465e-20	0.01616647659605657	1.5447435153857625	0.0009270347597995748
10.7	4.7671321747275135	4.7671321747275135	4.7671321747275135	0.0910921281695397	5.470851787519441	0.017727327531781276	9.602887099915103	497.12927120805585	0.6554631610352026	0	0	0	0	0.0077896731552758785	-4771989162885983e-21	0.01616647659665123	1.5447435611149163	0.0009270345974876703
10.8	4.7671321747275135	4.7671321747275135	4.7671321747275135	0.09109212816953892	5.470851787518817	0.017727327531779278	9.602887099915122	497.1292712080699	0.655463161035222	0	0	0	0	0.0077896678052887585	-47719404951854045e-22	0.016166476597134088	1.5447436842331632	0.0009270341456069224
10.9	4.7671321747275135	4.7671321747275135	4.7671321747275135	0.0910921281695389	5.470851787518838	0.017727327531779122	9.60288709991512	497.1292712080693	0.6554631610352234	0	0	0	0	0.007789667828988581	-4771941314610433e-21	0.016166476597524647	1.5447436842378928	0.00092703415240653
11	4.7671321747275135	4.7671321747275135	4.7671321747275135	0.09109212816953863	5.470851787518594	0.01772732753177849	9.602887099915128	497.12927120807484	0.6554631610352294	0	0	0	0	0.007789665843925347	-4771922851730404e-21	0.01616647659784019	1.5447437301115083	0.0009270339806321305
11.1	4.7671321747275135	4.7671321747275135	4.7671321747275135	0.0910921281695385	5.470851787518473	0.017727327531778112	9.602887099915133	497.12927120807757	0.655463161035233	0	0	0	0	0.007789664813586184	-4771913434087811e-21	0.01616647659809585	1.5447437540563818	0.0009270338928065087
11.2	4.7671321747275135	4.7671321747275135	4.7671321747275135	0.09109212816953849	5.470851787518481	0.017727327531778074	9.602887099915135	497.12927120807734	0.6554631610352335	0	0	0	0	0.0077896648364019225	-4771913796669879e-21	0.016166476598302636	1.5447437538312356	0.0009270338957042003
11.3	4.7671321747275135	4.7671321747275135	4.7671321747275135	0.09109212816953836	5.470851787518358	0.017727327531777828	9.602887099915138	497.1292712080801	0.6554631610352357	0	0	0	0	0.007789663883359575	-4771904745135053e-21	0.016166476598470796	1.5447437758830327	0.0009270338114240632
11.4	4.7671321747275135	4.7671321747275135	4.7671321747275135	0.09109212816953835	5.470851787518343	0.01772732753177777	9.602887099915137	497.12927120808047	0.6554631610352363	0	0	0	0	0.007789663756985938	-4771903631977758e-21	0.016166476598607357	1.5447437789736589	0.0009270338007914911
11.5	4.7671321747275135	4.7671321747275135	4.7671321747275135	0.09109212816953832	5.470851787518327	0.017727327531777734	9.602887099915138	497.1292712080808	0.6554631610352365	0	0	0	0	0.00778966363470081	-4771902474856809e-21	0.016166476598717613	1.5447437819334262	0.0009270337898013388
11.6	4.7671321747275135	4.7671321747275135	4.7671321747275135	0.09109212816953831	5.47085178751829	0.01772732753177768	9.60288709991514	497.1292712080817	0.6554631610352372	0	0	0	0	0.007789663337100898	-477189960738037e-20	0.016166476598806854	1.544743788875478	0.0009270337630024038
11.7	4.7671321747275135	4.7671321747275135	4.7671321747275135	0.0910921281695383	5.470851787518293	0.01772732753177768	9.60288709991514	497.12927120808166	0.655463161035237	0	0	0	0	0.007789663340106309	-47718996669769384e-22	0.016166476598879063	1.544743788914873	0.0009270337633760911
11.8	4.767132174727513	4.767132174727513	4.767132174727513	0.09109212816953845	5.470851787518379	0.017727327531777724	9.602887099915135	497.1292712080798	0.6554631610352367	0	0	0	0	0.0077896638693725605	-4771905024522076e-21	0.016166476598937468	1.54474377689472	0.0009270338129081697
11.9	4.7671321747275135	4.7671321747275135	4.7671321747275135	0.09109212816954129	5.470851787519987	0.01772732753177874	9.602887099915058	497.1292712080438	0.6554631610352258	0	0	0	0	0.007789674042508272	-4772007476111756e-21	0.01616647659898494	1.544743544224069	0.0009270347627947634
12	4.767132174727513	4.767132174727513	4.767132174727513	0.09109212816954637	5.470851787522863	0.017727327531780586	9.602887099914922	497.1292712079796	0.6554631610352064	0	0	0	0	0.007789692262061964	-4772190910196458e-21	0.016166476599023146	1.544743127451734	0.0009270364636315228
12.1	4.7671321747275135	4.7671321747275135	4.7671321747275135	0.09109212816955203	5.4708517875260645	0.01772732753178266	9.602887099914772	497.1292712079082	0.6554631610351844	0	0	0	0	0.007789712561556156	-4772395243251416e-21	0.016166476599053542	1.5447426630821157	0.0009270383582746204
12.2	4.7671321747275135	4.7671321747275135	4.7671321747275135	0.09109212816955661	5.470851787528646	0.01772732753178436	9.60288709991465	497.12927120785054	0.6554631610351666	0	0	0	0	0.007789728974513362	-4772560391751862e-21	0.016166476599077585	1.5447422876196149	0.0009270398895802277
12.3	4.7671321747275135	4.7671321747275135	4.7671321747275135	0.09109212816955845	5.470851787529666	0.01772732753178509	9.602887099914602	497.1292712078278	0.655463161035159	0	0	0	0	0.007789735534456101	-4772626272173025e-21	0.016166476599096737	1.5447421375686314	0.0009270405004045175
12.4	4.7671321747275135	4.7671321747275135	4.7671321747275135	0.09109212816955588	5.470851787528181	0.017727327531784232	9.60288709991467	497.129271207861	0.6554631610351682	0	0	0	0	0.00778972627490689	-4772532800990139e-21	0.01616647659911246	1.5447423494335657	0.0009270396336036616
12.5	4.7671321747275135	4.7671321747275135	4.7671321747275135	0.09109212816954745	5.470851787523367	0.01772732753178127	9.602887099914895	497.12927120796854	0.6554631610351997	0	0	0	0	0.007789695974253254	-4772227432108995e-21	0.0161664765991262	1.5447430426780102	0.000927036801929756
12.6	4.767132174727514	4.767132174727514	4.767132174727514	0.09109212816954274	5.470851787520836	0.0177273275317791	9.60288709991502	497.1292712080249	0.655463161035222	0	0	0	0	0.007789679232192843	-4772060090015424e-21	0.016166476599138335	1.5447434257391008	0.000927035250276003
12.7	4.7671321747275135	4.7671321747275135	4.7671321747275135	0.09109212816954204	5.470851787520579	0.017727327531778456	9.602887099915037	497.1292712080305	0.6554631610352281	0	0	0	0	0.007789676950868489	-4772038225036077e-21	0.016166476599147977	1.5447434779590115	0.000927035047592171
12.8	4.767132174727514	4.767132174727514	4.767132174727514	0.09109212816953993	5.470851787519272	0.01772732753177798	9.602887099915094	497.1292712080597	0.6554631610352337	0	0	0	0	0.007789669150485985	-4771958876790335e-21	0.016166476599155023	1.544743656421022	0.000927034311726293
12.9	4.7671321747275135	4.7671321747275135	4.7671321747275135	0.09109212816953942	5.470851787519019	0.01772732753177771	9.602887099915106	497.1292712080652	0.6554631610352363	0	0	0	0	0.007789667428960762	-4771941771939963e-21	0.01616647659916123	1.5447436958188676	0.0009270341531181554
13	4.7671321747275135	4.7671321747275135	4.7671321747275135	0.091092128169539	5.470851787518749	0.01772732753177765	9.602887099915117	497.1292712080713	0.655463161035237	0	0	0	0	0.007789665849641584	-4771925625700828e-21	0.01616647659916615	1.5447437319561665	0.0009270340033629634
13.1	4.7671321747275135	4.7671321747275135	4.7671321747275135	0.0910921281695386	5.470851787518501	0.017727327531777613	9.602887099915128	497.1292712080769	0.6554631610352376	0	0	0	0	0.007789664432391468	-47719110977919274e-22	0.01616647659916999	1.544743764383981	0.0009270338686155856
13.2	4.7671321747275135	4.7671321747275135	4.7671321747275135	0.09109212816953854	5.470851787518472	0.01772732753177757	9.602887099915131	497.1292712080775	0.6554631610352379	0	0	0	0	0.007789664240255101	-4771909202720179e-21	0.016166476599172936	1.5447437687854693	0.0009270338510363143
13.3	4.7671321747275135	4.7671321747275135	4.7671321747275135	0.09109212816953839	5.470851787518348	0.0177273275317776	9.602887099915135	497.1292712080803	0.6554631610352378	0	0	0	0	0.007789663582127692	-4771902347638491e-21	0.01616647659917515	1.5447437838440277	0.0009270337874437299
13.4	4.7671321747275135	4.7671321747275135	4.7671321747275135	0.09109212816953835	5.470851787518327	0.01772732753177759	9.602887099915138	497.1292712080808	0.6554631610352379	0	0	0	0	0.007789663436181746	-4771900859638596e-21	0.016166476599177564	1.5447437871862668	0.0009270337736375484
13.5	4.767132174727513	4.767132174727513	4.767132174727513	0.0910921281695383	5.470851787518301	0.0177273275317776	9.602887099915138	497.12927120808143	0.6554631610352379	0	0	0	0	0.007789663303401043	-477189947032483e-20	0.016166476599179403	1.5447437902262646	0.0009270337607448806
13.6	4.7671321747275135	4.7671321747275135	4.7671321747275135	0.09109212816953827	5.470851787518279	0.017727327531777602	9.602887099915138	497.1292712080819	0.6554631610352379	0	0	0	0	0.007789663183331856	-4771898210829457e-21	0.016166476599180725	1.5447437929749654	0.0009270337490570827
13.7	4.7671321747275135	4.7671321747275135	4.7671321747275135	0.09109212816953827	5.470851787518279	0.0177273275317776	9.60288709991514	497.129271208082	0.6554631610352379	0	0	0	0	0.0077896631671330015	-4771898046840483e-21	0.01616647659918181	1.5447437933474732	0.000927033747532619
13.8	4.7671321747275135	4.7671321747275135	4.7671321747275135	0.09109212816953827	5.470851787518264	0.01772732753177761	9.60288709991514	497.1292712080823	0.6554631610352378	0	0	0	0	0.007789663111569215	-4771897455368424e-21	0.01616647659918257	1.5447437946199503	0.0009270337420424199
13.9	4.7671321747275135	4.7671321747275135	4.7671321747275135	0.0910921281695383	5.470851787518264	0.01772732753177762	9.60288709991514	497.12927120808234	0.6554631610352378	0	0	0	0	0.007789663099188236	-477189732612417e-20	0.01616647659918307	1.5447437949044787	0.0009270337408410238
14	4.7671321747275135	4.7671321747275135	4.7671321747275135	0.0910921281695385	5.4708517875183125	0.017727327531777567	9.602887099915135	497.1292712080813	0.6554631610352383	0	0	0	0	0.0077896632023613755	-4771898456789374e-21	0.016166476599183542	1.5447437925461167	0.0009270337513309016
14.1	4.7671321747275135	4.7671321747275135	4.7671321747275135	0.09109212816955149	5.47085178752162	0.017727327531774126	9.602887099914788	497.1292712080102	0.655463161035268	0	0	0	0	0.007789670358806851	-4771976695359523e-21	0.01616647659918344	1.5447436288894176	0.0009270344773280405
14.2	4.7671321747275135	4.7671321747275135	4.7671321747275135	0.0910921281695805	5.470851787528987	0.017727327531766455	9.602887099914012	497.1292712078517	0.6554631610353343	0	0	0	0	0.00778968631756267	-4772151157419472e-21	0.016166476599182553	1.544743263936416	0.0009270360962110591
14.3	4.7671321747275135	4.7671321747275135	4.7671321747275135	0.09109212816961947	5.470851787538881	0.017727327531756168	9.602887099912973	497.12927120763896	0.6554631610354236	0	0	0	0	0.00778970776975894	-4772385664526978e-21	0.01616647659918116	1.5447427733561405	0.0009270382722691554
14.4	4.7671321747275135	4.7671321747275135	4.7671321747275135	0.09109212816966243	5.470851787549771	0.017727327531744844	9.602887099911827	497.1292712074047	0.6554631610355215	0	0	0	0	0.00778973140652576	-4772644038239798e-21	0.016166476599179535	1.5447422328176186	0.0009270406697915269
14.5	4.7671321747275135	4.7671321747275135	4.7671321747275135	0.09109212816970334	5.470851787560123	0.017727327531734085	9.602887099910735	497.12927120718217	0.6554631610356147	0	0	0	0	0.007789753918993236	-4772890100115691e-21	0.01616647659917796	1.5447417179898788	0.0009270429530673712
14.6	4.7671321747275135	4.7671321747275135	4.7671321747275135	0.0910921281697362	5.470851787568404	0.01772732753172548	9.602887099909855	497.12927120700414	0.6554631610356891	0	0	0	0	0.007789771998291467	-4773087671712413e-21	0.016166476599176714	1.544741304541949	0.0009270447863858862
14.7	4.7671321747275135	4.7671321747275135	4.7671321747275135	0.09109212816975502	5.470851787573083	0.017727327531720634	9.602887099909356	497.1292712069037	0.655463161035731	0	0	0	0	0.007789782335550559	-4773200574587723e-21	0.01616647659917607	1.5447410681428573	0.0009270458340362698
14.8	4.7671321747275135	4.7671321747275135	4.7671321747275135	0.09109212816975379	5.470851787572626	0.017727327531721137	9.602887099909388	497.1292712069137	0.6554631610357268	0	0	0	0	0.007789781621900614	-4773192630299378e-21	0.016166476599176315	1.5447410844616318	0.0009270457603077194
14.9	4.7671321747275135	4.7671321747275135	4.7671321747275135	0.09109212816972645	5.470851787565501	0.017727327531728586	9.602887099910118	497.1292712070672	0.6554631610356623	0	0	0	0	0.007789766548471736	-4773027660405135e-21	0.016166476599177727	1.5447414291673012	0.0009270442294894329
15	4.7671321747275135	4.7671321747275135	4.7671321747275135	0.09109212816966704	5.470851787550176	0.017727327531744573	9.602887099911703	497.12927120739715	0.6554631610355238	0	0	0	0	0.007789733806394027	-4772669486462753e-21	0.016166476599180576	1.5447421779288923	0.0009270409058706079
15.1	4.7671321747275135	4.7671321747275135	4.7671321747275135	0.09109212816958957	5.4708517875305205	0.01772732753176497	9.60288709991377	497.12927120781995	0.6554631610353473	0	0	0	0	0.007789691180084185	-47722035182592235e-22	0.016166476599184257	1.5447431527315207	0.0009270365820171942
15.2	4.7671321747275135	4.7671321747275135	4.7671321747275135	0.09109212816956339	5.470851787524728	0.01772732753177069	9.602887099914467	497.1292712079433	0.6554631610352978	0	0	0	0	0.0077896769408150116	-4772048728113317e-21	0.01616647659918568	1.5447434783729854	0.0009270351457405569
15.3	4.7671321747275135	4.7671321747275135	4.7671321747275135	0.09109212816954959	5.470851787521212	0.017727327531774428	9.602887099914836	497.12927120801885	0.6554631610352654	0	0	0	0	0.00778966932980074	-4771965523566672e-21	0.01616647659918651	1.5447436524259117	0.0009270343736609867
15.4	4.7671321747275135	4.7671321747275135	4.7671321747275135	0.09109212816954337	5.470851787519662	0.01772732753177605	9.602887099915002	497.1292712080522	0.6554631610352513	0	0	0	0	0.00778966591951446	-47719282669492e-19	0.01616647659918679	1.5447437304144802	0.0009270340279476474
15.5	4.7671321747275135	4.7671321747275135	4.7671321747275135	0.09109212816954078	5.470851787518969	0.017727327531776815	9.602887099915073	497.12927120806717	0.6554631610352447	0	0	0	0	0.007789664471683741	-47719124123456866e-22	0.016166476599186394	1.5447437635240782	0.0009270338808259333
15.6	4.7671321747275135	4.7671321747275135	4.7671321747275135	0.09109212816953934	5.4708517875185585	0.017727327531777266	9.60288709991511	497.1292712080759	0.6554631610352407	0	0	0	0	0.00778966365990039	-477190350129338e-20	0.016166476599186155	1.5447437820881027	0.0009270337981347314
15.7	4.7671321747275135	4.7671321747275135	4.7671321747275135	0.09109212816953882	5.470851787518423	0.01772732753177742	9.602887099915122	497.12927120807876	0.6554631610352394	0	0	0	0	0.007789663383704337	-4771900473002704e-21	0.016166476599185825	1.544743788404243	0.0009270337700335374
15.8	4.767132174727513	4.767132174727513	4.767132174727513	0.09109212816953849	5.470851787518319	0.017727327531777543	9.602887099915133	497.12927120808104	0.6554631610352384	0	0	0	0	0.007789663192715515	-4771898366950511e-21	0.016166476599184926	1.5447437927717282	0.0009270337504893584
15.9	4.7671321747275135	4.7671321747275135	4.7671321747275135	0.09109212816953839	5.470851787518291	0.017727327531777578	9.602887099915137	497.1292712080816	0.6554631610352382	0	0	0	0	0.007789663138290094	-4771897769397316e-21	0.016166476599184423	1.5447437940163504	0.0009270337449441862
16	4.7671321747275135	4.7671321747275135	4.7671321747275135	0.0910921281695383	5.470851787518267	0.01772732753177761	9.602887099915138	497.12927120808223	0.6554631610352378	0	0	0	0	0.0077896630947736885	-4771897287619112e-21	0.016166476599184645	1.5447437950114102	0.0009270337404731218
16.1	4.7671321747275135	4.7671321747275135	4.7671321747275135	0.09109212816953827	5.470851787518262	0.017727327531777616	9.602887099915138	497.1292712080823	0.6554631610352378	0	0	0	0	0.007789663083026271	-4771897158310973e-21	0.01616647659918479	1.5447437952800789	0.0009270337392731898
16.2	4.7671321747275135	4.7671321747275135	4.7671321747275135	0.09109212816953827	5.4708517875182565	0.017727327531777616	9.60288709991514	497.12927120808246	0.6554631610352378	0	0	0	0	0.0077896630738996395	-477189705692691e-20	0.016166476599184954	1.54474379548874	0.0009270337383323276
16.3	4.7671321747275135	4.7671321747275135	4.7671321747275135	0.09109212816953825	5.4708517875182565	0.017727327531777616	9.60288709991514	497.12927120808246	0.6554631610352378	0	0	0	0	0.007789663071192261	-47718970270222985e-22	0.016166476599185024	1.5447437955505228	0.0009270337380547345
16.4	4.767132174727514	4.767132174727514	4.767132174727514	0.09109212816955167	5.4708517875210925	0.017727327531772922	9.602887099914781	497.1292712080224	0.6554631610352798	0	0	0	0	0.00778966452641229	-4771913468799168e-21	0.016166476599184614	1.5447437622776272	0.0009270338906634109
16.5	4.7671321747275135	4.7671321747275135	4.7671321747275135	0.0910921281696334	5.470851787538367	0.01772732753174431	9.602887099912602	497.129271207656	0.6554631610355353	0	0	0	0	0.007789673396549996	-4772013685526902e-21	0.016166476599181266	1.544743559466494	0.000927034820851439
16.6	4.7671321747275135	4.7671321747275135	4.7671321747275135	0.09109212816977602	5.470851787568498	0.017727327531694398	9.602887099908799	497.12927120701704	0.655463161035981	0	0	0	0	0.007789688874464743	-4772188556284433e-21	0.016166476599175285	1.544743205571941	0.0009270364439604465
16.7	4.7671321747275135	4.7671321747275135	4.7671321747275135	0.09109212816996407	5.470851787608209	0.017727327531628603	9.60288709990378	497.12927120617496	0.6554631610365685	0	0	0	0	0.00778970928186678	-4772419117620302e-21	0.01616647659916733	1.5447427389671762	0.0009270385839760122
16.8	4.7671321747275135	4.7671321747275135	4.7671321747275135	0.09109212817018209	5.470851787654221	0.01772732753155235	9.602887099897965	497.1292712051993	0.6554631610372493	0	0	0	0	0.007789732940466353	-4772686406083048e-21	0.016166476599158076	1.544742198025406	0.0009270410648837146
16.9	4.767132174727514	4.767132174727514	4.767132174727514	0.09109212817041461	5.470851787703258	0.017727327531471063	9.602887099891763	497.12927120415964	0.6554631610379753	0	0	0	0	0.007789758171973715	-4772971458221214e-21	0.016166476599148192	1.5447416211198377	0.0009270437106691331
17	4.7671321747275135	4.7671321747275135	4.7671321747275135	0.09109212817064617	5.470851787752042	0.01772732753139016	9.602887099885585	497.1292712031254	0.6554631610386977	0	0	0	0	0.00778978329809911	-47732553105833385e-22	0.016166476599138342	1.5447410466236786	0.0009270463453178461
17.1	4.7671321747275135	4.7671321747275135	4.7671321747275135	0.09109212817086133	5.470851787797294	0.017727327531315066	9.602887099879846	497.1292712021662	0.6554631610393686	0	0	0	0	0.007789806640552792	-4773518999717964e-21	0.016166476599129197	1.5447405129101355	0.0009270487928154327
17.2	4.7671321747275135	4.7671321747275135	4.7671321747275135	0.0910921281710446	5.470851787835737	0.017727327531251204	9.602887099874957	497.1292712013515	0.655463161039939	0	0	0	0	0.007789826521045006	-4773743562173629e-21	0.01616647659912142	1.5447400583524158	0.0009270508771474716
17.3	4.7671321747275135	4.7671321747275135	4.7671321747275135	0.09109212817118055	5.470851787864094	0.01772732753120399	9.60288709987133	497.1292712007509	0.6554631610403606	0	0	0	0	0.007789841261286002	-4773910034498876e-21	0.01616647659911569	1.5447397213237266	0.0009270524222995418
17.4	4.7671321747275135	4.7671321747275135	4.7671321747275135	0.09109212817125369	5.470851787879086	0.017727327531178852	9.60288709986938	497.12927120043395	0.6554631610405853	0	0	0	0	0.00778984918298603	-4773999453242245e-21	0.016166476599112672	1.544739540197275	0.0009270532522572221
17.5	4.7671321747275135	4.7671321747275135	4.7671321747275135	0.09109212817124858	5.470851787877437	0.01772732753118121	9.602887099869516	497.12927120047	0.6554631610405645	0	0	0	0	0.007789848607855337	-4773992854952275e-21	0.016166476599113022	1.5447395533462682	0.0009270531910060914
17.6	4.7671321747275135	4.7671321747275135	4.7671321747275135	0.09109212817114976	5.470851787855868	0.01772732753121649	9.60288709987215	497.12927120092877	0.6554631610402498	0	0	0	0	0.007789837857604172	-4773871276177509e-21	0.01616647659911742	1.5447397991439136	0.0009270520625317285
17.7	4.7671321747275135	4.7671321747275135	4.7671321747275135	0.09109212817094174	5.470851787811101	0.017727327531290107	9.602887099877698	497.12927120187976	0.6554631610395927	0	0	0	0	0.007789815253942784	-47736157534664875e-22	0.01616647659912654	1.5447403159634179	0.0009270496908197122
17.8	4.7671321747275135	4.7671321747275135	4.7671321747275135	0.0910921281706091	5.4708517877398615	0.01772732753140749	9.602887099886573	497.1292712033923	0.655463161038545	0	0	0	0	0.0077897791185814235	-4773207323367749e-21	0.016166476599141034	1.5447411421779884	0.0009270458998556215
17.9	4.7671321747275135	4.7671321747275135	4.7671321747275135	0.09109212817013637	5.470851787638868	0.017727327531574057	9.602887099899181	497.12927120553627	0.6554631610370579	0	0	0	0	0.007789727773230336	-4772627022429837e-21	0.01616647659916158	1.5447423161608318	0.0009270405136250352
18	4.7671321747275135	4.7671321747275135	4.7671321747275135	0.09109212816982619	5.47085178758138	0.017727327531672648	9.602887099907456	497.129271206741	0.655463161036175	0	0	0	0	0.007789694407325453	-4772251467830501e-21	0.016166476599174848	1.544743079070701	0.000927037027920525
18.1	4.7671321747275135	4.7671321747275135	4.7671321747275135	0.09109212816985539	5.470851787602342	0.017727327531644636	9.60288709990668	497.1292712062699	0.6554631610364204	0	0	0	0	0.007789698120825145	-47722960275879376e-22	0.016166476599173186	1.5447429941922033	0.0009270374417057223
18.2	4.7671321747275135	4.7671321747275135	4.7671321747275135	0.0910921281697557	5.470851787576601	0.01772732753168597	9.602887099909339	497.12927120682394	0.6554631610360524	0	0	0	0	0.007789687127286049	-47721709987372844e-22	0.01616647659917741	1.5447432455447452	0.00092703628115663
18.3	4.7671321747275135	4.7671321747275135	4.7671321747275135	0.09109212816966786	5.470851787557463	0.01772732753171567	9.602887099911682	497.1292712072306	0.6554631610357881	0	0	0	0	0.007789677577280091	-4772062997994384e-21	0.01616647659918093	1.5447434638996083	0.0009270352787115921
18.4	4.7671321747275135	4.7671321747275135	4.7671321747275135	0.09109212816968644	5.4708517875684315	0.017727327531698533	9.602887099911188	497.12927120698544	0.6554631610359398	0	0	0	0	0.007789679856798495	-4772089989977238e-21	0.016166476599179695	1.5447434117933232	0.0009270355293362039
18.5	4.7671321747275135	4.7671321747275135	4.7671321747275135	0.09109212816961902	5.470851787545575	0.01772732753173458	9.602887099912985	497.1292712074852	0.6554631610356197	0	0	0	0	0.00778967221661182	-4772002157075058e-21	0.016166476599182623	1.5447435864655972	0.000927034713980266
18.6	4.767132174727513	4.767132174727513	4.767132174727513	0.09109212816959929	5.470851787541765	0.017727327531739404	9.60288709991351	497.12927120756535	0.6554631610355772	0	0	0	0	0.00778967009457342	-4771978242660226e-21	0.01616647659918311	1.5447436349854808	0.0009270344920165862
18.7	4.7671321747275135	4.7671321747275135	4.7671321747275135	0.09109212816960453	5.470851787545447	0.017727327531732985	9.602887099913373	497.1292712074827	0.6554631610356344	0	0	0	0	0.007789670762421538	-4771986239479964e-21	0.016166476599182692	1.5447436197203506	0.0009270345662742819
18.8	4.7671321747275135	4.7671321747275135	4.7671321747275135	0.09109212816956976	5.47085178753129	0.01772732753175609	9.602887099914302	497.1292712077949	0.6554631610354291	0	0	0	0	0.007789666730644254	-4771939492469153e-21	0.016166476599184784	1.544743711891672	0.0009270341322913235
18.9	4.7671321747275135	4.7671321747275135	4.7671321747275135	0.09109212816956758	5.470851787531919	0.017727327531754017	9.60288709991436	497.12927120777954	0.6554631610354479	0	0	0	0	0.007789666542253854	-4771937553451428e-21	0.01616647659918514	1.5447437162011814	0.0009270341143078672
19	4.7671321747275135	4.7671321747275135	4.7671321747275135	0.09109212816956587	5.470851787531532	0.017727327531754492	9.602887099914406	497.12927120778784	0.6554631610354438	0	0	0	0	0.0077896663562597645	-4771935447101271e-21	0.016166476599185367	1.5447437204537386	0.0009270340947568127
19.1	4.7671321747275135	4.7671321747275135	4.7671321747275135	0.09109212816955135	5.470851787524736	0.017727327531766115	9.602887099914794	497.12927120793853	0.6554631610353404	0	0	0	0	0.0077896646344545895	-47719153406907725e-22	0.016166476599186155	1.5447437598146827	0.0009270339080854845
19.2	4.7671321747275135	4.7671321747275135	4.7671321747275135	0.09109212816955232	5.470851787525914	0.017727327531763395	9.602887099914765	497.1292712079119	0.6554631610353648	0	0	0	0	0.007789664782590322	-4771917183453638e-21	0.016166476599185957	1.5447437564294764	0.0009270339252020153
19.3	4.7671321747275135	4.7671321747275135	4.7671321747275135	0.09109212816954856	5.470851787523919	0.017727327531767076	9.602887099914867	497.1292712079563	0.6554631610353319	0	0	0	0	0.007789664326481209	-4771911820184775e-21	0.016166476599185586	1.5447437668558552	0.0009270338754060227
19.4	4.7671321747275135	4.7671321747275135	4.7671321747275135	0.09109212816954401	5.470851787521616	0.017727327531771118	9.602887099914987	497.1292712080074	0.6554631610352958	0	0	0	0	0.007789663783705213	-4771905452014383e-21	0.016166476599185176	1.544743779263617	0.0009270338162808834
19.5	4.7671321747275135	4.7671321747275135	4.7671321747275135	0.0910921281695448	5.470851787522354	0.017727327531769393	9.602887099914966	497.12927120799077	0.6554631610353113	0	0	0	0	0.007789663896544981	-4771906825728771e-21	0.016166476599184788	1.5447437766847663	0.0009270338290386975
19.6	4.7671321747275135	4.7671321747275135	4.7671321747275135	0.09109212816954797	5.470851787524919	0.01772732753176342	9.602887099914883	497.1292712079331	0.6554631610353653	0	0	0	0	0.007789664323980812	-47719119861970005e-22	0.016166476599184652	1.5447437669152992	0.0009270338769613989
19.7	4.7671321747275135	4.7671321747275135	4.7671321747275135	0.09109212816963173	5.470851787585776	0.01772732753162927	9.602887099912648	497.1292712065666	0.6554631610365719	0	0	0	0	0.007789675315755465	-4772043706024169e-21	0.016166476599181287	1.5447435156771923	0.000927035100110419
19.8	4.7671321747275135	4.7671321747275135	4.7671321747275135	0.09109212816977239	5.470851787687581	0.0177273275314054	9.602887099908898	497.12927120428077	0.6554631610385852	0	0	0	0	0.007789693758407843	-4772264653699014e-21	0.016166476599175576	1.5447430941343723	0.0009270371518242224
19.9	4.7671321747275135	4.7671321747275135	4.7671321747275135	0.09109212816990755	5.470851787785137	0.017727327531191238	9.60288709990529	497.12927120209054	0.655463161040511	0	0	0	0	0.0077897114671622355	-47724767711385875e-22	0.016166476599170098	1.544742689365829	0.0009270391215380836
20	4.7671321747275135	4.7671321747275135	4.7671321747275135	0.09109212816997479	5.470851787833254	0.017727327531086204	9.602887099903498	497.12927120101045	0.6554631610414554	0	0	0	0	0.007789720257242929	-4772582000259936e-21	0.01616647659916745	1.544742488450551	0.0009270400986872771
20.1	4.7671321747275135	4.7671321747275135	4.7671321747275135	0.09109212816991165	5.470851787786738	0.017727327531189725	9.602887099905182	497.12927120205524	0.6554631610405239	0	0	0	0	0.007789711943874217	-4772482282980112e-21	0.01616647659917022	1.544742678467528	0.0009270391727070768
20.2	4.7671321747275135	4.7671321747275135	4.7671321747275135	0.09109212816970785	5.470851787639302	0.017727327531513702	9.602887099910618	497.12927120536557	0.6554631610376104	0	0	0	0	0.007789685229464392	-4772162243235676e-21	0.01616647659917872	1.5447432890776067	0.0009270362008276093
20.3	4.7671321747275135	4.7671321747275135	4.7671321747275135	0.09109212816966075	5.470851787611289	0.01772732753156519	9.602887099911873	497.1292712059915	0.6554631610371509	0	0	0	0	0.007789679331654697	-4772092464341468e-21	0.01616647659918011	1.544743423893249	0.0009270355529240891
20.4	4.7671321747275135	4.7671321747275135	4.7671321747275135	0.09109212816965419	5.470851787609042	0.017727327531566174	9.60288709991205	497.12927120604064	0.6554631610371434	0	0	0	0	0.00778967858334753	-4772083863679183e-21	0.016166476599180156	1.5447434410012626	0.000927035473083955
20.5	4.7671321747275135	4.7671321747275135	4.7671321747275135	0.09109212816959021	5.47085178755933	0.0177273275316811	9.602887099913755	497.1292712071585	0.6554631610361079	0	0	0	0	0.007789670039228079	-477198101039929e-20	0.01616647659918322	1.5447436362883407	0.0009270345179569748
20.6	4.7671321747275135	4.7671321747275135	4.7671321747275135	0.09109212816958641	5.470851787558743	0.017727327531678078	9.602887099913858	497.12927120717063	0.6554631610361366	0	0	0	0	0.007789669644213209	-4771976586127646e-21	0.016166476599183327	1.5447436453205832	0.0009270344768949655
20.7	4.7671321747275135	4.7671321747275135	4.7671321747275135	0.09109212816957174	5.470851787546661	0.0177273275317074	9.602887099914248	497.1292712074427	0.6554631610358719	0	0	0	0	0.0077896676525604286	-4771952515303678e-21	0.016166476599184108	1.5447436908413437	0.0009270342533593547
20.8	4.7671321747275135	4.7671321747275135	4.7671321747275135	0.09109212816955617	5.470851787533955	0.017727327531737724	9.602887099914662	497.1292712077286	0.6554631610355983	0	0	0	0	0.007789665544576224	-47719270545153654e-22	0.016166476599185166	1.544743739021042	0.0009270340169167691
20.9	4.7671321747275135	4.7671321747275135	4.7671321747275135	0.09109212816955668	5.470851787535138	0.017727327531733304	9.60288709991465	497.1292712077017	0.6554631610356387	0	0	0	0	0.007789665650045346	-47719284342992665e-22	0.016166476599185384	1.544743736611532	0.0009270340297374912
21	4.7671321747275135	4.7671321747275135	4.7671321747275135	0.09109212816954763	5.470851787526846	0.017727327531755058	9.602887099914891	497.12927120788873	0.6554631610354418	0	0	0	0	0.00778966438186184	-47719129913107105e-22	0.016166476599185638	1.5447437655956404	0.0009270338863168007
21.1	4.7671321747275135	4.7671321747275135	4.7671321747275135	0.09109212816954507	5.470851787524802	0.017727327531759717	9.602887099914959	497.1292712079348	0.6554631610354	0	0	0	0	0.007789664036310754	-4771908825378133e-21	0.016166476599185204	1.5447437734936063	0.0009270338476301388
21.2	4.7671321747275135	4.7671321747275135	4.7671321747275135	0.09109212816954468	5.470851787524588	0.017727327531759988	9.60288709991497	497.12927120793955	0.6554631610353976	0	0	0	0	0.007789663989512905	-4771908273545359e-21	0.016166476599184864	1.5447437745633343	0.0009270338425063565
21.3	4.7671321747275135	4.7671321747275135	4.7671321747275135	0.09109212816954113	5.470851787521115	0.017727327531769598	9.602887099915064	497.129271208018	0.6554631610353105	0	0	0	0	0.007789663482178688	-47719020651165765e-22	0.016166476599185152	1.5447437861580091	0.0009270337848459052
21.4	4.7671321747275135	4.7671321747275135	4.7671321747275135	0.09109212816954095	5.47085178752105	0.017727327531769473	9.602887099915069	497.1292712080194	0.6554631610353118	0	0	0	0	0.0077896634597793505	-4771901808112859e-21	0.016166476599185197	1.5447437866701372	0.0009270337824601874
21.5	4.767132174727513	4.767132174727513	4.767132174727513	0.09109212816954013	5.470851787520201	0.017727327531771916	9.602887099915089	497.1292712080385	0.6554631610352896	0	0	0	0	0.007789663339837074	-4771900335215316e-21	0.016166476599185	1.5447437894112825	0.0009270337687804091
21.6	4.7671321747275135	4.7671321747275135	4.7671321747275135	0.09109212816953924	5.4708517875193285	0.017727327531774396	9.602887099915115	497.1292712080583	0.6554631610352671	0	0	0	0	0.007789663215491307	-4771898809344226e-21	0.016166476599185155	1.544743792253024	0.0009270337546086314
21.7	4.7671321747275135	4.7671321747275135	4.7671321747275135	0.09109212816953924	5.470851787519401	0.01772732753177408	9.602887099915115	497.1292712080565	0.6554631610352699	0	0	0	0	0.007789663221806012	-4771898892400668e-21	0.016166476599185436	1.5447437921087217	0.0009270337553803393
21.8	4.7671321747275135	4.7671321747275135	4.7671321747275135	0.09109212816954758	5.4708517875300045	0.01772732753173885	9.602887099914891	497.12927120781626	0.6554631610355909	0	0	0	0	0.007789664569081768	-4771915657208242e-21	0.01616647659918475	1.544743761321002	0.0009270339111015413
21.9	4.7671321747275135	4.7671321747275135	4.7671321747275135	0.09109212816962108	5.4708517876228155	0.01772732753143155	9.602887099912934	497.1292712057132	0.6554631610383906	0	0	0	0	0.007789676392491939	-4772062731045296e-21	0.016166476599181134	1.5447434911339057	0.0009270352772046647
22	4.7671321747275135	4.7671321747275135	4.7671321747275135	0.09109212816974274	5.470851787776471	0.017727327530923022	9.602887099909687	497.1292712022314	0.6554631610430233	0	0	0	0	0.0077896959736919675	-47723062950926405e-22	0.016166476599175514	1.5447430436666445	0.0009270375395614765
22.1	4.7671321747275135	4.7671321747275135	4.7671321747275135	0.0910921281698798	5.470851787949469	0.01772732753035074	9.602887099906033	497.12927119831136	0.6554631610482368	0	0	0	0	0.007789718026522635	-4772580591874534e-21	0.016166476599169324	1.544742539717859	0.0009270400873800683
22.2	4.7671321747275135	4.7671321747275135	4.7671321747275135	0.09109212816999945	5.470851788100302	0.017727327529852177	9.60288709990284	497.1292711948935	0.6554631610527786	0	0	0	0	0.007789737264824728	-47728198639152284e-22	0.01616647659916401	1.5447421000861905	0.000927042309868532
22.3	4.7671321747275135	4.7671321747275135	4.7671321747275135	0.09109212817006877	5.470851788187467	0.0177273275295648	9.60288709990099	497.1292711929184	0.6554631610553964	0	0	0	0	0.0077897484024390265	-4772958353738982e-21	0.01616647659916101	1.54474184557028	0.000927043596234959
22.4	4.7671321747275135	4.7671321747275135	4.7671321747275135	0.091092128170055	5.47085178816946	0.01772732752962608	9.602887099901357	497.1292711933266	0.6554631610548377	0	0	0	0	0.007789746153206316	-4772930303870049e-21	0.016166476599161757	1.5447418969687676	0.0009270433356874411
22.5	4.7671321747275135	4.7671321747275135	4.7671321747275135	0.09109212816992528	5.470851788004777	0.01772732753017349	9.60288709990482	497.12927119705853	0.6554631610498501	0	0	0	0	0.007789725230967378	-4772669956832686e-21	0.0161664765991677	1.544742375080295	0.0009270409174340699
22.6	4.7671321747275135	4.7671321747275135	4.7671321747275135	0.09109212816970118	5.470851787721723	0.017727327531110292	9.602887099910795	497.12927120347246	0.6554631610413157	0	0	0	0	0.007789689165171067	-4772221338408529e-21	0.016166476599177786	1.5447431992516523	0.0009270367504189229
22.7	4.7671321747275135	4.7671321747275135	4.7671321747275135	0.09109212816963018	5.4708517876360805	0.01772732753138215	9.60288709991269	497.12927120541207	0.6554631610388418	0	0	0	0	0.007789677957174228	-4772082393970642e-21	0.016166476599180725	1.54474345538062	0.0009270354598583066
22.8	4.7671321747275135	4.7671321747275135	4.7671321747275135	0.09109212816959408	5.470851787590792	0.01772732753153145	9.60288709991365	497.12927120643815	0.6554631610374818	0	0	0	0	0.007789672164785422	-4772010378126806e-21	0.016166476599182036	1.544743587747979	0.0009270347909379409
22.9	4.7671321747275135	4.7671321747275135	4.7671321747275135	0.09109212816956304	5.470851787550798	0.017727327531666098	9.60288709991448	497.1292712073447	0.6554631610362547	0	0	0	0	0.007789667125281707	-4771947601839881e-21	0.01616647659918321	1.544743702909083	0.0009270342078311814
23	4.7671321747275135	4.7671321747275135	4.7671321747275135	0.09109212816955631	5.470851787542606	0.017727327531692223	9.60288709991466	497.1292712075303	0.655463161036017	0	0	0	0	0.00778966605760773	-4771934358978624e-21	0.016166476599183476	1.5447437273077942	0.0009270340848267718
23.1	4.767132174727513	4.767132174727513	4.767132174727513	0.09109212816954565	5.470851787528235	0.017727327531742616	9.602887099914943	497.1292712078561	0.6554631610355571	0	0	0	0	0.00778966429385633	-4771912312937049e-21	0.016166476599183997	1.5447437676116564	0.0009270338800436614
23.2	4.7671321747275135	4.7671321747275135	4.7671321747275135	0.09109212816954312	5.4708517875249845	0.01772732753175341	9.602887099915012	497.1292712079298	0.6554631610354589	0	0	0	0	0.007789663881621967	-4771907182381539e-21	0.016166476599183993	1.5447437770319625	0.0009270338323879449
23.3	4.7671321747275135	4.7671321747275135	4.7671321747275135	0.09109212816954071	5.47085178752165	0.017727327531765362	9.602887099915076	497.12927120800543	0.6554631610353497	0	0	0	0	0.007789663477898665	-4771902126954907e-21	0.01616647659918431	1.5447437862574018	0.0009270337854280871
23.4	4.7671321747275135	4.7671321747275135	4.7671321747275135	0.09109212816953952	5.470851787520044	0.01772732753177103	9.602887099915108	497.12927120804187	0.655463161035298	0	0	0	0	0.007789663282078358	-4771899677249232e-21	0.016166476599184725	1.5447437907321135	0.0009270337626730384
23.5	4.7671321747275135	4.7671321747275135	4.7671321747275135	0.0910921281695391	5.470851787519476	0.01772732753177305	9.602887099915119	497.12927120805483	0.6554631610352795	0	0	0	0	0.007789663212815326	-47718988105795684e-22	0.016166476599184732	1.5447437923148155	0.0009270337546226202
23.6	4.7671321747275135	4.7671321747275135	4.7671321747275135	0.09109212816953861	5.470851787518762	0.017727327531775715	9.602887099915131	497.129271208071	0.6554631610352551	0	0	0	0	0.007789663128283873	-4771897748905274e-21	0.01616647659918507	1.5447437942463595	0.0009270337447604192
23.7	4.7671321747275135	4.7671321747275135	4.7671321747275135	0.09109212816953852	5.470851787518628	0.017727327531776187	9.602887099915135	497.12927120807404	0.6554631610352508	0	0	0	0	0.007789663111962042	-4771897544898785e-21	0.01616647659918585	1.5447437946193416	0.0009270337428653599
23.8	4.7671321747275135	4.7671321747275135	4.7671321747275135	0.09109212816953836	5.470851787518415	0.017727327531777002	9.60288709991514	497.12927120807893	0.6554631610352435	0	0	0	0	0.007789663087000937	-4771897230553335e-21	0.016166476599186037	1.5447437951897316	0.0009270337399453233
23.9	4.7671321747275135	4.7671321747275135	4.7671321747275135	0.09109212816953832	5.470851787518353	0.017727327531777227	9.602887099915142	497.1292712080803	0.6554631610352414	0	0	0	0	0.007789663079726273	-4771897139242771e-21	0.016166476599186286	1.5447437953559788	0.000927033739097206
24	4.7671321747275135	4.7671321747275135	4.7671321747275135	0.09109212816953828	5.470851787518308	0.0177273275317774	9.60288709991514	497.1292712080813	0.6554631610352397	0	0	0	0	0.007789663074557223	-4771897074065599e-21	0.016166476599186335	1.5447437954740653	0.0009270337384917563
