0	4.7671321747275135	4.7671321747275135	4.7671321747275135	0.09109212816953825	5.470851787518253	0.017727327531777623	9.60288709991514	497.12927120808246	0.6554631610352376	0	0	0	0	0	0	0	0	0
0.1	4.767132174727513	4.767132174727513	4.767132174727513	0.09109212816953824	5.470851787518253	0.017727327531777623	9.60288709991514	497.12927120808246	0.6554631610352376	0	0	0	0	-0.16286765239001033	54872123679938584e-21	-0.8657286646276373	-45.90426326543715	-0.05894380838309638
0.2	4.7671321747275135	4.7671321747275135	4.7671321747275135	0.09109212816953825	5.470851787518253	0.017727327531777623	9.60288709991514	497.12927120808246	0.6554631610352376	0	0	0	0	-0.45936955024350745	0.00016039312158784122	-1.5667489036930653	-87.39931228481238	-0.10606467306685358
0.3	4.7671321747275135	4.7671321747275135	4.7671321747275135	0.09109212816953824	5.470851787518252	0.017727327531777623	9.60288709991514	497.1292712080824	0.6554631610352375	0	0	0	0	-0.7573646893898128	0.0002774006917043464	-2.1343977092522817	-126.23526241289923	-0.14342477293953493
0.4	4.7671321747275135	4.7671321747275135	4.7671321747275135	0.09109212816953825	5.470851787518255	0.017727327531777626	9.60288709991514	497.12927120808246	0.6554631610352376	0	0	0	0	-1.0190542998969865	0.0003933798891514797	-2.594047931423335	-162.531976940191	-0.1728534540593962
0.5	4.7671321747275135	4.7671321747275135	4.7671321747275135	0.09109212816953825	5.470851787518253	0.017727327531777623	9.60288709991514	497.1292712080825	0.6554631610352376	0	0	0	0	-1.2381421871205214	0.0005036560345329062	-2.9662513730735385	-196.06475262676912	-0.19588665069552333
0.6	4.7671321747275135	4.7671321747275135	4.7671321747275135	0.09109212816953825	5.470851787518253	0.017727327531777623	9.60288709991514	497.1292712080825	0.6554631610352376	0	0	0	0	-1.4180999404312007	0.0006061560732694933	-3.267641503295371	-226.64749247002578	-0.21378944210706297
0.7	4.7671321747275135	4.7671321747275135	4.7671321747275135	0.09109212816953825	5.470851787518253	0.017727327531777623	9.60288709991514	497.1292712080825	0.6554631610352376	0	0	0	0	-1.5647371048924783	0.0006999168854616138	-3.51169292447494	-254.2159661270732	-0.22759673954904955
0.8	4.7671321747275135	4.7671321747275135	4.7671321747275135	0.09109212816953824	5.470851787518253	0.017727327531777623	9.60288709991514	497.1292712080825	0.6554631610352376	0	0	0	0	-1.6838149249165903	0.0007846103636659191	-3.7093107840938817	-278.8201683146864	-0.23815040679973704
0.9	4.7671321747275135	4.7671321747275135	4.7671321747275135	0.09109212816953824	5.470851787518253	0.01772732753177762	9.60288709991514	497.1292712080825	0.6554631610352376	0	0	0	0	-1.7803661245076656	0.000860325184871688	-3.869319004045898	-300.5940162491559	-0.24613229719856966
1	4.7671321747275135	4.7671321747275135	4.7671321747275135	0.09109212816953824	5.470851787518253	0.017727327531777623	9.60288709991514	497.1292712080825	0.6554631610352376	0	0	0	0	-1.8586299831266997	0.0009274226404296182	-3.998921214959382	-319.7247285239564	-0.25209752473888575
1.1	4.7671321747275135	4.7671321747275135	4.7671321747275135	0.09109212816953825	5.470851787518253	0.017727327531777623	9.60288709991514	497.1292712080825	0.6554631610352376	0	0	0	0	-1.9220102920871502	0.0009864563426842739	-4.103818390111525	-336.4316841694867	-0.256481724232375
1.2	4.7671321747275135	4.7671321747275135	4.7671321747275135	0.09109212816953824	5.470851787518253	0.01772732753177762	9.60288709991514	497.1292712080825	0.6554631610352377	0	0	0	0	-1.9733791769043665	0.001038063864654415	-4.18879902687234	-350.9446470016107	-0.259647251809608
1.3	4.7671321747275135	4.7671321747275135	4.7671321747275135	0.09109212816953824	5.470851787518253	0.01772732753177762	9.60288709991514	497.1292712080825	0.6554631610352377	0	0	0	0	-2.014972084203506	0.001082938714585896	-4.257577053624045	-363.49380610213586	-0.26186959032355533
1.4	4.7671321747275135	4.7671321747275135	4.7671321747275135	0.09109212816953824	5.470851787518256	0.017727327531777623	9.60288709991514	497.1292712080825	0.6554631610352377	0	0	0	0	-2.0486843881377497	0.0011217762419540333	-4.313299548642438	-374.3021906782411	-0.26337824425244283
1.5	4.7671321747275135	4.7671321747275135	4.7671321747275135	0.09109212816953824	5.470851787518254	0.017727327531777623	9.602887099915138	497.12927120808246	0.6554631610352377	0	0	0	0	-2.075977907403683	0.001155247704338217	-4.3583917106887915	-383.57676675140243	-0.26434424921743566
1.6	4.7671321747275135	4.7671321747275135	4.7671321747275135	0.09109212816953824	5.470851787518253	0.017727327531777623	9.602887099915138	497.1292712080825	0.6554631610352377	0	0	0	0	-2.0981075594845486	0.001183995266989956	-4.394935053359694	-391.51225228227213	-0.2649109762737043
1.7	4.7671321747275135	4.7671321747275135	4.7671321747275135	0.09109212816953824	5.470851787518253	0.017727327531777623	9.602887099915138	497.12927120808246	0.6554631610352377	0	0	0	0	-2.1160164292663413	0.0012085969662147236	-4.424493185891958	-398.2796531406006	-0.2651805037266762
1.8	4.7671321747275135	4.7671321747275135	4.7671321747275135	0.09109212816953824	5.470851787518251	0.017727327531777623	9.602887099915138	497.12927120808246	0.6554631610352377	0	0	0	0	-2.130545303177071	0.0012296018046707977	-4.4484599783308285	-404.0401250697969	-0.26524155774400804
1.9	4.7671321747275135	4.7671321747275135	4.7671321747275135	0.09109212816953824	5.47085178751825	0.01772732753177762	9.602887099915138	497.1292712080824	0.6554631610352377	0	0	0	0	-2.14230175390637	0.0012474762096936055	-4.467842181422999	-408.92813324395655	-0.26515304305490267
2	4.7671321747275135	4.7671321747275135	4.7671321747275135	0.09109212816953824	5.470851787518251	0.01772732753177762	9.602887099915138	497.12927120808246	0.6554631610352377	0	0	0	0	-2.151834053882123	0.0012626602230578396	-4.483548221259863	-413.06996447533095	-0.2649664687344638
2.1	4.7671321747275135	4.7671321747275135	4.7671321747275135	0.09109212816953824	5.47085178751825	0.01772732753177762	9.602887099915138	497.1292712080825	0.6554631610352377	0	0	0	0	-2.1595601987634185	0.0012755294973926785	-4.496270344224834	-416.5722747299741	-0.26471752675371996
2.2	4.7671321747275135	4.7671321747275135	4.7671321747275135	0.09109212816953824	5.47085178751825	0.01772732753177762	9.602887099915138	497.12927120808246	0.6554631610352377	0	0	0	0	-2.165809615454922	0.0012864071782057996	-4.506553927924544	-419.5261207306263	-0.2644316111663992
2.3	4.7671321747275135	4.7671321747275135	4.7671321747275135	0.09109212816953827	5.470851787518252	0.017727327531777626	9.602887099915138	497.1292712080825	0.6554631610352377	0	0	0	0	-2.170885675637847	0.001295599999841729	-4.5149011320188075	-422.01771961128645	-0.2641311518644273
2.4	4.7671321747275135	4.7671321747275135	4.7671321747275135	0.09109212816953828	5.470851787518252	0.017727327531777633	9.602887099915138	497.1292712080825	0.6554631610352376	0	0	0	0	-2.1749942948602063	0.0013033448328569346	-4.521652536972699	-424.11299880137335	-0.263828142272398
2.5	4.7671321747275135	4.7671321747275135	4.7671321747275135	0.09109212816953827	5.470851787518252	0.01772732753177763	9.602887099915138	497.12927120808246	0.6554631610352376	0	0	0	0	-2.17831815782658	0.0013098580781826532	-4.527110243972246	-425.87206479849056	-0.2635323603709534
2.6	4.767132174727514	4.767132174727514	4.767132174727514	0.09109212816953825	5.470851787518252	0.017727327531777633	9.602887099915138	497.1292712080825	0.6554631610352376	0	0	0	0	-2.1810207175806413	0.0013153406254219832	-4.531544470848598	-427.35057324072267	-0.26325166462694355
2.7	4.7671321747275135	4.7671321747275135	4.7671321747275135	0.09109212816953824	5.470851787518252	0.017727327531777644	9.60288709991514	497.1292712080825	0.6554631610352374	0	0	0	0	-2.183207794686769	0.0013199391614556004	-4.5351299752177665	-428.58885214713615	-0.2629888765547821
2.8	4.7671321747275135	4.7671321747275135	4.7671321747275135	0.09109212816953824	5.470851787518252	0.017727327531777647	9.60288709991514	497.1292712080825	0.6554631610352373	0	0	0	0	-2.1849752309333663	0.001323788632367883	-4.5380250125239225	-429.6239684395465	-0.2627461636149712
2.9	4.7671321747275135	4.7671321747275135	4.7671321747275135	0.09109212816953823	5.47085178751825	0.017727327531777644	9.60288709991514	497.12927120808246	0.6554631610352374	0	0	0	0	-2.186413242649035	0.0013270184780470936	-4.540378514333499	-430.4914355193441	-0.2625252227835488
3	4.767132174727513	4.767132174727513	4.767132174727513	0.09109212816953816	5.470851787518249	0.017727327531777685	9.602887099915142	497.1292712080824	0.6554631610352372	0	0	0	0	-2.1875793861891712	0.0013297211623500664	-4.542285363848647	-431.21646213030283	-0.2623255992919348
3.1	4.7671321747275135	4.7671321747275135	4.7671321747275135	0.09109212816953813	5.47085178751825	0.017727327531777713	9.602887099915144	497.1292712080824	0.6554631610352369	0	0	0	0	-2.188520461610373	0.0013319742244436502	-4.543822689769426	-431.8201583188422	-0.26214644768924966
3.2	4.7671321747275135	4.7671321747275135	4.7671321747275135	0.09109212816953818	5.470851787518251	0.017727327531777682	9.602887099915142	497.12927120808246	0.6554631610352374	0	0	0	0	-2.189283238915692	0.0013338550985134588	-4.545067571162637	-432.32360611102575	-0.26198692833185755
3.3	4.7671321747275135	4.7671321747275135	4.7671321747275135	0.09109212816953796	5.470851787518219	0.017727327531777786	9.602887099915149	497.12927120808314	0.6554631610352362	0	0	0	0	-2.189905151216845	0.0013354294249382295	-4.546081607576683	-432.74461324520394	-0.2618457461838305
3.4	4.7671321747275135	4.7671321747275135	4.7671321747275135	0.09109212816953755	5.470851787518168	0.017727327531777998	9.60288709991516	497.12927120808416	0.6554631610352342	0	0	0	0	-2.1904083329755086	0.0013367401786739269	-4.546901182654723	-433.0947931441173	-0.2617213284254933
3.5	4.7671321747275135	4.7671321747275135	4.7671321747275135	0.09109212816953734	5.470851787518142	0.01772732753177811	9.602887099915165	497.1292712080846	0.6554631610352333	0	0	0	0	-2.190813837840637	0.001337827930160087	-4.5475609340685486	-433.38512222744225	-0.26161219522094453
3.6	4.7671321747275135	4.7671321747275135	4.7671321747275135	0.09109212816953766	5.470851787518182	0.01772732753177794	9.602887099915158	497.1292712080838	0.6554631610352347	0	0	0	0	-2.191142699114473	0.0013387332284556651	-4.54809546167645	-433.6265693329737	-0.2615168652643004
3.7	4.7671321747275135	4.7671321747275135	4.7671321747275135	0.0910921281695355	5.470851787517729	0.017727327531779125	9.602887099915215	497.1292712080934	0.6554631610352241	0	0	0	0	-2.1914116390407714	0.0013394902996520393	-4.548531961345343	-433.8282607516118	-0.26143379842588593
3.8	4.7671321747275135	4.7671321747275135	4.7671321747275135	0.0910921281695311	5.470851787516865	0.017727327531781516	9.602887099915332	497.1292712081117	0.6554631610352024	0	0	0	0	-2.1916296231334265	0.0013401195550423006	-4.548885133937179	-433.99568647441953	-0.26136169229784195
3.9	4.7671321747275135	4.7671321747275135	4.7671321747275135	0.09109212816952765	5.470851787516202	0.017727327531783382	9.602887099915423	497.12927120812566	0.6554631610351854	0	0	0	0	-2.191805060712241	0.001340639719592734	-4.549169020277822	-434.13398413128584	-0.26129935955680306
4	4.7671321747275135	4.7671321747275135	4.7671321747275135	0.09109212816952829	5.470851787516352	0.017727327531783015	9.602887099915407	497.1292712081224	0.6554631610351888	0	0	0	0	-2.1919463610970187	0.0013410695182696241	-4.549397661193131	-434.24829135209995	-0.26124561287940407
4.1	4.7671321747275135	4.7671321747275135	4.7671321747275135	0.0910921281695189	5.470851787513243	0.017727327531789606	9.602887099915655	497.1292712081904	0.6554631610351296	0	0	0	0	-2.1920624886979603	0.001341429602851117	-4.5495845371199914	-434.34357580465456	-0.2611992884942123
4.2	4.7671321747275135	4.7671321747275135	4.7671321747275135	0.09109212816942923	5.470851787487868	0.01772732753184751	9.60288709991805	497.12927120873985	0.6554631610346064	0	0	0	0	-2.192161642219021	0.0013417417530398432	-4.549737083944612	-434.4228876937993	-0.2611594888900245
4.3	4.7671321747275135	4.7671321747275135	4.7671321747275135	0.09109212816930518	5.470851787453175	0.01772732753192713	9.602887099921357	497.12927120949047	0.655463161033887	0	0	0	0	-2.19224442409078	0.0013420070696113853	-4.549860161470049	-434.4883693986518	-0.26112544318733716
4.4	4.7671321747275135	4.7671321747275135	4.7671321747275135	0.09109212816920982	5.470851787426822	0.017727327531987896	9.602887099923898	497.1292712100602	0.6554631610333378	0	0	0	0	-2.1923106228023967	0.0013422242095129145	-4.549958764200955	-434.54219566826515	-0.2610963760769352
4.5	4.7671321747275135	4.7671321747275135	4.7671321747275135	0.0910921281692064	5.47085178742647	0.017727327531989273	9.60288709992399	497.129271210067	0.6554631610333251	0	0	0	0	-2.1923600268430317	0.001342391829691602	-4.5500378866419835	-434.5865412516919	-0.26107151224960334
4.6	4.767132174727514	4.767132174727514	4.767132174727514	0.09109212816935404	5.470851787468622	0.017727327531893305	9.602887099920054	497.12927120915384	0.6554631610341918	0	0	0	0	-2.192392614881423	0.001342509146069338	-4.550102500676534	-434.62356841425384	-0.26105008322751244
4.7	4.7671321747275135	4.7671321747275135	4.7671321747275135	0.0910921281694622	5.47085178749736	0.01772732753182626	9.602887099917167	497.129271208534	0.6554631610347981	0	0	0	0	-2.192420025487186	0.0013426096505116413	-4.550155438872714	-434.6543814506004	-0.26103181714203744
4.8	4.7671321747275135	4.7671321747275135	4.7671321747275135	0.09109212816949364	5.470851787504943	0.01772732753180783	9.60288709991633	497.1292712083717	0.655463161034965	0	0	0	0	-2.192445140823546	0.001342701114225386	-4.550198256321887	-434.6797576278688	-0.2610163673083299
4.9	4.7671321747275135	4.7671321747275135	4.7671321747275135	0.09109212816952104	5.470851787513152	0.01772732753178927	9.6028870999156	497.1292712081933	0.6554631610351325	0	0	0	0	-2.192465423792971	0.001342776132215579	-4.550232966492201	-434.70074072509107	-0.261003233607565
5	4.7671321747275135	4.7671321747275135	4.7671321747275135	0.09109212816952815	5.470851787514986	0.017727327531784937	9.60288709991541	497.12927120815385	0.6554631610351718	0	0	0	0	-2.192482642389026	0.001342840500621426	-4.5502610463143895	-434.71803910736554	-0.2609921191604795
5.1	4.7671321747275135	4.7671321747275135	4.7671321747275135	0.09109212816953426	5.4708517875169695	0.01772732753178051	9.602887099915247	497.1292712081105	0.6554631610352117	0	0	0	0	-2.1924965969977324	0.0013428935444147396	-4.550283799830702	-434.7323274814114	-0.26098269785147826
5.2	4.7671321747275135	4.7671321747275135	4.7671321747275135	0.09109212816953606	5.470851787517498	0.01772732753177931	9.602887099915199	497.12927120809906	0.6554631610352226	0	0	0	0	-2.1925080725288235	0.0013429378526862055	-4.550302217007555	-434.7441119438213	-0.26097473051759434
5.3	4.7671321747275135	4.7671321747275135	4.7671321747275135	0.09109212816953731	5.4708517875179234	0.017727327531778362	9.602887099915167	497.1292712080898	0.6554631610352312	0	0	0	0	-2.192517391595168	0.0013429744429599405	-4.550317131158319	-434.7538343824817	-0.26096799451101527
5.4	4.7671321747275135	4.7671321747275135	4.7671321747275135	0.0910921281695378	5.4708517875180815	0.01772732753177801	9.602887099915153	497.1292712080863	0.6554631610352342	0	0	0	0	-2.1925249787523122	0.0013430047282654723	-4.550329211044581	-434.76185381121724	-0.26096230555969896
5.5	4.7671321747275135	4.7671321747275135	4.7671321747275135	0.09109212816953802	5.470851787518168	0.01772732753177782	9.602887099915145	497.12927120808445	0.6554631610352358	0	0	0	0	-2.1925311366995213	0.00134302972017644	-4.550338987025071	-434.76846280690665	-0.2609575067913488
5.6	4.7671321747275135	4.7671321747275135	4.7671321747275135	0.09109212816953816	5.470851787518214	0.017727327531777713	9.602887099915144	497.1292712080835	0.6554631610352369	0	0	0	0	-2.1925361387796563	0.001343050351274827	-4.550346909753298	-434.77391364038755	-0.2609534598996989
5.7	4.767132174727514	4.767132174727514	4.767132174727514	0.0910921281695382	5.47085178751823	0.01772732753177768	9.602887099915142	497.12927120808314	0.6554631610352373	0	0	0	0	-2.192540194899795	0.001343067354765224	-4.5503533185513625	-434.7784017259498	-0.2609500530756474
5.8	4.7671321747275135	4.7671321747275135	4.7671321747275135	0.09109212816953823	5.470851787518244	0.017727327531777644	9.602887099915142	497.12927120808274	0.6554631610352376	0	0	0	0	-2.192543488759532	0.0013430813792845216	-4.55035851402421	-434.78210222023705	-0.2609471843423932
5.9	4.7671321747275135	4.7671321747275135	4.7671321747275135	0.09109212816953821	5.470851787518248	0.01772732753177763	9.602887099915142	497.1292712080827	0.6554631610352376	0	0	0	0	-2.192546158523925	0.0013430929268539618	-4.550362716286544	-434.78514725370513	-0.2609447733953887
6	4.767132174727514	4.767132174727514	4.767132174727514	0.09109212816952686	5.470851787515862	0.017727327531781745	9.602887099915446	497.1292712081333	0.6554631610352009	0	0	0	0	-2.1925484968530276	0.0013431031873464738	-4.550366103047425	-434.7876543872701	-0.2609427423069165
6.1	4.767132174727514	4.767132174727514	4.767132174727514	0.09109212816948957	5.470851787508035	0.017727327531795237	9.60288709991644	497.1292712082992	0.6554631610350802	0	0	0	0	-2.1925507962346305	0.0013431133946335317	-4.550368767892674	-434.78969631216023	-0.2609410362718062
6.2	4.7671321747275135	4.7671321747275135	4.7671321747275135	0.09109212816943403	5.47085178749639	0.017727327531815322	9.602887099917922	497.12927120854613	0.6554631610349004	0	0	0	0	-2.1925529936612183	0.00134312325490663	-4.550370807109753	-434.7913294922464	-0.26093961993626413
6.3	4.7671321747275135	4.7671321747275135	4.7671321747275135	0.09109212816936829	5.470851787482615	0.017727327531839088	9.602887099919673	497.129271208838	0.6554631610346877	0	0	0	0	-2.1925550210496785	0.00134313245233584	-4.550372317419428	-434.7926103702135	-0.26093845811576283
6.4	4.767132174727513	4.767132174727513	4.767132174727513	0.09109212816930035	5.470851787468405	0.017727327531863624	9.602887099921487	497.12927120913923	0.6554631610344682	0	0	0	0	-2.192556810316899	0.0013431406710912336	-4.550373395542464	-434.7935953887468	-0.2609375156257747
6.5	4.7671321747275135	4.7671321747275135	4.7671321747275135	0.09109212816923824	5.470851787455449	0.017727327531886022	9.602887099923143	497.12927120941396	0.6554631610342678	0	0	0	0	-2.1925582933797685	0.0013431475953428816	-4.550374138199627	-434.7943409905311	-0.26093675728177224
6.6	4.7671321747275135	4.7671321747275135	4.7671321747275135	0.09109212816919	5.470851787445439	0.017727327531903363	9.60288709992443	497.12927120962604	0.6554631610341126	0	0	0	0	-2.1925594021551738	0.001343152909260855	-4.5503746421116835	-434.7949036182516	-0.26093614789922787
6.7	4.7671321747275135	4.7671321747275135	4.7671321747275135	0.09109212816916364	5.470851787440066	0.01772732753191274	9.602887099925132	497.12927120973967	0.6554631610340286	0	0	0	0	-2.192560068560003	0.001343156297015225	-4.550375003999398	-434.7953397145933	-0.2609356522936141
6.8	4.7671321747275135	4.7671321747275135	4.7671321747275135	0.09109212816916719	5.4708517874410205	0.01772732753191125	9.602887099925038	497.12927120971904	0.6554631610340419	0	0	0	0	-2.192560224511144	0.0013431574427760634	-4.5503753205835356	-434.7957057222412	-0.26093523528040335
6.9	4.7671321747275135	4.7671321747275135	4.7671321747275135	0.09109212816920868	5.470851787449995	0.01772732753189597	9.602887099923931	497.1292712095283	0.6554631610341785	0	0	0	0	-2.192559801925485	0.001343156030713441	-4.550375688584862	-434.7960580838803	-0.260934861675068
7	4.7671321747275135	4.7671321747275135	4.7671321747275135	0.09109212816929613	5.470851787468679	0.017727327531864	9.602887099921597	497.1292712091317	0.6554631610344643	0	0	0	0	-2.1925587327199136	0.0013431517449974287	-4.550376204724145	-434.7964532421958	-0.26093449629308074
7.1	4.7671321747275135	4.7671321747275135	4.7671321747275135	0.09109212816942888	5.4708517874967875	0.01772732753181574	9.602887099918059	497.12927120853533	0.6554631610348961	0	0	0	0	-2.1925570756946278	0.0013431448112894962	-4.55037694566877	-434.79693593422263	-0.2609341120726393
7.2	4.7671321747275135	4.7671321747275135	4.7671321747275135	0.09109212816948907	5.470851787507975	0.017727327531795657	9.602887099916453	497.1292712083006	0.6554631610350761	0	0	0	0	-2.1925565535234712	0.001343142570808077	-4.550377643656036	-434.79735855421717	-0.26093380534234417
7.3	4.7671321747275135	4.7671321747275135	4.7671321747275135	0.09109212816951014	5.470851787511838	0.017727327531788576	9.60288709991589	497.1292712082197	0.6554631610351397	0	0	0	0	-2.192556572236567	0.0013431425126243792	-4.55037820822878	-434.7976971741981	-0.2609335632524164
7.4	4.7671321747275135	4.7671321747275135	4.7671321747275135	0.09109212816952691	5.470851787515635	0.017727327531782112	9.602887099915446	497.12927120813873	0.6554631610351975	0	0	0	0	-2.1925565906396667	0.001343142440801869	-4.550378665944508	-434.79797704956974	-0.2609333586936224
7.5	4.7671321747275135	4.7671321747275135	4.7671321747275135	0.09109212816953129	5.470851787516457	0.017727327531780634	9.602887099915328	497.12927120812134	0.6554631610352107	0	0	0	0	-2.192556753623029	0.0013431430208226771	-4.5503790361534415	-434.79820456028887	-0.26093319223543304
7.6	4.7671321747275135	4.7671321747275135	4.7671321747275135	0.09109212816953553	5.470851787517559	0.017727327531778796	9.602887099915213	497.12927120809746	0.6554631610352271	0	0	0	0	-2.192556874387659	0.0013431434349728735	-4.550379336225897	-434.7983928044699	-0.2609330512864559
7.7	4.7671321747275135	4.7671321747275135	4.7671321747275135	0.09109212816953667	5.470851787517802	0.01772732753177838	9.602887099915183	497.1292712080923	0.6554631610352308	0	0	0	0	-2.1925570095037132	0.0013431439443782527	-4.550379579040486	-434.79854723948006	-0.2609329341839725
7.8	4.7671321747275135	4.7671321747275135	4.7671321747275135	0.09109212816953757	5.470851787518063	0.017727327531777942	9.602887099915158	497.1292712080867	0.6554631610352347	0	0	0	0	-2.1925571190070845	0.0013431443607162398	-4.550379775720204	-434.7986747054252	-0.26093283557692915
7.9	4.7671321747275135	4.7671321747275135	4.7671321747275135	0.09109212816953789	5.470851787518145	0.017727327531777814	9.602887099915149	497.1292712080849	0.6554631610352359	0	0	0	0	-2.192557214619029	0.0013431447357734037	-4.550379934994096	-434.79877970004105	-0.26093275293902385
8	4.7671321747275135	4.7671321747275135	4.7671321747275135	0.09109212816953809	5.4708517875182	0.017727327531777717	9.602887099915144	497.12927120808376	0.6554631610352367	0	0	0	0	-2.192557293380545	0.0013431450501246059	-4.550380063907012	-434.7988662274027	-0.2609326835502608
8.1	4.7671321747275135	4.7671321747275135	4.7671321747275135	0.09109212816953818	5.470851787518227	0.017727327531777668	9.602887099915142	497.12927120808314	0.6554631610352373	0	0	0	0	-2.192557358194691	0.0013431453136487392	-4.550380168375307	-434.7989375830887	-0.2609326252876994
8.2	4.7671321747275135	4.7671321747275135	4.7671321747275135	0.09109212816953821	5.470851787518237	0.017727327531777654	9.602887099915142	497.12927120808297	0.6554631610352374	0	0	0	0	-2.192557411356923	0.0013431455337236814	-4.550380252880831	-434.7989963332048	-0.2609325764403573
8.3	4.7671321747275135	4.7671321747275135	4.7671321747275135	0.09109212816953824	5.470851787518249	0.017727327531777633	9.602887099915142	497.1292712080827	0.6554631610352376	0	0	0	0	-2.1925574545593793	0.001343145715388752	-4.550380321390505	-434.79904478332	-0.26093253544175166
8.4	4.7671321747275135	4.7671321747275135	4.7671321747275135	0.09109212816953825	5.470851787518253	0.01772732753177763	9.602887099915142	497.1292712080826	0.6554631610352376	0	0	0	0	-2.1925574897896887	0.0013431458660553884	-4.550380376800595	-434.7990846526054	-0.26093250110506194
8.5	4.7671321747275135	4.7671321747275135	4.7671321747275135	0.09109212816954458	5.470851787519316	0.0177273275317874	9.602887099914973	497.1292712080604	0.6554631610351453	0	0	0	0	-2.1925577089201767	0.0013431470024137296	-4.550380419064881	-434.7991122741824	-0.2609324817975818
8.6	4.7671321747275135	4.7671321747275135	4.7671321747275135	0.09109212816956634	5.470851787522976	0.017727327531821057	9.602887099914394	497.12927120798383	0.6554631610348282	0	0	0	0	-2.1925583875126	0.0013431505869207416	-4.550380445766379	-434.7991209985469	-0.26093249050326883
8.7	4.7671321747275135	4.7671321747275135	4.7671321747275135	0.09109212816960031	5.470851787528691	0.017727327531873623	9.602887099913488	497.12927120786446	0.6554631610343324	0	0	0	0	-2.1925594292382904	0.001343156106970094	-4.550380459056178	-434.799114056507	-0.2609325219392668
8.8	4.7671321747275135	4.7671321747275135	4.7671321747275135	0.0910921281696431	5.470851787535878	0.017727327531939795	9.602887099912346	497.12927120771417	0.6554631610337086	0	0	0	0	-2.1925607312339532	0.0013431630152437215	-4.550380461172992	-434.7990948566447	-0.26093257049897123
8.9	4.7671321747275135	4.7671321747275135	4.7671321747275135	0.09109212816969126	5.470851787543961	0.017727327532014267	9.602887099911063	497.1292712075452	0.6554631610330063	0	0	0	0	-2.192562190636292	0.0013431707644235584	-4.5503804543555395	-434.79906680754226	-0.26093263057577765
9	4.7671321747275135	4.7671321747275135	4.7671321747275135	0.09109212816974134	5.470851787552361	0.017727327532091747	9.602887099909728	497.1292712073696	0.6554631610322758	0	0	0	0	-2.1925637045820108	0.0013431788071915382	-4.550380440842538	-434.7990333177819	-0.26093269656308177
9.1	4.7671321747275135	4.7671321747275135	4.7671321747275135	0.09109212816978991	5.4708517875604965	0.017727327532166916	9.602887099908433	497.1292712071995	0.655463161031567	0	0	0	0	-2.1925651702078133	0.0013431865962295964	-4.550380422872706	-434.79899779594564	-0.260932762854279
9.2	4.7671321747275135	4.7671321747275135	4.7671321747275135	0.09109212816983359	5.470851787567791	0.017727327532234487	9.602887099907269	497.1292712070471	0.6554631610309299	0	0	0	0	-2.1925664846504045	0.0013431935842196667	-4.550380402684759	-434.7989636506159	-0.26093282384276506
9.3	4.7671321747275135	4.7671321747275135	4.7671321747275135	0.09109212816986888	5.470851787573663	0.01772732753228914	9.602887099906328	497.1292712069244	0.6554631610304146	0	0	0	0	-2.192567545046488	0.0013431992238436834	-4.550380382517415	-434.7989342903748	-0.26093287392193565
9.4	4.7671321747275135	4.7671321747275135	4.7671321747275135	0.0910921281698924	5.470851787577535	0.017727327532325587	9.602887099905702	497.1292712068436	0.6554631610300711	0	0	0	0	-2.1925682485327678	0.0013432029677835813	-4.550380364609391	-434.7989131238046	-0.26093290748518605
9.5	4.7671321747275135	4.7671321747275135	4.7671321747275135	0.0910921281699007	5.470851787578828	0.017727327532338518	9.602887099905482	497.1292712068168	0.6554631610299493	0	0	0	0	-2.192568492245948	0.001343204268721294	-4.550380351199406	-434.7989035594874	-0.2609329189259121
9.6	4.7671321747275135	4.7671321747275135	4.7671321747275135	0.09109212816989037	5.47085178757696	0.017727327532322628	9.602887099905757	497.12927120685595	0.6554631610300993	0	0	0	0	-2.192568173322733	0.0013432025793387568	-4.550380344526177	-434.7989090060055	-0.2609329026375093
9.7	4.7671321747275135	4.7671321747275135	4.7671321747275135	0.09109212816985794	5.4708517875713545	0.017727327532272616	9.60288709990662	497.1292712069734	0.6554631610305709	0	0	0	0	-2.192567188899827	0.0013431973523179033	-4.550380346828419	-434.798932871941	-0.2609328530133732
9.8	4.7671321747275135	4.7671321747275135	4.7671321747275135	0.09109212816980002	5.470851787561433	0.017727327532183177	9.602887099908166	497.1292712071811	0.6554631610314146	0	0	0	0	-2.192565436113934	0.0013431880403406682	-4.550380360344853	-434.79897856587627	-0.2609327644468995
9.9	4.7671321747275135	4.7671321747275135	4.7671321747275135	0.09109212816971315	5.470851787546613	0.017727327532049007	9.602887099910483	497.1292712074912	0.6554631610326798	0	0	0	0	-2.192562812101758	0.001343174096088986	-4.550380387314194	-434.7990494963933	-0.26093263133148364
10	4.7671321747275135	4.7671321747275135	4.7671321747275135	0.0910921281696129	5.470851787530031	0.017727327531893607	9.602887099913154	497.12927120783723	0.6554631610341447	0	0	0	0	-2.1925597914177013	0.0013431581055007135	-4.550380427193429	-434.799134753138	-0.26093247731593777
10.1	4.7671321747275135	4.7671321747275135	4.7671321747275135	0.09109212816959489	5.4708517875296465	0.017727327531863016	9.602887099913636	497.12927120784	0.6554631610344308	0	0	0	0	-2.192559279175046	0.001343155728276498	-4.550380462530715	-434.79916102636827	-0.2609324490282906
10.2	4.7671321747275135	4.7671321747275135	4.7671321747275135	0.09109212816959228	5.470851787530209	0.017727327531858048	9.602887099913703	497.1292712078264	0.6554631610344768	0	0	0	0	-2.1925592224823576	0.001343155528166814	-4.55038049108729	-434.7991744104116	-0.2609324416154134
10.3	4.7671321747275135	4.7671321747275135	4.7671321747275135	0.09109212816956268	5.4708517875238485	0.01772732753181366	9.602887099914494	497.1292712079622	0.6554631610348967	0	0	0	0	-2.192558330325175	0.0013431505707726026	-4.550380514253177	-434.79920493567676	-0.2609323911627883
10.4	4.7671321747275135	4.7671321747275135	4.7671321747275135	0.09109212816956157	5.470851787524654	0.017727327531810562	9.602887099914522	497.1292712079434	0.6554631610349249	0	0	0	0	-2.1925583137359057	0.0013431505988806623	-4.550380533002026	-434.79921369023714	-0.2609323872981934
10.5	4.767132174727514	4.767132174727514	4.767132174727514	0.09109212816955482	5.47085178752291	0.01772732753180089	9.602887099914701	497.1292712079813	0.6554631610350167	0	0	0	0	-2.1925581144720203	0.0013431494319820106	-4.550380548165018	-434.79922521256617	-0.2609323729940619
10.6	4.7671321747275135	4.7671321747275135	4.7671321747275135	0.09109212816954715	5.4708517875209814	0.017727327531789697	9.602887099914907	497.1292712080229	0.6554631610351226	0	0	0	0	-2.1925578858568526	0.001343148110552542	-4.55038056047165	-434.79923623877477	-0.26093235777548657
10.7	4.7671321747275135	4.7671321747275135	4.7671321747275135	0.09109212816954758	5.470851787521465	0.01772732753178975	9.602887099914893	497.1292712080119	0.6554631610351217	0	0	0	0	-2.192557908511078	0.0013431482751135833	-4.550380570420249	-434.7992405171355	-0.2609323566918148
10.8	4.767132174727513	4.767132174727513	4.767132174727513	0.09109212816954315	5.470851787519939	0.017727327531783982	9.602887099915012	497.1292712080455	0.6554631610351767	0	0	0	0	-2.192557774032219	0.0013431474377798797	-4.550380578476784	-434.79924758051953	-0.2609323467461056
10.9	4.7671321747275135	4.7671321747275135	4.7671321747275135	0.09109212816954175	5.470851787519609	0.017727327531781873	9.60288709991505	497.1292712080525	0.6554631610351968	0	0	0	0	-2.192557735702147	0.0013431472118770286	-4.55038058500611	-434.7992517634322	-0.2609323427670968
11	4.7671321747275135	4.7671321747275135	4.7671321747275135	0.0910921281695417	5.470851787519668	0.017727327531781654	9.602887099915051	497.12927120805114	0.6554631610351989	0	0	0	0	-2.1925577378934267	0.001343147226323901	-4.550380590282455	-434.79925444797385	-0.26093234128561005
11.1	4.7671321747275135	4.7671321747275135	4.7671321747275135	0.0910921281695398	5.470851787518903	0.017727327531779424	9.6028870999151	497.1292712080681	0.6554631610352202	0	0	0	0	-2.1925576802314737	0.001343146849735841	-4.550380594565385	-434.79925803739906	-0.260932336436194
11.2	4.7671321747275135	4.7671321747275135	4.7671321747275135	0.0910921281695397	5.470851787518921	0.017727327531779108	9.602887099915103	497.1292712080677	0.6554631610352232	0	0	0	0	-2.1925576788879715	0.0013431468435389823	-4.550380598033161	-434.79925994587177	-0.26093233521209896
11.3	4.7671321747275135	4.7671321747275135	4.7671321747275135	0.09109212816953936	5.470851787518771	0.017727327531778726	9.60288709991511	497.12927120807103	0.6554631610352267	0	0	0	0	-2.1925576695505655	0.0013431467771876772	-4.550380600836905	-434.7992617121916	-0.2609323336093291
11.4	4.767132174727514	4.767132174727514	4.767132174727514	0.09109212816953885	5.470851787518528	0.017727327531778157	9.602887099915124	497.12927120807643	0.6554631610352323	0	0	0	0	-2.1925576536508844	0.0013431466681694227	-4.5503806031103515	-434.7992633627842	-0.260932331762963
11.5	4.7671321747275135	4.7671321747275135	4.7671321747275135	0.09109212816953888	5.470851787518563	0.017727327531778123	9.602887099915122	497.12927120807564	0.6554631610352327	0	0	0	0	-2.1925576557823705	0.0013431466818772666	-4.550380604947149	-434.7992643764302	-0.26093233117903225
11.6	4.7671321747275135	4.7671321747275135	4.7671321747275135	0.09109212816953971	5.470851787519114	0.017727327531778515	9.602887099915101	497.12927120806324	0.6554631610352285	0	0	0	0	-2.19255768456249	0.0013431468915239097	-4.550380606437418	-434.79926459568316	-0.2609323325154035
11.7	4.7671321747275135	4.7671321747275135	4.7671321747275135	0.09109212816955323	5.470851787527495	0.01772732753178596	9.602887099914742	497.12927120787543	0.6554631610351523	0	0	0	0	-2.1925581260005744	0.0013431501115082096	-4.55038060765411	-434.79925521372047	-0.26093236176175444
11.8	4.767132174727514	4.767132174727514	4.767132174727514	0.09109212816957593	5.470851787541534	0.01772732753179858	9.602887099914136	497.1292712075611	0.6554631610350232	0	0	0	0	-2.1925588665228473	0.0013431555107701848	-4.550380608637181	-434.7992388528094	-0.2609324112264296
11.9	4.7671321747275135	4.7671321747275135	4.7671321747275135	0.09109212816959929	5.470851787555951	0.017727327531811662	9.602887099913513	497.12927120723816	0.6554631610348896	0	0	0	0	-2.1925596282923854	0.0013431610618135077	-4.550380609423043	-434.79922189582686	-0.26093246216267335
12	4.7671321747275135	4.7671321747275135	4.7671321747275135	0.09109212816961477	5.470851787565472	0.017727327531820485	9.602887099913097	497.12927120702494	0.6554631610347995	0	0	0	0	-2.1925601334722677	0.0013431647371418515	-4.550380610048106	-434.79921072564974	-0.26093249582373024
12.1	4.7671321747275135	4.7671321747275135	4.7671321747275135	0.0910921281696139	5.47085178756482	0.01772732753182034	9.602887099913122	497.1292712070396	0.6554631610348013	0	0	0	0	-2.1925601042255733	0.0013431645092588894	-4.550380610548783	-434.799211725155	-0.26093249346284464
12.2	4.7671321747275135	4.7671321747275135	4.7671321747275135	0.09109212816958812	5.47085178754872	0.017727327531806503	9.60288709991381	497.12927120740034	0.6554631610349434	0	0	0	0	-2.19255926271538	0.001343158350668294	-4.550380610961483	-434.7992312772195	-0.26093243633326085
12.3	4.767132174727513	4.767132174727513	4.767132174727513	0.0910921281695597	5.470851787531514	0.017727327531789436	9.602887099914566	497.12927120778545	0.6554631610351166	0	0	0	0	-2.1925583397741284	0.0013431516638242756	-4.550380611306259	-434.79925265227246	-0.26093237436138683
12.4	4.7671321747275135	4.7671321747275135	4.7671321747275135	0.0910921281695569	5.470851787530592	0.017727327531785103	9.602887099914641	497.12927120780563	0.6554631610351579	0	0	0	0	-2.192558255241727	0.0013431511492971253	-4.5503806115826615	-434.7992547800483	-0.26093236946537646
12.5	4.767132174727514	4.767132174727514	4.767132174727514	0.09109212816954881	5.470851787525276	0.017727327531781734	9.602887099914856	497.1292712079249	0.6554631610351936	0	0	0	0	-2.1925579890959375	0.0013431491677340936	-4.5503806118098495	-434.79926103332855	-0.2609323510202496
12.6	4.7671321747275135	4.7671321747275135	4.7671321747275135	0.09109212816954439	5.470851787522518	0.017727327531779254	9.602887099914977	497.1292712079866	0.6554631610352191	0	0	0	0	-2.1925578442977955	0.0013431481093957695	-4.550380611997343	-434.79926447963066	-0.26093234113170954
12.7	4.767132174727513	4.767132174727513	4.767132174727513	0.0910921281695438	5.470851787522272	0.017727327531778483	9.602887099914991	497.129271207992	0.6554631610352264	0	0	0	0	-2.192557826139426	0.0013431479914784862	-4.55038061214889	-434.7992650020248	-0.2609323399532873
12.8	4.767132174727514	4.767132174727514	4.767132174727514	0.0910921281695407	5.470851787520013	0.017727327531777963	9.602887099915074	497.12927120804284	0.6554631610352333	0	0	0	0	-2.192557722017604	0.001343147189683176	-4.5503806122701365	-434.79926747452544	-0.2609323324631329
12.9	4.7671321747275135	4.7671321747275135	4.7671321747275135	0.09109212816954022	5.470851787519759	0.01772732753177754	9.602887099915087	497.12927120804846	0.6554631610352372	0	0	0	0	-2.1925577070977864	0.00134314708498427	-4.550380612368234	-434.79926788848366	-0.2609323314327347
13	4.7671321747275135	4.7671321747275135	4.7671321747275135	0.09109212816953952	5.470851787519244	0.017727327531777522	9.602887099915106	497.1292712080601	0.6554631610352376	0	0	0	0	-2.192557684221571	0.0013431469059068683	-4.550380612447566	-434.7992684717114	-0.2609323297235272
13.1	4.7671321747275135	4.7671321747275135	4.7671321747275135	0.09109212816953889	5.47085178751878	0.01772732753177749	9.602887099915122	497.1292712080705	0.6554631610352385	0	0	0	0	-2.192557663603722	0.0013431467445793985	-4.550380612508932	-434.79926899280684	-0.2609323281869195
13.2	4.7671321747275135	4.7671321747275135	4.7671321747275135	0.09109212816953885	5.470851787518764	0.0177273275317774	9.602887099915124	497.1292712080709	0.6554631610352393	0	0	0	0	-2.192557662157098	0.0013431467355116567	-4.550380612557612	-434.7992690661222	-0.2609323280660724
13.3	4.7671321747275135	4.7671321747275135	4.7671321747275135	0.09109212816953853	5.470851787518487	0.01772732753177752	9.602887099915133	497.12927120807717	0.6554631610352384	0	0	0	0	-2.1925576510066986	0.0013431466448779084	-4.550380612599839	-434.79926935448066	-0.2609323271965568
13.4	4.7671321747275135	4.7671321747275135	4.7671321747275135	0.09109212816953847	5.470851787518434	0.017727327531777512	9.602887099915135	497.1292712080784	0.6554631610352385	0	0	0	0	-2.192557648525656	0.0013431466256806181	-4.550380612632903	-434.7992694385066	-0.26093232699331353
13.5	4.7671321747275135	4.7671321747275135	4.7671321747275135	0.09109212816953843	5.470851787518392	0.01772732753177753	9.602887099915137	497.12927120807933	0.6554631610352385	0	0	0	0	-2.192557646834012	0.0013431466119102349	-4.550380612660519	-434.79926949955313	-0.2609323268443969
13.6	4.7671321747275135	4.7671321747275135	4.7671321747275135	0.09109212816953834	5.470851787518317	0.017727327531777578	9.60288709991514	497.12927120808115	0.6554631610352382	0	0	0	0	-2.192557643997319	0.0013431465883706993	-4.550380612684001	-434.7992695829051	-0.26093232660854515
13.7	4.7671321747275135	4.7671321747275135	4.7671321747275135	0.09109212816953831	5.470851787518312	0.01772732753177757	9.60288709991514	497.1292712080812	0.6554631610352382	0	0	0	0	-2.1925576438149093	0.0013431465871049815	-4.550380612702721	-434.79926960219024	-0.26093232658188187
13.8	4.7671321747275135	4.7671321747275135	4.7671321747275135	0.09109212816953996	5.470851787519484	0.01772732753177617	9.602887099915096	497.1292712080549	0.6554631610352504	0	0	0	0	-2.1925576835765743	0.0013431469378523079	-4.550380612718487	-434.7992687041891	-0.26093232981762565
13.9	4.7671321747275135	4.7671321747275135	4.7671321747275135	0.09109212816955509	5.470851787530252	0.017727327531763377	9.602887099914692	497.12927120781313	0.6554631610353615	0	0	0	0	-2.1925580500572304	0.0013431501678835731	-4.550380612732026	-434.7992603247479	-0.2609323597203517
14	4.767132174727513	4.767132174727513	4.767132174727513	0.09109212816958127	5.470851787548877	0.017727327531741277	9.602887099913993	497.12927120739477	0.6554631610355534	0	0	0	0	-2.192558684279027	0.001343155756953981	-4.550380612743424	-434.79924581433283	-0.26093241147180635
14.1	4.7671321747275135	4.7671321747275135	4.7671321747275135	0.09109212816961271	5.47085178757123	0.01772732753171478	9.602887099913156	497.1292712068929	0.6554631610357836	0	0	0	0	-2.192559445753575	0.0013431624665394678	-4.550380612752794	-434.799228389264	-0.2609324736017829
14.2	4.767132174727514	4.767132174727514	4.767132174727514	0.09109212816964359	5.470851787593179	0.017727327531688812	9.602887099912333	497.12927120640006	0.6554631610360092	0	0	0	0	-2.1925601939924864	0.00134316905811597	-4.5503806127602475	-434.79921126586095	-0.2609325346400745
14.3	4.7671321747275135	4.7671321747275135	4.7671321747275135	0.09109212816966812	5.470851787610593	0.017727327531668283	9.602887099911678	497.1292712060089	0.6554631610361873	0	0	0	0	-2.192560788507371	0.0013431742931594235	-4.550380612765896	-434.79919766044355	-0.2609325831164744
14.4	4.7671321747275135	4.7671321747275135	4.7671321747275135	0.09109212816968054	5.470851787619342	0.017727327531658118	9.602887099911348	497.1292712058125	0.6554631610362756	0	0	0	0	-2.192561088809839	0.0013431769331457653	-4.5503806127698505	-434.79919078933165	-0.2609326075607758
14.5	4.7671321747275135	4.7671321747275135	4.7671321747275135	0.09109212816967502	5.470851787615294	0.01772732753166323	9.602887099911495	497.1292712059035	0.6554631610362309	0	0	0	0	-2.192560954411502	0.0013431757395509312	-4.550380612772224	-434.7991938688451	-0.26093259650277206
14.6	4.7671321747275135	4.7671321747275135	4.7671321747275135	0.09109212816964579	5.470851787594319	0.017727327531688535	9.602887099912273	497.1292712063745	0.655463161036011	0	0	0	0	-2.192560244823971	0.001343169473850858	-4.550380612773125	-434.7992101153036	-0.26093253847225634
14.7	4.7671321747275135	4.7671321747275135	4.7671321747275135	0.0910921281695896	5.470851787554159	0.017727327531736614	9.602887099913772	497.1292712072765	0.6554631610355931	0	0	0	0	-2.1925588820897306	0.0013431574520022258	-4.550380612772737	-434.79924131357575	-0.26093242713439296
14.8	4.7671321747275135	4.7671321747275135	4.7671321747275135	0.09109212816956083	5.470851787534302	0.017727327531758524	9.60288709991454	497.129271207722	0.6554631610354037	0	0	0	0	-2.192558188978733	0.0013431513895472297	-4.550380612773013	-434.7992571829008	-0.2609323709922637
14.9	4.7671321747275135	4.7671321747275135	4.7671321747275135	0.09109212816955194	5.4708517875282965	0.017727327531764817	9.602887099914776	497.1292712078568	0.6554631610353496	0	0	0	0	-2.192557975275965	0.00134314953094189	-4.550380612774676	-434.7992620768558	-0.2609323537803488
15	4.7671321747275135	4.7671321747275135	4.7671321747275135	0.09109212816954365	5.470851787522214	0.017727327531772544	9.602887099914998	497.12927120799355	0.6554631610352821	0	0	0	0	-2.1925577731273793	0.001343147736201123	-4.550380612774723	-434.7992667056249	-0.260932337156604
15.1	4.7671321747275135	4.7671321747275135	4.7671321747275135	0.09109212816954161	5.470851787520817	0.017727327531774053	9.602887099915053	497.1292712080249	0.6554631610352691	0	0	0	0	-2.1925577240697027	0.0013431473078706546	-4.55038061277383	-434.7992678296755	-0.26093233318903136
15.2	4.7671321747275135	4.7671321747275135	4.7671321747275135	0.0910921281695396	5.470851787519278	0.017727327531776204	9.602887099915105	497.1292712080595	0.6554631610352503	0	0	0	0	-2.1925576746527087	0.0013431468643280466	-4.550380612774303	-434.7992689615676	-0.2609323290795865
15.3	4.7671321747275135	4.7671321747275135	4.7671321747275135	0.09109212816953903	5.470851787518861	0.017727327531776724	9.60288709991512	497.1292712080688	0.6554631610352457	0	0	0	0	-2.192557660600829	0.001343146739985433	-4.550380612772262	-434.79926928395395	-0.260932327926997
15.4	4.7671321747275135	4.7671321747275135	4.7671321747275135	0.0910921281695386	5.470851787518529	0.017727327531777214	9.602887099915131	497.12927120807626	0.6554631610352414	0	0	0	0	-2.192557650216351	0.0013431466461097097	-4.550380612773353	-434.79926952220166	-0.2609323270565799
15.5	4.7671321747275135	4.7671321747275135	4.7671321747275135	0.09109212816953843	5.470851787518393	0.017727327531777404	9.602887099915135	497.1292712080793	0.6554631610352398	0	0	0	0	-2.192557645910384	0.0013431466073776407	-4.550380612773369	-434.7992696212377	-0.2609323266972295
15.6	4.7671321747275135	4.7671321747275135	4.7671321747275135	0.09109212816953835	5.4708517875183285	0.0177273275317775	9.602887099915138	497.12927120808075	0.6554631610352389	0	0	0	0	-2.1925576438950363	0.0013431465890958868	-4.550380612774643	-434.79926966772473	-0.2609323265274881
15.7	4.7671321747275135	4.7671321747275135	4.7671321747275135	0.0910921281695383	5.470851787518287	0.017727327531777574	9.60288709991514	497.1292712080817	0.6554631610352383	0	0	0	0	-2.192557642593173	0.001343146577213055	-4.550380612776809	-434.7992696978168	-0.26093232641714426
15.8	4.7671321747275135	4.7671321747275135	4.7671321747275135	0.09109212816953827	5.470851787518275	0.017727327531777592	9.60288709991514	497.129271208082	0.655463161035238	0	0	0	0	-2.1925576422098425	0.0013431465737347608	-4.550380612778561	-434.7992697068551	-0.2609323263846939
15.9	4.7671321747275135	4.7671321747275135	4.7671321747275135	0.09109212816953827	5.470851787518261	0.01772732753177761	9.60288709991514	497.12927120808234	0.6554631610352378	0	0	0	0	-2.192557641834287	0.0013431465702533286	-4.55038061278001	-434.7992697156816	-0.260932326352212
16	4.7671321747275135	4.7671321747275135	4.7671321747275135	0.09109212816953827	5.470851787518256	0.017727327531777606	9.60288709991514	497.12927120808246	0.6554631610352378	0	0	0	0	-2.1925576417443047	0.0013431465694212735	-4.550380612781196	-434.7992697179483	-0.26093232634432095
16.1	4.7671321747275135	4.7671321747275135	4.7671321747275135	0.09109212816954156	5.470851787519126	0.01772732753177314	9.602887099915051	497.12927120806376	0.655463161035279	0	0	0	0	-2.1925577092377844	0.0013431472133001432	-4.550380612781864	-434.79926817359683	-0.2609323323117354
16.2	4.7671321747275135	4.7671321747275135	4.7671321747275135	0.0910921281695571	5.470851787523205	0.017727327531752202	9.602887099914637	497.1292712079758	0.6554631610354719	0	0	0	0	-2.1925580256911705	0.0013431502320866778	-4.550380612781396	-434.799260931987	-0.26093236029018424
16.3	4.7671321747275135	4.7671321747275135	4.7671321747275135	0.09109212816958269	5.4708517875299165	0.01772732753171774	9.602887099913955	497.1292712078312	0.6554631610357893	0	0	0	0	-2.1925585466064836	0.0013431552011810971	-4.550380612779958	-434.79924901141743	-0.2609324063443977
16.4	4.7671321747275135	4.7671321747275135	4.7671321747275135	0.09109212816961532	5.470851787538479	0.017727327531673755	9.602887099913085	497.12927120764664	0.6554631610361945	0	0	0	0	-2.1925592114763317	0.0013431615432610905	-4.5503806127777695	-434.7992337965477	-0.260932465123649
16.5	4.7671321747275135	4.7671321747275135	4.7671321747275135	0.09109212816965208	5.470851787548112	0.017727327531624253	9.602887099912106	497.129271207439	0.6554631610366504	0	0	0	0	-2.192559959793325	0.0013431686810043485	-4.550380612775052	-434.7992166720376	-0.2609325312772114
16.6	4.7671321747275135	4.7671321747275135	4.7671321747275135	0.09109212816968994	5.470851787558032	0.01772732753157324	9.602887099911097	497.1292712072252	0.6554631610371203	0	0	0	0	-2.192560731050072	0.0013431760370885614	-4.5503806127720265	-434.79919902254665	-0.2609325994543581
16.7	4.767132174727514	4.767132174727514	4.767132174727514	0.09109212816972598	5.470851787567457	0.017727327531524728	9.60288709991014	497.1292712070221	0.6554631610375673	0	0	0	0	-2.1925614647391822	0.0013431830341914192	-4.5503806127689135	-434.7991822327348	-0.26093266430436235
16.8	4.7671321747275135	4.7671321747275135	4.7671321747275135	0.09109212816975719	5.470851787575606	0.017727327531482713	9.602887099909308	497.1292712068465	0.6554631610379544	0	0	0	0	-2.192562100353265	0.0013431890949906122	-4.550380612765934	-434.7991676872615	-0.2609327204764974
16.9	4.7671321747275135	4.7671321747275135	4.7671321747275135	0.09109212816978063	5.470851787581695	0.017727327531451204	9.602887099908683	497.1292712067152	0.6554631610382446	0	0	0	0	-2.1925625773849293	0.0013431936421638303	-4.550380612763306	-434.79915677078645	-0.26093276262003645
17	4.7671321747275135	4.7671321747275135	4.7671321747275135	0.09109212816979333	5.4708517875849445	0.017727327531434207	9.602887099908346	497.1292712066451	0.6554631610384013	0	0	0	0	-2.1925628353267848	0.0013431960983887638	-4.550380612761254	-434.79915086796956	-0.2609327853842528
17.1	4.7671321747275135	4.7671321747275135	4.7671321747275135	0.0910921281697923	5.470851787584572	0.01772732753143573	9.602887099908374	497.12927120665324	0.6554631610383873	0	0	0	0	-2.192562813671441	0.0013431958863431028	-4.550380612759995	-434.7991513634703	-0.2609327834184196
17.2	4.7671321747275135	4.7671321747275135	4.7671321747275135	0.09109212816977456	5.470851787579795	0.017727327531459777	9.602887099908846	497.12927120675613	0.6554631610381658	0	0	0	0	-2.192562451911506	0.0013431924287045376	-4.550380612759753	-434.79915964194845	-0.26093275137181016
17.3	4.7671321747275135	4.7671321747275135	4.7671321747275135	0.09109212816973716	5.47085178756983	0.01772732753151035	9.602887099909843	497.1292712069709	0.6554631610377	0	0	0	0	-2.19256168953959	0.0013431851481507586	-4.550380612760746	-434.79917708806374	-0.26093268389369767
17.4	4.7671321747275135	4.7671321747275135	4.7671321747275135	0.09109212816967716	5.470851787553897	0.01772732753159146	9.602887099911444	497.1292712073143	0.6554631610369529	0	0	0	0	-2.1925604660483025	0.001343173467359455	-4.550380612763196	-434.79920508647575	-0.2609325756333554
17.5	4.7671321747275135	4.7671321747275135	4.7671321747275135	0.0910921281695992	5.470851787533433	0.01772732753169648	9.602887099913522	497.12927120775504	0.6554631610359856	0	0	0	0	-2.192558878298675	0.0013431583211950299	-4.550380612767143	-434.7992414207446	-0.260932435256204
17.6	4.7671321747275135	4.7671321747275135	4.7671321747275135	0.09109212816957495	5.470851787528704	0.017727327531726768	9.602887099914168	497.12927120785486	0.6554631610357057	0	0	0	0	-2.1925583941569182	0.0013431537905379547	-4.550380612770653	-434.79925250103577	-0.2609323932729483
17.7	4.7671321747275135	4.7671321747275135	4.7671321747275135	0.09109212816957042	5.470851787528325	0.017727327531731743	9.602887099914287	497.12927120786213	0.6554631610356592	0	0	0	0	-2.1925583069964873	0.001343153002294795	-4.550380612773434	-434.7992544962243	-0.26093238597115875
17.8	4.7671321747275135	4.7671321747275135	4.7671321747275135	0.09109212816955212	5.470851787522668	0.017727327531757674	9.602887099914774	497.1292712079854	0.655463161035421	0	0	0	0	-2.1925579291307646	0.0013431493519096523	-4.550380612776328	-434.7992631427537	-0.26093235213484517
17.9	4.7671321747275135	4.7671321747275135	4.7671321747275135	0.09109212816954977	5.4708517875224425	0.01772732753176016	9.602887099914838	497.1292712079899	0.6554631610353979	0	0	0	0	-2.19255788297834	0.0013431489329115563	-4.550380612778895	-434.79926419901506	-0.26093234825330774
18	4.767132174727514	4.767132174727514	4.767132174727514	0.0910921281695452	5.470851787520831	0.017727327531767	9.602887099914959	497.1292712080255	0.6554631610353353	0	0	0	0	-2.1925577878321896	0.0013431480030693737	-4.55038061277816	-434.79926637606394	-0.26093233963337115
18.1	4.767132174727513	4.767132174727513	4.767132174727513	0.09109212816954203	5.4708517875197575	0.017727327531771628	9.60288709991504	497.129271208049	0.6554631610352927	0	0	0	0	-2.19255772148563	0.0013431473576652807	-4.550380612775201	-434.799267894133	-0.26093233365067586
18.2	4.7671321747275135	4.7671321747275135	4.7671321747275135	0.0910921281695417	5.47085178751974	0.017727327531771923	9.602887099915051	497.1292712080495	0.65546316103529	0	0	0	0	-2.192557715071837	0.0013431473003282762	-4.550380612773852	-434.79926804086233	-0.2609323331197898
18.3	4.7671321747275135	4.7671321747275135	4.7671321747275135	0.09109212816953978	5.470851787518915	0.017727327531775087	9.602887099915101	497.12927120806773	0.655463161035261	0	0	0	0	-2.1925576741960486	0.001343146893080129	-4.550380612774881	-434.7992689760742	-0.26093232934392907
18.4	4.7671321747275135	4.7671321747275135	4.7671321747275135	0.0910921281695394	5.4708517875188125	0.01772732753177555	9.602887099915112	497.12927120807	0.6554631610352568	0	0	0	0	-2.1925576668820352	0.001343146822866703	-4.5503806127736555	-434.7992691434452	-0.26093232869314265
18.5	4.7671321747275135	4.7671321747275135	4.7671321747275135	0.09109212816953904	5.470851787518648	0.017727327531776176	9.602887099915122	497.1292712080737	0.6554631610352509	0	0	0	0	-2.1925576590214613	0.0013431467441467387	-4.550380612774195	-434.7992693232856	-0.26093232796314453
18.6	4.7671321747275135	4.7671321747275135	4.7671321747275135	0.09109212816953867	5.470851787518453	0.017727327531776887	9.60288709991513	497.129271208078	0.6554631610352445	0	0	0	0	-2.1925576501815933	0.0013431466552391927	-4.550380612774026	-434.79926952552165	-0.2609323271386175
18.7	4.7671321747275135	4.7671321747275135	4.7671321747275135	0.09109212816953863	5.470851787518448	0.01772732753177691	9.602887099915131	497.1292712080783	0.6554631610352444	0	0	0	0	-2.19255764954621	0.0013431466494904908	-4.550380612772912	-434.7992695400575	-0.2609323270852642
18.8	4.7671321747275135	4.7671321747275135	4.7671321747275135	0.09109212816953843	5.4708517875183444	0.017727327531777283	9.602887099915135	497.1292712080806	0.6554631610352409	0	0	0	0	-2.19255764534826	0.00134314660650376	-4.55038061277502	-434.7992696360902	-0.26093232668654054
18.9	4.7671321747275135	4.7671321747275135	4.7671321747275135	0.09109212816953838	5.47085178751832	0.017727327531777373	9.602887099915138	497.12927120808104	0.6554631610352399	0	0	0	0	-2.192557644241635	0.00134314659541701	-4.550380612778054	-434.79926966141306	-0.2609323265837489
19	4.7671321747275135	4.7671321747275135	4.7671321747275135	0.09109212816953835	5.470851787518307	0.017727327531777422	9.602887099915138	497.1292712080814	0.6554631610352395	0	0	0	0	-2.1925576436748955	0.001343146589635053	-4.55038061278022	-434.79926967439724	-0.26093232653021814
19.1	4.7671321747275135	4.7671321747275135	4.7671321747275135	0.09109212816954536	5.470851787522931	0.017727327531761077	9.60288709991495	497.1292712079779	0.6554631610353888	0	0	0	0	-2.1925577990703133	0.001343148234361551	-4.550380612781338	-434.79926612017385	-0.2609323417881206
19.2	4.767132174727513	4.767132174727513	4.767132174727513	0.09109212816956427	5.4708517875354	0.017727327531716963	9.602887099914446	497.1292712076987	0.6554631610357917	0	0	0	0	-2.1925582187391854	0.0013431526754131156	-4.550380612782256	-434.79925652139485	-0.2609323829868453
19.3	4.7671321747275135	4.7671321747275135	4.7671321747275135	0.09109212816958963	5.4708517875521	0.0177273275316579	9.60288709991377	497.12927120732485	0.6554631610363311	0	0	0	0	-2.1925587810044442	0.0013431586249442904	-4.550380612783003	-434.7992436611009	-0.2609324381793285
19.4	4.7671321747275135	4.7671321747275135	4.7671321747275135	0.0910921281696159	5.470851787569395	0.01772732753159671	9.602887099913067	497.1292712069376	0.6554631610368897	0	0	0	0	-2.192559363860811	0.001343164791636939	-4.5503806127835995	-434.7992303298396	-0.2609324953862912
19.5	4.7671321747275135	4.7671321747275135	4.7671321747275135	0.09109212816963762	5.47085178758366	0.01772732753154623	9.602887099912488	497.1292712066182	0.6554631610373507	0	0	0	0	-2.192559845303005	0.001343169884172925	-4.550380612784074	-434.7992193181581	-0.26093254262845456
19.6	4.7671321747275135	4.7671321747275135	4.7671321747275135	0.09109212816964928	5.470851787591265	0.017727327531519312	9.602887099912175	497.129271206448	0.6554631610375965	0	0	0	0	-2.192560103325748	0.001343172611234112	-4.550380612784446	-434.7992134166043	-0.2609325679265395
19.7	4.7671321747275135	4.7671321747275135	4.7671321747275135	0.09109212816964538	5.470851787588579	0.017727327531528784	9.602887099912282	497.1292712065081	0.6554631610375101	0	0	0	0	-2.1925600159237595	0.001343171681502364	-4.5503806127847435	-434.7992154157255	-0.2609325593012672
19.8	4.7671321747275135	4.7671321747275135	4.7671321747275135	0.0910921281696204	5.4708517875719735	0.017727327531587476	9.602887099912948	497.12927120688	0.6554631610369741	0	0	0	0	-2.1925594610917605	0.0013431658036595453	-4.5503806127849895	-434.79922810606905	-0.26093250477335866
19.9	4.7671321747275135	4.7671321747275135	4.7671321747275135	0.09109212816957467	5.470851787541746	0.01772732753169436	9.602887099914167	497.12927120755666	0.6554631610359981	0	0	0	0	-2.1925584459764864	0.001343155057970357	-4.550380612785383	-434.79925132421505	-0.26093240508775734
20	4.7671321747275135	4.7671321747275135	4.7671321747275135	0.0910921281695566	5.470851787530509	0.017727327531734175	9.602887099914648	497.1292712078078	0.6554631610356345	0	0	0	0	-2.192558049578874	0.0013431508927755085	-4.550380612786607	-434.79926039108943	-0.260932366450347
20.1	4.7671321747275135	4.7671321747275135	4.7671321747275135	0.09109212816954983	5.4708517875262395	0.017727327531749344	9.60288709991483	497.1292712079033	0.6554631610354958	0	0	0	0	-2.1925579007517024	0.001343149326152702	-4.5503806127854505	-434.7992637950779	-0.2609323519177147
20.2	4.7671321747275135	4.7671321747275135	4.7671321747275135	0.09109212816954308	5.470851787521607	0.017727327531765726	9.60288709991501	497.1292712080072	0.6554631610353464	0	0	0	0	-2.1925577496565922	0.0013431477194368977	-4.550380612781488	-434.7992672508827	-0.26093233701189256
20.3	4.7671321747275135	4.7671321747275135	4.7671321747275135	0.09109212816954161	5.470851787520689	0.01772732753176897	9.602887099915053	497.1292712080277	0.6554631610353168	0	0	0	0	-2.1925577171566246	0.0013431473781760144	-4.550380612779125	-434.79926799436663	-0.26093233384621844
20.4	4.7671321747275135	4.7671321747275135	4.7671321747275135	0.09109212816953963	5.470851787519254	0.017727327531774056	9.602887099915105	497.12927120805983	0.6554631610352704	0	0	0	0	-2.1925576727669145	0.0013431469021483225	-4.550380612779642	-434.79926900954706	-0.26093232942986977
20.5	4.7671321747275135	4.7671321747275135	4.7671321747275135	0.09109212816953911	5.470851787518895	0.01772732753177533	9.602887099915117	497.1292712080679	0.6554631610352588	0	0	0	0	-2.192557660887802	0.0013431467760343962	-4.550380612779247	-434.7992692811405	-0.2609323282600227
20.6	4.7671321747275135	4.7671321747275135	4.7671321747275135	0.09109212816953868	5.470851787518577	0.017727327531776464	9.60288709991513	497.12927120807507	0.6554631610352483	0	0	0	0	-2.1925576512703544	0.0013431466724578515	-4.550380612779782	-434.7992695010482	-0.260932327298964
20.7	4.7671321747275135	4.7671321747275135	4.7671321747275135	0.09109212816953847	5.47085178751842	0.01772732753177703	9.602887099915135	497.1292712080786	0.655463161035243	0	0	0	0	-2.1925576464470864	0.0013431466205895185	-4.550380612779595	-434.7992696113909	-0.26093232681776346
20.8	4.767132174727513	4.767132174727513	4.767132174727513	0.09109212816953839	5.470851787518362	0.017727327531777234	9.602887099915137	497.12927120807984	0.6554631610352413	0	0	0	0	-2.1925576447171493	0.0013431466019723833	-4.550380612779878	-434.79926965096354	-0.26093232664501576
20.9	4.767132174727513	4.767132174727513	4.767132174727513	0.09109212816953832	5.4708517875183	0.017727327531777463	9.602887099915137	497.12927120808126	0.6554631610352393	0	0	0	0	-2.1925576428840396	0.001343146582069275	-4.550380612780608	-434.799269692888	-0.2609323264603482
21	4.7671321747275135	4.7671321747275135	4.7671321747275135	0.09109212816953831	5.470851787518288	0.017727327531777512	9.60288709991514	497.12927120808166	0.6554631610352388	0	0	0	0	-2.1925576424929374	0.0013431465778780522	-4.550380612781018	-434.79926970179093	-0.2609323264215908
21.1	4.767132174727513	4.767132174727513	4.767132174727513	0.09109212816953828	5.470851787518267	0.017727327531777578	9.60288709991514	497.1292712080821	0.6554631610352382	0	0	0	0	-2.1925576419668302	0.0013431465721143517	-4.550380612781899	-434.799269713679	-0.26093232636818
21.2	4.7671321747275135	4.7671321747275135	4.7671321747275135	0.09109212816953831	5.470851787518265	0.017727327531777595	9.60288709991514	497.12927120808223	0.655463161035238	0	0	0	0	-2.192557641822109	0.0013431465705427926	-4.550380612782648	-434.7992697169996	-0.2609323263536933
21.3	4.7671321747275135	4.7671321747275135	4.7671321747275135	0.09109212816954199	5.470851787519334	0.017727327531775743	9.60288709991504	497.1292712080591	0.6554631610352545	0	0	0	0	-2.1925576564343134	0.0013431467345266053	-4.550380612783279	-434.79926938293727	-0.2609323278757144
21.4	4.7671321747275135	4.7671321747275135	4.7671321747275135	0.09109212816959428	5.470851787534453	0.017727327531749507	9.602887099913646	497.1292712077311	0.6554631610354887	0	0	0	0	-2.1925578637020475	0.0013431490603009674	-4.550380612783797	-434.7992646437642	-0.2609323494618639
21.5	4.7671321747275135	4.7671321747275135	4.7671321747275135	0.0910921281696967	5.470851787564066	0.017727327531698114	9.602887099910914	497.1292712070888	0.6554631610359477	0	0	0	0	-2.192558269782523	0.001343153616892553	-4.550380612784202	-434.79925535870126	-0.26093239175281574
21.6	4.767132174727514	4.767132174727514	4.767132174727514	0.09109212816983438	5.470851787603841	0.017727327531629068	9.602887099907244	497.129271206226	0.6554631610365642	0	0	0	0	-2.192558815467371	0.0013431597398477653	-4.550380612784509	-434.79924288155627	-0.26093244858159476
21.7	4.7671321747275135	4.7671321747275135	4.7671321747275135	0.0910921281699923	5.47085178764945	0.0177273275315499	9.602887099903032	497.12927120523665	0.655463161037271	0	0	0	0	-2.192559441548225	0.0013431667647130058	-4.550380612784729	-434.7992285661369	-0.26093251378122523
21.8	4.7671321747275135	4.7671321747275135	4.7671321747275135	0.0910921281701556	5.4708517876965645	0.01772732753146809	9.602887099898677	497.12927120421466	0.6554631610380015	0	0	0	0	-2.1925600888167165	0.0013431740270346778	-4.550380612784878	-434.79921376625094	-0.2609325811847317
21.9	4.767132174727513	4.767132174727513	4.767132174727513	0.09109212817030933	5.470851787740857	0.017727327531391168	9.602887099894577	497.1292712032539	0.6554631610386882	0	0	0	0	-2.19256069806448	0.0013431808623591832	-4.550380612784967	-434.79919983570625	-0.2609326446251389
22	4.7671321747275135	4.7671321747275135	4.7671321747275135	0.09109212817043855	5.470851787777997	0.01772732753132664	9.602887099891133	497.1292712024485	0.6554631610392645	0	0	0	0	-2.192561210083146	0.0013431866062329257	-4.550380612785013	-434.79918812831045	-0.2609326979354713
22.1	4.7671321747275135	4.7671321747275135	4.7671321747275135	0.09109212817052835	5.470851787803657	0.017727327531282012	9.60288709988874	497.12927120189215	0.6554631610396631	0	0	0	0	-2.1925615656643487	0.0013431905942023065	-4.550380612785023	-434.7991799978715	-0.2609327349487533
22.2	4.7671321747275135	4.7671321747275135	4.7671321747275135	0.09109212817056377	5.4708517878135074	0.017727327531264794	9.602887099887795	497.1292712016788	0.6554631610398169	0	0	0	0	-2.19256170559972	0.0013431921618137286	-4.550380612785018	-434.79917679819687	-0.26093274949800954
22.3	4.7671321747275135	4.7671321747275135	4.7671321747275135	0.0910921281705299	5.470851787803221	0.01772732753128249	9.602887099888699	497.12927120190244	0.655463161039659	0	0	0	0	-2.192561570680892	0.001343190644613595	-4.550380612785006	-434.79917988309467	-0.26093273541626444
22.4	4.7671321747275135	4.7671321747275135	4.7671321747275135	0.0910921281704118	5.470851787768466	0.01772732753134262	9.602887099891849	497.1292712026569	0.6554631610391222	0	0	0	0	-2.1925611016994986	0.0013431853781483078	-4.550380612785005	-434.79919060637246	-0.2609326865365427
22.5	4.7671321747275135	4.7671321747275135	4.7671321747275135	0.09109212817019456	5.470851787704917	0.01772732753145269	9.602887099897643	497.1292712040362	0.6554631610381396	0	0	0	0	-2.192560239447171	0.00134317569796427	-4.550380612785025	-434.7992103218381	-0.26093259669186886
22.6	4.7671321747275135	4.7671321747275135	4.7671321747275135	0.09109212816986598	5.470851787609103	0.017727327531618715	9.602887099906408	497.12927120611533	0.6554631610366574	0	0	0	0	-2.192558935750595	0.0013431610638396482	-4.55038061278507	-434.7992401309869	-0.2609324608683244
22.7	4.7671321747275135	4.7671321747275135	4.7671321747275135	0.09109212816968383	5.470851787560384	0.017727327531703696	9.602887099911262	497.1292712071671	0.6554631610358981	0	0	0	0	-2.1925582189027106	0.001343153046132691	-4.550380612784404	-434.7992565222103	-0.2609323864557428
22.8	4.7671321747275135	4.7671321747275135	4.7671321747275135	0.09109212816964646	5.4708517875531975	0.017727327531716842	9.60288709991226	497.1292712073187	0.6554631610357802	0	0	0	0	-2.192558075472298	0.0013431514606459156	-4.550380612783777	-434.7992598021645	-0.2609323717420892
22.9	4.7671321747275135	4.7671321747275135	4.7671321747275135	0.0910921281695832	5.470851787532752	0.01772732753175232	9.602887099913945	497.12927120776516	0.6554631610354635	0	0	0	0	-2.192557821884018	0.001343148600891443	-4.5503806127846556	-434.7992656003154	-0.26093234519880276
23	4.7671321747275135	4.7671321747275135	4.7671321747275135	0.0910921281695677	5.470851787528824	0.017727327531759027	9.602887099914359	497.12927120784997	0.6554631610354037	0	0	0	0	-2.1925577611972122	0.0013431479235718404	-4.550380612785572	-434.7992669878471	-0.2609323389125346
23.1	4.767132174727513	4.767132174727513	4.767132174727513	0.09109212816955368	5.4708517875238885	0.017727327531767707	9.60288709991473	497.1292712079582	0.6554631610353262	0	0	0	0	-2.192557704407956	0.0013431472805609224	-4.550380612783622	-434.7992682862497	-0.2609323329439877
23.2	4.7671321747275135	4.7671321747275135	4.7671321747275135	0.09109212816954608	5.470851787521298	0.017727327531772186	9.602887099914934	497.129271208015	0.6554631610352863	0	0	0	0	-2.1925576737480874	0.0013431469339120416	-4.550380612781928	-434.79926898732856	-0.2609323297264142
23.3	4.7671321747275135	4.7671321747275135	4.7671321747275135	0.09109212816954378	5.470851787520547	0.017727327531773487	9.602887099914994	497.12927120803147	0.6554631610352747	0	0	0	0	-2.192557664511923	0.0013431468297097045	-4.550380612781888	-434.7992691985344	-0.26093232875919004
23.4	4.7671321747275135	4.7671321747275135	4.7671321747275135	0.09109212816954053	5.470851787519202	0.017727327531775902	9.602887099915081	497.12927120806125	0.6554631610352532	0	0	0	0	-2.1925576509864877	0.00134314667532788	-4.550380612783648	-434.7992695076966	-0.260932327326067
23.5	4.7671321747275135	4.7671321747275135	4.7671321747275135	0.09109212816953989	5.470851787519002	0.01772732753177624	9.6028870999151	497.12927120806575	0.6554631610352502	0	0	0	0	-2.192557648451847	0.0013431466467570088	-4.550380612785819	-434.7992695656046	-0.26093232706087327
23.6	4.7671321747275135	4.7671321747275135	4.7671321747275135	0.09109212816953899	5.470851787518592	0.017727327531776995	9.60288709991512	497.1292712080749	0.6554631610352433	0	0	0	0	-2.192557644694531	0.0013431466036037145	-4.550380612785383	-434.79926965156864	-0.2609323266601397
23.7	4.7671321747275135	4.7671321747275135	4.7671321747275135	0.0910921281695387	5.470851787518466	0.017727327531777214	9.60288709991513	497.12927120807774	0.6554631610352414	0	0	0	0	-2.192557643433358	0.0013431465892128488	-4.55038061278194	-434.7992696804392	-0.2609323265263014
23.8	4.7671321747275135	4.7671321747275135	4.7671321747275135	0.09109212816953853	5.4708517875183835	0.017727327531777366	9.602887099915133	497.12927120807956	0.6554631610352399	0	0	0	0	-2.1925576427088456	0.0013431465808907408	-4.5503806127807955	-434.79926969698727	-0.26093232644906444
23.9	4.7671321747275135	4.7671321747275135	4.7671321747275135	0.09109212816953836	5.470851787518304	0.017727327531777522	9.602887099915138	497.1292712080814	0.6554631610352387	0	0	0	0	-2.1925576420406574	0.0013431465731806758	-4.550380612782554	-434.7992697122932	-0.2609323263777087
24	4.7671321747275135	4.7671321747275135	4.7671321747275135	0.09109212816953832	5.4708517875182805	0.01772732753177757	9.60288709991514	497.12927120808183	0.6554631610352383	0	0	0	0	-2.192557641832432	0.0013431465707806783	-4.550380612783919	-434.7992697169898	-0.26093232635558067
