0	4.7671321747275135	4.7671321747275135	4.7671321747275135	0.09109212816953825	5.470851787518253	0.017727327531777623	9.60288709991514	497.12927120808246	0.6554631610352376	0	0	0	0	0	0	0	0	0
0.1	4.7671321747275135	4.7671321747275135	4.7671321747275135	0.09109212816953825	5.470851787518253	0.017727327531777623	9.60288709991514	497.1292712080825	0.6554631610352376	0	0	0	0	0.00014635860329839325	0	0	0.0015250782340366577	0
0.2	4.7671321747275135	4.7671321747275135	4.7671321747275135	0.09109212816953825	5.470851787518253	0.017727327531777623	9.60288709991514	497.1292712080825	0.6554631610352376	0	0	0	0	0.00019782496867883336	0	0	0.00430139295832275	0
0.3	4.7671321747275135	4.7671321747275135	4.7671321747275135	0.09109212816953825	5.470851787518254	0.017727327531777623	9.60288709991514	497.1292712080825	0.6554631610352376	0	0	0	0	0.00021592207556929402	0	0	0.007091581037262282	0
0.4	4.7671321747275135	4.7671321747275135	4.7671321747275135	0.09109212816953824	5.470851787518253	0.017727327531777623	9.60288709991514	497.1292712080824	0.6554631610352376	0	0	0	0	0.00022228953794113478	0	0	0.009541519775730152	0
0.5	4.7671321747275135	4.7671321747275135	4.7671321747275135	0.09109212816953825	5.470851787518253	0.017727327531777623	9.60288709991514	497.12927120808246	0.6554631610352376	0	0	0	0	0.0002245299239245676	0	0	0.011592477825017029	0
0.6	4.7671321747275135	4.7671321747275135	4.7671321747275135	0.09109212816953825	5.470851787518253	0.017727327531777623	9.60288709991514	497.12927120808246	0.6554631610352376	0	0	0	0	0.00022532235582005343	0	0	0.01327686585849773	0
0.7	4.7671321747275135	4.7671321747275135	4.7671321747275135	0.09109212816953825	5.470851787518253	0.017727327531777623	9.60288709991514	497.1292712080825	0.6554631610352376	0	0	0	0	0.0002256055611749633	0	0	0.014649185208870232	0
0.8	4.7671321747275135	4.7671321747275135	4.7671321747275135	0.09109212816953825	5.470851787518253	0.017727327531777623	9.60288709991514	497.12927120808257	0.6554631610352376	0	0	0	0	0.00022570999979235325	0	0	0.015763473463649976	0
0.9	4.7671321747275135	4.7671321747275135	4.7671321747275135	0.09109212816953825	5.470851787518253	0.017727327531777623	9.60288709991514	497.1292712080825	0.6554631610352376	0	0	0	0	0.0002257513951577337	0	0	0.016666987961536095	-10250909522100974e-22
1	4.7671321747275135	4.7671321747275135	4.7671321747275135	0.09109212816953825	5.470851787518254	0.017727327531777623	9.60288709991514	497.12927120808257	0.6554631610352375	0	0	0	0	0.00022576987071335592	0	0	0.017398887255100904	-11818377064644458e-22
1.1	4.7671321747275135	4.7671321747275135	4.7671321747275135	0.09109212816953825	5.470851787518253	0.017727327531777623	9.60288709991514	497.1292712080826	0.6554631610352376	0	0	0	0	0.00022578052819150534	0	0	0.01799217842184384	-13265569582792474e-22
1.2	4.7671321747275135	4.7671321747275135	4.7671321747275135	0.09109212816953825	5.470851787518252	0.017727327531777623	9.60288709991514	497.1292712080826	0.6554631610352376	0	0	0	0	0.00022578768347004778	0	0	0.01847219904646708	-14583218402012719e-22
1.3	4.7671321747275135	4.7671321747275135	4.7671321747275135	0.09109212816953825	5.470851787518253	0.017727327531777623	9.60288709991514	497.1292712080826	0.6554631610352376	0	0	0	0	0.0002257941818635587	0	0	0.018861439401470295	-15766979729992508e-22
1.4	4.7671321747275135	4.7671321747275135	4.7671321747275135	0.09109212816953824	5.470851787518255	0.01772732753177762	9.60288709991514	497.12927120808257	0.6554631610352377	0	0	0	0	0.00022579933111277934	0	0	0.019176441283252098	-16820932326522418e-22
1.5	4.7671321747275135	4.7671321747275135	4.7671321747275135	0.09109212816953824	5.470851787518255	0.01772732753177762	9.60288709991514	497.12927120808257	0.6554631610352378	0	0	0	0	0.0002258039660934345	0	0	0.019431693847454357	-17751344646604418e-22
1.6	4.7671321747275135	4.7671321747275135	4.7671321747275135	0.09109212816953824	5.470851787518255	0.017727327531777613	9.60288709991514	497.1292712080826	0.6554631610352377	0	0	0	0	0.00022580791437903786	0	0	0.019638520716923614	-1856710542786232e-21
1.7	4.7671321747275135	4.7671321747275135	4.7671321747275135	0.09109212816953824	5.470851787518255	0.017727327531777616	9.60288709991514	497.1292712080826	0.6554631610352377	0	0	0	0	0.00022581136130247296	0	0	0.019805859662524558	-19278260642823975e-22
1.8	4.7671321747275135	4.7671321747275135	4.7671321747275135	0.09109212816953824	5.470851787518254	0.01772732753177762	9.60288709991514	497.1292712080826	0.6554631610352377	0	0	0	0	0.00022581436923670704	0	0	0.019941674607810586	-1989509584350098e-21
1.9	4.7671321747275135	4.7671321747275135	4.7671321747275135	0.09109212816953824	5.470851787518254	0.017727327531777616	9.60288709991514	497.12927120808257	0.6554631610352377	0	0	0	0	0.00022581694405807872	0	0	0.02005151685223907	-20427675590748014e-22
2	4.767132174727514	4.767132174727514	4.767132174727514	0.09109212816953825	5.470851787518255	0.017727327531777623	9.60288709991514	497.12927120808257	0.6554631610352378	0	0	0	0	0.00022581919333164723	0	0	0.020140520461559484	-20885810416886098e-22
2.1	4.767132174727514	4.767132174727514	4.767132174727514	0.09109212816953828	5.4708517875182565	0.01772732753177762	9.60288709991514	497.12927120808257	0.6554631610352377	0	0	0	0	0.00022582111150168776	0	0	0.02021275124866082	-21278687547681983e-22
2.2	4.7671321747275135	4.7671321747275135	4.7671321747275135	0.09109212816953828	5.470851787518257	0.017727327531777613	9.60288709991514	497.12927120808246	0.6554631610352377	0	0	0	0	0.00022582274880063804	0	0	0.020271118425916505	-21614257077303876e-22
2.3	4.767132174727514	4.767132174727514	4.767132174727514	0.09109212816953828	5.470851787518255	0.017727327531777616	9.60288709991514	497.12927120808257	0.6554631610352377	0	0	0	0	0.00022582416932662294	0	0	0.02031844769811469	-2190032276856003e-21
2.4	4.767132174727513	4.767132174727513	4.767132174727513	0.09109212816953821	5.4708517875182565	0.01772732753177762	9.60288709991514	497.1292712080824	0.6554631610352377	0	0	0	0	0.00022582535946520904	0	0	0.020356885893777765	-2214372690651175e-21
2.5	4.7671321747275135	4.7671321747275135	4.7671321747275135	0.09109212816953821	5.47085178751826	0.017727327531777616	9.602887099915142	497.1292712080824	0.6554631610352377	0	0	0	0	0.0002258263636786588	0	0	0.020387932735558587	-22349988677288206e-22
2.6	4.7671321747275135	4.7671321747275135	4.7671321747275135	0.09109212816953821	5.470851787518257	0.017727327531777616	9.602887099915142	497.1292712080824	0.6554631610352377	0	0	0	0	0.00022582724292999869	0	0	0.02041306468596587	-2252453268157451e-21
2.7	4.7671321747275135	4.7671321747275135	4.7671321747275135	0.0910921281695382	5.470851787518263	0.017727327531777606	9.602887099915142	497.1292712080823	0.6554631610352377	0	0	0	0	0.00022582795595141547	0	0	0.020433528420219168	-22672310086774187e-22
2.8	4.7671321747275135	4.7671321747275135	4.7671321747275135	0.09109212816953816	5.470851787518276	0.017727327531777585	9.602887099915142	497.12927120808206	0.6554631610352378	0	0	0	0	0.00022582851722446052	0	0	0.02045008346730643	-2279688996418539e-21
2.9	4.7671321747275135	4.7671321747275135	4.7671321747275135	0.09109212816953814	5.4708517875182805	0.017727327531777578	9.602887099915142	497.129271208082	0.6554631610352379	0	0	0	0	0.00022582901601689572	0	0	0.020463434517760226	-22901590652411322e-22
3	4.767132174727514	4.767132174727514	4.767132174727514	0.09109212816953817	5.470851787518271	0.017727327531777592	9.602887099915142	497.12927120808223	0.6554631610352379	0	0	0	0	0.00022582949133943993	0	0	0.020474279693227206	-2298972118970405e-21
3.1	4.767132174727513	4.767132174727513	4.767132174727513	0.09109212816953774	5.470851787518288	0.017727327531777488	9.602887099915154	497.12927120808166	0.6554631610352387	0	0	0	0	0.00022582957415683767	0	0	0.020483125457170258	-2306400483740011e-21
3.2	4.7671321747275135	4.7671321747275135	4.7671321747275135	0.09109212816953716	5.470851787518323	0.01772732753177734	9.602887099915169	497.1292712080806	0.65546316103524	0	0	0	0	0.00022582946138335132	0	0	0.020490276594532023	-2312625273562339e-21
3.3	4.7671321747275135	4.7671321747275135	4.7671321747275135	0.09109212816953687	5.470851787518343	0.017727327531777273	9.602887099915177	497.12927120808	0.6554631610352407	0	0	0	0	0.00022582951645433121	0	0	0.020496030128465233	-231781979174879e-20
3.4	4.7671321747275135	4.7671321747275135	4.7671321747275135	0.09109212816953736	5.470851787518314	0.017727327531777397	9.602887099915163	497.1292712080808	0.6554631610352396	0	0	0	0	0.0002258300975946702	0	0	0.020500683101635078	-23221574084886114e-22
3.5	4.7671321747275135	4.7671321747275135	4.7671321747275135	0.09109212816953684	5.470851787518269	0.017727327531777217	9.60288709991518	497.12927120808166	0.6554631610352414	0	0	0	0	0.0002258298896042888	0	0	0.020504501857331072	-23258146242998017e-22
3.6	4.7671321747275135	4.7671321747275135	4.7671321747275135	0.09109212816953507	5.470851787518248	0.017727327531776683	9.602887099915225	497.12927120808143	0.6554631610352465	0	0	0	0	0.00022582874162663586	0	0	0.020507615728956274	-2328887152682748e-21
3.7	4.7671321747275135	4.7671321747275135	4.7671321747275135	0.0910921281695342	5.470851787518248	0.01772732753177642	9.602887099915248	497.1292712080811	0.6554631610352488	0	0	0	0	0.00022582822041271558	0	0	0.02051011795769206	-23314339389810224e-22
3.8	4.7671321747275135	4.7671321747275135	4.7671321747275135	0.09109212816953578	5.470851787518245	0.017727327531776894	9.602887099915208	497.12927120808183	0.6554631610352445	0	0	0	0	0.00022582950566623106	0	0	0.02051210988858184	-23335226929139485e-22
3.9	4.7671321747275135	4.7671321747275135	4.7671321747275135	0.0910921281695329	5.470851787517851	0.017727327531776062	9.602887099915282	497.1292712080898	0.6554631610352525	0	0	0	0	0.00022582737594317712	0	0	0.020513806191600748	-23353504712213726e-22
4	4.7671321747275135	4.7671321747275135	4.7671321747275135	0.0910921281695276	5.470851787517343	0.017727327531774514	9.602887099915423	497.12927120809957	0.6554631610352672	0	0	0	0	0.00022582341899123566	0	0	0.020515229024625513	-23369224990087816e-22
4.1	4.7671321747275135	4.7671321747275135	4.7671321747275135	0.0910921281695263	5.470851787517248	0.017727327531774126	9.602887099915458	497.12927120810116	0.6554631610352709	0	0	0	0	0.0002258225032375303	0	0	0.020516324861917276	-2338164441669677e-21
4.2	4.7671321747275135	4.7671321747275135	4.7671321747275135	0.091092128169532	5.4708517875176925	0.017727327531775815	9.602887099915305	497.1292712080931	0.6554631610352549	0	0	0	0	0.00022582683583017974	0	0	0.020517099727679497	-23390722543522786e-22
4.3	4.7671321747275135	4.7671321747275135	4.7671321747275135	0.09109212816952954	5.470851787516945	0.017727327531775403	9.602887099915373	497.1292712081093	0.6554631610352594	0	0	0	0	0.0002258249717450339	0	0	0.020517853283499067	-23399847762383685e-22
4.4	4.7671321747275135	4.7671321747275135	4.7671321747275135	0.09109212816952583	5.470851787516236	0.017727327531774542	9.60288709991547	497.1292712081242	0.6554631610352679	0	0	0	0	0.00022582218241793566	0	0	0.02051849179416554	-2340770443697648e-21
4.5	4.7671321747275135	4.7671321747275135	4.7671321747275135	0.09109212816953113	5.470851787517134	0.017727327531775826	9.60288709991533	497.1292712081055	0.6554631610352553	0	0	0	0	0.00022582626205920608	0	0	0.02051886394211048	-2341231949637254e-21
4.6	4.767132174727514	4.767132174727514	4.767132174727514	0.09109212816953402	5.470851787517438	0.0177273275317767	9.602887099915254	497.1292712080996	0.655463161035247	0	0	0	0	0.00022582845846211917	0	0	0.0205191920678413	-2341657059305843e-21
4.7	4.7671321747275135	4.7671321747275135	4.7671321747275135	0.09109212816953419	5.470851787517348	0.017727327531776853	9.60288709991525	497.12927120810167	0.6554631610352457	0	0	0	0	0.00022582860408949034	0	0	0.020519495072691893	-2342056975254578e-21
4.8	4.7671321747275135	4.7671321747275135	4.7671321747275135	0.09109212816953643	5.470851787517843	0.017727327531777286	9.60288709991519	497.1292712080912	0.6554631610352413	0	0	0	0	0.00022583035475422502	0	0	0.020519703598570395	-23423328879352497e-22
4.9	4.7671321747275135	4.7671321747275135	4.7671321747275135	0.09109212816953675	5.4708517875178515	0.017727327531777443	9.602887099915183	497.1292712080911	0.6554631610352397	0	0	0	0	0.00022583061881512032	0	0	0.020519899209139957	-23426015295964948e-22
5	4.7671321747275135	4.7671321747275135	4.7671321747275135	0.09109212816953717	5.470851787517945	0.01772732753177751	9.60288709991517	497.1292712080891	0.655463161035239	0	0	0	0	0.0002258309345490541	0	0	0.020520055259131448	-23428182558918538e-22
5.1	4.7671321747275135	4.7671321747275135	4.7671321747275135	0.09109212816953771	5.470851787518089	0.01772732753177759	9.602887099915156	497.129271208086	0.6554631610352382	0	0	0	0	0.0002258313823651439	0	0	0.020520177669015507	-2342991211436467e-21
5.2	4.7671321747275135	4.7671321747275135	4.7671321747275135	0.0910921281695377	5.470851787518072	0.017727327531777626	9.602887099915158	497.12927120808644	0.6554631610352379	0	0	0	0	0.00022583140087136498	0	0	0.020520284683608902	-23431467261367335e-22
5.3	4.767132174727513	4.767132174727513	4.767132174727513	0.09109212816953785	5.470851787518111	0.017727327531777644	9.602887099915153	497.1292712080855	0.6554631610352376	0	0	0	0	0.0002258315181193556	0	0	0.02052036916302277	-23432712550951558e-22
5.4	4.7671321747275135	4.7671321747275135	4.7671321747275135	0.09109212816953706	5.4708517875177405	0.017727327531777786	9.602887099915176	497.1292712080938	0.6554631610352367	0	0	0	0	0.00022583086684577032	0	0	0.02052045503647602	-2343405583350507e-21
5.5	4.7671321747275135	4.7671321747275135	4.7671321747275135	0.09109212816953595	5.470851787517249	0.01772732753177795	9.602887099915204	497.1292712081048	0.6554631610352356	0	0	0	0	0.00022582997127583996	0	0	0.02052053290936119	-2343530892746284e-21
5.6	4.7671321747275135	4.7671321747275135	4.7671321747275135	0.09109212816953566	5.470851787517127	0.01772732753177798	9.602887099915211	497.1292712081075	0.6554631610352354	0	0	0	0	0.00022582974163437404	0	0	0.020520584422056974	-2343612477765033e-21
5.7	4.7671321747275135	4.7671321747275135	4.7671321747275135	0.09109212816953685	5.4708517875176454	0.017727327531777817	9.60288709991518	497.12927120809604	0.6554631610352364	0	0	0	0	0.00022583070987032804	0	0	0.02052059984698529	-2343631962234381e-21
5.8	4.7671321747275135	4.7671321747275135	4.7671321747275135	0.09109212816953625	5.470851787517269	0.017727327531778192	9.602887099915195	497.1292712081045	0.6554631610352332	0	0	0	0	0.00022583023249968216	0	0	0.020520641444098677	-23437058924998065e-22
5.9	4.7671321747275135	4.7671321747275135	4.7671321747275135	0.09109212816953513	5.470851787516665	0.017727327531778615	9.602887099915225	497.129271208118	0.6554631610352297	0	0	0	0	0.0002258293164585475	0	0	0.02052068724138541	-2343789002183933e-21
6	4.7671321747275135	4.7671321747275135	4.7671321747275135	0.09109212816953605	5.470851787517144	0.0177273275317783	9.6028870999152	497.1292712081073	0.6554631610352323	0	0	0	0	0.00022583006566582458	0	0	0.020520690139423207	-2343788326739076e-21
6.1	4.7671321747275135	4.7671321747275135	4.7671321747275135	0.09109212816953614	5.470851787517066	0.0177273275317786	9.602887099915197	497.129271208109	0.6554631610352296	0	0	0	0	0.00022583013149994177	0	0	0.020520704979704863	-2343817348478079e-21
6.2	4.7671321747275135	4.7671321747275135	4.7671321747275135	0.09109212816953453	5.470851787516065	0.017727327531779608	9.602887099915243	497.1292712081314	0.655463161035221	0	0	0	0	0.00022582882639095528	0	0	0.020520748149716547	-2343905668252934e-21
6.3	4.7671321747275135	4.7671321747275135	4.7671321747275135	0.09109212816953462	5.470851787516123	0.01772732753177955	9.602887099915238	497.1292712081301	0.6554631610352215	0	0	0	0	0.00022582890464359232	0	0	0.020520757067648145	-23439205889223264e-22
6.4	4.7671321747275135	4.7671321747275135	4.7671321747275135	0.09109212816953592	5.470851787516807	0.017727327531779122	9.602887099915202	497.12927120811486	0.6554631610352248	0	0	0	0	0.00022582995084886246	0	0	0.02052074179557961	-23438879064321694e-22
6.5	4.7671321747275135	4.7671321747275135	4.7671321747275135	0.09109212816953402	5.47085178751546	0.01772732753178094	9.602887099915254	497.12927120814516	0.6554631610352089	0	0	0	0	0.0002258284108771427	0	0	0.020520784176312496	-23439842613729337e-22
6.6	4.7671321747275135	4.7671321747275135	4.7671321747275135	0.09109212816953303	5.470851787514796	0.01772732753178177	9.602887099915282	497.12927120816	0.6554631610352017	0	0	0	0	0.00022582761974780354	0	0	0.020520808035302165	-23440365952330397e-22
6.7	4.7671321747275135	4.7671321747275135	4.7671321747275135	0.09109212816953548	5.470851787516388	0.017727327531779913	9.602887099915216	497.1292712081243	0.6554631610352177	0	0	0	0	0.00022582958412233807	0	0	0.020520767645983203	-23439434357670284e-22
6.8	4.7671321747275135	4.7671321747275135	4.7671321747275135	0.09109212816953442	5.470851787515452	0.017727327531781634	9.602887099915245	497.1292712081454	0.6554631610352023	0	0	0	0	0.00022582869532523326	0	0	0.02052079179444263	-2344004999806991e-21
6.9	4.7671321747275135	4.7671321747275135	4.7671321747275135	0.09109212816953297	5.470851787514314	0.01772732753178341	9.602887099915284	497.129271208171	0.6554631610351866	0	0	0	0	0.00022582747896543814	0	0	0.02052082273360105	-23440798543648947e-22
7	4.7671321747275135	4.7671321747275135	4.7671321747275135	0.09109212816953526	5.470851787516035	0.017727327531780867	9.602887099915224	497.1292712081323	0.6554631610352092	0	0	0	0	0.00022582938061805878	0	0	0.020520781622177107	-23439790568983248e-22
7.1	4.767132174727513	4.767132174727513	4.767132174727513	0.0910921281695353	5.4708517875159	0.017727327531781523	9.602887099915222	497.12927120813555	0.6554631610352031	0	0	0	0	0.00022582939500579455	0	0	0.02052078330420361	-2343987866736107e-21
7.2	4.7671321747275135	4.7671321747275135	4.7671321747275135	0.09109212816953421	5.47085178751493	0.01772732753178334	9.602887099915248	497.1292712081574	0.6554631610351869	0	0	0	0	0.00022582846431370656	0	0	0.020520806267050433	-23440476427608606e-22
7.3	4.767132174727514	4.767132174727514	4.767132174727514	0.09109212816953591	5.470851787516317	0.017727327531780943	9.602887099915204	497.12927120812617	0.6554631610352082	0	0	0	0	0.00022582987255133455	0	0	0.020520775315686954	-23439678244377133e-22
7.4	4.7671321747275135	4.7671321747275135	4.7671321747275135	0.09109212816953606	5.47085178751629	0.017727327531781332	9.6028870999152	497.1292712081267	0.6554631610352045	0	0	0	0	0.00022582995118794355	0	0	0.020520774586579058	-23439696115508373e-22
7.5	4.7671321747275135	4.7671321747275135	4.7671321747275135	0.09109212816953521	5.470851787515456	0.017727327531783094	9.602887099915222	497.12927120814555	0.6554631610351888	0	0	0	0	0.00022582920032261327	0	0	0.020520792664644405	-2344019259828993e-21
7.6	4.7671321747275135	4.7671321747275135	4.7671321747275135	0.09109212816953641	5.47085178751656	0.01772732753178093	9.602887099915188	497.12927120812066	0.6554631610352082	0	0	0	0	0.00022583024484067383	0	0	0.020520769436048997	-2343956452100793e-21
7.7	4.7671321747275135	4.7671321747275135	4.7671321747275135	0.09109212816953623	5.470851787516252	0.01772732753178189	9.602887099915195	497.1292712081277	0.6554631610351993	0	0	0	0	0.00022583006044929354	0	0	0.02052077423298655	-23439731443099945e-22
7.8	4.7671321747275135	4.7671321747275135	4.7671321747275135	0.09109212816953507	5.470851787515068	0.017727327531784586	9.602887099915224	497.1292712081545	0.6554631610351751	0	0	0	0	0.00022582905482354694	0	0	0.02052079773966171	-23440404113090146e-22
7.9	4.7671321747275135	4.7671321747275135	4.7671321747275135	0.09109212816953598	5.4708517875159774	0.017727327531782574	9.602887099915202	497.12927120813396	0.6554631610351932	0	0	0	0	0.00022582984683404257	0	0	0.02052077997075786	-23439898766891274e-22
8	4.7671321747275135	4.7671321747275135	4.7671321747275135	0.09109212816953603	5.470851787515887	0.01772732753178318	9.602887099915199	497.129271208136	0.6554631610351875	0	0	0	0	0.00022582986945463116	0	0	0.02052077975540144	-23439933018301783e-22
8.1	4.7671321747275135	4.7671321747275135	4.7671321747275135	0.09109212816953424	5.470851787513912	0.017727327531788135	9.602887099915247	497.1292712081807	0.6554631610351428	0	0	0	0	0.0002258282938404695	0	0	0.020520816099019262	-23441020680704003e-22
8.2	4.7671321747275135	4.7671321747275135	4.7671321747275135	0.09109212816953426	5.470851787513925	0.017727327531788094	9.602887099915247	497.1292712081804	0.6554631610351433	0	0	0	0	0.00022582830436695123	0	0	0.02052081605982633	-23441017866396446e-22
8.3	4.767132174727513	4.767132174727513	4.767132174727513	0.09109212816953582	5.470851787515546	0.017727327531784413	9.602887099915204	497.1292712081436	0.6554631610351762	0	0	0	0	0.0002258296828932188	0	0	0.020520784640389467	-2344011412062758e-21
8.4	4.7671321747275135	4.7671321747275135	4.7671321747275135	0.09109212816953408	5.470851787513359	0.01772732753179057	9.602887099915252	497.12927120819325	0.6554631610351205	0	0	0	0	0.00022582806164104185	0	0	0.020520821906192133	-23441290829953357e-22
8.5	4.7671321747275135	4.7671321747275135	4.7671321747275135	0.0910921281695331	5.470851787512208	0.017727327531793697	9.602887099915277	497.1292712082192	0.6554631610350922	0	0	0	0	0.00022582718640830164	0	0	0.02052084206140686	-23441915636747205e-22
8.6	4.7671321747275135	4.7671321747275135	4.7671321747275135	0.09109212816953556	5.470851787515095	0.017727327531786075	9.602887099915211	497.1292712081539	0.6554631610351612	0	0	0	0	0.00022582942094845953	0	0	0.020520790964551637	-23440349693119246e-22
8.7	4.7671321747275135	4.7671321747275135	4.7671321747275135	0.09109212816953495	5.470851787514148	0.017727327531789308	9.602887099915227	497.1292712081755	0.6554631610351317	0	0	0	0	0.0002258288150542622	0	0	0.02052080490710788	-23440839529196605e-22
8.8	4.7671321747275135	4.7671321747275135	4.7671321747275135	0.09109212816953398	5.470851787512875	0.01772732753179313	9.602887099915254	497.1292712082044	0.6554631610350969	0	0	0	0	0.00022582790945879054	0	0	0.020520825703856813	-23441515979438463e-22
8.9	4.7671321747275135	4.7671321747275135	4.7671321747275135	0.09109212816953598	5.470851787515408	0.01772732753178584	9.6028870999152	497.129271208147	0.6554631610351631	0	0	0	0	0.00022582976617551963	0	0	0.020520783226807154	-23440162558029704e-22
9	4.7671321747275135	4.7671321747275135	4.7671321747275135	0.09109212816953587	5.470851787515121	0.017727327531787157	9.602887099915202	497.1292712081535	0.6554631610351511	0	0	0	0	0.00022582963825985286	0	0	0.020520786189568117	-23440298593525033e-22
9.1	4.7671321747275135	4.7671321747275135	4.7671321747275135	0.09109212816953521	5.470851787514228	0.017727327531790054	9.602887099915222	497.1292712081738	0.6554631610351248	0	0	0	0	0.0002258290386473239	0	0	0.02052079994990544	-23440764716310396e-22
9.2	4.7671321747275135	4.7671321747275135	4.7671321747275135	0.09109212816953663	5.470851787516074	0.017727327531784375	9.602887099915183	497.1292712081319	0.6554631610351763	0	0	0	0	0.00022583033235625412	0	0	0.020520770349159317	-2343979087641983e-21
9.3	4.7671321747275135	4.7671321747275135	4.7671321747275135	0.09109212816953627	5.470851787515457	0.01772732753178675	9.602887099915195	497.129271208146	0.6554631610351548	0	0	0	0	0.00022582997081230536	0	0	0.02052077864450881	-23440100447344465e-22
9.4	4.7671321747275135	4.7671321747275135	4.7671321747275135	0.09109212816953555	5.470851787514413	0.017727327531790307	9.602887099915213	497.1292712081696	0.6554631610351224	0	0	0	0	0.00022582929151635092	0	0	0.02052079421366529	-23440639350181564e-22
9.5	4.7671321747275135	4.7671321747275135	4.7671321747275135	0.09109212816953667	5.47085178751603	0.01772732753178498	9.602887099915183	497.12927120813293	0.6554631610351709	0	0	0	0	0.0002258303702560479	0	0	0.020520769527341248	-23439799607934514e-22
9.6	4.7671321747275135	4.7671321747275135	4.7671321747275135	0.09109212816953607	5.470851787515025	0.01772732753178888	9.602887099915197	497.12927120815584	0.6554631610351351	0	0	0	0	0.0002258297710328723	0	0	0.02052078325362109	-2344030821265048e-21
9.7	4.7671321747275135	4.7671321747275135	4.7671321747275135	0.09109212816953481	5.470851787513091	0.017727327531795817	9.60288709991523	497.1292712081997	0.6554631610350717	0	0	0	0	0.00022582855063135634	0	0	0.02052081120098632	-2344129949114923e-21
9.8	4.7671321747275135	4.7671321747275135	4.7671321747275135	0.09109212816953578	5.470851787514559	0.0177273275317906	9.602887099915206	497.12927120816636	0.6554631610351194	0	0	0	0	0.00022582948425257053	0	0	0.02052078983440527	-2344054572219543e-21
9.9	4.7671321747275135	4.7671321747275135	4.7671321747275135	0.09109212816953588	5.470851787514519	0.017727327531791275	9.602887099915204	497.1292712081673	0.655463161035113	0	0	0	0	0.00022582953082781653	0	0	0.020520788769281297	-23440547445986294e-22
10	4.7671321747275135	4.7671321747275135	4.7671321747275135	0.09109212816953395	5.470851787511395	0.01772732753180313	9.602887099915254	497.12927120823826	0.6554631610350047	0	0	0	0	0.00022582764665235352	0	0	0.020520831902495346	-2344212507723593e-21
10.1	4.7671321747275135	4.7671321747275135	4.7671321747275135	0.09109212816953388	5.470851787511304	0.01772732753180346	9.602887099915257	497.1292712082403	0.6554631610350016	0	0	0	0	0.00022582759054454732	0	0	0.02052083319069031	-23442171579807123e-22
10.2	4.7671321747275135	4.7671321747275135	4.7671321747275135	0.09109212816953581	5.470851787514288	0.01772732753179261	9.602887099915206	497.1292712081726	0.6554631610351006	0	0	0	0	0.00022582944635415457	0	0	0.020520790710605894	-2344065141861097e-21
10.3	4.7671321747275135	4.7671321747275135	4.7671321747275135	0.09109212816953442	5.470851787511839	0.017727327531802697	9.602887099915243	497.1292712082282	0.6554631610350082	0	0	0	0	0.0002258280489525538	0	0	0.020520822693612207	-2344187035041395e-21
10.4	4.7671321747275135	4.7671321747275135	4.7671321747275135	0.09109212816953377	5.470851787510692	0.01772732753180729	9.602887099915261	497.12927120825424	0.655463161034966	0	0	0	0	0.00022582738196720486	0	0	0.020520837961083054	-23442443875796735e-22
10.5	4.7671321747275135	4.7671321747275135	4.7671321747275135	0.09109212816953599	5.470851787514436	0.017727327531792677	9.6028870999152	497.12927120816914	0.6554631610350998	0	0	0	0	0.00022582960131262289	0	0	0.020520787165166025	-23440561838271905e-22
10.6	4.7671321747275135	4.7671321747275135	4.7671321747275135	0.09109212816953553	5.470851787513542	0.017727327531796875	9.602887099915213	497.12927120818955	0.6554631610350612	0	0	0	0	0.0002258291401333223	0	0	0.020520797717144514	-23440995495267847e-22
10.7	4.7671321747275135	4.7671321747275135	4.7671321747275135	0.0910921281695351	5.470851787512764	0.01772732753180022	9.602887099915225	497.12927120820723	0.6554631610350307	0	0	0	0	0.00022582870791377154	0	0	0.020520807608900318	-23441380558378763e-22
10.8	4.7671321747275135	4.7671321747275135	4.7671321747275135	0.09109212816953664	5.470851787515435	0.017727327531789294	9.602887099915185	497.1292712081466	0.6554631610351307	0	0	0	0	0.00022583024398801338	0	0	0.02052077245488322	-23440047920960115e-22
10.9	4.7671321747275135	4.7671321747275135	4.7671321747275135	0.09109212816953624	5.47085178751459	0.01772732753179328	9.602887099915193	497.1292712081658	0.655463161035094	0	0	0	0	0.00022582981231316086	0	0	0.02052078233121994	-23440453908899255e-22
11	4.7671321747275135	4.7671321747275135	4.7671321747275135	0.09109212816953591	5.470851787513954	0.017727327531796115	9.602887099915202	497.1292712081803	0.6554631610350681	0	0	0	0	0.00022582946932563105	0	0	0.0205207901798676	-23440764981657595e-22
11.1	4.7671321747275135	4.7671321747275135	4.7671321747275135	0.09109212816953695	5.470851787515851	0.017727327531788056	9.602887099915174	497.1292712081371	0.6554631610351419	0	0	0	0	0.00022583052798986263	0	0	0.020520765953773196	-23439828024003827e-22
11.2	4.7671321747275135	4.7671321747275135	4.7671321747275135	0.09109212816953623	5.470851787514369	0.01772732753179508	9.602887099915193	497.1292712081709	0.6554631610350775	0	0	0	0	0.00022582975209645034	0	0	0.02052078370549537	-2344055049595389e-21
11.3	4.7671321747275135	4.7671321747275135	4.7671321747275135	0.09109212816953555	5.470851787513051	0.017727327531801118	9.602887099915211	497.12927120820086	0.6554631610350221	0	0	0	0	0.00022582904799544105	0	0	0.020520799815915113	-2344119550270608e-21
11.4	4.7671321747275135	4.7671321747275135	4.7671321747275135	0.0910921281695367	5.470851787515254	0.0177273275317912	9.602887099915181	497.1292712081507	0.6554631610351132	0	0	0	0	0.00022583023786046526	0	0	0.02052077259051379	-23440114791494295e-22
11.5	4.7671321747275135	4.7671321747275135	4.7671321747275135	0.09109212816953578	5.470851787513386	0.017727327531800396	9.602887099915204	497.12927120819325	0.6554631610350287	0	0	0	0	0.00022582929390360738	0	0	0.020520794184753954	-2344101327016391e-21
11.6	4.7671321747275135	4.7671321747275135	4.7671321747275135	0.0910921281695343	5.470851787510367	0.01772732753181475	9.602887099915243	497.12927120826197	0.6554631610348969	0	0	0	0	0.00022582772566138686	0	0	0.020520830063595702	-23442477337826303e-22
11.7	4.7671321747275135	4.7671321747275135	4.7671321747275135	0.09109212816953531	5.470851787512412	0.017727327531805056	9.602887099915218	497.12927120821536	0.6554631610349859	0	0	0	0	0.00022582879134601074	0	0	0.02052080568249531	-23441484485761824e-22
11.8	4.7671321747275135	4.7671321747275135	4.7671321747275135	0.09109212816953574	5.470851787513151	0.017727327531802207	9.602887099915206	497.1292712081984	0.6554631610350118	0	0	0	0	0.00022582922504011722	0	0	0.02052079575648856	-23441112601484378e-22
11.9	4.7671321747275135	4.7671321747275135	4.7671321747275135	0.09109212816953388	5.47085178750922	0.017727327531821775	9.602887099915257	497.12927120828795	0.6554631610348319	0	0	0	0	0.00022582724744315243	0	0	0.020520840995417563	-23443001639125764e-22
12	4.7671321747275135	4.7671321747275135	4.7671321747275135	0.0910921281695339	5.470851787509246	0.017727327531821654	9.602887099915256	497.1292712082873	0.655463161034833	0	0	0	0	0.0002258272611241645	0	0	0.020520840682436158	-23442989213267946e-22
12.1	4.7671321747275135	4.7671321747275135	4.7671321747275135	0.09109212816953594	5.470851787513417	0.017727327531801517	9.602887099915202	497.12927120819245	0.655463161035018	0	0	0	0	0.0002258294013007012	0	0	0.020520791720933698	-23440974673330486e-22
12.2	4.7671321747275135	4.7671321747275135	4.7671321747275135	0.09109212816953505	5.470851787511329	0.01772732753181266	9.602887099915225	497.12927120824	0.6554631610349154	0	0	0	0	0.00022582839479285834	0	0	0.020520814741636167	-2344196817278589e-21
12.3	4.7671321747275135	4.7671321747275135	4.7671321747275135	0.09109212816953491	5.470851787510991	0.01772732753181448	9.602887099915229	497.12927120824776	0.6554631610348988	0	0	0	0	0.000225828232745612	0	0	0.020520818447891366	-23442128905726132e-22
12.4	4.7671321747275135	4.7671321747275135	4.7671321747275135	0.09109212816953657	5.470851787514556	0.01772732753179651	9.602887099915185	497.12927120816664	0.655463161035064	0	0	0	0	0.00022583001848853996	0	0	0.02052077759878649	-2344041563375205e-21
12.5	4.7671321747275135	4.7671321747275135	4.7671321747275135	0.09109212816953612	5.470851787513453	0.017727327531802693	9.602887099915197	497.12927120819177	0.6554631610350069	0	0	0	0	0.0002258295085578976	0	0	0.020520789260244508	-23440932507831912e-22
12.6	4.7671321747275135	4.7671321747275135	4.7671321747275135	0.09109212816953612	5.470851787513464	0.01772732753180271	9.602887099915197	497.12927120819154	0.6554631610350069	0	0	0	0	0.00022582951956046603	0	0	0.020520789008166236	-2344092541520769e-21
12.7	4.7671321747275135	4.7671321747275135	4.7671321747275135	0.09109212816953703	5.470851787515475	0.01772732753179235	9.60288709991517	497.1292712081458	0.655463161035102	0	0	0	0	0.00022583050781608717	0	0	0.020520766403033013	-2343996607206831e-21
12.8	4.7671321747275135	4.7671321747275135	4.7671321747275135	0.09109212816953642	5.470851787513904	0.017727327531801146	9.602887099915188	497.1292712081815	0.6554631610350211	0	0	0	0	0.00022582977480241172	0	0	0.020520783166524618	-2344070552285109e-21
12.9	4.7671321747275135	4.7671321747275135	4.7671321747275135	0.09109212816953628	5.470851787513539	0.017727327531803165	9.602887099915193	497.1292712081897	0.6554631610350026	0	0	0	0	0.00022582960389992126	0	0	0.020520787075029585	-2344087727958501e-21
13	4.7671321747275135	4.7671321747275135	4.7671321747275135	0.09109212816953705	5.470851787515301	0.017727327531793822	9.602887099915172	497.12927120814965	0.6554631610350886	0	0	0	0	0.000225830452331324	0	0	0.020520767669589886	-2344004190850294e-21
13.1	4.7671321747275135	4.7671321747275135	4.7671321747275135	0.09109212816953602	5.47085178751267	0.0177273275318089	9.602887099915199	497.1292712082096	0.6554631610349496	0	0	0	0	0.00022582923636997322	0	0	0.02052079547640223	-23441279298431075e-22
13.2	4.7671321747275135	4.7671321747275135	4.7671321747275135	0.09109212816953528	5.470851787510788	0.01772732753181953	9.602887099915218	497.1292712082525	0.6554631610348518	0	0	0	0	0.0002258283592286608	0	0	0.020520815535712986	-2344216624627054e-21
13.3	4.7671321747275135	4.7671321747275135	4.7671321747275135	0.09109212816953656	5.470851787513971	0.017727327531801694	9.602887099915186	497.12927120817994	0.6554631610350161	0	0	0	0	0.00022582984883704786	0	0	0.02052078146934322	-2344066520239244e-21
13.4	4.7671321747275135	4.7671321747275135	4.7671321747275135	0.0910921281695357	5.470851787511572	0.017727327531816182	9.602887099915208	497.1292712082346	0.6554631610348824	0	0	0	0	0.00022582877259908572	0	0	0.020520806077835338	-23441785823981436e-22
13.5	4.7671321747275135	4.7671321747275135	4.7671321747275135	0.0910921281695341	5.470851787507318	0.017727327531841062	9.60288709991525	497.1292712083316	0.6554631610346533	0	0	0	0	0.00022582682775745336	0	0	0.020520850550761777	-23443781373269104e-22
13.6	4.767132174727514	4.767132174727514	4.767132174727514	0.0910921281695351	5.4708517875099325	0.017727327531825814	9.602887099915224	497.12927120827203	0.6554631610347939	0	0	0	0	0.00022582802573598194	0	0	0.02052082315619029	-2344255394854692e-21
13.7	4.7671321747275135	4.7671321747275135	4.7671321747275135	0.09109212816953598	5.470851787512141	0.01772732753181361	9.602887099915199	497.1292712082216	0.6554631610349061	0	0	0	0	0.00022582906778355607	0	0	0.020520799324535648	-2344150964915677e-21
13.8	4.7671321747275135	4.7671321747275135	4.7671321747275135	0.09109212816953464	5.470851787508413	0.017727327531836326	9.602887099915236	497.12927120830665	0.6554631610346968	0	0	0	0	0.0002258274020012799	0	0	0.020520837412494837	-2344324952932805e-21
13.9	4.7671321747275135	4.7671321747275135	4.7671321747275135	0.09109212816953498	5.4708517875092975	0.01772732753183106	9.602887099915227	497.1292712082866	0.6554631610347453	0	0	0	0	0.00022582780260363056	0	0	0.02052082825220235	-23442835549130706e-22
14	4.7671321747275135	4.7671321747275135	4.7671321747275135	0.09109212816953652	5.4708517875134035	0.01772732753180682	9.602887099915188	497.12927120819296	0.6554631610349687	0	0	0	0	0.00022582967047402605	0	0	0.02052078554033442	-23440910839309134e-22
14.1	4.7671321747275135	4.7671321747275135	4.7671321747275135	0.09109212816953596	5.470851787511778	0.017727327531817223	9.6028870999152	497.12927120822997	0.6554631610348727	0	0	0	0	0.00022582896758566894	0	0	0.02052080160983515	-23441661597148396e-22
14.2	4.7671321747275135	4.7671321747275135	4.7671321747275135	0.09109212816953632	5.470851787512759	0.017727327531811256	9.602887099915192	497.1292712082076	0.6554631610349275	0	0	0	0	0.00022582940676993334	0	0	0.020520791567840115	-2344120363144054e-21
14.3	4.7671321747275135	4.7671321747275135	4.7671321747275135	0.09109212816953707	5.470851787514899	0.017727327531798412	9.60288709991517	497.1292712081588	0.6554631610350461	0	0	0	0	0.00022583036741338625	0	0	0.020520769602147458	-234402057335395e-20
14.4	4.7671321747275135	4.7671321747275135	4.7671321747275135	0.09109212816953656	5.470851787513436	0.017727327531807908	9.602887099915185	497.12927120819216	0.6554631610349584	0	0	0	0	0.00022582973590439914	0	0	0.020520784039470594	-23440882647659807e-22
14.5	4.7671321747275135	4.7671321747275135	4.7671321747275135	0.09109212816953687	5.47085178751424	0.01772732753180287	9.602887099915177	497.12927120817386	0.6554631610350048	0	0	0	0	0.00022583008910401686	0	0	0.020520775964098764	-2344050951747194e-21
14.6	4.7671321747275135	4.7671321747275135	4.7671321747275135	0.09109212816953718	5.4708517875150715	0.017727327531797923	9.602887099915169	497.12927120815493	0.6554631610350504	0	0	0	0	0.00022583046886489935	0	0	0.020520767280405666	-2344011704732719e-21
14.7	4.7671321747275135	4.7671321747275135	4.7671321747275135	0.09109212816953637	5.470851787512594	0.01772732753181408	9.60288709991519	497.1292712082114	0.6554631610349012	0	0	0	0	0.00022582941067087476	0	0	0.020520791471984344	-2344125527854441e-21
14.8	4.7671321747275135	4.7671321747275135	4.7671321747275135	0.0910921281695363	5.470851787512347	0.01772732753181569	9.602887099915193	497.12927120821706	0.6554631610348864	0	0	0	0	0.00022582930446420491	0	0	0.02052079390002128	-234413693420043e-20
14.9	4.7671321747275135	4.7671321747275135	4.7671321747275135	0.09109212816953698	5.470851787514304	0.017727327531803328	9.602887099915174	497.1292712081725	0.6554631610350005	0	0	0	0	0.00022583015913098662	0	0	0.020520774359810715	-2344046263347864e-21
15	4.7671321747275135	4.7671321747275135	4.7671321747275135	0.09109212816953571	5.470851787510266	0.017727327531830327	9.602887099915208	497.1292712082645	0.6554631610347512	0	0	0	0	0.00022582845802433652	0	0	0.020520813246943156	-2344231046703412e-21
15.1	4.7671321747275135	4.7671321747275135	4.7671321747275135	0.0910921281695348	5.470851787507349	0.017727327531849663	9.602887099915232	497.12927120833103	0.6554631610345727	0	0	0	0	0.00022582722267239474	0	0	0.020520841487548066	-2344364755000465e-21
15.2	4.7671321747275135	4.7671321747275135	4.7671321747275135	0.09109212816953627	5.470851787511992	0.01772732753181897	9.602887099915195	497.1292712082252	0.6554631610348561	0	0	0	0	0.0002258291929236243	0	0	0.020520796446549236	-23441517687384585e-22
15.3	4.767132174727514	4.767132174727514	4.767132174727514	0.09109212816953577	5.470851787510139	0.01772732753183221	9.602887099915208	497.12927120826754	0.6554631610347338	0	0	0	0	0.0002258284441085465	0	0	0.02052081356159557	-2344235430021386e-21
15.4	4.7671321747275135	4.7671321747275135	4.7671321747275135	0.09109212816953428	5.470851787505249	0.017727327531865514	9.602887099915247	497.12927120837907	0.6554631610344261	0	0	0	0	0.00022582640794780937	0	0	0.020520860106032653	-23444582687530796e-22
15.5	4.7671321747275135	4.7671321747275135	4.7671321747275135	0.09109212816953535	5.470851787508746	0.0177273275318418	9.602887099915218	497.1292712082993	0.6554631610346451	0	0	0	0	0.00022582786925198499	0	0	0.020520826701774252	-23442986819186508e-22
15.6	4.7671321747275135	4.7671321747275135	4.7671321747275135	0.09109212816953637	5.470851787511853	0.017727327531821328	9.602887099915192	497.12927120822843	0.655463161034834	0	0	0	0	0.0002258291876623814	0	0	0.020520796562139038	-23441562183139038e-22
15.7	4.7671321747275135	4.7671321747275135	4.7671321747275135	0.09109212816953563	5.470851787509182	0.01772732753184019	9.602887099915211	497.1292712082893	0.6554631610346597	0	0	0	0	0.00022582809797842748	0	0	0.02052082146911675	-23442771696618303e-22
15.8	4.7671321747275135	4.7671321747275135	4.7671321747275135	0.09109212816953632	5.4708517875116485	0.01772732753182317	9.602887099915193	497.129271208233	0.655463161034817	0	0	0	0	0.00022582911803482896	0	0	0.020520798152377746	-23441650025467397e-22
15.9	4.7671321747275135	4.7671321747275135	4.7671321747275135	0.09109212816953706	5.470851787513962	0.017727327531807533	9.602887099915174	497.1292712081804	0.6554631610349615	0	0	0	0	0.00022583008523889117	0	0	0.02052077604278985	-23440594421246216e-22
16	4.7671321747275135	4.7671321747275135	4.7671321747275135	0.0910921281695367	5.470851787512568	0.017727327531817633	9.602887099915181	497.1292712082121	0.6554631610348681	0	0	0	0	0.00022582952407798517	0	0	0.020520788868559823	-2344122330184329e-21
16.1	4.7671321747275135	4.7671321747275135	4.7671321747275135	0.09109212816953724	5.470851787514533	0.017727327531803793	9.602887099915167	497.1292712081673	0.6554631610349959	0	0	0	0	0.00022583032848871908	0	0	0.020520770481920133	-2344033211695167e-21
16.2	4.767132174727513	4.767132174727513	4.767132174727513	0.09109212816953735	5.470851787514772	0.01772732753180249	9.602887099915163	497.12927120816187	0.655463161035008	0	0	0	0	0.00022583043665652636	0	0	0.020520768008483906	-23440220747400626e-22
16.3	4.7671321747275135	4.7671321747275135	4.7671321747275135	0.09109212816953693	5.470851787512865	0.017727327531816398	9.602887099915177	497.12927120820547	0.6554631610348794	0	0	0	0	0.00022582966864135014	0	0	0.02052078556195908	-23441082165694974e-22
16.4	4.7671321747275135	4.7671321747275135	4.7671321747275135	0.0910921281695373	5.470851787514301	0.017727327531806038	9.602887099915167	497.1292712081726	0.6554631610349752	0	0	0	0	0.0002258302497788999	0	0	0.020520772279363615	-2344043288957864e-21
16.5	4.7671321747275135	4.7671321747275135	4.7671321747275135	0.09109212816953718	5.470851787514008	0.01772732753180869	9.602887099915169	497.1292712081792	0.6554631610349506	0	0	0	0	0.00022583014095529398	0	0	0.020520774765414328	-23440564863366677e-22
16.6	4.7671321747275135	4.7671321747275135	4.7671321747275135	0.0910921281695362	5.470851787510199	0.017727327531836996	9.602887099915197	497.1292712082661	0.6554631610346889	0	0	0	0	0.0002258286135013983	0	0	0.020520809675268932	-2344228738905996e-21
16.7	4.767132174727513	4.767132174727513	4.767132174727513	0.09109212816953606	5.470851787509694	0.01772732753184074	9.6028870999152	497.12927120827766	0.6554631610346543	0	0	0	0	0.00022582840948080231	0	0	0.020520814338217234	-23442516880057507e-22
16.8	4.7671321747275135	4.7671321747275135	4.7671321747275135	0.09109212816953693	5.470851787512916	0.01772732753181724	9.602887099915177	497.1292712082042	0.6554631610348716	0	0	0	0	0.00022582971138702406	0	0	0.02052078458213508	-234410578450508e-20
16.9	4.767132174727514	4.767132174727514	4.767132174727514	0.09109212816953577	5.470851787507823	0.01772732753185598	9.60288709991521	497.1292712083205	0.6554631610345132	0	0	0	0	0.0002258276939916985	0	0	0.020520830687189094	-23443352379300193e-22
17	4.7671321747275135	4.7671321747275135	4.7671321747275135	0.09109212816953477	5.470851787503671	0.0177273275318873	9.602887099915232	497.1292712084152	0.6554631610342236	0	0	0	0	0.00022582604343540617	0	0	0.020520868409252373	-2344522433363259e-21
17.1	4.7671321747275135	4.7671321747275135	4.7671321747275135	0.09109212816953624	5.470851787509839	0.017727327531840833	9.602887099915193	497.1292712082744	0.6554631610346532	0	0	0	0	0.00022582849911669193	0	0	0.020520812286526302	-23442441336856167e-22
17.2	4.7671321747275135	4.7671321747275135	4.7671321747275135	0.09109212816953628	5.470851787509714	0.01772732753184272	9.602887099915192	497.1292712082774	0.6554631610346356	0	0	0	0	0.00022582846783777538	0	0	0.02052081299928619	-2344249446628772e-21
17.3	4.7671321747275135	4.7671321747275135	4.7671321747275135	0.09109212816953542	5.4708517875057225	0.017727327531873678	9.602887099915215	497.1292712083685	0.6554631610343492	0	0	0	0	0.00022582689647306773	0	0	0.020520848909641936	-23444292064930615e-22
17.4	4.7671321747275135	4.7671321747275135	4.7671321747275135	0.09109212816953646	5.470851787510291	0.01772732753183859	9.602887099915186	497.12927120826413	0.6554631610346737	0	0	0	0	0.00022582870192157197	0	0	0.0205208076489641	-2344223340987703e-21
17.5	4.7671321747275135	4.7671321747275135	4.7671321747275135	0.091092128169537	5.470851787512572	0.017727327531821633	9.602887099915172	497.1292712082122	0.6554631610348305	0	0	0	0	0.00022582961096564695	0	0	0.02052078687306257	-2344120607050532e-21
17.6	4.7671321747275135	4.7671321747275135	4.7671321747275135	0.0910921281695367	5.470851787511055	0.01772732753183382	9.602887099915181	497.1292712082468	0.6554631610347179	0	0	0	0	0.0002258290199933025	0	0	0.020520800377667292	-2344188911683853e-21
17.7	4.7671321747275135	4.7671321747275135	4.7671321747275135	0.09109212816953736	5.470851787514138	0.017727327531809743	9.602887099915163	497.1292712081765	0.6554631610349407	0	0	0	0	0.00022583023253949636	0	0	0.020520772667662064	-23440499808426825e-22
17.8	4.7671321747275135	4.7671321747275135	4.7671321747275135	0.09109212816953748	5.470851787514385	0.017727327531808272	9.60288709991516	497.12927120817074	0.6554631610349542	0	0	0	0	0.00022583033356840914	0	0	0.02052077035805807	-23440390806392907e-22
17.9	4.7671321747275135	4.7671321747275135	4.7671321747275135	0.09109212816953728	5.470851787513118	0.017727327531818576	9.602887099915167	497.1292712081998	0.6554631610348589	0	0	0	0	0.00022582983821261025	0	0	0.020520781677588053	-23440964195341347e-22
18	4.7671321747275135	4.7671321747275135	4.7671321747275135	0.09109212816953767	5.470851787515254	0.01772732753180157	9.602887099915156	497.129271208151	0.6554631610350161	0	0	0	0	0.00022583067489822568	0	0	0.020520762557615795	-2344000062832577e-21
18.1	4.7671321747275135	4.7671321747275135	4.7671321747275135	0.09109212816953739	5.470851787513936	0.01772732753181268	9.602887099915165	497.129271208181	0.6554631610349133	0	0	0	0	0.0002258301622240536	0	0	0.02052077427223384	-23440599677852252e-22
18.2	4.7671321747275135	4.7671321747275135	4.7671321747275135	0.09109212816953685	5.470851787511355	0.017727327531833863	9.602887099915177	497.12927120824	0.6554631610347172	0	0	0	0	0.000225829153514488	0	0	0.020520797322283686	-234417699077589e-20
18.3	4.7671321747275135	4.7671321747275135	4.7671321747275135	0.09109212816953723	5.470851787513255	0.017727327531818327	9.602887099915169	497.1292712081966	0.655463161034861	0	0	0	0	0.00022582989617678744	0	0	0.020520780351610826	-234409090952026e-20
18.4	4.7671321747275135	4.7671321747275135	4.7671321747275135	0.09109212816953707	5.4708517875125064	0.017727327531825075	9.602887099915174	497.1292712082137	0.6554631610347984	0	0	0	0	0.00022582961249546064	0	0	0.02052078683289204	-23441247653485812e-22
18.5	4.7671321747275135	4.7671321747275135	4.7671321747275135	0.09109212816953588	5.470851787506875	0.017727327531872058	9.602887099915206	497.1292712083422	0.6554631610343635	0	0	0	0	0.00022582742581536344	0	0	0.02052083679926109	-23443796982425896e-22
18.6	4.7671321747275135	4.7671321747275135	4.7671321747275135	0.0910921281695356	5.470851787505536	0.017727327531883195	9.602887099915213	497.1292712083728	0.6554631610342605	0	0	0	0	0.00022582690395806868	0	0	0.020520848723969008	-2344440450064199e-21
18.7	4.767132174727513	4.767132174727513	4.767132174727513	0.09109212816953678	5.470851787511229	0.017727327531836076	9.60288709991518	497.12927120824287	0.6554631610346966	0	0	0	0	0.00022582912271172095	0	0	0.020520798023921955	-2344182421616329e-21
18.8	4.7671321747275135	4.7671321747275135	4.7671321747275135	0.0910921281695359	5.470851787506728	0.01772732753187451	9.602887099915204	497.12927120834553	0.6554631610343408	0	0	0	0	0.00022582739946452396	0	0	0.020520837398802505	-2344384919711958e-21
18.9	4.7671321747275135	4.7671321747275135	4.7671321747275135	0.091092128169535	5.47085178750233	0.01772732753191169	9.602887099915227	497.1292712084459	0.6554631610339965	0	0	0	0	0.0002258257061792443	0	0	0.020520876089886158	-2344583225901115e-21
19	4.7671321747275135	4.7671321747275135	4.7671321747275135	0.09109212816953646	5.470851787509449	0.017727327531851685	9.60288709991519	497.12927120828346	0.655463161034552	0	0	0	0	0.00022582845288500342	0	0	0.020520813328065764	-23442618961495314e-22
19.1	4.7671321747275135	4.7671321747275135	4.7671321747275135	0.09109212816953673	5.470851787510516	0.01772732753184332	9.602887099915181	497.12927120825907	0.6554631610346294	0	0	0	0	0.00022582887775629361	0	0	0.02052080361857233	-2344213210507175e-21
19.2	4.7671321747275135	4.7671321747275135	4.7671321747275135	0.09109212816953637	5.470851787508464	0.017727327531861084	9.60288709991519	497.12927120830597	0.6554631610344651	0	0	0	0	0.00022582809703495247	0	0	0.020520821456981402	-23443053260156233e-22
19.3	4.7671321747275135	4.7671321747275135	4.7671321747275135	0.09109212816953725	5.470851787513099	0.01772732753182156	9.602887099915169	497.1292712082002	0.6554631610348308	0	0	0	0	0.0002258298739878953	0	0	0.020520780854802318	-23440966729003163e-22
19.4	4.767132174727514	4.767132174727514	4.767132174727514	0.09109212816953738	5.470851787513598	0.01772732753181769	9.602887099915165	497.12927120818875	0.6554631610348667	0	0	0	0	0.00022583007210402847	0	0	0.020520776327300275	-23440739757802764e-22
19.5	4.7671321747275135	4.7671321747275135	4.7671321747275135	0.09109212816953725	5.470851787512862	0.017727327531824197	9.602887099915169	497.1292712082055	0.6554631610348064	0	0	0	0	0.0002258297940993627	0	0	0.020520782679099955	-2344106960758254e-21
19.6	4.7671321747275135	4.7671321747275135	4.7671321747275135	0.09109212816953773	5.470851787515343	0.01772732753180282	9.602887099915154	497.12927120814885	0.6554631610350042	0	0	0	0	0.000225830741015347	0	0	0.020520761043095175	-23439954369282476e-22
19.7	4.7671321747275135	4.7671321747275135	4.7671321747275135	0.09109212816953745	5.470851787514048	0.01772732753181448	9.602887099915161	497.1292712081784	0.6554631610348963	0	0	0	0	0.00022583025002821585	0	0	0.020520772260892314	-2344053862625901e-21
19.8	4.7671321747275135	4.7671321747275135	4.7671321747275135	0.09109212816953721	5.470851787512745	0.017727327531825997	9.60288709991517	497.12927120820814	0.6554631610347895	0	0	0	0	0.00022582975507340946	0	0	0.0205207835696415	-2344112517040341e-21
19.9	4.7671321747275135	4.7671321747275135	4.7671321747275135	0.09109212816953764	5.4708517875149845	0.01772732753180639	9.60288709991516	497.12927120815704	0.6554631610349714	0	0	0	0	0.00022583060718296962	0	0	0.020520764100353018	-23440117679844106e-22
20	4.7671321747275135	4.7671321747275135	4.7671321747275135	0.09109212816953713	5.4708517875121165	0.01772732753183227	9.60288709991517	497.12927120822246	0.6554631610347315	0	0	0	0	0.00022582952273776378	0	0	0.02052078887702859	-23441409213702303e-22
20.1	4.7671321747275135	4.7671321747275135	4.7671321747275135	0.09109212816953641	5.470851787508107	0.01772732753186814	9.602887099915192	497.129271208314	0.6554631610343993	0	0	0	0	0.00022582800331904257	0	0	0.020520823592154094	-23443214830776478e-22
20.2	4.7671321747275135	4.7671321747275135	4.7671321747275135	0.09109212816953678	5.470851787510204	0.01772732753184939	9.602887099915181	497.1292712082662	0.6554631610345729	0	0	0	0	0.0002258287975937382	0	0	0.020520805444861026	-2344227094495711e-21
20.3	4.767132174727514	4.767132174727514	4.767132174727514	0.09109212816953693	5.470851787510913	0.017727327531843647	9.602887099915177	497.12927120825003	0.6554631610346261	0	0	0	0	0.00022582907538978725	0	0	0.020520799096951047	-23441948583294472e-22
20.4	4.7671321747275135	4.7671321747275135	4.7671321747275135	0.09109212816953566	5.470851787503692	0.01772732753190923	9.602887099915211	497.12927120841476	0.6554631610340185	0	0	0	0	0.00022582635528593285	0	0	0.020520861243339	-23445193955113524e-22
20.5	4.7671321747275135	4.7671321747275135	4.7671321747275135	0.0910921281695352	5.470851787501249	0.01772732753193134	9.602887099915225	497.1292712084705	0.6554631610338136	0	0	0	0	0.00022582543351068758	0	0	0.020520882303325345	-23446292682250523e-22
20.6	4.7671321747275135	4.7671321747275135	4.7671321747275135	0.0910921281695367	5.470851787509574	0.01772732753185614	9.602887099915183	497.1292712082806	0.6554631610345103	0	0	0	0	0.0002258285766019173	0	0	0.020520810492260445	-23442548122544895e-22
20.7	4.7671321747275135	4.7671321747275135	4.7671321747275135	0.09109212816953635	5.470851787507365	0.01772732753187689	9.602887099915192	497.1292712083311	0.6554631610343181	0	0	0	0	0.00022582776227851289	0	0	0.020520829095905885	-2344352991141489e-21
20.8	4.7671321747275135	4.7671321747275135	4.7671321747275135	0.09109212816953587	5.470851787504594	0.017727327531902367	9.602887099915206	497.12927120839436	0.655463161034082	0	0	0	0	0.00022582672687220697	0	0	0.020520852751315845	-2344476999073443e-21
20.9	4.7671321747275135	4.7671321747275135	4.7671321747275135	0.09109212816953706	5.470851787511467	0.01772732753183958	9.602887099915174	497.1292712082374	0.6554631610346638	0	0	0	0	0.00022582930553248146	0	0	0.020520793837190823	-2344168781569392e-21
21	4.7671321747275135	4.7671321747275135	4.7671321747275135	0.09109212816953721	5.470851787512069	0.017727327531834477	9.602887099915169	497.12927120822377	0.6554631610347111	0	0	0	0	0.0002258295402853337	0	0	0.02052078847319992	-2344141259146245e-21
21.1	4.7671321747275135	4.7671321747275135	4.7671321747275135	0.09109212816953717	5.470851787511716	0.017727327531837842	9.602887099915169	497.1292712082317	0.6554631610346799	0	0	0	0	0.00022582941241130206	0	0	0.02052079139444249	-2344156770535771e-21
21.2	4.7671321747275135	4.7671321747275135	4.7671321747275135	0.0910921281695377	5.470851787514938	0.017727327531808237	9.602887099915154	497.1292712081582	0.6554631610349542	0	0	0	0	0.00022583061434496097	0	0	0.02052076393445523	-23440128096911612e-22
21.3	4.7671321747275135	4.7671321747275135	4.7671321747275135	0.09109212816953753	5.470851787514018	0.017727327531817126	9.602887099915161	497.12927120817915	0.6554631610348718	0	0	0	0	0.00022583027241284467	0	0	0.020520771745896244	-23440541575924637e-22
21.4	4.767132174727514	4.767132174727514	4.767132174727514	0.09109212816953748	5.470851787513794	0.01772732753181929	9.602887099915161	497.1292712081844	0.6554631610348517	0	0	0	0	0.00022583018893469105	0	0	0.02052077365294657	-23440642473939814e-22
21.5	4.7671321747275135	4.7671321747275135	4.7671321747275135	0.09109212816953777	5.470851787515319	0.017727327531805177	9.602887099915154	497.1292712081496	0.6554631610349825	0	0	0	0	0.00022583075865682036	0	0	0.020520760636885127	-2343995935945233e-21
21.6	4.7671321747275135	4.7671321747275135	4.7671321747275135	0.09109212816953735	5.470851787512575	0.01772732753183129	9.602887099915165	497.12927120821223	0.6554631610347403	0	0	0	0	0.00022582974231877677	0	0	0.020520783855557986	-23441185700150572e-22
21.7	4.7671321747275135	4.7671321747275135	4.7671321747275135	0.09109212816953706	5.470851787510774	0.017727327531848358	9.602887099915174	497.1292712082534	0.6554631610345822	0	0	0	0	0.00022582907410592404	0	0	0.020520799121253156	-23441991167460494e-22
21.8	4.7671321747275135	4.7671321747275135	4.7671321747275135	0.09109212816953756	5.470851787513802	0.017727327531819763	9.60288709991516	497.1292712081842	0.6554631610348473	0	0	0	0	0.00022583019855809965	0	0	0.020520773432361437	-2344063679629353e-21
21.9	4.7671321747275135	4.7671321747275135	4.7671321747275135	0.09109212816953693	5.4708517875096225	0.017727327531860217	9.602887099915174	497.1292712082796	0.6554631610344721	0	0	0	0	0.00022582865149369487	0	0	0.02052080877506996	-23442509072761324e-22
22	4.7671321747275135	4.7671321747275135	4.7671321747275135	0.09109212816953599	5.470851787503209	0.017727327531921827	9.602887099915202	497.12927120842596	0.6554631610339011	0	0	0	0	0.00022582627550755589	0	0	0.020520863055008314	-23445380343491036e-22
22.1	4.7671321747275135	4.7671321747275135	4.7671321747275135	0.09109212816953623	5.470851787504865	0.01772732753190591	9.602887099915197	497.1292712083881	0.6554631610340487	0	0	0	0	0.000225826888200185	0	0	0.02052084905796053	-23444639713802378e-22
22.2	4.7671321747275135	4.7671321747275135	4.7671321747275135	0.09109212816953699	5.4708517875095435	0.017727327531861483	9.602887099915176	497.12927120828135	0.6554631610344605	0	0	0	0	0.00022582862655207533	0	0	0.02052080934432529	-2344254405058973e-21
22.3	4.7671321747275135	4.7671321747275135	4.7671321747275135	0.09109212816953609	5.470851787502964	0.01772732753192569	9.602887099915197	497.12927120843153	0.6554631610338653	0	0	0	0	0.0002258261996972444	0	0	0.020520864785121995	-23445486717725074e-22
22.4	4.7671321747275135	4.7671321747275135	4.7671321747275135	0.09109212816953577	5.470851787500625	0.017727327531948417	9.602887099915206	497.12927120848497	0.6554631610336547	0	0	0	0	0.00022582533638895253	0	0	0.020520884507253225	-23446532640214258e-22
22.5	4.7671321747275135	4.7671321747275135	4.7671321747275135	0.09109212816953707	5.470851787509797	0.017727327531859603	9.60288709991517	497.12927120827555	0.655463161034478	0	0	0	0	0.00022582872584469736	0	0	0.02052080707529079	-2344242941737323e-21
22.6	4.7671321747275135	4.7671321747275135	4.7671321747275135	0.09109212816953713	5.470851787509454	0.017727327531863585	9.60288709991517	497.1292712082834	0.6554631610344409	0	0	0	0	0.00022582860373746672	0	0	0.02052080986409644	-2344258299515121e-21
22.7	4.767132174727514	4.767132174727514	4.767132174727514	0.09109212816953711	5.470851787509258	0.017727327531865646	9.60288709991517	497.1292712082879	0.6554631610344218	0	0	0	0	0.0002258285332169928	0	0	0.02052081147490607	-23442669990210737e-22
22.8	4.7671321747275135	4.7671321747275135	4.7671321747275135	0.09109212816953773	5.470851787513961	0.017727327531819694	9.602887099915156	497.12927120818046	0.6554631610348477	0	0	0	0	0.00022583026802479802	0	0	0.02052077184373707	-23440566189934897e-22
22.9	4.7671321747275135	4.7671321747275135	4.7671321747275135	0.09109212816953768	5.470851787513484	0.01772732753182471	9.602887099915156	497.12927120819137	0.6554631610348012	0	0	0	0	0.00022583009386698168	0	0	0.020520775821970216	-2344078025838467e-21
23	4.7671321747275135	4.7671321747275135	4.7671321747275135	0.09109212816953777	5.470851787514213	0.01772732753181757	9.602887099915154	497.1292712081747	0.6554631610348675	0	0	0	0	0.00022583036232247156	0	0	0.02052076968922514	-23440454454730416e-22
23.1	4.7671321747275135	4.7671321747275135	4.7671321747275135	0.09109212816953792	5.470851787515371	0.017727327531806284	9.60288709991515	497.1292712081484	0.6554631610349722	0	0	0	0	0.00022583078977127163	0	0	0.02052075992428179	-2343993634940372e-21
23.2	4.7671321747275135	4.7671321747275135	4.7671321747275135	0.0910921281695377	5.470851787513435	0.017727327531825772	9.602887099915158	497.12927120819256	0.6554631610347913	0	0	0	0	0.00022583007856399225	0	0	0.020520776171076067	-23440803410952733e-22
23.3	4.7671321747275135	4.7671321747275135	4.7671321747275135	0.0910921281695377	5.470851787513442	0.01772732753182571	9.602887099915158	497.12927120819245	0.6554631610347919	0	0	0	0	0.00022583008126799057	0	0	0.020520776109315273	-23440800210049395e-22
23.4	4.7671321747275135	4.7671321747275135	4.7671321747275135	0.09109212816953784	5.470851787514413	0.01772732753181623	9.602887099915154	497.12927120817017	0.6554631610348796	0	0	0	0	0.0002258304395436572	0	0	0.020520767924626548	-2344036570705479e-21
23.5	4.7671321747275135	4.7671321747275135	4.7671321747275135	0.09109212816953742	5.470851787509688	0.01772732753186416	9.602887099915167	497.1292712082781	0.6554631610344351	0	0	0	0	0.00022582870610774543	0	0	0.020520807522785716	-23442481709009737e-22
23.6	4.7671321747275135	4.7671321747275135	4.7671321747275135	0.0910921281695371	5.47085178750639	0.017727327531897527	9.602887099915174	497.1292712083535	0.6554631610341257	0	0	0	0	0.00022582749550250147	0	0	0.02052083517762126	-23443958789449474e-22
23.7	4.7671321747275135	4.7671321747275135	4.7671321747275135	0.09109212816953757	5.470851787511212	0.017727327531848733	9.60288709991516	497.1292712082434	0.6554631610345782	0	0	0	0	0.00022582926599101972	0	0	0.02052079473292012	-234417986358398e-20
23.8	4.7671321747275135	4.7671321747275135	4.7671321747275135	0.09109212816953748	5.470851787510273	0.017727327531858933	9.602887099915163	497.12927120826487	0.6554631610344837	0	0	0	0	0.0002258289216965387	0	0	0.020520802597374183	-23442223311155333e-22
23.9	4.7671321747275135	4.7671321747275135	4.7671321747275135	0.091092128169537	5.470851787505245	0.017727327531910524	9.602887099915176	497.12927120837963	0.6554631610340051	0	0	0	0	0.00022582707750195532	0	0	0.020520844725214257	-2344447841257542e-21
24	4.7671321747275135	4.7671321747275135	4.7671321747275135	0.09109212816953727	5.4708517875080585	0.01772732753188174	9.602887099915167	497.12927120831534	0.655463161034272	0	0	0	0	0.00022582810979609506	0	0	0.02052082114395164	-2344321672583784e-21
