0	4.7671321747275135	4.7671321747275135	4.7671321747275135	0.09109212816953825	5.470851787518253	0.017727327531777623	9.60288709991514	497.12927120808246	0.6554631610352376	0	0	0	0	0	0	0	0	0
0.1	4.7671321747275135	4.7671321747275135	4.7671321747275135	0.09109212816953824	5.470851787518253	0.017727327531777623	9.60288709991514	497.12927120808246	0.6554631610352375	0	0	0	0	-0.6044345892276175	11.487366913464747	0	-3.097913715485393	48.70742748368631
0.2	4.7671321747275135	4.7671321747275135	4.7671321747275135	0.09109212816953825	5.470851787518253	0.017727327531777623	9.60288709991514	497.12927120808246	0.6554631610352376	0	0	0	0	-2.9099413639207	15.526811318976227	0	-31.483019877681322	137.3763480360206
0.3	4.7671321747275135	4.7671321747275135	4.7671321747275135	0.09109212816953825	5.470851787518254	0.017727327531777623	9.60288709991514	497.12927120808246	0.6554631610352376	0	0	0	0	-6.17050545242394	16.947264360289974	0	-104.3002177041783	226.4874828447208
0.4	4.7671321747275135	4.7671321747275135	4.7671321747275135	0.09109212816953825	5.470851787518254	0.017727327531777623	9.60288709991514	497.12927120808246	0.6554631610352376	0	0	0	0	-9.566344647368688	17.4469551937584	0	-221.72372757718236	304.73285174036556
0.5	4.7671321747275135	4.7671321747275135	4.7671321747275135	0.09109212816953825	5.470851787518254	0.017727327531777623	9.60288709991514	497.12927120808246	0.6554631610352375	0	0	0	0	-12.67524470863974	17.62292319092208	0	-373.30904757780144	370.2343522875695
0.6	4.7671321747275135	4.7671321747275135	4.7671321747275135	0.09109212816953827	5.470851787518254	0.017727327531777623	9.60288709991514	497.1292712080825	0.6554631610352376	0	0	0	0	-15.351814061629955	17.685151247868557	0	-546.0122881622427	424.0294653529165
0.7	4.767132174727513	4.767132174727513	4.767132174727513	0.09109212816953825	5.470851787518253	0.017727327531777623	9.60288709991514	497.12927120808246	0.6554631610352375	0	0	0	0	-17.586780962239565	17.707387292872337	0	-728.1373006945269	467.8582017427371
0.8	4.767132174727514	4.767132174727514	4.767132174727514	0.09109212816953827	5.470851787518253	0.017727327531777623	9.60288709991514	497.1292712080825	0.6554631610352377	0	0	0	0	-19.424489301660103	17.715564502963314	0	-910.6141669792258	503.4453040220668
0.9	4.7671321747275135	4.7671321747275135	4.7671321747275135	0.09109212816953825	5.470851787518253	0.017727327531777623	9.60288709991514	497.1292712080825	0.6554631610352376	0	0	0	0	-20.923927809341336	17.718795486212088	0	-1087.0308584760405	532.2984849855378
1	4.767132174727513	4.767132174727513	4.767132174727513	0.09109212816953825	5.470851787518253	0.017727327531777623	9.60288709991514	497.1292712080825	0.6554631610352376	0	0	0	0	-22.14264383212608	17.720269520922656	0	-1253.2226699039472	555.6765309108722
1.1	4.7671321747275135	4.7671321747275135	4.7671321747275135	0.09109212816953824	5.470851787518253	0.01772732753177762	9.60288709991514	497.1292712080825	0.6554631610352375	0	0	0	0	-23.13141002277025	17.72110830984579	0	-1406.7352155193753	574.6151753099134
1.2	4.767132174727513	4.767132174727513	4.767132174727513	0.09109212816953824	5.470851787518253	0.017727327531777616	9.60288709991514	497.1292712080825	0.6554631610352375	0	0	0	0	-23.93295889815128	17.72169783102447	0	-1546.3969573144589	589.9570985740772
1.3	4.7671321747275135	4.7671321747275135	4.7671321747275135	0.09109212816953825	5.470851787518254	0.01772732753177762	9.60288709991514	497.1292712080825	0.6554631610352375	0	0	0	0	-24.582237504017172	17.722167182913697	0	-1671.951933940308	602.3803827978993
1.4	4.7671321747275135	4.7671321747275135	4.7671321747275135	0.09109212816953825	5.470851787518252	0.017727327531777623	9.60288709991514	497.1292712080825	0.6554631610352376	0	0	0	0	-25.108390014954107	17.722568696392518	0	-1783.6927529698883	612.4465253463959
1.5	4.7671321747275135	4.7671321747275135	4.7671321747275135	0.09109212816953825	5.470851787518252	0.017727327531777623	9.60288709991514	497.1292712080825	0.6554631610352376	0	0	0	0	-25.53446995482422	17.72291827224436	0	-1882.3527378109834	620.5977282126094
1.6	4.7671321747275135	4.7671321747275135	4.7671321747275135	0.09109212816953825	5.470851787518252	0.017727327531777623	9.60288709991514	497.1292712080825	0.6554631610352376	0	0	0	0	-25.879688934684573	17.723224500052037	0	-1968.8565451569634	627.2019988594805
1.7	4.7671321747275135	4.7671321747275135	4.7671321747275135	0.09109212816953824	5.470851787518252	0.017727327531777616	9.60288709991514	497.1292712080825	0.6554631610352376	0	0	0	0	-26.15925999618836	17.72349235982639	0	-2044.265928945982	632.5504778546034
1.8	4.7671321747275135	4.7671321747275135	4.7671321747275135	0.09109212816953825	5.470851787518254	0.01772732753177762	9.60288709991514	497.1292712080825	0.6554631610352376	0	0	0	0	-26.385810750091935	17.723725686225816	0	-2109.670708988164	636.8847425631777
1.9	4.7671321747275135	4.7671321747275135	4.7671321747275135	0.09109212816953825	5.470851787518254	0.017727327531777623	9.60288709991514	497.12927120808257	0.6554631610352376	0	0	0	0	-26.569203866410035	17.72392811161582	0	-2166.146964947224	640.3934478885654
2	4.767132174727514	4.767132174727514	4.767132174727514	0.09109212816953827	5.470851787518256	0.01772732753177762	9.60288709991514	497.1292712080826	0.6554631610352377	0	0	0	0	-26.71794520874094	17.72410302306671	0	-2214.73622638681	643.2392864426691
2.1	4.7671321747275135	4.7671321747275135	4.7671321747275135	0.09109212816953825	5.470851787518256	0.01772732753177762	9.60288709991514	497.12927120808257	0.6554631610352375	0	0	0	0	-26.838250612577227	17.72425351578003	0	-2256.3773498012	645.5411468114529
2.2	4.7671321747275135	4.7671321747275135	4.7671321747275135	0.09109212816953825	5.470851787518254	0.017727327531777623	9.60288709991514	497.1292712080826	0.6554631610352376	0	0	0	0	-26.935862143865304	17.724382664946322	0	-2291.978715935379	647.4088606386274
2.3	4.7671321747275135	4.7671321747275135	4.7671321747275135	0.09109212816953825	5.470851787518256	0.017727327531777626	9.60288709991514	497.12927120808257	0.6554631610352376	0	0	0	0	-27.01491831057	17.724493071921618	0	-2322.319670062897	648.9215869299842
2.4	4.7671321747275135	4.7671321747275135	4.7671321747275135	0.09109212816953825	5.470851787518256	0.017727327531777626	9.60288709991514	497.12927120808257	0.6554631610352376	0	0	0	0	-27.078850032599085	17.724587182617856	0	-2348.1012052609462	650.1449543058868
2.5	4.7671321747275135	4.7671321747275135	4.7671321747275135	0.09109212816953823	5.470851787518251	0.017727327531777623	9.60288709991514	497.12927120808257	0.6554631610352375	0	0	0	0	-27.130803738467804	17.724667309181445	0	-2369.9939445716877	651.1391504798388
2.6	4.7671321747275135	4.7671321747275135	4.7671321747275135	0.09109212816953817	5.4708517875182485	0.01772732753177763	9.602887099915144	497.1292712080826	0.6554631610352376	0	0	0	0	-27.172852960550795	17.724735269514113	0	-2388.520691932923	651.9438419360705
2.7	4.7671321747275135	4.7671321747275135	4.7671321747275135	0.09109212816953814	5.47085178751825	0.01772732753177763	9.602887099915142	497.12927120808257	0.6554631610352375	0	0	0	0	-27.206826893540292	17.724792775612755	0	-2404.158173996622	652.5940212071255
2.8	4.767132174727513	4.767132174727513	4.767132174727513	0.09109212816953816	5.470851787518242	0.01772732753177763	9.602887099915144	497.12927120808274	0.6554631610352375	0	0	0	0	-27.23445622367453	17.72484145819898	0	-2417.36842988454	653.1227982820158
2.9	4.7671321747275135	4.7671321747275135	4.7671321747275135	0.09109212816953804	5.47085178751821	0.01772732753177765	9.602887099915149	497.12927120808354	0.6554631610352374	0	0	0	0	-27.256858983821314	17.724882518930443	0	-2428.4982183842917	653.5515652642885
3	4.7671321747275135	4.7671321747275135	4.7671321747275135	0.09109212816953796	5.47085178751819	0.017727327531777658	9.60288709991515	497.129271208084	0.6554631610352374	0	0	0	0	-27.274936367397906	17.72491705038159	0	-2437.8399837666575	653.8975614006912
3.1	4.7671321747275135	4.7671321747275135	4.7671321747275135	0.09109212816953806	5.470851787518214	0.01772732753177765	9.602887099915147	497.12927120808354	0.6554631610352375	0	0	0	0	-27.289588239323948	17.724946140391094	0	-2445.685510333583	654.178000931485
3.2	4.7671321747275135	4.7671321747275135	4.7671321747275135	0.09109212816953781	5.470851787518117	0.017727327531777706	9.602887099915154	497.1292712080856	0.6554631610352369	0	0	0	0	-27.301525782096917	17.724970563141394	0	-2452.284182658106	654.4065053371338
3.3	4.7671321747275135	4.7671321747275135	4.7671321747275135	0.0910921281695373	5.470851787517947	0.017727327531777807	9.602887099915167	497.12927120808934	0.6554631610352362	0	0	0	0	-27.311179013637727	17.724990965383128	0	-2457.806715057394	654.5912988488425
3.4	4.7671321747275135	4.7671321747275135	4.7671321747275135	0.09109212816953711	5.470851787517882	0.017727327531777845	9.602887099915174	497.12927120809076	0.6554631610352358	0	0	0	0	-27.318961816125093	17.725008066307737	0	-2462.4156735127985	654.740285748371
3.5	4.7671321747275135	4.7671321747275135	4.7671321747275135	0.09109212816953748	5.470851787517993	0.017727327531777796	9.60288709991516	497.1292712080883	0.6554631610352363	0	0	0	0	-27.325284325897133	17.725022520561645	0	-2466.272852883149	654.8613084235401
3.6	4.7671321747275135	4.7671321747275135	4.7671321747275135	0.09109212816953546	5.470851787517109	0.017727327531778598	9.602887099915216	497.1292712081079	0.6554631610352295	0	0	0	0	-27.330436192124996	17.72503410221916	0	-2469.5061456333638	654.9600204861271
3.7	4.7671321747275135	4.7671321747275135	4.7671321747275135	0.09109212816953222	5.470851787515747	0.01772732753177978	9.602887099915302	497.12927120813794	0.6554631610352195	0	0	0	0	-27.3345978352593	17.725043400523973	0	-2472.200430467761	655.0398241894632
3.8	4.7671321747275135	4.7671321747275135	4.7671321747275135	0.09109212816953055	5.470851787515061	0.01772732753178036	9.602887099915348	497.1292712081531	0.6554631610352146	0	0	0	0	-27.33795096814308	17.725051372085254	0	-2474.4382257887687	655.1040860118397
3.9	4.7671321747275135	4.7671321747275135	4.7671321747275135	0.09109212816953316	5.470851787516181	0.017727327531779365	9.602887099915275	497.1292712081283	0.655463161035223	0	0	0	0	-27.340677155691058	17.725058961832108	0	-2476.3020458035744	655.1561720564086
4	4.7671321747275135	4.7671321747275135	4.7671321747275135	0.09109212816951706	5.470851787507741	0.017727327531789225	9.602887099915707	497.12927120831625	0.6554631610351374	0	0	0	0	-27.34285987948585	17.72506098509065	0	-2477.863549968059	655.1988402593524
4.1	4.7671321747275135	4.7671321747275135	4.7671321747275135	0.09109212816947942	5.470851787488676	0.01772732753181072	9.60288709991671	497.12927120874036	0.6554631610349511	0	0	0	0	-27.344566796875593	17.72505695054239	0	-2479.16423879804	655.2334856682891
4.2	4.7671321747275135	4.7671321747275135	4.7671321747275135	0.0910921281694467	5.470851787472261	0.01772732753182901	9.602887099917583	497.12927120910535	0.6554631610347927	0	0	0	0	-27.345935423772616	17.725053247212745	0	-2480.2407725131447	655.2613767823904
4.3	4.7671321747275135	4.7671321747275135	4.7671321747275135	0.09109212816944533	5.470851787471781	0.017727327531829238	9.60288709991762	497.1292712091159	0.6554631610347909	0	0	0	0	-27.347103276089236	17.725056264127126	0	-2481.1298113329976	655.2837821008279
4.4	4.7671321747275135	4.7671321747275135	4.7671321747275135	0.09109212816949272	5.470851787495802	0.017727327531802117	9.602887099916355	497.1292712085816	0.6554631610350259	0	0	0	0	-27.348181769124498	17.725070251557305	0	-2481.8678608222663	655.301959943763
4.5	4.7671321747275135	4.7671321747275135	4.7671321747275135	0.09109212816951061	5.470851787503626	0.017727327531795303	9.602887099915879	497.12927120840834	0.6554631610350836	0	0	0	0	-27.34899780965503	17.725076771459896	0	-2482.483572271991	655.3168193610176
4.6	4.7671321747275135	4.7671321747275135	4.7671321747275135	0.09109212816951363	5.470851787504545	0.01772732753179523	9.6028870999158	497.12927120838845	0.6554631610350836	0	0	0	0	-27.349631002882393	17.725079398942565	0	-2482.9942024588145	655.3288698850147
4.7	4.7671321747275135	4.7671321747275135	4.7671321747275135	0.09109212816952758	5.470851787512261	0.017727327531785433	9.602887099915428	497.12927120821627	0.6554631610351692	0	0	0	0	-27.350183177023368	17.72508430335708	0	-2483.4170686181355	655.3386296490955
4.8	4.7671321747275135	4.7671321747275135	4.7671321747275135	0.09109212816952936	5.470851787512859	0.017727327531785384	9.602887099915378	497.12927120820325	0.6554631610351692	0	0	0	0	-27.350599958408164	17.72508604059354	0	-2483.767989763469	655.3465602308411
4.9	4.7671321747275135	4.7671321747275135	4.7671321747275135	0.09109212816953274	5.470851787514864	0.017727327531782557	9.602887099915288	497.1292712081585	0.6554631610351941	0	0	0	0	-27.35094645035372	17.72508793671152	0	-2484.058209803851	655.3529804435449
5	4.7671321747275135	4.7671321747275135	4.7671321747275135	0.0910921281695353	5.47085178751635	0.017727327531780555	9.60288709991522	497.1292712081253	0.6554631610352116	0	0	0	0	-27.351227090739005	17.725089454653542	0	-2484.298739546542	655.3581956445963
5.1	4.7671321747275135	4.7671321747275135	4.7671321747275135	0.09109212816953552	5.47085178751639	0.017727327531780662	9.602887099915213	497.12927120812446	0.6554631610352107	0	0	0	0	-27.35144784007066	17.725090255295527	0	-2484.497641811671	655.3624212974605
5.2	4.7671321747275135	4.7671321747275135	4.7671321747275135	0.091092128169537	5.47085178751741	0.017727327531778997	9.602887099915174	497.12927120810144	0.6554631610352255	0	0	0	0	-27.351632638122133	17.72509123738868	0	-2484.662121643987	655.365848197953
5.3	4.7671321747275135	4.7671321747275135	4.7671321747275135	0.09109212816953731	5.470851787517578	0.01772732753177882	9.602887099915167	497.12927120809775	0.6554631610352271	0	0	0	0	-27.351778742935142	17.725091822822797	0	-2484.798194781917	655.3686297279398
5.4	4.7671321747275135	4.7671321747275135	4.7671321747275135	0.09109212816953759	5.470851787517756	0.017727327531778525	9.60288709991516	497.12927120809377	0.6554631610352296	0	0	0	0	-27.35189735561452	17.725092309031993	0	-2484.910516083636	655.3708821624424
5.5	4.7671321747275135	4.7671321747275135	4.7671321747275135	0.09109212816953793	5.470851787518011	0.017727327531778074	9.602887099915149	497.12927120808797	0.6554631610352337	0	0	0	0	-27.3519943763751	17.725092745716253	0	-2485.0034126230703	655.3727119916143
5.6	4.7671321747275135	4.7671321747275135	4.7671321747275135	0.09109212816953795	5.470851787518019	0.017727327531778084	9.60288709991515	497.1292712080878	0.6554631610352336	0	0	0	0	-27.35207178640344	17.72509304130513	0	-2485.0800644257856	655.3741943955118
5.7	4.7671321747275135	4.7671321747275135	4.7671321747275135	0.0910921281695381	5.470851787518138	0.017727327531777852	9.602887099915145	497.1292712080852	0.6554631610352357	0	0	0	0	-27.352135263945183	17.725093317390012	0	-2485.143335454349	655.3753966995424
5.8	4.7671321747275135	4.7671321747275135	4.7671321747275135	0.09109212816953814	5.470851787518173	0.017727327531777796	9.602887099915142	497.1292712080844	0.6554631610352363	0	0	0	0	-27.35218641221382	17.72509352665797	0	-2485.1955861810748	655.3763727994109
5.9	4.7671321747275135	4.7671321747275135	4.7671321747275135	0.09109212816953817	5.470851787518186	0.017727327531777772	9.602887099915144	497.12927120808405	0.6554631610352365	0	0	0	0	-27.35222773521748	17.725093693606613	0	-2485.2386342797968	655.3771631486003
6	4.7671321747275135	4.7671321747275135	4.7671321747275135	0.09109212816953483	5.470851787515499	0.017727327531784375	9.602887099915232	497.1292712081446	0.6554631610351768	0	0	0	0	-27.352244417031567	17.72509310314094	0	-2485.2747263755664	655.3778150778919
6.1	4.7671321747275135	4.7671321747275135	4.7671321747275135	0.09109212816952489	5.470851787507498	0.017727327531804	9.6028870999155	497.1292712083246	0.6554631610349997	0	0	0	0	-27.35222130074096	17.725091051077143	0	-2485.305500191172	655.3783615065915
6.2	4.7671321747275135	4.7671321747275135	4.7671321747275135	0.09109212816951162	5.470851787496851	0.0177273275318301	9.602887099915852	497.1292712085642	0.6554631610347641	0	0	0	0	-27.352176084685674	17.72508826111249	0	-2485.3313338574476	655.3788117338354
6.3	4.7671321747275135	4.7671321747275135	4.7671321747275135	0.09109212816949845	5.470851787486275	0.017727327531856005	9.602887099916202	497.12927120880215	0.6554631610345301	0	0	0	0	-27.352126780591792	17.72508547048787	0	-2485.3525953294925	655.379174876791
6.4	4.7671321747275135	4.7671321747275135	4.7671321747275135	0.09109212816948874	5.470851787478486	0.01772732753187505	9.602887099916463	497.1292712089773	0.6554631610343582	0	0	0	0	-27.352091400185408	17.725083416444164	0	-2485.369652562403	655.3794600526261
6.5	4.7671321747275135	4.7671321747275135	4.7671321747275135	0.09109212816948582	5.470851787476205	0.017727327531880565	9.60288709991654	497.1292712090287	0.6554631610343085	0	0	0	0	-27.35208795519259	17.72508283622226	0	-2485.382873511278	655.3796763785081
6.6	4.7671321747275135	4.7671321747275135	4.7671321747275135	0.09109212816949314	5.470851787482146	0.017727327531865882	9.602887099916344	497.1292712088949	0.655463161034441	0	0	0	0	-27.352134457339446	17.72508446706304	0	-2485.3926261312154	655.3798329716042
6.7	4.7671321747275135	4.7671321747275135	4.7671321747275135	0.09109212816951388	5.470851787498922	0.0177273275318246	9.60288709991579	497.1292712085174	0.6554631610348138	0	0	0	0	-27.352248229997436	17.72508901752673	0	-2485.399291531982	655.3799391568916
6.8	4.7671321747275135	4.7671321747275135	4.7671321747275135	0.0910921281695276	5.470851787509675	0.017727327531798714	9.602887099915424	497.1292712082756	0.6554631610350473	0	0	0	0	-27.352322868287754	17.7250920220295	0	-2485.405463758146	655.3800382978627
6.9	4.7671321747275135	4.7671321747275135	4.7671321747275135	0.09109212816953036	5.470851787511613	0.01772732753179445	9.602887099915351	497.1292712082322	0.6554631610350857	0	0	0	0	-27.352340513244823	17.72509263890191	0	-2485.411521437789	655.3801355832634
7	4.7671321747275135	4.7671321747275135	4.7671321747275135	0.09109212816953494	5.470851787515473	0.01772732753178467	9.60288709991523	497.1292712081452	0.655463161035174	0	0	0	0	-27.352369251755658	17.72509366204514	0	-2485.4161876433927	655.3802097043238
7.1	4.7671321747275135	4.7671321747275135	4.7671321747275135	0.09109212816953612	5.470851787516377	0.017727327531782532	9.602887099915199	497.12927120812486	0.6554631610351935	0	0	0	0	-27.352378516011292	17.725093932655252	0	-2485.42034886653	655.3802750439351
7.2	4.7671321747275135	4.7671321747275135	4.7671321747275135	0.09109212816953711	5.470851787517243	0.01772732753178028	9.60288709991517	497.1292712081053	0.6554631610352138	0	0	0	0	-27.352386847063375	17.72509416473355	0	-2485.4237530159703	655.3803279087077
7.3	4.7671321747275135	4.7671321747275135	4.7671321747275135	0.09109212816953767	5.470851787517733	0.017727327531779014	9.602887099915158	497.1292712080942	0.6554631610352254	0	0	0	0	-27.3523922738443	17.725094300600134	0	-2485.426586511452	655.3803713381354
7.4	4.7671321747275135	4.7671321747275135	4.7671321747275135	0.09109212816953784	5.470851787517871	0.017727327531778664	9.602887099915154	497.12927120809115	0.6554631610352285	0	0	0	0	-27.352395023384176	17.725094345332913	0	-2485.428951476691	655.3804071346343
7.5	4.7671321747275135	4.7671321747275135	4.7671321747275135	0.09109212816953806	5.4708517875180975	0.01772732753177805	9.602887099915147	497.12927120808604	0.6554631610352339	0	0	0	0	-27.352397969299354	17.72509440595884	0	-2485.4308819157113	655.380435993701
7.6	4.7671321747275135	4.7671321747275135	4.7671321747275135	0.09109212816953813	5.470851787518138	0.017727327531777953	9.602887099915145	497.12927120808524	0.6554631610352348	0	0	0	0	-27.352399460949613	17.72509442238179	0	-2485.4324878273756	655.3804596924393
7.7	4.767132174727513	4.767132174727513	4.767132174727513	0.09109212816953818	5.4708517875182	0.017727327531777772	9.602887099915144	497.1292712080838	0.6554631610352365	0	0	0	0	-27.35240086278157	17.725094441690864	0	-2485.4338034591765	655.3804788713759
7.8	4.7671321747275135	4.7671321747275135	4.7671321747275135	0.0910921281695382	5.470851787518217	0.01772732753177771	9.602887099915144	497.1292712080835	0.655463161035237	0	0	0	0	-27.352401812699778	17.725094450868603	0	-2485.434889020781	655.3804945009445
7.9	4.7671321747275135	4.7671321747275135	4.7671321747275135	0.09109212816953821	5.470851787518232	0.017727327531777682	9.602887099915142	497.12927120808314	0.6554631610352374	0	0	0	0	-27.352402551123006	17.725094456964122	0	-2485.435780710206	655.3805071827452
8	4.767132174727514	4.767132174727514	4.767132174727514	0.09109212816953824	5.470851787518244	0.01772732753177765	9.602887099915142	497.12927120808297	0.6554631610352376	0	0	0	0	-27.35240315847711	17.725094462119795	0	-2485.4365137727495	655.3805174865458
8.1	4.7671321747275135	4.7671321747275135	4.7671321747275135	0.09109212816953824	5.470851787518243	0.017727327531777644	9.60288709991514	497.1292712080829	0.6554631610352376	0	0	0	0	-27.35240360815804	17.725094464901925	0	-2485.4371160075475	655.3805258495306
8.2	4.7671321747275135	4.7671321747275135	4.7671321747275135	0.0910921281695359	5.470851787515646	0.017727327531782907	9.602887099915202	497.12927120814163	0.6554631610351904	0	0	0	0	-27.352394809339675	17.725094179528583	0	-2485.437817742159	655.3805352923987
8.3	4.7671321747275135	4.7671321747275135	4.7671321747275135	0.09109212816952605	5.470851787504751	0.017727327531804973	9.602887099915465	497.1292712083882	0.6554631610349927	0	0	0	0	-27.35235668558559	17.725092975411535	0	-2485.4390884847544	655.3805518674712
8.4	4.767132174727514	4.767132174727514	4.767132174727514	0.09109212816951061	5.47085178748763	0.01772732753183965	9.602887099915877	497.12927120877566	0.6554631610346822	0	0	0	0	-27.352296548670758	17.72509108168215	0	-2485.4407740296588	655.3805736219099
8.5	4.7671321747275135	4.7671321747275135	4.7671321747275135	0.09109212816949173	5.47085178746676	0.017727327531881908	9.602887099916382	497.1292712092479	0.6554631610343036	0	0	0	0	-27.352223136647726	17.725088772242206	0	-2485.4426878970867	655.3805981893655
8.6	4.7671321747275135	4.7671321747275135	4.7671321747275135	0.09109212816947172	5.470851787444616	0.01772732753192672	9.602887099916916	497.129271209749	0.6554631610339023	0	0	0	0	-27.352145187569082	17.72508632099347	0	-2485.444643607256	655.3806232034894
8.7	4.767132174727514	4.767132174727514	4.767132174727514	0.0910921281694528	5.4708517874236735	0.017727327531969074	9.602887099917425	497.1292712102229	0.6554631610335231	0	0	0	0	-27.35207143948739	17.72508400183772	0	-2485.446454680383	655.3806462979327
8.8	4.7671321747275135	4.7671321747275135	4.7671321747275135	0.09109212816943715	5.470851787406409	0.01772732753200393	9.60288709991784	497.12927121061347	0.6554631610332108	0	0	0	0	-27.352010630455215	17.72508208867672	0	-2485.447934636685	655.3806651063466
8.9	4.7671321747275135	4.7671321747275135	4.7671321747275135	0.09109212816942708	5.4708517873953	0.017727327532026285	9.602887099918108	497.12927121086483	0.6554631610330107	0	0	0	0	-27.35197149852513	17.725080855412262	0	-2485.448896996379	655.380677262382
9	4.7671321747275135	4.7671321747275135	4.7671321747275135	0.09109212816942479	5.47085178739282	0.0177273275320311	9.60288709991817	497.12927121092093	0.6554631610329678	0	0	0	0	-27.35196278174971	17.72508057594611	0	-2485.4491552796826	655.3806803996903
9.1	4.7671321747275135	4.7671321747275135	4.7671321747275135	0.09109212816943252	5.470851787401447	0.01772732753201336	9.602887099917965	497.1292712107256	0.6554631610331267	0	0	0	0	-27.35199321818152	17.725081524180037	0	-2485.4485230068117	655.3806721519227
9.2	4.7671321747275135	4.7671321747275135	4.7671321747275135	0.09109212816945249	5.470851787423657	0.01772732753196804	9.602887099917432	497.12927121022295	0.6554631610335327	0	0	0	0	-27.352071545873123	17.72508397401582	0	-2485.4468136979835	655.38065015273
9.3	4.7671321747275135	4.7671321747275135	4.7671321747275135	0.09109212816948697	5.470851787461924	0.017727327531890123	9.602887099916511	497.12927120935694	0.6554631610342309	0	0	0	0	-27.352206502877095	17.725088199355238	0	-2485.4438408734154	655.3806120357639
9.4	4.7671321747275135	4.7671321747275135	4.7671321747275135	0.09109212816951877	5.470851787496937	0.01772732753181987	9.602887099915664	497.1292712085647	0.6554631610348598	0	0	0	0	-27.352330015872802	17.725092090844313	0	-2485.441139181307	655.3805773104497
9.5	4.7671321747275135	4.7671321747275135	4.7671321747275135	0.09109212816952716	5.470851787505857	0.017727327531803356	9.602887099915437	497.129271208363	0.6554631610350069	0	0	0	0	-27.352361552548576	17.725093116728484	0	-2485.440503909089	655.3805690315728
9.6	4.7671321747275135	4.7671321747275135	4.7671321747275135	0.0910921281695337	5.470851787513182	0.01772732753178812	9.602887099915263	497.1292712081972	0.6554631610351436	0	0	0	0	-27.352387423576072	17.725093918964074	0	-2485.4399825266255	655.3805625967476
9.7	4.7671321747275135	4.7671321747275135	4.7671321747275135	0.09109212816953588	5.470851787515554	0.017727327531783427	9.602887099915202	497.12927120814356	0.6554631610351855	0	0	0	0	-27.35239583410192	17.725094184637793	0	-2485.439845150352	655.3805609690722
9.8	4.7671321747275135	4.7671321747275135	4.7671321747275135	0.09109212816953718	5.470851787517023	0.017727327531780288	9.602887099915169	497.1292712081103	0.6554631610352138	0	0	0	0	-27.35240104433475	17.725094343644606	0	-2485.439770759803	655.3805601759427
9.9	4.7671321747275135	4.7671321747275135	4.7671321747275135	0.09109212816953778	5.470851787517666	0.017727327531778928	9.602887099915154	497.12927120809576	0.655463161035226	0	0	0	0	-27.352403341272666	17.725094413838367	0	-2485.4397546035393	655.3805600812664
10	4.7671321747275135	4.7671321747275135	4.7671321747275135	0.09109212816953803	5.47085178751795	0.017727327531778313	9.602887099915147	497.12927120808934	0.6554631610352316	0	0	0	0	-27.35240436645236	17.72509444445697	0	-2485.4397608702043	655.3805602497711
10.1	4.7671321747275135	4.7671321747275135	4.7671321747275135	0.09109212816953814	5.470851787518122	0.01772732753177792	9.602887099915144	497.1292712080854	0.655463161035235	0	0	0	0	-27.35240499416236	17.72509446286184	0	-2485.4397709098703	655.3805604469084
10.2	4.7671321747275135	4.7671321747275135	4.7671321747275135	0.09109212816953818	5.4708517875181775	0.017727327531777796	9.602887099915144	497.1292712080842	0.6554631610352362	0	0	0	0	-27.352405202477154	17.725094468788285	0	-2485.439786121056	655.3805606905457
10.3	4.7671321747275135	4.7671321747275135	4.7671321747275135	0.09109212816953823	5.470851787518222	0.017727327531777692	9.602887099915144	497.12927120808325	0.6554631610352372	0	0	0	0	-27.352405374346592	17.72509447353787	0	-2485.4397986224167	655.3805608890234
10.4	4.7671321747275135	4.7671321747275135	4.7671321747275135	0.09109212816953823	5.4708517875182325	0.017727327531777668	9.602887099915142	497.129271208083	0.6554631610352375	0	0	0	0	-27.352405425028493	17.72509447482229	0	-2485.4398109323593	655.3805610737904
10.5	4.7671321747275135	4.7671321747275135	4.7671321747275135	0.09109212816953825	5.470851787518245	0.017727327531777644	9.60288709991514	497.12927120808274	0.6554631610352376	0	0	0	0	-27.352405471939818	17.72509447595569	0	-2485.439820940831	655.3805612230072
10.6	4.7671321747275135	4.7671321747275135	4.7671321747275135	0.09109212816953827	5.470851787518249	0.017727327531777637	9.60288709991514	497.1292712080826	0.6554631610352377	0	0	0	0	-27.352405488214565	17.725094476289463	0	-2485.4398296471322	655.3805613494883
10.7	4.7671321747275135	4.7671321747275135	4.7671321747275135	0.09109212816954636	5.470851787516873	0.017727327531786036	9.602887099914925	497.12927120811725	0.6554631610351604	0	0	0	0	-27.35240019078623	17.725094342962077	0	-2485.439957344345	655.3805626958169
10.8	4.7671321747275135	4.7671321747275135	4.7671321747275135	0.09109212816959288	5.47085178750895	0.017727327531834387	9.602887099913685	497.1292712083161	0.6554631610347159	0	0	0	0	-27.352369684121424	17.725093575626524	0	-2485.44065581623	655.3805699233454
10.9	4.7671321747275135	4.7671321747275135	4.7671321747275135	0.09109212816967253	5.470851787495378	0.017727327531917157	9.602887099911559	497.12927120865663	0.6554631610339549	0	0	0	0	-27.35231744829706	17.725092261754362	0	-2485.441846212967	655.3805822198485
11	4.767132174727514	4.767132174727514	4.767132174727514	0.0910921281697759	5.470851787477752	0.01772732753202455	9.602887099908804	497.1292712090988	0.6554631610329674	0	0	0	0	-27.35224966570671	17.72509055677293	0	-2485.443388351536	655.3805981404643
11.1	4.7671321747275135	4.7671321747275135	4.7671321747275135	0.09109212816989357	5.470851787457673	0.017727327532146776	9.602887099905665	497.12927120960245	0.6554631610318437	0	0	0	0	-27.35217251874394	17.725088616109588	0	-2485.4451420489186	655.3806162403303
11.2	4.7671321747275135	4.7671321747275135	4.7671321747275135	0.0910921281700161	5.470851787436739	0.01772732753227404	9.602887099902398	497.1292712101276	0.6554631610306736	0	0	0	0	-27.352092189802324	17.725086595191666	0	-2485.4469671220954	655.3806350745849
11.3	4.7671321747275135	4.7671321747275135	4.7671321747275135	0.09109212817013408	5.470851787416547	0.017727327532396527	9.602887099899252	497.12927121063393	0.6554631610295474	0	0	0	0	-27.35201486127542	17.725084649446522	0	-2485.4487233880473	655.3806531983662
11.4	4.7671321747275135	4.7671321747275135	4.7671321747275135	0.09109212817023808	5.470851787398694	0.017727327532504458	9.602887099896478	497.1292712110815	0.6554631610285553	0	0	0	0	-27.35194671555681	17.725082934301504	0	-2485.450270663755	655.3806691668121
11.5	4.7671321747275135	4.7671321747275135	4.7671321747275135	0.09109212817031873	5.470851787384781	0.01772732753258803	9.60288709989433	497.12927121143	0.6554631610277869	0	0	0	0	-27.35189393504005	17.725081605183952	0	-2485.4514687661995	655.3806815350608
11.6	4.7671321747275135	4.7671321747275135	4.7671321747275135	0.09109212817036652	5.470851787376406	0.017727327532637442	9.602887099893055	497.1292712116396	0.6554631610273328	0	0	0	0	-27.351862702118712	17.725080817521217	0	-2485.452177512362	655.3806888582503
11.7	4.7671321747275135	4.7671321747275135	4.7671321747275135	0.09109212817037209	5.470851787375165	0.017727327532642903	9.602887099892907	497.1292712116699	0.6554631610272829	0	0	0	0	-27.35185919918636	17.72508072674064	0	-2485.4522567192225	655.3806896915187
11.8	4.7671321747275135	4.7671321747275135	4.7671321747275135	0.09109212817032601	5.470851787382657	0.017727327532594612	9.602887099894136	497.12927121148095	0.6554631610277272	0	0	0	0	-27.351889608636565	17.725081488269574	0	-2485.4515662037625	655.380682590004
11.9	4.7671321747275135	4.7671321747275135	4.7671321747275135	0.09109212817021885	5.470851787400481	0.017727327532482774	9.602887099896995	497.12927121103263	0.6554631610287558	0	0	0	0	-27.351960112862894	17.725083257535363	0	-2485.4499657829624	655.3806661088444
12	4.767132174727514	4.767132174727514	4.767132174727514	0.09109212817004117	5.470851787430234	0.01772732753229759	9.602887099901734	497.1292712102848	0.6554631610304589	0	0	0	0	-27.352076894258918	17.725086189965353	0	-2485.447315273803	655.3806388031777
12.1	4.7671321747275135	4.7671321747275135	4.7671321747275135	0.09109212816978633	5.470851787473122	0.017727327532032183	9.60288709990853	497.1292712092073	0.6554631610328995	0	0	0	0	-27.352244298349	17.725090395473252	0	-2485.4435162031664	655.3805996521668
12.2	4.7671321747275135	4.7671321747275135	4.7671321747275135	0.0910921281696664	5.470851787497924	0.017727327531911457	9.602887099911726	497.1292712085943	0.6554631610340053	0	0	0	0	-27.352320712427495	17.7250923576233	0	-2485.441784062177	655.3805814155936
12.3	4.7671321747275135	4.7671321747275135	4.7671321747275135	0.09109212816966242	5.470851787503012	0.017727327531911488	9.60288709991183	497.1292712084763	0.6554631610340008	0	0	0	0	-27.352321050324452	17.725092406755227	0	-2485.4417790601246	655.3805810020685
12.4	4.7671321747275135	4.7671321747275135	4.7671321747275135	0.09109212816959833	5.470851787510901	0.017727327531842405	9.602887099913541	497.12927120827214	0.6554631610346389	0	0	0	0	-27.352364630070486	17.725093474894475	0	-2485.440790918097	655.3805710826147
12.5	4.7671321747275135	4.7671321747275135	4.7671321747275135	0.09109212816958148	5.470851787514739	0.01772732753182524	9.602887099913989	497.129271208178	0.6554631610347961	0	0	0	0	-27.35237514833088	17.7250937484698	0	-2485.44055365537	655.3805685621068
12.6	4.7671321747275135	4.7671321747275135	4.7671321747275135	0.09109212816957502	5.4708517875159615	0.01772732753181859	9.602887099914161	497.12927120814777	0.6554631610348571	0	0	0	0	-27.35237932562337	17.725093854631172	0	-2485.440460036332	655.3805675968066
12.7	4.767132174727513	4.767132174727513	4.767132174727513	0.09109212816955464	5.4708517875173985	0.017727327531795893	9.602887099914705	497.12927120810747	0.6554631610350679	0	0	0	0	-27.352393748119578	17.72509419853592	0	-2485.4401333293226	655.3805644112571
12.8	4.7671321747275135	4.7671321747275135	4.7671321747275135	0.09109212816955337	5.470851787518106	0.017727327531794623	9.602887099914739	497.1292712080909	0.6554631610350792	0	0	0	0	-27.352394325476457	17.72509421760246	0	-2485.4401211129803	655.3805642494067
12.9	4.767132174727514	4.767132174727514	4.767132174727514	0.091092128169547	5.470851787518195	0.01772732753178747	9.60288709991491	497.12927120808666	0.6554631610351458	0	0	0	0	-27.3523990371523	17.7250943268352	0	-2485.440014693033	655.3805632444427
13	4.7671321747275135	4.7671321747275135	4.7671321747275135	0.09109212816954346	5.470851787518386	0.017727327531783438	9.602887099915002	497.12927120808104	0.6554631610351833	0	0	0	0	-27.35240158182169	17.725094387004745	0	-2485.4399574190006	655.3805626942332
13.1	4.7671321747275135	4.7671321747275135	4.7671321747275135	0.09109212816954321	5.470851787518523	0.017727327531783143	9.602887099915009	497.12927120807785	0.655463161035186	0	0	0	0	-27.352401697082506	17.72509439077482	0	-2485.4399552686837	655.3805626676136
13.2	4.7671321747275135	4.7671321747275135	4.7671321747275135	0.09109212816954047	5.470851787518379	0.01772732753178009	9.602887099915081	497.1292712080802	0.6554631610352146	0	0	0	0	-27.352403811470122	17.72509443829087	0	-2485.4399075652937	655.3805622317843
13.3	4.7671321747275135	4.7671321747275135	4.7671321747275135	0.09109212816954007	5.470851787518437	0.017727327531779597	9.602887099915092	497.1292712080787	0.6554631610352193	0	0	0	0	-27.352404084634482	17.725094445058744	0	-2485.439901664606	655.3805621743269
13.4	4.7671321747275135	4.7671321747275135	4.7671321747275135	0.09109212816953957	5.4708517875184	0.017727327531779052	9.602887099915105	497.12927120807944	0.6554631610352244	0	0	0	0	-27.352404473248463	17.725094453708916	0	-2485.4398930807347	655.380562098301
13.5	4.7671321747275135	4.7671321747275135	4.7671321747275135	0.09109212816953889	5.47085178751834	0.017727327531778313	9.602887099915122	497.1292712080806	0.6554631610352314	0	0	0	0	-27.35240500431905	17.72509446539555	0	-2485.4398812286195	655.3805619931567
13.6	4.7671321747275135	4.7671321747275135	4.7671321747275135	0.09109212816953886	5.470851787518363	0.017727327531778265	9.602887099915124	497.1292712080801	0.6554631610352317	0	0	0	0	-27.352405011670214	17.725094465704014	0	-2485.439881263994	655.3805619933188
13.7	4.767132174727514	4.767132174727514	4.767132174727514	0.0910921281695433	5.470851787519661	0.017727327531782737	9.602887099915005	497.12927120805193	0.6554631610351889	0	0	0	0	-27.352400736096264	17.725094377945386	0	-2485.4399787441853	655.3805628132291
13.8	4.7671321747275135	4.7671321747275135	4.7671321747275135	0.09109212816958316	5.470851787531045	0.017727327531823035	9.602887099913943	497.12927120780455	0.6554631610348035	0	0	0	0	-27.35236258358934	17.725093593073883	0	-2485.4408472153805	655.3805701262802
13.9	4.7671321747275135	4.7671321747275135	4.7671321747275135	0.09109212816964911	5.470851787549846	0.0177273275318898	9.602887099912184	497.12927120739613	0.6554631610341649	0	0	0	0	-27.35229945588512	17.725092294070297	0	-2485.442284079795	655.3805822280882
14	4.767132174727513	4.767132174727513	4.767132174727513	0.09109212816972302	5.4708517875708695	0.017727327531964692	9.60288709991021	497.12927120693945	0.6554631610334488	0	0	0	0	-27.352228739216986	17.725090838566903	0	-2485.443893636526	655.3805957873776
14.1	4.7671321747275135	4.7671321747275135	4.7671321747275135	0.09109212816978676	5.470851787588923	0.017727327532029356	9.602887099908509	497.12927120654746	0.6554631610328305	0	0	0	0	-27.352167819818327	17.725089584195974	0	-2485.4452801846683	655.3806074728734
14.2	4.7671321747275135	4.7671321747275135	4.7671321747275135	0.09109212816982212	5.470851787598811	0.01772732753206545	9.602887099907568	497.12927120633293	0.6554631610324857	0	0	0	0	-27.352134083922525	17.725088888589774	0	-2485.4460480233165	655.3806139533001
14.3	4.7671321747275135	4.7671321747275135	4.7671321747275135	0.091092128169811	5.470851787595342	0.017727327532054617	9.602887099907864	497.1292712064087	0.6554631610325895	0	0	0	0	-27.35214491776296	17.72508910938058	0	-2485.4458014515667	655.3806118973824
14.4	4.7671321747275135	4.7671321747275135	4.7671321747275135	0.09109212816973522	5.470851787573323	0.01772732753197852	9.602887099909886	497.1292712068876	0.6554631610333178	0	0	0	0	-27.352217707573022	17.72509060420066	0	-2485.444144768515	655.3805979738452
14.5	4.7671321747275135	4.7671321747275135	4.7671321747275135	0.09109212816961874	5.470851787540307	0.017727327531860283	9.602887099912992	497.1292712076046	0.6554631610344483	0	0	0	0	-27.352329041545318	17.725092896435246	0	-2485.441610879425	655.380576622177
14.6	4.7671321747275135	4.7671321747275135	4.7671321747275135	0.09109212816958795	5.470851787533493	0.017727327531825852	9.602887099913815	497.1292712077502	0.6554631610347751	0	0	0	0	-27.352357307006823	17.725093492204685	0	-2485.440967739413	655.3805710724313
14.7	4.7671321747275135	4.7671321747275135	4.7671321747275135	0.0910921281695672	5.470851787527447	0.017727327531805216	9.602887099914367	497.12927120788163	0.6554631610349727	0	0	0	0	-27.352377245463344	17.725093901553706	0	-2485.4405139514183	655.3805672596988
14.8	4.7671321747275135	4.7671321747275135	4.7671321747275135	0.09109212816955188	5.470851787522808	0.017727327531790144	9.602887099914778	497.1292712079827	0.6554631610351171	0	0	0	0	-27.35239207172048	17.725094204624373	0	-2485.4401765446314	655.3805644368819
14.9	4.7671321747275135	4.7671321747275135	4.7671321747275135	0.09109212816954845	5.470851787521967	0.017727327531786404	9.602887099914868	497.12927120800083	0.6554631610351527	0	0	0	0	-27.352395277100467	17.7250942715449	0	-2485.44010365321	655.3805638136473
15	4.7671321747275135	4.7671321747275135	4.7671321747275135	0.09109212816954243	5.470851787519775	0.017727327531781203	9.60288709991503	497.12927120804903	0.6554631610352032	0	0	0	0	-27.352401333305583	17.72509439279037	0	-2485.439965794105	655.3805626845717
15.1	4.7671321747275135	4.7671321747275135	4.7671321747275135	0.09109212816954113	5.470851787519407	0.017727327531779875	9.602887099915066	497.1292712080569	0.655463161035216	0	0	0	0	-27.352402570958425	17.725094418248883	0	-2485.4399376564143	655.38056244757
15.2	4.7671321747275135	4.7671321747275135	4.7671321747275135	0.0910921281695397	5.4708517875188365	0.017727327531778737	9.602887099915101	497.12927120806944	0.655463161035227	0	0	0	0	-27.352404046689607	17.725094447477918	0	-2485.439904063272	655.3805621754707
15.3	4.7671321747275135	4.7671321747275135	4.7671321747275135	0.09109212816953902	5.470851787518586	0.017727327531778175	9.60288709991512	497.1292712080751	0.6554631610352324	0	0	0	0	-27.35240472591166	17.72509446099292	0	-2485.439888631893	655.3805620497035
15.4	4.7671321747275135	4.7671321747275135	4.7671321747275135	0.09109212816953878	5.470851787518495	0.017727327531777973	9.602887099915128	497.12927120807717	0.6554631610352343	0	0	0	0	-27.352404970142597	17.72509446584448	0	-2485.439883102425	655.3805620046041
15.5	4.7671321747275135	4.7671321747275135	4.7671321747275135	0.09109212816953846	5.470851787518353	0.017727327531777762	9.602887099915137	497.12927120808024	0.6554631610352364	0	0	0	0	-27.35240529643218	17.725094472230865	0	-2485.439875667158	655.3805619451947
15.6	4.7671321747275135	4.7671321747275135	4.7671321747275135	0.09109212816953839	5.470851787518333	0.01772732753177771	9.602887099915138	497.12927120808064	0.6554631610352368	0	0	0	0	-27.3524053535604	17.725094473390865	0	-2485.4398743493953	655.3805619344507
15.7	4.7671321747275135	4.7671321747275135	4.7671321747275135	0.0910921281695383	5.470851787518289	0.017727327531777654	9.602887099915138	497.12927120808166	0.6554631610352373	0	0	0	0	-27.352405453829327	17.72509447531556	0	-2485.4398720722975	655.3805619165773
15.8	4.7671321747275135	4.7671321747275135	4.7671321747275135	0.09109212816953828	5.470851787518277	0.017727327531777637	9.60288709991514	497.12927120808195	0.6554631610352375	0	0	0	0	-27.35240548530738	17.725094475898842	0	-2485.439871393305	655.3805619111351
15.9	4.7671321747275135	4.7671321747275135	4.7671321747275135	0.09109212816953842	5.470851787518565	0.01772732753177761	9.602887099915137	497.12927120807535	0.6554631610352376	0	0	0	0	-27.352404965493758	17.725094465966468	0	-2485.439883252242	655.3805620036412
16	4.7671321747275135	4.7671321747275135	4.7671321747275135	0.09109212816954429	5.470851787531216	0.017727327531776613	9.60288709991498	497.12927120778664	0.6554631610352365	0	0	0	0	-27.352382029753496	17.725094027477912	0	-2485.4404056358962	655.3805660868422
16.1	4.7671321747275135	4.7671321747275135	4.7671321747275135	0.0910921281695572	5.470851787559039	0.017727327531774455	9.602887099914636	497.12927120715193	0.6554631610352339	0	0	0	0	-27.35233158937316	17.725093063092327	0	-2485.4415544599897	655.3805750671348
16.2	4.7671321747275135	4.7671321747275135	4.7671321747275135	0.0910921281695749	5.470851787597204	0.01772732753177153	9.602887099914161	497.12927120628115	0.6554631610352301	0	0	0	0	-27.35226239720484	17.72509174011837	0	-2485.4431303695783	655.3805873865609
16.3	4.7671321747275135	4.7671321747275135	4.7671321747275135	0.0910921281695952	5.4708517876408855	0.017727327531768228	9.60288709991362	497.1292712052845	0.6554631610352251	0	0	0	0	-27.35218320610062	17.725090225864694	0	-2485.4449340097167	655.3806014871623
16.4	4.7671321747275135	4.7671321747275135	4.7671321747275135	0.09109212816961579	5.470851787685256	0.017727327531764953	9.602887099913069	497.1292712042722	0.6554631610352193	0	0	0	0	-27.352102768912605	17.72508868763996	0	-2485.4467660254604	655.3806158109807
16.5	4.7671321747275135	4.7671321747275135	4.7671321747275135	0.0910921281696345	5.470851787725489	0.0177273275317621	9.60288709991257	497.12927120335434	0.6554631610352131	0	0	0	0	-27.352029838492886	17.72508729275282	0	-2485.448427061865	655.3806288000578
16.6	4.7671321747275135	4.7671321747275135	4.7671321747275135	0.09109212816964901	5.470851787756755	0.017727327531760068	9.60288709991218	497.12927120264106	0.6554631610352065	0	0	0	0	-27.351973167693558	17.725086208511936	0	-2485.449717763985	655.3806388964358
16.7	4.7671321747275135	4.7671321747275135	4.7671321747275135	0.09109212816965716	5.470851787774228	0.01772732753175925	9.602887099911964	497.1292712022425	0.6554631610352	0	0	0	0	-27.351941509366704	17.725085602225963	0	-2485.4504387768766	655.3806445421561
16.8	4.7671321747275135	4.7671321747275135	4.7671321747275135	0.09109212816965664	5.470851787773079	0.01772732753176004	9.602887099911976	497.1292712022687	0.6554631610351934	0	0	0	0	-27.351943616364427	17.725085641203552	0	-2485.4503907455946	655.3806441792607
16.9	4.7671321747275135	4.7671321747275135	4.7671321747275135	0.09109212816964526	5.470851787748482	0.017727327531762833	9.602887099912282	497.12927120282995	0.6554631610351875	0	0	0	0	-27.35198824153882	17.725086492753366	0	-2485.4493743151943	655.3806362497911
17	4.7671321747275135	4.7671321747275135	4.7671321747275135	0.09109212816962076	5.47085178769561	0.017727327531768037	9.602887099912934	497.1292712040363	0.6554631610351822	0	0	0	0	-27.35208413774197	17.725088324184068	0	-2485.4471901307306	655.3806191957894
17.1	4.7671321747275135	4.7671321747275135	4.7671321747275135	0.09109212816958098	5.4708517876098535	0.017727327531775996	9.602887099913996	497.1292712059929	0.655463161035178	0	0	0	0	-27.352239660587834	17.725091295249204	0	-2485.4436478853504	655.3805915296479
17.2	4.7671321747275135	4.7671321747275135	4.7671321747275135	0.09109212816955542	5.470851787555072	0.017727327531776405	9.602887099914678	497.12927120724277	0.6554631610352193	0	0	0	0	-27.35233884301732	17.72509319857771	0	-2485.4413889972193	655.3805738057215
17.3	4.7671321747275135	4.7671321747275135	4.7671321747275135	0.09109212816954856	5.470851787540609	0.01772732753177375	9.602887099914861	497.12927120757263	0.6554631610352559	0	0	0	0	-27.352364927895866	17.725093704258338	0	-2485.4407950073414	655.3805690965509
17.4	4.7671321747275135	4.7671321747275135	4.7671321747275135	0.09109212816954225	5.470851787526887	0.017727327531776256	9.602887099915032	497.12927120788567	0.6554631610352436	0	0	0	0	-27.35238985108014	17.725094178221884	0	-2485.4402273386477	655.3805646831747
17.5	4.7671321747275135	4.7671321747275135	4.7671321747275135	0.09109212816954057	5.470851787523313	0.017727327531776086	9.602887099915078	497.1292712079672	0.6554631610352482	0	0	0	0	-27.35239631205848	17.725094302613797	0	-2485.440080181249	655.38056352482
17.6	4.7671321747275135	4.7671321747275135	4.7671321747275135	0.0910921281695392	5.470851787520338	0.017727327531777012	9.602887099915113	497.12927120803505	0.6554631610352418	0	0	0	0	-27.352401730376876	17.72509440496891	0	-2485.439956763385	655.380562571742
17.7	4.7671321747275135	4.7671321747275135	4.7671321747275135	0.09109212816953875	5.470851787519364	0.01772732753177716	9.602887099915124	497.1292712080572	0.6554631610352413	0	0	0	0	-27.352403501848922	17.725094438708325	0	-2485.439916421663	655.380562257537
17.8	4.7671321747275135	4.7671321747275135	4.7671321747275135	0.09109212816953849	5.470851787518768	0.017727327531777397	9.602887099915133	497.12927120807075	0.6554631610352395	0	0	0	0	-27.35240458915812	17.72509445915026	0	-2485.4398916619775	655.3805620671758
17.9	4.7671321747275135	4.7671321747275135	4.7671321747275135	0.09109212816953838	5.4708517875184945	0.01772732753177749	9.602887099915137	497.129271208077	0.6554631610352388	0	0	0	0	-27.352405086400758	17.725094468497975	0	-2485.439880365524	655.3805619801492
18	4.7671321747275135	4.7671321747275135	4.7671321747275135	0.09109212816953831	5.470851787518381	0.017727327531777543	9.602887099915138	497.12927120807956	0.6554631610352384	0	0	0	0	-27.352405296315496	17.725094472428925	0	-2485.439875614504	655.3805619435602
18.1	4.7671321747275135	4.7671321747275135	4.7671321747275135	0.09109212816953828	5.470851787518311	0.017727327531777578	9.60288709991514	497.1292712080812	0.6554631610352382	0	0	0	0	-27.35240543280462	17.725094474977855	0	-2485.4398725243173	655.3805619198306
18.2	4.7671321747275135	4.7671321747275135	4.7671321747275135	0.09109212816953827	5.470851787518291	0.017727327531777595	9.60288709991514	497.12927120808166	0.655463161035238	0	0	0	0	-27.35240547318073	17.725094475735062	0	-2485.439871620419	655.3805619127806
18.3	4.7671321747275135	4.7671321747275135	4.7671321747275135	0.09109212816953827	5.470851787518267	0.017727327531777613	9.60288709991514	497.12927120808223	0.6554631610352378	0	0	0	0	-27.35240550995217	17.72509447640834	0	-2485.4398708017966	655.38056190651
18.4	4.767132174727513	4.767132174727513	4.767132174727513	0.09109212816953827	5.470851787518263	0.017727327531777613	9.60288709991514	497.12927120808246	0.6554631610352378	0	0	0	0	-27.35240551911528	17.72509447657951	0	-2485.439870605211	655.3805619049299
18.5	4.767132174727514	4.767132174727514	4.767132174727514	0.09109212816956348	5.470851787525258	0.017727327531769442	9.602887099914467	497.129271207931	0.6554631610353091	0	0	0	0	-27.352397773542705	17.725094329851927	0	-2485.440047028883	655.3805632712081
18.6	4.7671321747275135	4.7671321747275135	4.7671321747275135	0.0910921281696712	5.470851787555144	0.017727327531734557	9.602887099911596	497.12927120728415	0.6554631610356134	0	0	0	0	-27.3523646670999	17.725093702672027	0	-2485.4408011198834	655.3805691111689
18.7	4.7671321747275135	4.7671321747275135	4.7671321747275135	0.09109212816984574	5.47085178760356	0.01772732753167804	9.602887099906942	497.12927120623624	0.6554631610361064	0	0	0	0	-27.352311021342377	17.72509268635919	0	-2485.4420230537644	655.3805785744994
18.8	4.7671321747275135	4.7671321747275135	4.7671321747275135	0.09109212817006761	5.47085178766507	0.017727327531606243	9.602887099901025	497.12927120490485	0.6554631610367329	0	0	0	0	-27.35224284093918	17.725091394645975	0	-2485.4435760560473	655.3805906021898
18.9	4.767132174727513	4.767132174727513	4.767132174727513	0.09109212817031724	5.470851787734243	0.017727327531525512	9.60288709989437	497.12927120340765	0.6554631610374371	0	0	0	0	-27.352166130559347	17.72508994126494	0	-2485.4453233522536	655.3806041352302
19	4.767132174727514	4.767132174727514	4.767132174727514	0.09109212817057513	5.470851787805648	0.017727327531442186	9.602887099887496	497.1292712018623	0.6554631610381642	0	0	0	0	-27.352086894871903	17.725088439948657	0	-2485.447128167906	655.3806181146111
19.1	4.7671321747275135	4.7671321747275135	4.7671321747275135	0.0910921281708217	5.470851787873851	0.017727327531362608	9.60288709988092	497.12927120038614	0.6554631610388584	0	0	0	0	-27.352011138545883	17.725087004429678	0	-2485.448853728525	655.3806314813227
19.2	4.7671321747275135	4.7671321747275135	4.7671321747275135	0.0910921281710375	5.47085178793342	0.017727327531293132	9.602887099875167	497.12927119909705	0.6554631610394644	0	0	0	0	-27.351944866250324	17.725085748440577	0	-2485.4503632596343	655.3806431763553
19.3	4.7671321747275135	4.7671321747275135	4.7671321747275135	0.09109212817120295	5.470851787978924	0.01772732753124009	9.602887099870758	497.1292711981126	0.6554631610399272	0	0	0	0	-27.351894082654262	17.72508478571391	0	-2485.4515199867546	655.3806521406992
19.4	4.7671321747275135	4.7671321747275135	4.7671321747275135	0.09109212817129854	5.4708517880049286	0.017727327531209838	9.602887099868209	497.12927119755017	0.6554631610401911	0	0	0	0	-27.351864792426724	17.725084229982244	0	-2485.4521871354077	655.3806573153447
19.5	4.7671321747275135	4.7671321747275135	4.7671321747275135	0.09109212817130474	5.470851788006004	0.017727327531208713	9.602887099868045	497.12927119752754	0.655463161040201	0	0	0	0	-27.35186300023675	17.725084194978134	0	-2485.452227931115	655.3806576412821
19.6	4.7671321747275135	4.7671321747275135	4.7671321747275135	0.091092128171202	5.470851787976716	0.01772732753124306	9.602887099870784	497.1292711981623	0.6554631610399012	0	0	0	0	-27.351894710753374	17.72508479443415	0	-2485.4515055993993	655.3806520595016
19.7	4.7671321747275135	4.7671321747275135	4.7671321747275135	0.09109212817097083	5.470851787911632	0.01772732753131923	9.60288709987695	497.1292711995719	0.6554631610392367	0	0	0	0	-27.35196592864563	17.72508614208285	0	-2485.4498833657817	655.3806395109937
19.8	4.7671321747275135	4.7671321747275135	4.7671321747275135	0.09109212817059167	5.470851787805321	0.017727327531443557	9.602887099887063	497.12927120187413	0.655463161038152	0	0	0	0	-27.352082658582546	17.7250883516568	0	-2485.4472244557846	655.3806189367484
19.9	4.7671321747275135	4.7671321747275135	4.7671321747275135	0.09109212817005269	5.4708517876547065	0.017727327531619555	9.602887099901434	497.1292712051352	0.6554631610366166	0	0	0	0	-27.352248502087487	17.725091491724726	0	-2485.4434468384757	655.380589698281
20	4.7671321747275135	4.7671321747275135	4.7671321747275135	0.09109212816981299	5.470851787598477	0.01772732753168093	9.602887099907823	497.12927120633896	0.6554631610360829	0	0	0	0	-27.352320378905826	17.725092870143712	0	-2485.4418098366814	655.3805768625276
20.1	4.7671321747275135	4.7671321747275135	4.7671321747275135	0.09109212816981235	5.470851787608382	0.017727327531665636	9.602887099907841	497.1292712061117	0.6554631610362177	0	0	0	0	-27.352318818691646	17.725092857033296	0	-2485.4418455904542	655.3805769839549
20.2	4.7671321747275135	4.7671321747275135	4.7671321747275135	0.09109212816967231	5.470851787562386	0.0177273275317227	9.602887099911575	497.12927120711686	0.6554631610357186	0	0	0	0	-27.35236311682648	17.725093684607604	0	-2485.4408364357696	655.3805692786249
20.3	4.7671321747275135	4.7671321747275135	4.7671321747275135	0.09109212816963681	5.4708517875550635	0.017727327531728794	9.602887099912518	497.12927120727227	0.6554631610356665	0	0	0	0	-27.35237358400973	17.725093886944318	0	-2485.4405980867637	655.3805673944557
20.4	4.7671321747275135	4.7671321747275135	4.7671321747275135	0.09109212816962535	5.4708517875525615	0.01772732753173124	9.602887099912822	497.1292712073258	0.6554631610356456	0	0	0	0	-27.3523769793299	17.72509395234325	0	-2485.440520779885	655.3805667854853
20.5	4.7671321747275135	4.7671321747275135	4.7671321747275135	0.09109212816957722	5.470851787533995	0.01772732753175588	9.602887099914104	497.1292712077347	0.6554631610354292	0	0	0	0	-27.352392689360954	17.725094241503168	0	-2485.440162848774	655.3805640933863
20.6	4.7671321747275135	4.7671321747275135	4.7671321747275135	0.09109212816957475	5.470851787534665	0.017727327531753528	9.60288709991417	497.1292712077186	0.6554631610354504	0	0	0	0	-27.35239320941643	17.72509425351658	0	-2485.44015105559	655.38056398146
20.7	4.7671321747275135	4.7671321747275135	4.7671321747275135	0.09109212816956072	5.4708517875284475	0.017727327531762614	9.602887099914543	497.1292712078563	0.6554631610353703	0	0	0	0	-27.35239793195381	17.725094339239384	0	-2485.440043445882	655.3805631834426
20.8	4.767132174727513	4.767132174727513	4.767132174727513	0.09109212816955121	5.470851787524556	0.017727327531767856	9.602887099914797	497.1292712079422	0.6554631610353242	0	0	0	0	-27.352401074301696	17.72509439669309	0	-2485.439971850412	655.38056264857
20.9	4.7671321747275135	4.7671321747275135	4.7671321747275135	0.09109212816955113	5.470851787524934	0.01772732753176685	9.6028870999148	497.12927120793364	0.6554631610353332	0	0	0	0	-27.352401037488185	17.725094396608174	0	-2485.4399727131713	655.3805626493497
21	4.7671321747275135	4.7671321747275135	4.7671321747275135	0.09109212816954423	5.4708517875213705	0.01772732753177258	9.602887099914982	497.12927120801294	0.6554631610352823	0	0	0	0	-27.352403437824556	17.725094439467185	0	-2485.4399180142664	655.380562250422
21.1	4.7671321747275135	4.7671321747275135	4.7671321747275135	0.09109212816954296	5.470851787520934	0.017727327531772998	9.602887099915016	497.12927120802254	0.6554631610352788	0	0	0	0	-27.352403836376116	17.72509444693707	0	-2485.439908905608	655.3805621809498
21.2	4.7671321747275135	4.7671321747275135	4.7671321747275135	0.09109212816954214	5.470851787520523	0.017727327531773644	9.602887099915039	497.12927120803175	0.6554631610352732	0	0	0	0	-27.3524041244986	17.725094452120146	0	-2485.439902314163	655.3805621327484
21.3	4.7671321747275135	4.7671321747275135	4.7671321747275135	0.09109212816954003	5.4708517875193285	0.01772732753177569	9.602887099915096	497.1292712080584	0.6554631610352548	0	0	0	0	-27.35240487541672	17.72509446535031	0	-2485.4398852147947	655.3805620096089
21.4	4.7671321747275135	4.7671321747275135	4.7671321747275135	0.09109212816953997	5.47085178751937	0.01772732753177551	9.602887099915096	497.1292712080575	0.6554631610352566	0	0	0	0	-27.352404881677767	17.725094465569107	0	-2485.4398851056676	655.3805620075817
21.5	4.7671321747275135	4.7671321747275135	4.7671321747275135	0.09109212816954491	5.470851787523108	0.017727327531767492	9.602887099914962	497.1292712079736	0.6554631610353285	0	0	0	0	-27.352402929388823	17.72509443237735	0	-2485.4399296178863	655.380562316474
21.6	4.7671321747275135	4.7671321747275135	4.7671321747275135	0.09109212816963105	5.47085178758686	0.01772732753163257	9.602887099912666	497.1292712065414	0.65546316103654	0	0	0	0	-27.352369193472175	17.725093857394118	0	-2485.4406987852876	655.3805676675487
21.7	4.7671321747275135	4.7671321747275135	4.7671321747275135	0.09109212816978632	5.470851787701674	0.017727327531389798	9.602887099908525	497.12927120396216	0.6554631610387198	0	0	0	0	-27.35230838799477	17.725092820884388	0	-2485.44208514256	655.3805773138304
21.8	4.7671321747275135	4.7671321747275135	4.7671321747275135	0.09109212816996407	5.470851787832955	0.01772732753111242	9.602887099903784	497.1292712010131	0.6554631610412102	0	0	0	0	-27.352238818290044	17.725091634824288	0	-2485.4436713278924	655.3805883519117
21.9	4.7671321747275135	4.7671321747275135	4.7671321747275135	0.0910921281701175	5.470851787946107	0.01772732753087366	9.602887099899691	497.12927119847126	0.6554631610433538	0	0	0	0	-27.352178789691415	17.725090611189927	0	-2485.4450399794746	655.3805978783851
22	4.7671321747275135	4.7671321747275135	4.7671321747275135	0.09109212817019995	5.470851788006537	0.01772732753074675	9.602887099897494	497.12927119711406	0.655463161044493	0	0	0	0	-27.352146607532315	17.725090061957424	0	-2485.4457737354946	655.3806029898428
22.1	4.7671321747275135	4.7671321747275135	4.7671321747275135	0.09109212817016467	5.470851787979649	0.017727327530804915	9.602887099898435	497.1292711977184	0.6554631610439703	0	0	0	0	-27.352160577146176	17.725090299102888	0	-2485.4454552341426	655.3806007828777
22.2	4.7671321747275135	4.7671321747275135	4.7671321747275135	0.09109212816996493	5.470851787830849	0.017727327531121394	9.602887099903763	497.12927120106167	0.655463161041128	0	0	0	0	-27.35223900386641	17.725091634602443	0	-2485.443667113607	655.380588354082
22.3	4.7671321747275135	4.7671321747275135	4.7671321747275135	0.09109212816971028	5.470851787643972	0.017727327531513792	9.602887099910554	497.1292712052591	0.6554631610376058	0	0	0	0	-27.352338447596193	17.72509333145163	0	-2485.4413998287464	655.3805725622288
22.4	4.7671321747275135	4.7671321747275135	4.7671321747275135	0.09109212816965873	5.470851787611163	0.01772732753157359	9.602887099911928	497.1292712059935	0.6554631610370723	0	0	0	0	-27.352357607998055	17.725093664540385	0	-2485.4409630267473	655.38056946201
22.5	4.7671321747275135	4.7671321747275135	4.7671321747275135	0.0910921281696036	5.470851787569067	0.017727327531665348	9.6028870999134	497.1292712069398	0.6554631610362475	0	0	0	0	-27.352379457872853	17.725094035394743	0	-2485.440464833203	655.3805660107412
22.6	4.7671321747275135	4.7671321747275135	4.7671321747275135	0.09109212816957218	5.470851787545521	0.017727327531715555	9.602887099914234	497.12927120746895	0.6554631610357966	0	0	0	0	-27.352391812121766	17.72509424563432	0	-2485.4401831378245	655.3805640541185
22.7	4.7671321747275135	4.7671321747275135	4.7671321747275135	0.09109212816956411	5.470851787539782	0.017727327531727205	9.60288709991445	497.1292712075977	0.6554631610356921	0	0	0	0	-27.352394928110556	17.725094299049484	0	-2485.440112086053	655.380563556962
22.8	4.7671321747275135	4.7671321747275135	4.7671321747275135	0.09109212816954894	5.470851787527174	0.017727327531756626	9.602887099914856	497.1292712078817	0.655463161035427	0	0	0	0	-27.352401147382743	17.725094403381135	0	-2485.439970270629	655.3805625861002
22.9	4.7671321747275135	4.7671321747275135	4.7671321747275135	0.09109212816954619	5.470851787525205	0.01772732753176057	9.602887099914929	497.1292712079259	0.6554631610353917	0	0	0	0	-27.352402207019757	17.72509442155377	0	-2485.4399460942027	655.3805624169764
23	4.7671321747275135	4.7671321747275135	4.7671321747275135	0.09109212816954218	5.470851787521697	0.01772732753176915	9.602887099915035	497.1292712080049	0.6554631610353143	0	0	0	0	-27.352403886290677	17.72509444949234	0	-2485.4399077865187	655.3805621570025
23.1	4.7671321747275135	4.7671321747275135	4.7671321747275135	0.09109212816954047	5.470851787520274	0.0177273275317725	9.602887099915081	497.129271208037	0.655463161035284	0	0	0	0	-27.3524045859996	17.725094461196075	0	-2485.4398918305515	655.3805620480857
23.2	4.7671321747275135	4.7671321747275135	4.7671321747275135	0.09109212816953982	5.470851787519728	0.01772732753177381	9.602887099915097	497.1292712080493	0.6554631610352721	0	0	0	0	-27.352404851256562	17.72509446561907	0	-2485.439885786468	655.3805620069375
23.3	4.7671321747275135	4.7671321747275135	4.7671321747275135	0.09109212816953892	5.470851787518885	0.017727327531775975	9.602887099915122	497.1292712080683	0.6554631610352526	0	0	0	0	-27.35240524251136	17.725094472059954	0	-2485.4398768889664	655.3805619470239
23.4	4.7671321747275135	4.7671321747275135	4.7671321747275135	0.09109212816953877	5.4708517875187646	0.017727327531776246	9.602887099915126	497.12927120807103	0.65546316103525	0	0	0	0	-27.352405304471304	17.725094473090294	0	-2485.4398755099087	655.3805619374345
23.5	4.7671321747275135	4.7671321747275135	4.7671321747275135	0.09109212816953849	5.470851787518485	0.01772732753177699	9.602887099915135	497.1292712080772	0.6554631610352433	0	0	0	0	-27.35240542847755	17.725094475125374	0	-2485.439872682987	655.3805619184935
23.6	4.7671321747275135	4.7671321747275135	4.7671321747275135	0.0910921281695384	5.4708517875184	0.0177273275317772	9.602887099915135	497.1292712080792	0.6554631610352414	0	0	0	0	-27.352405467600892	17.725094475767452	0	-2485.439871792012	655.3805619125318
23.7	4.7671321747275135	4.7671321747275135	4.7671321747275135	0.09109212816953835	5.470851787518349	0.017727327531777342	9.602887099915137	497.12927120808035	0.6554631610352402	0	0	0	0	-27.352405490068655	17.725094476143013	0	-2485.439871268227	655.3805619090411
23.8	4.7671321747275135	4.7671321747275135	4.7671321747275135	0.09109212816953832	5.470851787518335	0.017727327531777387	9.602887099915137	497.1292712080807	0.6554631610352397	0	0	0	0	-27.352405502693642	17.725094476278517	0	-2485.439870983489	655.3805619077941
23.9	4.7671321747275135	4.7671321747275135	4.7671321747275135	0.09109212816953836	5.470851787518386	0.01772732753177724	9.602887099915137	497.12927120807944	0.6554631610352409	0	0	0	0	-27.352405489737716	17.725094475967804	0	-2485.439871298463	655.3805619107111
24	4.7671321747275135	4.7671321747275135	4.7671321747275135	0.09109212816953834	5.4708517875183595	0.01772732753177732	9.602887099915138	497.12927120808007	0.6554631610352403	0	0	0	0	-27.3524054983343	17.72509447614318	0	-2485.4398711004446	655.3805619090825
