0	4.7671321747275135	4.7671321747275135	4.7671321747275135	0.09109212816953825	5.470851787518253	0.017727327531777623	9.60288709991514	497.12927120808246	0.6554631610352376	0	0	0	0	0	0	0	0	0
0.1	4.7671321747275135	4.7671321747275135	4.7671321747275135	0.09109212816953825	5.470851787518253	0.017727327531777623	9.60288709991514	497.1292712080824	0.6554631610352376	0	0	0	0.0003281179458643785	0.02027402624179915	636643040040848e-19	0.003966573340534023	0.20825143083404	0.00027035028268727884
0.2	4.7671321747275135	4.7671321747275135	4.7671321747275135	0.09109212816953825	5.470851787518253	0.017727327531777623	9.60288709991514	497.1292712080825	0.6554631610352376	0	0	0	0.0004434961098202367	0.029369113377881114	8536850170051532e-20	0.011187548439987172	0.6087297298330108	0.0007595389074787309
0.3	4.7671321747275135	4.7671321747275135	4.7671321747275135	0.09109212816953824	5.470851787518254	0.017727327531777623	9.60288709991514	497.12927120808246	0.6554631610352376	0	0	0	0.0004840644261067394	0.03486851659030541	9213441208776012e-20	0.0184445050510149	1.0528084072225743	0.0012450798957497236
0.4	4.7671321747275135	4.7671321747275135	4.7671321747275135	0.09109212816953825	5.470851787518254	0.017727327531777623	9.60288709991514	497.12927120808246	0.6554631610352376	0	0	0	0.0004983299824957962	0.03891549805196768	9362447632025736e-20	0.024816466536297866	1.4929776513735145	0.0016634601691640526
0.5	4.7671321747275135	4.7671321747275135	4.7671321747275135	0.09109212816953825	5.470851787518254	0.017727327531777623	9.60288709991514	497.12927120808246	0.6554631610352376	0	0	0	0.0005033485197375768	0.042137692207870434	9329087230913402e-20	0.030150409008934606	1.9115064079179749	0.0020049465984900254
0.6	4.7671321747275135	4.7671321747275135	4.7671321747275135	0.09109212816953825	5.470851787518255	0.017727327531777623	9.60288709991514	497.12927120808246	0.6554631610352376	0	0	0	0.000505110756416588	0.044758548739528	9236856191228868e-20	0.03453089277956804	2.3005248911344327	0.0022765699758816454
0.7	4.7671321747275135	4.7671321747275135	4.7671321747275135	0.09109212816953825	5.470851787518254	0.017727327531777623	9.60288709991514	497.1292712080824	0.6554631610352376	0	0	0	0.0005057305979341541	0.04689603351490928	913036624634981e-19	0.03809950991482424	2.656375478842621	0.0024893620311459835
0.8	4.7671321747275135	4.7671321747275135	4.7671321747275135	0.09109212816953825	5.470851787518254	0.017727327531777623	9.60288709991514	497.1292712080825	0.6554631610352376	0	0	0	0.0005059489165589562	0.04863628209458116	9025687795031246e-20	0.040996816632664676	2.9778074351379558	0.002654195739150623
0.9	4.7671321747275135	4.7671321747275135	4.7671321747275135	0.09109212816953824	5.470851787518253	0.017727327531777623	9.60288709991514	497.1292712080825	0.6554631610352376	0	0	0	0.0005060256467292592	0.05005035431395247	8928513583328025e-20	0.04334566710533146	3.2651559929623715	0.002780568581766826
1	4.7671321747275135	4.7671321747275135	4.7671321747275135	0.09109212816953824	5.470851787518252	0.01772732753177762	9.60288709991514	497.1292712080825	0.6554631610352375	0	0	0	0.0005060520829274171	0.05119758185920668	8840638429059679e-20	0.04524825914777785	3.519826671566936	0.0028763721108771806
1.1	4.7671321747275135	4.7671321747275135	4.7671321747275135	0.09109212816953824	5.470851787518253	0.017727327531777623	9.60288709991514	497.1292712080825	0.6554631610352376	0	0	0	0.0005060616766030383	0.052127967411162025	8762372140354606e-20	0.04678966275256788	3.7438628283784317	0.002948154429008152
1.2	4.7671321747275135	4.7671321747275135	4.7671321747275135	0.09109212816953825	5.470851787518253	0.017727327531777623	9.602887099915138	497.12927120808246	0.6554631610352375	0	0	0	0.0005060650894247707	0.052881673475274636	8693321215226242e-20	0.04803742841518442	3.9397345764789735	0.003001073199375107
1.3	4.7671321747275135	4.7671321747275135	4.7671321747275135	0.09109212816953824	5.470851787518253	0.017727327531777623	9.60288709991514	497.1292712080825	0.6554631610352377	0	0	0	0.0005060664460896185	0.053492577163555766	8632856048221369e-20	0.04904823689657943	4.110047626344406	0.003039414954566037
1.4	4.7671321747275135	4.7671321747275135	4.7671321747275135	0.09109212816953824	5.470851787518254	0.01772732753177762	9.60288709991514	497.12927120808257	0.6554631610352377	0	0	0	0.0005060669721645826	0.0539872667656669	8580213299407325e-20	0.04986635252806244	4.257442621836356	0.00306646556776812
1.5	4.7671321747275135	4.7671321747275135	4.7671321747275135	0.09109212816953824	5.470851787518252	0.01772732753177762	9.60288709991514	497.12927120808257	0.6554631610352377	0	0	0	0.0005060672030492863	0.054388271511568415	853460887430518e-19	0.05052923118885058	4.384487797474085	0.0030849602294745694
1.6	4.7671321747275135	4.7671321747275135	4.7671321747275135	0.09109212816953824	5.470851787518252	0.01772732753177762	9.60288709991514	497.12927120808257	0.6554631610352377	0	0	0	0.0005060672896755887	0.05471286340023836	8495273528706772e-20	0.05106554107472041	4.493574075885122	0.003096923993053802
1.7	4.7671321747275135	4.7671321747275135	4.7671321747275135	0.09109212816953824	5.470851787518254	0.01772732753177762	9.60288709991514	497.1292712080826	0.6554631610352377	0	0	0	0.0005060673390958829	0.05497612844085536	8461464373729977e-20	0.05150031542284437	4.586972385005222	0.0031040895770152164
1.8	4.7671321747275135	4.7671321747275135	4.7671321747275135	0.09109212816953824	5.470851787518254	0.01772732753177762	9.60288709991514	497.1292712080826	0.6554631610352376	0	0	0	0.0005060673509899436	0.05518912319303966	8432514101051852e-20	0.05185188810334167	4.666660672469101	0.003107656204344174
1.9	4.7671321747275135	4.7671321747275135	4.7671321747275135	0.09109212816953824	5.470851787518255	0.01772732753177762	9.60288709991514	497.1292712080826	0.6554631610352377	0	0	0	0.0005060673667663296	0.055361914617717646	8407783319488757e-20	0.05213694933061174	4.734524131986382	0.0031086936476068844
2	4.7671321747275135	4.7671321747275135	4.7671321747275135	0.09109212816953827	5.4708517875182565	0.01772732753177762	9.60288709991514	497.12927120808257	0.6554631610352377	0	0	0	0.0005060673685726438	0.055501820756221	8386723674550848e-20	0.05236762782689905	4.792146796265736	0.0031079197968031966
2.1	4.7671321747275135	4.7671321747275135	4.7671321747275135	0.09109212816953825	5.470851787518255	0.01772732753177762	9.60288709991514	497.1292712080825	0.6554631610352377	0	0	0	0.0005060673725716037	0.05561509355992231	8368834208730942e-20	0.05255428064186166	4.840967294193077	0.003105919479345182
2.2	4.767132174727513	4.767132174727513	4.767132174727513	0.09109212816953827	5.470851787518259	0.017727327531777616	9.60288709991514	497.12927120808234	0.6554631610352377	0	0	0	0.0005060673743846234	0.05570705709191819	8353656654449405e-20	0.05270572774474684	4.882291781454999	0.0031031640379442817
2.3	4.7671321747275135	4.7671321747275135	4.7671321747275135	0.09109212816953828	5.4708517875182645	0.017727327531777613	9.60288709991514	497.12927120808246	0.6554631610352377	0	0	0	0.0005060673734651464	0.0557814156648552	8340824821838771e-20	0.0528281011622599	4.917151398590727	0.003099935136708434
2.4	4.767132174727514	4.767132174727514	4.767132174727514	0.09109212816953828	5.47085178751826	0.01772732753177762	9.60288709991514	497.1292712080825	0.6554631610352377	0	0	0	0.0005060673757661057	0.05584169016457846	8329985912748312e-20	0.05292722798645989	4.946538744517136	0.003096494348467954
2.5	4.7671321747275135	4.7671321747275135	4.7671321747275135	0.09109212816953827	5.470851787518262	0.017727327531777606	9.60288709991514	497.12927120808246	0.6554631610352377	0	0	0	0.0005060673751987828	0.05589063643856667	8320838355102684e-20	0.05300766941926622	4.971296107657303	0.003093019517044282
2.6	4.7671321747275135	4.7671321747275135	4.7671321747275135	0.09109212816953825	5.470851787518266	0.017727327531777595	9.60288709991514	497.12927120808234	0.6554631610352378	0	0	0	0.0005060673736699931	0.05593018818184189	8313147119541602e-20	0.053072621718172584	4.99207514146194	0.003089606190954288
2.7	4.7671321747275135	4.7671321747275135	4.7671321747275135	0.09109212816953824	5.470851787518262	0.01772732753177761	9.60288709991514	497.1292712080824	0.6554631610352376	0	0	0	0.0005060673755704015	0.05596223660199691	8306681977150402e-20	0.05312521024184571	5.00951420082564	0.0030863465732614607
2.8	4.7671321747275135	4.7671321747275135	4.7671321747275135	0.09109212816953832	5.47085178751827	0.017727327531777585	9.602887099915138	497.12927120808223	0.6554631610352378	0	0	0	0.0005060673738940049	0.05598830292476771	8301244323946679e-20	0.053167951448841386	5.024161324316233	0.0030832982871606836
2.9	4.7671321747275135	4.7671321747275135	4.7671321747275135	0.09109212816953843	5.470851787518283	0.01772732753177755	9.602887099915137	497.12927120808195	0.6554631610352382	0	0	0	0.000506067369972135	0.05600937305188715	8296690674022177e-20	0.05320247182001005	5.036409804223017	0.003080476741338805
3	4.7671321747275135	4.7671321747275135	4.7671321747275135	0.09109212816953843	5.470851787518282	0.01772732753177755	9.602887099915135	497.12927120808195	0.6554631610352383	0	0	0	0.0005060673703110806	0.05602639674012358	8292883001832538e-20	0.053230336079768924	5.046638013342536	0.0030778959466416156
3.1	4.7671321747275135	4.7671321747275135	4.7671321747275135	0.09109212816953842	5.470851787518294	0.01772732753177753	9.602887099915137	497.12927120808155	0.6554631610352385	0	0	0	0.0005060673701360259	0.05604026077621216	8289689341807543e-20	0.053253010635220525	5.05520754088965	0.0030755651380186227
3.2	4.7671321747275135	4.7671321747275135	4.7671321747275135	0.09109212816953867	5.4708517875183835	0.017727327531777342	9.60288709991513	497.1292712080796	0.6554631610352403	0	0	0	0.0005060673555466761	0.056051506441069994	8287018132895158e-20	0.05327139438589649	5.062367700150361	0.003073473101275096
3.3	4.7671321747275135	4.7671321747275135	4.7671321747275135	0.09109212816953888	5.470851787518458	0.01772732753177718	9.602887099915122	497.12927120807797	0.6554631610352417	0	0	0	0.0005060673428488292	0.05606057678769712	828479374798859e-19	0.053286207448911875	5.068323336745341	0.003071606385750657
3.4	4.7671321747275135	4.7671321747275135	4.7671321747275135	0.09109212816953877	5.470851787518417	0.017727327531777266	9.602887099915126	497.1292712080788	0.6554631610352409	0	0	0	0.0005060673494982365	0.056067916127104364	8282940564263584e-20	0.05329817141398762	5.073279277910036	0.003069951737033237
3.5	4.7671321747275135	4.7671321747275135	4.7671321747275135	0.09109212816953921	5.47085178751867	0.017727327531776745	9.602887099915115	497.1292712080732	0.6554631610352455	0	0	0	0.0005060673199416907	0.05607389378382107	8281390416546224e-20	0.053307933984259946	5.0774250191564185	0.003068493512226472
3.6	4.767132174727513	4.767132174727513	4.767132174727513	0.09109212816954108	5.470851787519569	0.017727327531774882	9.602887099915064	497.1292712080532	0.6554631610352624	0	0	0	0.0005060672011292703	0.056078705655971645	8280100559944594e-20	0.05331585159081611	5.080879111734232	0.0030672128179545627
3.7	4.7671321747275135	4.7671321747275135	4.7671321747275135	0.09109212816954283	5.47085178752038	0.0177273275317732	9.602887099915018	497.1292712080353	0.6554631610352775	0	0	0	0.0005060670920733819	0.0560825781082659	8279031057130306e-20	0.0533222246906045	5.083740988874171	0.0030660933552474822
3.8	4.7671321747275135	4.7671321747275135	4.7671321747275135	0.0910921281695428	5.470851787520356	0.017727327531773255	9.602887099915018	497.1292712080357	0.655463161035277	0	0	0	0.0005060670937137102	0.05608573860761929	8278141901893364e-20	0.05332735422652021	5.086110132282955	0.003065118871575502
3.9	4.7671321747275135	4.7671321747275135	4.7671321747275135	0.09109212816954068	5.470851787519393	0.017727327531775236	9.602887099915074	497.1292712080571	0.6554631610352591	0	0	0	0.0005060672267975731	0.05608837087747269	8277397104322169e-20	0.05333153187933877	5.088083861783962	0.0030642728801571844
4	4.7671321747275135	4.7671321747275135	4.7671321747275135	0.09109212816954218	5.470851787520328	0.01772732753177314	9.602887099915034	497.1292712080362	0.655463161035278	0	0	0	0.0005060671340422996	0.0560904137681652	8276786055601279e-20	0.05333493328787279	5.089728235034997	0.003063539298886908
4.1	4.7671321747275135	4.7671321747275135	4.7671321747275135	0.09109212816954422	5.470851787521453	0.017727327531770684	9.602887099914978	497.1292712080112	0.6554631610353001	0	0	0	0.0005060670086252876	0.05609204345921281	8276281074031423e-20	0.05333767985114789	5.091089850911896	0.003062906109825587
4.2	4.7671321747275135	4.7671321747275135	4.7671321747275135	0.09109212816954217	5.4708517875203295	0.017727327531773127	9.602887099915035	497.12927120803624	0.6554631610352782	0	0	0	0.0005060671365544485	0.05609348190453453	8275850746543794e-20	0.053339896300355676	5.092215627082006	0.0030623617331121795
4.3	4.7671321747275135	4.7671321747275135	4.7671321747275135	0.09109212816954255	5.470851787520804	0.01772732753177188	9.602887099915025	497.12927120802544	0.6554631610352893	0	0	0	0.000506067112306804	0.05609457136809397	8275503892996138e-20	0.05334170192760787	5.093152958253036	0.003061892386447122
4.4	4.7671321747275135	4.7671321747275135	4.7671321747275135	0.0910921281695458	5.470851787522893	0.017727327531767072	9.602887099914938	497.12927120797866	0.6554631610353328	0	0	0	0.0005060669122047406	0.056095353626699936	8275227573619372e-20	0.05334316578403895	5.093930429405368	0.0030614890993715285
4.5	4.7671321747275135	4.7671321747275135	4.7671321747275135	0.09109212816954533	5.470851787522587	0.01772732753176778	9.602887099914952	497.1292712079855	0.6554631610353263	0	0	0	0.0005060669420277612	0.056096102913736116	8274984013190479e-20	0.05334434276457102	5.094570221732272	0.003061145453305762
4.6	4.7671321747275135	4.7671321747275135	4.7671321747275135	0.09109212816954282	5.470851787521224	0.017727327531770677	9.60288709991502	497.12927120801584	0.6554631610353002	0	0	0	0.0005060670959638302	0.05609677758769796	8274776407062055e-20	0.05334529629243912	5.095099699131753	0.0030608518670964756
4.7	4.7671321747275135	4.7671321747275135	4.7671321747275135	0.0910921281695462	5.470851787523829	0.01772732753176422	9.602887099914929	497.12927120795734	0.6554631610353586	0	0	0	0.0005060668817966768	0.056097106957101656	8274634779679326e-20	0.05334607728078966	5.095542499909466	0.00306059872120606
4.8	4.7671321747275135	4.7671321747275135	4.7671321747275135	0.09109212816954758	5.470851787524847	0.01772732753176175	9.602887099914891	497.12927120793444	0.6554631610353809	0	0	0	0.000506066794308454	0.056097437243449906	8274506870801882e-20	0.053346705264651545	5.095906246814579	0.0030603843484673437
4.9	4.7671321747275135	4.7671321747275135	4.7671321747275135	0.09109212816954297	5.470851787521602	0.017727327531769504	9.602887099915016	497.12927120800725	0.655463161035311	0	0	0	0.0005060670842945095	0.05609794463913817	8274366608710896e-20	0.05334720535791731	5.096201996246665	0.00306020488113014
5	4.7671321747275135	4.7671321747275135	4.7671321747275135	0.09109212816954385	5.47085178752256	0.017727327531766725	9.602887099914993	497.1292712079856	0.6554631610353362	0	0	0	0.000506067028903663	0.056098144829547524	8274285651083485e-20	0.053347618567901704	5.096451373872498	0.003060049183847406
5.1	4.767132174727514	4.767132174727514	4.767132174727514	0.09109212816954487	5.4708517875234435	0.017727327531764384	9.602887099914964	497.12927120796564	0.6554631610353573	0	0	0	0.0005060669642195577	0.05609830056085049	8274217982110262e-20	0.05334795276600917	5.09665703002428	0.003059917343697629
5.2	4.7671321747275135	4.7671321747275135	4.7671321747275135	0.09109212816954149	5.470851787520802	0.017727327531771097	9.602887099915053	497.129271208025	0.6554631610352967	0	0	0	0.0005060671761383035	0.05609862569831468	8274128211236483e-20	0.05334821679147406	5.096822539533628	0.0030598085671424535
5.3	4.7671321747275135	4.7671321747275135	4.7671321747275135	0.09109212816954154	5.470851787521039	0.0177273275317702	9.602887099915053	497.1292712080197	0.655463161035305	0	0	0	0.0005060671724364776	0.05609874879020904	827408047015946e-19	0.05334843545438735	5.0969624397656945	0.003059714053566151
5.4	4.7671321747275135	4.7671321747275135	4.7671321747275135	0.09109212816954172	5.470851787521244	0.01772732753176958	9.602887099915046	497.12927120801504	0.6554631610353107	0	0	0	0.0005060671613184974	0.05609884770747075	82740398834828e-18	0.0533486123051877	5.097077664992143	0.0030596343481323835
5.5	4.767132174727514	4.767132174727514	4.767132174727514	0.09109212816953995	5.470851787519717	0.017727327531773647	9.602887099915096	497.12927120804943	0.6554631610352739	0	0	0	0.0005060672737543988	0.05609902829492586	8273987220330762e-20	0.05334875257482882	5.097170587078809	0.003059568672533893
5.6	4.7671321747275135	4.7671321747275135	4.7671321747275135	0.09109212816954011	5.470851787520008	0.01772732753177268	9.60288709991509	497.12927120804284	0.6554631610352826	0	0	0	0.0005060672605813688	0.05609908428414217	8273962432143623e-20	0.053348868937284556	5.097249269257545	0.003059511551251455
5.7	4.7671321747275135	4.7671321747275135	4.7671321747275135	0.09109212816953997	5.470851787519917	0.01772732753177291	9.602887099915094	497.1292712080449	0.6554631610352805	0	0	0	0.0005060672679609495	0.0560991489468652	8273937128777767e-20	0.053348962475705995	5.097313577199815	0.003059463891995975
5.8	4.767132174727513	4.767132174727513	4.767132174727513	0.09109212816953949	5.470851787519492	0.017727327531773973	9.602887099915108	497.12927120805443	0.6554631610352707	0	0	0	0.0005060672996147884	0.05609922185514229	8273912699032686e-20	0.05334903776447526	5.097366235729795	0.003059423998529269
5.9	4.7671321747275135	4.7671321747275135	4.7671321747275135	0.09109212816954056	5.47085178752065	0.01772732753177035	9.602887099915078	497.1292712080283	0.6554631610353038	0	0	0	0.0005060672315692661	0.05609919150452888	8273912990695829e-20	0.053349101201810245	5.097411630231856	0.003059388583692823
6	4.7671321747275135	4.7671321747275135	4.7671321747275135	0.091092128169541	5.4708517875211164	0.017727327531768915	9.602887099915067	497.1292712080177	0.6554631610353168	0	0	0	0.0005060672033754698	0.05609919515340701	8273905937361458e-20	0.05334915167370234	5.097448258306455	0.0030593595394866223
6.1	4.767132174727514	4.767132174727514	4.767132174727514	0.09109212816953999	5.470851787520103	0.017727327531771905	9.602887099915094	497.1292712080407	0.6554631610352897	0	0	0	0.0005060672680423532	0.05609928142783296	8273881271200343e-20	0.05334919031339486	5.097476587837812	0.0030593368067074523
6.2	4.767132174727514	4.767132174727514	4.767132174727514	0.09109212816954206	5.470851787522547	0.017727327531763825	9.602887099915042	497.1292712079853	0.6554631610353633	0	0	0	0.000506067135856875	0.05609915581923462	8273910997777056e-20	0.05334922660579119	5.0975043960174675	0.003059313146273586
6.3	4.7671321747275135	4.7671321747275135	4.7671321747275135	0.0910921281695444	5.4708517875252545	0.017727327531755037	9.602887099914978	497.129271207924	0.6554631610354433	0	0	0	0.0005060669851156956	0.05609901056575615	8273945325031445e-20	0.053349257058664196	5.097528162257973	0.003059292495305904
6.4	4.7671321747275135	4.7671321747275135	4.7671321747275135	0.09109212816954312	5.470851787523779	0.017727327531759852	9.602887099915012	497.12927120795746	0.6554631610353995	0	0	0	0.0005060670667892646	0.05609911262527884	8273915996794706e-20	0.053349276239381314	5.097542674178152	0.0030592804612188233
6.5	4.7671321747275135	4.7671321747275135	4.7671321747275135	0.09109212816954187	5.470851787522572	0.017727327531763253	9.602887099915046	497.12927120798474	0.6554631610353687	0	0	0	0.0005060671450326894	0.05609919537988595	8273895925593935e-20	0.0533492915385828	5.0975546950477115	0.0030592699314826257
6.6	4.7671321747275135	4.7671321747275135	4.7671321747275135	0.09109212816954461	5.47085178752614	0.01772732753175076	9.602887099914973	497.12927120790386	0.6554631610354827	0	0	0	0.0005060669654588913	0.056098989523178495	8273953680448606e-20	0.053349310392495235	5.097570768580145	0.0030592543716693814
6.7	4.7671321747275135	4.7671321747275135	4.7671321747275135	0.09109212816954512	5.470851787526778	0.017727327531748563	9.602887099914959	497.1292712078894	0.6554631610355027	0	0	0	0.0005060669327586877	0.05609895847326662	827396100894958e-19	0.05334932261683406	5.097580829005773	0.0030592450913461424
6.8	4.7671321747275135	4.7671321747275135	4.7671321747275135	0.09109212816954146	5.470851787522246	0.01772732753176395	9.602887099915057	497.12927120799213	0.6554631610353625	0	0	0	0.0005060671709270571	0.056099236730557014	8273882942352928e-20	0.05334932548422331	5.0975822391814125	0.0030592449514234127
6.9	4.7671321747275135	4.7671321747275135	4.7671321747275135	0.0910921281695415	5.470851787522475	0.017727327531762645	9.602887099915055	497.12927120798685	0.6554631610353744	0	0	0	0.0005060671684570647	0.05609922693010409	8273888256186561e-20	0.053349333018005915	5.097588800490043	0.0030592384299232382
7	4.7671321747275135	4.7671321747275135	4.7671321747275135	0.09109212816954118	5.470851787522098	0.017727327531763884	9.602887099915064	497.1292712079953	0.6554631610353631	0	0	0	0.0005060671890207331	0.0560992534238315	8273880322412828e-20	0.053349338504437745	5.097593398486664	0.003059234118454736
7.1	4.7671321747275135	4.7671321747275135	4.7671321747275135	0.09109212816953964	5.470851787520083	0.017727327531771024	9.602887099915105	497.129271208041	0.6554631610352981	0	0	0	0.0005060672896743278	0.05609937828725077	8273843125349561e-20	0.05334934071837573	5.097594847862905	0.0030592332905280254
7.2	4.7671321747275135	4.7671321747275135	4.7671321747275135	0.09109212816953967	5.470851787520215	0.01772732753177035	9.602887099915103	497.12927120803806	0.6554631610353042	0	0	0	0.0005060672869076561	0.056099372813227966	8273845681106385e-20	0.05334934475482931	5.0975984836659505	0.0030592295481066275
7.3	4.7671321747275135	4.7671321747275135	4.7671321747275135	0.09109212816953917	5.47085178751953	0.017727327531772877	9.602887099915117	497.1292712080536	0.655463161035281	0	0	0	0.000506067319145462	0.05609941622975935	8273831732858693e-20	0.05334934710092729	5.097600380350443	0.0030592278938317663
7.4	4.7671321747275135	4.7671321747275135	4.7671321747275135	0.09109212816953909	5.470851787519449	0.017727327531773	9.602887099915119	497.12927120805534	0.65546316103528	0	0	0	0.0005060673252320058	0.05609942255021421	8273830474698332e-20	0.05334934954145547	5.097602608181386	0.0030592255650247874
7.5	4.7671321747275135	4.7671321747275135	4.7671321747275135	0.09109212816953949	5.470851787520104	0.017727327531770365	9.60288709991511	497.12927120804056	0.6554631610353041	0	0	0	0.0005060672976878139	0.05609938418719737	8273843568796896e-20	0.05334935237912404	5.097605421186726	0.0030592223396547413
7.6	4.7671321747275135	4.7671321747275135	4.7671321747275135	0.09109212816953914	5.470851787519594	0.017727327531772377	9.602887099915119	497.1292712080521	0.6554631610352857	0	0	0	0.000506067319981395	0.05609941634084984	8273832496171501e-20	0.053349353485180176	5.0976062842838825	0.0030592216586638517
7.7	4.767132174727513	4.767132174727513	4.767132174727513	0.09109212816953946	5.470851787520098	0.017727327531770087	9.60288709991511	497.1292712080407	0.6554631610353066	0	0	0	0.0005060673017912753	0.05609938627526237	8273844377274531e-20	0.053349355353215375	5.097608279041767	0.003059219160292197
7.8	4.7671321747275135	4.7671321747275135	4.7671321747275135	0.09109212816954076	5.470851787522067	0.017727327531761868	9.602887099915074	497.1292712079961	0.6554631610353819	0	0	0	0.0005060672219513647	0.056099266976061594	8273887476639347e-20	0.053349358600633674	5.097612062174893	0.0030592140518855226
7.9	4.7671321747275135	4.7671321747275135	4.7671321747275135	0.09109212816954117	5.47085178752266	0.01772732753175942	9.602887099915064	497.1292712079827	0.6554631610354044	0	0	0	0.0005060671974709809	0.05609923136952996	8273900065510719e-20	0.05334936015506619	5.097613749110669	0.0030592119294703787
8	4.7671321747275135	4.7671321747275135	4.7671321747275135	0.09109212816953997	5.470851787520903	0.017727327531766566	9.602887099915096	497.1292712080226	0.6554631610353391	0	0	0	0.0005060672709536179	0.05609933870193062	8273862295249228e-20	0.05334935892743584	5.097612035632933	0.0030592145644090544
8.1	4.7671321747275135	4.7671321747275135	4.7671321747275135	0.09109212816954165	5.470851787523821	0.017727327531753597	9.60288709991505	497.12927120795626	0.655463161035458	0	0	0	0.0005060671616320709	0.05609916028243411	827393198613799e-19	0.053349362437800675	5.097616683353671	0.0030592075144457976
8.2	4.7671321747275135	4.7671321747275135	4.7671321747275135	0.09109212816954373	5.470851787527273	0.017727327531738547	9.602887099914994	497.12927120787776	0.6554631610355959	0	0	0	0.0005060670289352294	0.056098949456323696	8274012456107212e-20	0.05334936645675086	5.097621957908613	0.0030591995978756403
8.3	4.7671321747275135	4.7671321747275135	4.7671321747275135	0.09109212816954246	5.470851787525145	0.017727327531747838	9.602887099915028	497.12927120792614	0.6554631610355107	0	0	0	0.0005060671106028344	0.05609907988858698	827396246707036e-19	0.0533493646663593	5.097619392813656	0.003059203703334603
8.4	4.767132174727514	4.767132174727514	4.767132174727514	0.09109212816954082	5.470851787522581	0.01772732753175854	9.602887099915074	497.12927120798435	0.6554631610354127	0	0	0	0.000506067214395294	0.05609923646688263	8273905737746867e-20	0.053349362213553124	5.0976161651587715	0.0030592084958526223
8.5	4.7671321747275135	4.7671321747275135	4.7671321747275135	0.09109212816954185	5.4708517875244995	0.017727327531749517	9.602887099915044	497.1292712079407	0.6554631610354955	0	0	0	0.000506067147963327	0.056099118729354275	8273955089259712e-20	0.053349364240479195	5.097619109874925	0.003059203653855452
8.6	4.7671321747275135	4.7671321747275135	4.7671321747275135	0.09109212816954114	5.470851787523292	0.017727327531754947	9.602887099915064	497.12927120796815	0.6554631610354457	0	0	0	0.0005060671927572805	0.056099192968597375	8273925628026045e-20	0.053349363251973196	5.097617642353182	0.0030592060832254466
8.7	4.7671321747275135	4.7671321747275135	4.7671321747275135	0.09109212816953964	5.47085178752073	0.017727327531766347	9.602887099915105	497.12927120802624	0.6554631610353411	0	0	0	0.0005060672884106427	0.05609934984243343	8273864067971457e-20	0.053349360868227155	5.097614258313805	0.003059211493075376
8.8	4.7671321747275135	4.7671321747275135	4.7671321747275135	0.09109212816953964	5.470851787520801	0.01772732753176576	9.602887099915105	497.12927120802465	0.6554631610353465	0	0	0	0.000506067288310354	0.056099345264077644	8273867536254084e-20	0.05334936100630039	5.097614510656856	0.0030592109889881537
8.9	4.7671321747275135	4.7671321747275135	4.7671321747275135	0.09109212816953903	5.470851787519669	0.01772732753177102	9.60288709991512	497.1292712080504	0.6554631610352983	0	0	0	0.0005060673285472796	0.05609941493307992	8273838797293806e-20	0.05334936004276092	5.097613047920499	0.003059213468633398
9	4.7671321747275135	4.7671321747275135	4.7671321747275135	0.09109212816953886	5.470851787519459	0.017727327531771853	9.602887099915124	497.1292712080551	0.6554631610352906	0	0	0	0.0005060673372825005	0.056099427626904896	8273834498504129e-20	0.0533493598987095	5.097612858964866	0.0030592137342320765
9.1	4.7671321747275135	4.7671321747275135	4.7671321747275135	0.09109212816953897	5.470851787519718	0.017727327531770542	9.602887099915124	497.12927120804926	0.6554631610353027	0	0	0	0.0005060673291439413	0.05609941159655338	8273841851537845e-20	0.05334936018761107	5.0976133047434695	0.003059212954993897
9.2	4.767132174727513	4.767132174727513	4.767132174727513	0.09109212816953867	5.4708517875191225	0.017727327531773387	9.602887099915131	497.1292712080628	0.6554631610352764	0	0	0	0.0005060673495633972	0.056099448451629993	8273826097860908e-20	0.053349359701230836	5.097612533228869	0.0030592143120705944
9.3	4.7671321747275135	4.7671321747275135	4.7671321747275135	0.091092128169539	5.470851787519863	0.01772732753176956	9.60288709991512	497.1292712080459	0.6554631610353117	0	0	0	0.000506067326894233	0.0560994027754466	8273847500022912e-20	0.05334936035310286	5.0976136270900385	0.003059212275363249
9.4	4.7671321747275135	4.7671321747275135	4.7671321747275135	0.09109212816953942	5.470851787520781	0.017727327531764925	9.602887099915112	497.129271208025	0.6554631610353543	0	0	0	0.0005060672978690732	0.05609934616759367	827387335994746e-19	0.05334936116537685	5.097614959418052	0.003059209843032717
9.5	4.7671321747275135	4.7671321747275135	4.7671321747275135	0.09109212816953907	5.4708517875200195	0.017727327531768776	9.60288709991512	497.12927120804227	0.655463161035319	0	0	0	0.0005060673220818772	0.05609939326320015	8273851889167462e-20	0.05334936055043532	5.097613924478918	0.003059211764048747
9.6	4.7671321747275135	4.7671321747275135	4.7671321747275135	0.09109212816953942	5.470851787520939	0.017727327531763707	9.60288709991511	497.1292712080213	0.6554631610353655	0	0	0	0.0005060672960361286	0.05609933592772743	8273880649207787e-20	0.05334936127020575	5.097615259741445	0.0030592090796550462
9.7	4.7671321747275135	4.7671321747275135	4.7671321747275135	0.09109212816954074	5.470851787524025	0.017727327531747477	9.602887099915074	497.129271207951	0.6554631610355149	0	0	0	0.0005060672029019993	0.05609914450925485	8273971948934908e-20	0.05334936377449838	5.09761964031372	0.0030592006612913886
9.8	4.7671321747275135	4.7671321747275135	4.7671321747275135	0.09109212816954125	5.4708517875252305	0.017727327531741187	9.602887099915062	497.1292712079236	0.6554631610355728	0	0	0	0.0005060671661656273	0.05609906984983502	8274007237603207e-20	0.05334936477065903	5.0976213591854345	0.0030591973932337984
9.9	4.7671321747275135	4.7671321747275135	4.7671321747275135	0.09109212816953989	5.470851787522057	0.017727327531757733	9.602887099915097	497.12927120799577	0.6554631610354206	0	0	0	0.0005060672629840648	0.05609926648479644	8273914350667042e-20	0.05334936220167233	5.0976169011119365	0.003059205899072112
10	4.7671321747275135	4.7671321747275135	4.7671321747275135	0.09109212816954053	5.470851787523808	0.017727327531747807	9.602887099915083	497.12927120795604	0.655463161035512	0	0	0	0.0005060672160591579	0.05609915763534371	8273971209660359e-20	0.053349363464006636	5.097619393317962	0.0030592006499156415
10.1	4.7671321747275135	4.7671321747275135	4.7671321747275135	0.0910921281695417	5.470851787526831	0.017727327531731323	9.602887099915051	497.1292712078872	0.6554631610356638	0	0	0	0.000506067129604056	0.05609896995632218	8274064713961693e-20	0.053349365778580404	5.097623676633171	0.0030591920403354495
10.2	4.7671321747275135	4.7671321747275135	4.7671321747275135	0.09109212816954054	5.470851787523945	0.017727327531746963	9.602887099915081	497.1292712079529	0.6554631610355197	0	0	0	0.0005060672129244554	0.0560991490978699	827397607912435e-19	0.0533493635633707	5.0976196078516445	0.00305920017259652
10.3	4.7671321747275135	4.7671321747275135	4.7671321747275135	0.0910921281695396	5.470851787521612	0.017727327531759266	9.602887099915106	497.12927120800606	0.6554631610354067	0	0	0	0.0005060672826513461	0.056099293589983286	8273906779625482e-20	0.05334936170939373	5.097616326868424	0.0030592065266663694
10.4	4.7671321747275135	4.7671321747275135	4.7671321747275135	0.09109212816953974	5.470851787522037	0.017727327531756633	9.602887099915103	497.1292712079964	0.655463161035431	0	0	0	0.0005060672726649128	0.05609926685601633	8273922117744108e-20	0.053349361980370734	5.097616942100243	0.0030592051048039617
10.5	4.7671321747275135	4.7671321747275135	4.7671321747275135	0.09109212816953903	5.470851787520239	0.017727327531766604	9.60288709991512	497.1292712080373	0.6554631610353391	0	0	0	0.0005060673230311917	0.056099378749404086	8273865294051508e-20	0.05334936064078852	5.097614399561332	0.0030592103217570053
10.6	4.7671321747275135	4.7671321747275135	4.7671321747275135	0.09109212816953882	5.470851787519687	0.017727327531769532	9.602887099915126	497.12927120804994	0.6554631610353122	0	0	0	0.0005060673393799901	0.05609941277755434	8273848956989463e-20	0.05334936020778532	5.097613629158195	0.003059211816190087
10.7	4.767132174727514	4.767132174727514	4.767132174727514	0.09109212816953882	5.4708517875196625	0.017727327531769605	9.602887099915126	497.12927120805057	0.6554631610353117	0	0	0	0.0005060673405440546	0.05609941419528158	8273848710962232e-20	0.05334936017919326	5.097613600317723	0.0030592118330430686
10.8	4.7671321747275135	4.7671321747275135	4.7671321747275135	0.09109212816953856	5.470851787519053	0.017727327531773043	9.602887099915133	497.1292712080644	0.65546316103528	0	0	0	0.0005060673573876819	0.0560994524320736	8273828974104354e-20	0.05334935973194469	5.097612732383301	0.0030592136439868962
10.9	4.7671321747275135	4.7671321747275135	4.7671321747275135	0.09109212816953872	5.470851787519527	0.01772732753177024	9.60288709991513	497.1292712080536	0.6554631610353059	0	0	0	0.0005060673459168029	0.05609942331097432	8273845302077875e-20	0.053349360039502525	5.097613398024587	0.003059212136944653
11	4.7671321747275135	4.7671321747275135	4.7671321747275135	0.0910921281695388	5.470851787519756	0.017727327531768894	9.602887099915126	497.12927120804835	0.6554631610353182	0	0	0	0.0005060673401711394	0.056099409118581196	827385310859726e-19	0.05334936019405007	5.09761372311436	0.0030592114154516965
11.1	4.7671321747275135	4.7671321747275135	4.7671321747275135	0.09109212816953861	5.470851787519306	0.017727327531771437	9.602887099915131	497.1292712080586	0.6554631610352948	0	0	0	0.0005060673521675812	0.05609943704398178	8273838428622482e-20	0.053349359875146475	5.097613088658918	0.003059212763570822
11.2	4.7671321747275135	4.7671321747275135	4.7671321747275135	0.09109212816953915	5.470851787520833	0.017727327531762208	9.602887099915117	497.1292712080238	0.6554631610353799	0	0	0	0.0005060673154972249	0.056099342374339126	8273892231012605e-20	0.05334936085404965	5.097615246769181	0.003059207806020266
11.3	4.7671321747275135	4.7671321747275135	4.7671321747275135	0.09109212816953972	5.470851787522412	0.017727327531752733	9.602887099915103	497.12927120798776	0.6554631610354672	0	0	0	0.000506067277067901	0.05609924445454414	8273947373356734e-20	0.053349361879701705	5.097617478576075	0.0030592027261115754
11.4	4.7671321747275135	4.7671321747275135	4.7671321747275135	0.09109212816953943	5.470851787521574	0.017727327531757788	9.602887099915112	497.1292712080069	0.6554631610354207	0	0	0	0.0005060672973825713	0.05609929648695389	827391795674399e-19	0.05334936133844484	5.097616293944759	0.003059205434088709
11.5	4.7671321747275135	4.7671321747275135	4.7671321747275135	0.09109212816953939	5.470851787521546	0.017727327531757524	9.60288709991511	497.1292712080075	0.6554631610354231	0	0	0	0.0005060673003546341	0.05609929781616275	8273919817318257e-20	0.05334936125963106	5.097616264941709	0.0030592052579161313
11.6	4.7671321747275135	4.7671321747275135	4.7671321747275135	0.09109212816954064	5.470851787525397	0.017727327531733537	9.602887099915076	497.12927120791966	0.6554631610356444	0	0	0	0.0005060672111510473	0.05609905805935001	8274060056377201e-20	0.053349363639168666	5.097621728884951	0.0030591923342445666
11.7	4.7671321747275135	4.7671321747275135	4.7671321747275135	0.0910921281695413	5.470851787527341	0.017727327531721515	9.602887099915058	497.1292712078753	0.6554631610357552	0	0	0	0.0005060671656746691	0.056098937130537464	8274130267147894e-20	0.053349364852377276	5.097624484841446	0.003059185864437098
11.8	4.7671321747275135	4.7671321747275135	4.7671321747275135	0.09109212816953986	5.470851787523058	0.01772732753174798	9.602887099915096	497.12927120797286	0.655463161035511	0	0	0	0.0005060672658581676	0.056099203467359124	8273975641815735e-20	0.05334936218060242	5.097618416388444	0.003059200110679934
11.9	4.7671321747275135	4.7671321747275135	4.7671321747275135	0.09109212816953978	5.470851787522833	0.017727327531748837	9.602887099915101	497.129271207978	0.6554631610355033	0	0	0	0.0005060672741861076	0.05609921720560043	8273971197248377e-20	0.05334936195867935	5.097618104419235	0.003059200514776128
12	4.7671321747275135	4.7671321747275135	4.7671321747275135	0.09109212816954022	5.470851787524135	0.0177273275317404	9.60288709991509	497.12927120794825	0.6554631610355811	0	0	0	0.0005060672459846304	0.056099136085324554	8274020868577361e-20	0.05334936271100272	5.097619953655712	0.0030591959341688345
12.1	4.7671321747275135	4.7671321747275135	4.7671321747275135	0.09109212816953925	5.470851787521258	0.017727327531758638	9.602887099915115	497.12927120801396	0.6554631610354129	0	0	0	0.0005060673108146351	0.0560993153523597	827391387223696e-19	0.05334936098203594	5.097615868391644	0.0030592057963115798
12.2	4.7671321747275135	4.7671321747275135	4.7671321747275135	0.0910921281695389	5.4708517875202975	0.017727327531764533	9.602887099915122	497.1292712080359	0.6554631610353585	0	0	0	0.0005060673334912993	0.05609937511556347	8273879443559025e-20	0.05334936037732556	5.097614506816828	0.003059208967843531
12.3	4.7671321747275135	4.7671321747275135	4.7671321747275135	0.09109212816953881	5.4708517875200755	0.01772732753176586	9.602887099915126	497.12927120804096	0.6554631610353463	0	0	0	0.0005060673388838275	0.05609938889505913	8273871690387061e-20	0.05334936023358278	5.097614193015439	0.0030592096816311047
12.4	4.7671321747275135	4.7671321747275135	4.7671321747275135	0.09109212816953854	5.470851787519165	0.017727327531771704	9.602887099915133	497.12927120806177	0.6554631610352923	0	0	0	0.0005060673589679722	0.05609944557936018	8273837382227143e-20	0.053349359697982594	5.0976129011983815	0.003059212844471216
12.5	4.7671321747275135	4.7671321747275135	4.7671321747275135	0.0910921281695386	5.470851787519362	0.017727327531770313	9.60288709991513	497.1292712080573	0.6554631610353051	0	0	0	0.0005060673552528536	0.05609943316553979	8273845719252785e-20	0.053349359797128744	5.097613184378714	0.0030592120745839037
12.6	4.7671321747275135	4.7671321747275135	4.7671321747275135	0.09109212816953856	5.470851787519189	0.017727327531771444	9.602887099915131	497.12927120806125	0.6554631610352947	0	0	0	0.0005060673589739481	0.05609944397098619	8273839046482048e-20	0.05334935969792808	5.097612938152153	0.0030592126898269785
12.7	4.7671321747275135	4.7671321747275135	4.7671321747275135	0.09109212816953853	5.470851787519161	0.01772732753177151	9.602887099915133	497.1292712080619	0.6554631610352941	0	0	0	0.0005060673600377366	0.056099445507556245	8273838770095074e-20	0.053349359669589216	5.097612903309731	0.0030592127143279357
12.8	4.7671321747275135	4.7671321747275135	4.7671321747275135	0.09109212816953877	5.470851787520103	0.017727327531765046	9.602887099915126	497.1292712080403	0.6554631610353537	0	0	0	0.0005060673411447343	0.05609938631276283	827387716102869e-19	0.05334936017351678	5.097614252986648	0.003059209171371991
12.9	4.7671321747275135	4.7671321747275135	4.7671321747275135	0.09109212816953885	5.470851787520456	0.017727327531762645	9.602887099915126	497.12927120803226	0.6554631610353758	0	0	0	0.0005060673340068525	0.056099364200262465	8273891399338547e-20	0.05334936036391519	5.097614757167706	0.003059207857460864
13	4.7671321747275135	4.7671321747275135	4.7671321747275135	0.09109212816953864	5.470851787519717	0.01772732753176759	9.602887099915133	497.1292712080491	0.6554631610353303	0	0	0	0.0005060673493105816	0.05609941044219054	827386211298407e-19	0.05334935995576335	5.097613703016775	0.0030592105591842967
13.1	4.7671321747275135	4.7671321747275135	4.7671321747275135	0.09109212816953917	5.4708517875219975	0.01772732753175149	9.602887099915117	497.129271207997	0.655463161035479	0	0	0	0.0005060673054460594	0.056099266699083036	8273958003364191e-20	0.053349361125700455	5.09761698080555	0.003059201706655384
13.2	4.7671321747275135	4.7671321747275135	4.7671321747275135	0.09109212816953982	5.470851787524759	0.017727327531732145	9.6028870999151	497.12927120793404	0.6554631610356576	0	0	0	0.0005060672517371613	0.0560990928189475	8274073147818782e-20	0.053349362558197236	5.0976209456563195	0.0030591910776562228
13.3	4.7671321747275135	4.7671321747275135	4.7671321747275135	0.0910921281695397	5.470851787524272	0.017727327531735587	9.602887099915101	497.1292712079452	0.6554631610356259	0	0	0	0.0005060672610784671	0.05609912351766258	8274052627271646e-20	0.05334936230906394	5.097620245648146	0.0030591929721054483
13.4	4.7671321747275135	4.7671321747275135	4.7671321747275135	0.09109212816953913	5.470851787521912	0.017727327531751807	9.602887099915117	497.12927120799907	0.6554631610354761	0	0	0	0.0005060673080466302	0.05609927147873017	8273956362920607e-20	0.053349361056372495	5.097616872119409	0.0030592018561172245
13.5	4.7671321747275135	4.7671321747275135	4.7671321747275135	0.09109212816953975	5.470851787524732	0.017727327531731205	9.6028870999151	497.1292712079347	0.6554631610356665	0	0	0	0.0005060672561364937	0.05609909230977376	8274079689999561e-20	0.053349362440886505	5.09762095830697	0.003059190466066387
13.6	4.7671321747275135	4.7671321747275135	4.7671321747275135	0.09109212816954011	5.470851787526316	0.017727327531719756	9.602887099915092	497.1292712078986	0.6554631610357722	0	0	0	0.0005060672264684238	0.05609899179187157	8274148129821195e-20	0.05334936323217698	5.097623250636438	0.003059184146085243
13.7	4.7671321747275135	4.7671321747275135	4.7671321747275135	0.09109212816953915	5.470851787522149	0.017727327531749684	9.602887099915117	497.1292712079937	0.6554631610354957	0	0	0	0.00050606730504221	0.05609925567615774	8273969373512545e-20	0.053349361136522944	5.097617232891332	0.0030592006519388013
13.8	4.7671321747275135	4.7671321747275135	4.7671321747275135	0.09109212816953896	5.470851787521317	0.017727327531755332	9.602887099915122	497.12927120801265	0.6554631610354437	0	0	0	0.0005060673219821238	0.05609930798704982	8273935860046511e-20	0.05334936068471539	5.097616040263882	0.0030592037441649665
13.9	4.7671321747275135	4.7671321747275135	4.7671321747275135	0.09109212816953892	5.470851787521122	0.017727327531756636	9.602887099915124	497.12927120801714	0.6554631610354316	0	0	0	0.0005060673260798777	0.05609932026147561	8273928162994908e-20	0.05334936057542278	5.0976157604517995	0.003059204454139372
14	4.7671321747275135	4.7671321747275135	4.7671321747275135	0.09109212816953856	5.470851787519535	0.017727327531768228	9.602887099915133	497.1292712080533	0.6554631610353244	0	0	0	0.0005060673553045576	0.05609942103616234	8273858797500062e-20	0.0533493597959663	5.097613462171429	0.0030592108604695686
14.1	4.7671321747275135	4.7671321747275135	4.7671321747275135	0.09109212816953854	5.4708517875194635	0.017727327531768672	9.602887099915133	497.12927120805494	0.6554631610353202	0	0	0	0.0005060673571394224	0.05609942569751007	8273856288691374e-20	0.0533493597470309	5.097613355968231	0.003059211091341876
14.2	4.7671321747275135	4.7671321747275135	4.7671321747275135	0.09109212816953843	5.470851787519042	0.017727327531771774	9.602887099915135	497.12927120806455	0.6554631610352916	0	0	0	0.0005060673646851693	0.056099452353250694	8273837670626051e-20	0.053349359545778505	5.097612748017405	0.0030592128111501834
14.3	4.7671321747275135	4.7671321747275135	4.7671321747275135	0.09109212816953845	5.470851787519024	0.017727327531771832	9.602887099915137	497.129271208065	0.6554631610352911	0	0	0	0.0005060673654167393	0.05609945363940519	8273837320505858e-20	0.053349359526266564	5.097612718760978	0.0030592128428493333
14.4	4.7671321747275135	4.7671321747275135	4.7671321747275135	0.09109212816953854	5.470851787519489	0.017727327531768276	9.602887099915133	497.1292712080544	0.6554631610353241	0	0	0	0.0005060673576437655	0.0560994242209618	8273858688674681e-20	0.05334935973358049	5.097613389841643	0.003059210868040638
14.5	4.767132174727514	4.767132174727514	4.767132174727514	0.09109212816953849	5.470851787519224	0.017727327531770292	9.602887099915135	497.1292712080605	0.6554631610353054	0	0	0	0.0005060673621681799	0.05609944106672812	8273846559951195e-20	0.053349359612909125	5.097613005581711	0.0030592119888304676
14.6	4.7671321747275135	4.7671321747275135	4.7671321747275135	0.09109212816953853	5.470851787519608	0.017727327531767197	9.602887099915135	497.12927120805153	0.6554631610353341	0	0	0	0.0005060673562910775	0.05609941658207126	8273865263453388e-20	0.05334935976966174	5.0976135642317235	0.0030592102592581103
14.7	4.7671321747275135	4.7671321747275135	4.7671321747275135	0.09109212816953884	5.470851787521332	0.017727327531753836	9.602887099915124	497.1292712080122	0.6554631610354575	0	0	0	0.0005060673282594648	0.05609930750925237	8273945730680093e-20	0.05334936051730374	5.097616052499807	0.0030592028212413362
14.8	4.7671321747275135	4.7671321747275135	4.7671321747275135	0.091092128169539	5.470851787522226	0.017727327531746946	9.60288709991512	497.1292712079918	0.6554631610355213	0	0	0	0.0005060673136414342	0.05609925104384911	8273987221705518e-20	0.053349360907187705	5.0976173406192515	0.003059198986185469
14.9	4.7671321747275135	4.7671321747275135	4.7671321747275135	0.0910921281695387	5.470851787520601	0.017727327531759485	9.60288709991513	497.12927120802885	0.6554631610354055	0	0	0	0.0005060673402361574	0.05609935373967337	8273911773276047e-20	0.053349360197873216	5.097614997870901	0.0030592059599380754
15	4.7671321747275135	4.7671321747275135	4.7671321747275135	0.09109212816953899	5.470851787522529	0.017727327531743973	9.60288709991512	497.1292712079848	0.6554631610355489	0	0	0	0.0005060673106911428	0.056099230855733	8274005677185468e-20	0.05334936098587457	5.097617801601917	0.0030591972763183363
15.1	4.7671321747275135	4.7671321747275135	4.7671321747275135	0.09109212816953957	5.4708517875262705	0.017727327531714323	9.602887099915105	497.12927120789936	0.6554631610358232	0	0	0	0.0005060672518361158	0.05609899297381947	8274184814880523e-20	0.05334936255561129	5.097623228815824	0.0030591807136500517
15.2	4.7671321747275135	4.7671321747275135	4.7671321747275135	0.09109212816953957	5.4708517875263265	0.01772732753171391	9.602887099915105	497.12927120789806	0.655463161035827	0	0	0	0.0005060672508521446	0.05609898947155688	8274187259307211e-20	0.05334936258185641	5.097623308697424	0.0030591804878517237
15.3	4.7671321747275135	4.7671321747275135	4.7671321747275135	0.0910921281695389	5.470851787522178	0.017727327531746568	9.602887099915124	497.12927120799293	0.655463161035525	0	0	0	0.0005060673168232622	0.05609925291095384	8273990156439123e-20	0.05334936082232647	5.097617298547991	0.0030591987101543957
15.4	4.7671321747275135	4.7671321747275135	4.7671321747275135	0.091092128169539	5.470851787522944	0.017727327531739983	9.60288709991512	497.1292712079753	0.655463161035586	0	0	0	0.00050606730633546	0.05609920332506874	8274030414675777e-20	0.05334936110204836	5.097618430171561	0.003059194984815979
15.5	4.7671321747275135	4.7671321747275135	4.7671321747275135	0.09109212816953902	5.470851787523041	0.017727327531739112	9.60288709991512	497.1292712079731	0.655463161035594	0	0	0	0.000506067305158056	0.05609919705275964	8274035745118109e-20	0.05334936113345024	5.097618573343732	0.003059194491319006
15.6	4.7671321747275135	4.7671321747275135	4.7671321747275135	0.09109212816953857	5.470851787520314	0.01772732753176102	9.602887099915133	497.1292712080354	0.6554631610353915	0	0	0	0.0005060673470824813	0.05609937084632737	8273903100894625e-20	0.053349360015275356	5.097614608088166	0.003059206757215263
15.7	4.7671321747275135	4.7671321747275135	4.7671321747275135	0.09109212816953852	5.470851787519966	0.017727327531763634	9.602887099915133	497.12927120804335	0.6554631610353673	0	0	0	0.0005060673528278818	0.056099392508192236	827388743955534e-19	0.05334935986204102	5.097614113948971	0.0030592082045230095
15.8	4.7671321747275135	4.7671321747275135	4.7671321747275135	0.09109212816953839	5.470851787519289	0.017727327531769133	9.602887099915137	497.12927120805875	0.6554631610353163	0	0	0	0.0005060673630721927	0.056099435768627935	8273854097171807e-20	0.05334935958881133	5.097613126888791	0.003059211288110602
15.9	4.7671321747275135	4.7671321747275135	4.7671321747275135	0.09109212816953839	5.4708517875190115	0.01772732753177133	9.602887099915138	497.12927120806506	0.6554631610352959	0	0	0	0.0005060673675070875	0.05609945365066663	8273840660305692e-20	0.05334935947052362	5.09761271891538	0.003059212530420731
16	4.7671321747275135	4.7671321747275135	4.7671321747275135	0.09109212816953842	5.470851787519203	0.0177273275317697	9.602887099915137	497.1292712080607	0.6554631610353111	0	0	0	0.0005060673648993645	0.056099441488703425	8273850497951538e-20	0.053349359540072576	5.097612996460233	0.0030592116201201064
16.1	4.7671321747275135	4.7671321747275135	4.7671321747275135	0.09109212816953836	5.470851787518834	0.017727327531772766	9.602887099915137	497.1292712080692	0.6554631610352826	0	0	0	0.0005060673703026134	0.05609946514656113	827383192694312e-19	0.053349359395961964	5.097612456629692	0.003059213337970116
16.2	4.7671321747275135	4.7671321747275135	4.7671321747275135	0.09109212816953838	5.470851787519331	0.01772732753176844	9.602887099915137	497.12927120805784	0.6554631610353227	0	0	0	0.0005060673634505716	0.05609943276441737	8273858299535705e-20	0.0533493595787132	5.097613195627729	0.0030592108974715846
16.3	4.7671321747275135	4.7671321747275135	4.7671321747275135	0.09109212816953843	5.470851787520125	0.017727327531761632	9.602887099915135	497.1292712080397	0.6554631610353858	0	0	0	0.000506067352298506	0.056099381331673435	827389971474253e-19	0.05334935987615045	5.097614369335771	0.0030592070654141376
16.4	4.7671321747275135	4.7671321747275135	4.7671321747275135	0.0910921281695384	5.470851787519904	0.01772732753176353	9.602887099915137	497.1292712080447	0.6554631610353683	0	0	0	0.0005060673553919676	0.056099395648629584	8273888165779935e-20	0.053349359793643886	5.097614042617462	0.0030592081340351856
16.5	4.7671321747275135	4.7671321747275135	4.7671321747275135	0.09109212816953836	5.470851787520064	0.017727327531761917	9.602887099915138	497.129271208041	0.6554631610353832	0	0	0	0.000506067353643685	0.05609938458547119	8273898246386019e-20	0.05334935984027428	5.097614295191623	0.003059207200113254
16.6	4.7671321747275135	4.7671321747275135	4.7671321747275135	0.09109212816953847	5.470851787522784	0.017727327531738068	9.602887099915137	497.12927120797883	0.655463161035604	0	0	0	0.0005060673165956393	0.056099206976244875	8274043906681163e-20	0.053349360828391035	5.097618348525395	0.003059193719812767
16.7	4.7671321747275135	4.7671321747275135	4.7671321747275135	0.09109212816953857	5.470851787524767	0.017727327531720734	9.602887099915135	497.1292712079334	0.6554631610357645	0	0	0	0.0005060672894263532	0.05609907756836466	8274149718386697e-20	0.053349361553028614	5.097621301795757	0.003059183927661711
16.8	4.7671321747275135	4.7671321747275135	4.7671321747275135	0.09109212816953846	5.470851787522664	0.017727327531739185	9.602887099915135	497.1292712079816	0.6554631610355935	0	0	0	0.000506067318174001	0.05609921508706371	8274037045033718e-20	0.053349360786293584	5.097618163404372	0.0030591943550400224
16.9	4.7671321747275135	4.7671321747275135	4.7671321747275135	0.09109212816953845	5.470851787522181	0.017727327531742745	9.602887099915137	497.1292712079927	0.6554631610355609	0	0	0	0.0005060673255885082	0.05609924411362525	827401574672947e-19	0.05334936058853915	5.097617501194544	0.00305919632362498
17	4.7671321747275135	4.7671321747275135	4.7671321747275135	0.09109212816953857	5.470851787525073	0.017727327531716443	9.602887099915133	497.1292712079264	0.6554631610358044	0	0	0	0.0005060672871830131	0.0560990516174217	8274176849849218e-20	0.05334936161285966	5.097621894560315	0.003059181410936793
17.1	4.7671321747275135	4.7671321747275135	4.7671321747275135	0.09109212816953856	5.470851787524858	0.017727327531718365	9.602887099915133	497.1292712079313	0.6554631610357866	0	0	0	0.0005060672900558069	0.05609906576173445	8274165100509786e-20	0.0533493615362384	5.097621571752003	0.003059182498441581
17.2	4.7671321747275135	4.7671321747275135	4.7671321747275135	0.0910921281695384	5.47085178752118	0.017727327531751307	9.602887099915138	497.1292712080155	0.6554631610354815	0	0	0	0.0005060673395182081	0.05609930869571481	8273963625939914e-20	0.05334936021701533	5.097616027401413	0.003059201146365219
17.3	4.7671321747275135	4.7671321747275135	4.7671321747275135	0.09109212816953839	5.470851787520972	0.017727327531752844	9.602887099915137	497.1292712080202	0.6554631610354673	0	0	0	0.0005060673428226533	0.05609932131260293	8273954547478496e-20	0.0533493601288802	5.097615739570994	0.003059201985280889
17.4	4.767132174727513	4.767132174727513	4.767132174727513	0.09109212816953835	5.470851787520015	0.017727327531761535	9.602887099915138	497.1292712080422	0.6554631610353867	0	0	0	0.0005060673554944211	0.056099384937182646	8273901244431788e-20	0.053349359790909774	5.097614287456776	0.0030592069193899406
17.5	4.767132174727513	4.767132174727513	4.767132174727513	0.09109212816953831	5.470851787519219	0.01772732753176875	9.60288709991514	497.12927120806035	0.6554631610353198	0	0	0	0.0005060673661215852	0.05609943786985518	8273857067347899e-20	0.05334935950747244	5.097613079378477	0.003059211008570489
17.6	4.7671321747275135	4.7671321747275135	4.7671321747275135	0.09109212816953834	5.470851787519204	0.01772732753176882	9.60288709991514	497.1292712080607	0.6554631610353191	0	0	0	0.0005060673664680837	0.05609943866222341	8273856764568609e-20	0.05334935949823193	5.097613061323993	0.0030592110362461793
17.7	4.7671321747275135	4.7671321747275135	4.7671321747275135	0.0910921281695383	5.470851787518776	0.01772732753177279	9.60288709991514	497.1292712080706	0.6554631610352825	0	0	0	0.0005060673720480292	0.05609946746777891	8273832334498857e-20	0.053349359349408376	5.097612403865295	0.003059213297956564
17.8	4.7671321747275135	4.7671321747275135	4.7671321747275135	0.09109212816953832	5.470851787519036	0.017727327531770323	9.60288709991514	497.1292712080646	0.6554631610353053	0	0	0	0.0005060673689778923	0.056099450067624505	8273847677114441e-20	0.05334935943129393	5.097612801052688	0.0030592118769904825
17.9	4.7671321747275135	4.7671321747275135	4.7671321747275135	0.09109212816953835	5.470851787519319	0.017727327531767676	9.602887099915138	497.1292712080581	0.65546316103533	0	0	0	0.0005060673655250227	0.056099431199252175	8273864072750795e-20	0.05334935952338732	5.097613231735661	0.0030592103587215643
18	4.7671321747275135	4.7671321747275135	4.7671321747275135	0.09109212816953831	5.470851787518939	0.017727327531771215	9.602887099915138	497.12927120806677	0.6554631610352971	0	0	0	0.0005060673702762768	0.05609945659959472	8273842203395832e-20	0.053349359396665345	5.097612651971226	0.003059212383678077
18.1	4.7671321747275135	4.7671321747275135	4.7671321747275135	0.09109212816953835	5.470851787519942	0.01772732753176157	9.602887099915137	497.1292712080439	0.6554631610353865	0	0	0	0.0005060673583417947	0.05609938865347764	8273902246829525e-20	0.05334935971497109	5.097614202959814	0.0030592068225932844
18.2	4.7671321747275135	4.7671321747275135	4.7671321747275135	0.09109212816953843	5.470851787521443	0.01772732753174724	9.602887099915135	497.12927120800964	0.6554631610355193	0	0	0	0.0005060673403257116	0.0560992874013997	8273991261156918e-20	0.05334936019548034	5.097616514180885	0.00305919857871714
18.3	4.7671321747275135	4.7671321747275135	4.7671321747275135	0.09109212816953843	5.4708517875215845	0.017727327531745912	9.602887099915135	497.1292712080064	0.6554631610355316	0	0	0	0.0005060673385992233	0.056099277935282854	8273999498106722e-20	0.05334936024152691	5.097616730252107	0.0030591978159481273
18.4	4.7671321747275135	4.7671321747275135	4.7671321747275135	0.09109212816953834	5.470851787519844	0.01772732753176245	9.602887099915138	497.12927120804625	0.6554631610353783	0	0	0	0.0005060673595670858	0.056099395064178464	8273896781050889e-20	0.05334935968228852	5.097614056638539	0.003059207328636792
18.5	4.7671321747275135	4.7671321747275135	4.7671321747275135	0.09109212816953835	5.47085178751996	0.017727327531761095	9.602887099915137	497.1292712080435	0.6554631610353908	0	0	0	0.0005060673585212204	0.056099386480001866	8273905304854969e-20	0.05334935971018295	5.09761425265345	0.0030592065383152466
18.6	4.7671321747275135	4.7671321747275135	4.7671321747275135	0.09109212816953835	5.470851787520097	0.017727327531759703	9.602887099915138	497.12927120804034	0.6554631610354038	0	0	0	0.0005060673569972903	0.05609937698218348	8273913990539365e-20	0.05334935975082871	5.097614469478326	0.003059205733597079
18.7	4.7671321747275135	4.7671321747275135	4.7671321747275135	0.09109212816953831	5.470851787519156	0.017727327531768842	9.602887099915138	497.1292712080619	0.6554631610353192	0	0	0	0.0005060673681359562	0.05609944099456384	8273857205500114e-20	0.05334935945374812	5.097613008269565	0.0030592109930980696
18.8	4.7671321747275135	4.7671321747275135	4.7671321747275135	0.09109212816953832	5.47085178751931	0.017727327531767277	9.602887099915138	497.12927120805836	0.6554631610353336	0	0	0	0.0005060673665989372	0.05609943045955201	8273867162074771e-20	0.05334935949474158	5.097613248793825	0.0030592100703453608
18.9	4.7671321747275135	4.7671321747275135	4.7671321747275135	0.09109212816953835	5.470851787519294	0.017727327531767412	9.602887099915138	497.12927120805875	0.6554631610353323	0	0	0	0.0005060673668212083	0.05609943148060969	8273866347495634e-20	0.05334935948881255	5.097613225492625	0.003059210145708564
19	4.7671321747275135	4.7671321747275135	4.7671321747275135	0.09109212816953831	5.470851787518779	0.017727327531772464	9.602887099915138	497.12927120807046	0.6554631610352855	0	0	0	0.0005060673727605671	0.05609946659339358	8273834848925817e-20	0.05334935933040334	5.097612423950031	0.0030592130634673896
19.1	4.7671321747275135	4.7671321747275135	4.7671321747275135	0.09109212816953832	5.470851787518908	0.017727327531771187	9.602887099915138	497.12927120806756	0.6554631610352973	0	0	0	0.0005060673714690884	0.05609945791188314	8273843008014804e-20	0.0533493593648501	5.097612622153183	0.0030592123073412123
19.2	4.7671321747275135	4.7671321747275135	4.7671321747275135	0.09109212816953831	5.470851787518829	0.017727327531771975	9.602887099915138	497.1292712080693	0.6554631610352901	0	0	0	0.0005060673723755609	0.056099463373229456	8273838071935286e-20	0.05334935934067407	5.097612497481102	0.0030592127646110884
19.3	4.767132174727513	4.767132174727513	4.767132174727513	0.09109212816953828	5.470851787518566	0.01772732753177453	9.602887099915138	497.1292712080754	0.6554631610352663	0	0	0	0.0005060673753046624	0.056099481143874336	8273821970806737e-20	0.053349359262550744	5.097612091807815	0.003059214256227763
19.4	4.7671321747275135	4.7671321747275135	4.7671321747275135	0.0910921281695383	5.470851787518652	0.017727327531773612	9.60288709991514	497.1292712080735	0.655463161035275	0	0	0	0.000506067374404137	0.05609947503570547	8273827731711954e-20	0.05334935928656834	5.097612231260712	0.0030592137223309037
19.5	4.7671321747275135	4.7671321747275135	4.7671321747275135	0.09109212816953828	5.470851787518555	0.017727327531774573	9.60288709991514	497.12927120807564	0.6554631610352659	0	0	0	0.0005060673754437383	0.056099481604475074	8273821687759032e-20	0.05334935925884168	5.097612081301604	0.0030592142823291386
19.6	4.767132174727513	4.767132174727513	4.767132174727513	0.09109212816953827	5.4708517875184395	0.017727327531775736	9.60288709991514	497.12927120807825	0.655463161035255	0	0	0	0.0005060673767320795	0.056099489583181596	827381440248395e-19	0.05334935922448056	5.09761189915773	0.003059214957291439
19.7	4.7671321747275135	4.7671321747275135	4.7671321747275135	0.0910921281695383	5.470851787518499	0.01772732753177515	9.60288709991514	497.129271208077	0.6554631610352606	0	0	0	0.0005060673761685309	0.05609948568561729	8273818103577104e-20	0.05334935923951078	5.097611988142186	0.003059214614267741
19.8	4.767132174727513	4.767132174727513	4.767132174727513	0.09109212816953828	5.470851787518416	0.017727327531775985	9.60288709991514	497.12927120807893	0.6554631610352528	0	0	0	0.0005060673770287337	0.05609949131707534	8273812855110979e-20	0.053349359216568915	5.097611859577068	0.0030592151006200645
19.9	4.7671321747275135	4.7671321747275135	4.7671321747275135	0.09109212816953827	5.47085178751837	0.01772732753177646	9.60288709991514	497.12927120808	0.6554631610352485	0	0	0	0.0005060673775482436	0.05609949457334256	8273809868938427e-20	0.05334935920271472	5.09761178523982	0.0030592153772926586
20	4.7671321747275135	4.7671321747275135	4.7671321747275135	0.09109212816953825	5.470851787518406	0.017727327531776114	9.60288709991514	497.1292712080792	0.6554631610352517	0	0	0	0.000506067377224324	0.05609949227723461	8273812067570948e-20	0.05334935921135567	5.097611837662664	0.003059215173503365
20.1	4.7671321747275135	4.7671321747275135	4.7671321747275135	0.09109212816953825	5.470851787518394	0.017727327531776225	9.60288709991514	497.12927120807944	0.6554631610352506	0	0	0	0.0005060673773638279	0.05609949309517661	8273811337761775e-20	0.053349359207635706	5.097611818990749	0.003059215241102878
20.2	4.7671321747275135	4.7671321747275135	4.7671321747275135	0.09109212816953802	5.470851787519188	0.01772732753176826	9.602887099915147	497.12927120806125	0.6554631610353245	0	0	0	0.0005060673699966747	0.05609944118818312	8273860954692237e-20	0.0533493594041252	5.097613004088036	0.0030592106422337013
20.3	4.7671321747275135	4.7671321747275135	4.7671321747275135	0.09109212816953767	5.470851787520493	0.017727327531755165	9.602887099915158	497.12927120803124	0.6554631610354459	0	0	0	0.0005060673578308937	0.05609935571180823	8273942583905233e-20	0.05334935972859826	5.097614955609491	0.0030592030762912462
20.4	4.7671321747275135	4.7671321747275135	4.7671321747275135	0.0910921281695374	5.470851787521526	0.017727327531744823	9.602887099915163	497.1292712080075	0.6554631610355418	0	0	0	0.0005060673482024721	0.05609928817499961	8274007045277356e-20	0.053349359985396326	5.0976164975487075	0.0030591971016098785
20.5	4.7671321747275135	4.7671321747275135	4.7671321747275135	0.09109212816953742	5.470851787521499	0.017727327531745125	9.602887099915165	497.12927120800805	0.655463161035539	0	0	0	0.0005060673484473971	0.05609929008670494	8274005158685185e-20	0.05334935997886089	5.097616453899278	0.003059197276523964
20.6	4.7671321747275135	4.7671321747275135	4.7671321747275135	0.09109212816953782	5.470851787519881	0.017727327531761372	9.602887099915154	497.12927120804517	0.6554631610353884	0	0	0	0.0005060673635309005	0.056099396138068545	8273903856645828e-20	0.05334935957656415	5.097614032626786	0.00305920666589606
20.7	4.7671321747275135	4.7671321747275135	4.7671321747275135	0.09109212816953795	5.470851787519428	0.017727327531765643	9.60288709991515	497.12927120805557	0.6554631610353489	0	0	0	0.0005060673677898939	0.056099424459383866	8273877325371268e-20	0.05334935946297069	5.097613386046566	0.0030592091245510763
20.8	4.7671321747275135	4.7671321747275135	4.7671321747275135	0.0910921281695379	5.470851787519573	0.01772732753176399	9.60288709991515	497.1292712080522	0.6554631610353642	0	0	0	0.0005060673664685338	0.05609941402529965	8273887659260222e-20	0.05334935949821331	5.0976136242878365	0.0030592081664206796
20.9	4.7671321747275135	4.7671321747275135	4.7671321747275135	0.09109212816953807	5.470851787518901	0.01772732753177093	9.602887099915145	497.1292712080677	0.6554631610352999	0	0	0	0.000506067372711593	0.05609945901830447	8273844327810931e-20	0.05334935933170529	5.09761259702811	0.003059212182980901
21	4.7671321747275135	4.7671321747275135	4.7671321747275135	0.09109212816953811	5.470851787518831	0.01772732753177151	9.602887099915145	497.1292712080692	0.6554631610352946	0	0	0	0.0005060673733700317	0.05609946292456595	8273840832218958e-20	0.05334935931414285	5.0976125078559384	0.003059212506774705
21.1	4.7671321747275135	4.7671321747275135	4.7671321747275135	0.09109212816953813	5.470851787518835	0.017727327531771427	9.602887099915145	497.12927120806916	0.6554631610352952	0	0	0	0.00050606737334794	0.0560994624734767	827384135905238e-19	0.053349359314730935	5.09761251815996	0.0030592124578618933
21.2	4.7671321747275135	4.7671321747275135	4.7671321747275135	0.09109212816953818	5.470851787518524	0.017727327531774705	9.602887099915142	497.1292712080763	0.6554631610352649	0	0	0	0.0005060673762050169	0.05609948361696605	8273820821189328e-20	0.05334935923852909	5.097612035412394	0.0030592143617446522
21.3	4.7671321747275135	4.7671321747275135	4.7671321747275135	0.09109212816953816	5.470851787518534	0.01772732753177449	9.602887099915144	497.12927120807615	0.6554631610352669	0	0	0	0.0005060673760895075	0.056099482337712774	827382219629947e-19	0.05334935924160759	5.09761206462653	0.0030592142341588284
21.4	4.7671321747275135	4.7671321747275135	4.7671321747275135	0.09109212816953818	5.470851787518483	0.017727327531775045	9.602887099915144	497.1292712080773	0.6554631610352617	0	0	0	0.0005060673765649974	0.05609948590579122	8273818714870365e-20	0.05334935922892523	5.097611983159463	0.003059214556904309
21.5	4.767132174727513	4.767132174727513	4.767132174727513	0.09109212816953818	5.470851787518369	0.017727327531776263	9.602887099915144	497.12927120807984	0.6554631610352505	0	0	0	0.0005060673776007615	0.056099493736112414	8273811057355475e-20	0.0533493592013027	5.09761180437523	0.0030592152668078836
21.6	4.7671321747275135	4.7671321747275135	4.7671321747275135	0.09109212816953813	5.470851787518383	0.017727327531776037	9.602887099915144	497.12927120807956	0.6554631610352526	0	0	0	0.0005060673774434738	0.05609949234263805	8273812482912849e-20	0.05334935920550048	5.097611836194196	0.003059215134596604
21.7	4.7671321747275135	4.7671321747275135	4.7671321747275135	0.09109212816953818	5.470851787518335	0.01772732753177662	9.602887099915144	497.1292712080807	0.6554631610352472	0	0	0	0.0005060673779120607	0.056099496025775256	827380883776201e-19	0.05334935919300393	5.0976117520973085	0.003059215472563164
21.8	4.767132174727513	4.767132174727513	4.767132174727513	0.0910921281695382	5.470851787518302	0.01772732753177696	9.602887099915144	497.1292712080815	0.6554631610352438	0	0	0	0.0005060673781949855	0.056099498182201064	827380672376278e-19	0.053349359185456274	5.097611702860711	0.003059215668549655
21.9	4.7671321747275135	4.7671321747275135	4.7671321747275135	0.0910921281695382	5.470851787518307	0.017727327531776853	9.602887099915142	497.12927120808143	0.6554631610352449	0	0	0	0.0005060673781178851	0.05609949749963147	8273807422106829e-20	0.05334935918751108	5.09761171844678	0.0030592156037826572
22	4.7671321747275135	4.7671321747275135	4.7671321747275135	0.09109212816953823	5.470851787518282	0.017727327531777224	9.602887099915142	497.12927120808206	0.6554631610352415	0	0	0	0.0005060673784068301	0.056099499843184374	8273805081088003e-20	0.05334935917980684	5.097611664935833	0.0030592158208520384
22.1	4.7671321747275135	4.7671321747275135	4.7671321747275135	0.09109212816953825	5.470851787518274	0.01772732753177728	9.60288709991514	497.1292712080821	0.655463161035241	0	0	0	0.0005060673784650668	0.056099500272387436	8273804665086396e-20	0.05334935917825708	5.097611655136632	0.003059215859415023
22.2	4.7671321747275135	4.7671321747275135	4.7671321747275135	0.09109212816953824	5.470851787518274	0.01772732753177725	9.60288709991514	497.12927120808206	0.6554631610352414	0	0	0	0.0005060673784485	0.056099500114923595	8273804829177842e-20	0.05334935917870174	5.097611658732652	0.0030592158441941353
22.3	4.7671321747275135	4.7671321747275135	4.7671321747275135	0.09109212816953825	5.470851787518403	0.017727327531775028	9.60288709991514	497.12927120807916	0.655463161035262	0	0	0	0.0005060673769009412	0.05609948663812222	8273818565754505e-20	0.053349359219978465	5.097611966463568	0.003059214570254207
22.4	4.7671321747275135	4.7671321747275135	4.7671321747275135	0.09109212816953827	5.470851787519019	0.017727327531764363	9.60288709991514	497.1292712080651	0.6554631610353613	0	0	0	0.0005060673694479412	0.056099421954865364	8273884434555019e-20	0.05334935941876003	5.097613443446706	0.0030592084615839853
22.5	4.767132174727513	4.767132174727513	4.767132174727513	0.09109212816953827	5.470851787519857	0.017727327531749795	9.60288709991514	497.12927120804596	0.6554631610354967	0	0	0	0.0005060673592681164	0.05609933365745812	827397433593712e-19	0.05334935969026903	5.097615459636932	0.0030592001241445425
22.6	4.7671321747275135	4.7671321747275135	4.7671321747275135	0.09109212816953828	5.470851787520612	0.017727327531736715	9.60288709991514	497.12927120802874	0.6554631610356184	0	0	0	0.0005060673501209518	0.05609925436939419	8274055049664002e-20	0.05334935993423554	5.097617270106582	0.0030591926387784425
22.7	4.7671321747275135	4.7671321747275135	4.7671321747275135	0.09109212816953828	5.470851787520969	0.017727327531730504	9.60288709991514	497.1292712080206	0.6554631610356763	0	0	0	0.0005060673457659323	0.056099216714167295	8274093355498856e-20	0.053349360050389615	5.09761812992799	0.00305918908632825
22.8	4.7671321747275135	4.7671321747275135	4.7671321747275135	0.09109212816953827	5.470851787520621	0.01772732753173653	9.60288709991514	497.1292712080285	0.6554631610356202	0	0	0	0.000506067349962543	0.05609925331527113	8274056033204878e-20	0.0533493599384613	5.097617294173489	0.0030591925476365304
22.9	4.7671321747275135	4.7671321747275135	4.7671321747275135	0.09109212816953825	5.470851787519387	0.0177273275317579	9.60288709991514	497.12927120805665	0.6554631610354212	0	0	0	0.0005060673648839272	0.05609938291326876	8273924032456305e-20	0.053349359540490165	5.097614334920701	0.003059204789402725
23	4.7671321747275135	4.7671321747275135	4.7671321747275135	0.09109212816953828	5.47085178751891	0.017727327531766247	9.60288709991514	497.1292712080675	0.6554631610353436	0	0	0	0.0005060673708166675	0.0560994332342934	8273873118571842e-20	0.05334935938225533	5.0976131858988065	0.003059209510889864
23.1	4.7671321747275135	4.7671321747275135	4.7671321747275135	0.0910921281695383	5.470851787518841	0.01772732753176747	9.60288709991514	497.12927120806904	0.6554631610353322	0	0	0	0.0005060673717343962	0.05609944051184348	827386590104277e-19	0.05334935935777721	5.097613019729904	0.0030592101800881294
23.2	4.7671321747275135	4.7671321747275135	4.7671321747275135	0.09109212816953827	5.470851787518507	0.01772732753177323	9.60288709991514	497.12927120807666	0.6554631610352786	0	0	0	0.0005060673757010033	0.056099475608121396	8273829972111156e-20	0.05334935925198422	5.097612218330973	0.0030592135122883596
23.3	4.7671321747275135	4.7671321747275135	4.7671321747275135	0.09109212816953828	5.470851787518461	0.017727327531774067	9.60288709991514	497.1292712080778	0.6554631610352709	0	0	0	0.000506067376307234	0.05609948058817854	8273824980843416e-20	0.05334935923581713	5.097612104619049	0.003059213975114496
23.4	4.7671321747275135	4.7671321747275135	4.7671321747275135	0.09109212816953828	5.4708517875183835	0.017727327531775406	9.60288709991514	497.1292712080797	0.6554631610352585	0	0	0	0.0005060673772182093	0.05609948877467425	8273816564765646e-20	0.053349359211521175	5.097611917684707	0.003059214755685311
23.5	4.767132174727513	4.767132174727513	4.767132174727513	0.09109212816953825	5.470851787518322	0.017727327531776454	9.60288709991514	497.129271208081	0.6554631610352487	0	0	0	0.0005060673779338383	0.056099495182894005	8273809983358121e-20	0.053349359192434345	5.097611771356795	0.0030592153660895776
23.6	4.7671321747275135	4.7671321747275135	4.7671321747275135	0.09109212816953827	5.470851787518316	0.017727327531776554	9.60288709991514	497.12927120808115	0.6554631610352478	0	0	0	0.000506067378009435	0.056099495782628024	8273809388801301e-20	0.053349359190417917	5.097611757663215	0.0030592154212158024
23.7	4.767132174727513	4.767132174727513	4.767132174727513	0.09109212816953824	5.4708517875182805	0.017727327531777148	9.60288709991514	497.12927120808195	0.6554631610352423	0	0	0	0.000506067378402726	0.056099499434929055	8273805601580332e-20	0.05334935917992862	5.0976116742635815	0.0030592157724972204
23.8	4.7671321747275135	4.7671321747275135	4.7671321747275135	0.09109212816953824	5.4708517875182725	0.017727327531777255	9.60288709991514	497.1292712080821	0.655463161035241	0	0	0	0.0005060673784835752	0.05609950014656714	8273804874216623e-20	0.053349359177772525	5.097611658014033	0.0030592158399551095
23.9	4.7671321747275135	4.7671321747275135	4.7671321747275135	0.09109212816953824	5.470851787518265	0.017727327531777363	9.60288709991514	497.12927120808223	0.65546316103524	0	0	0	0.0005060673785562085	0.05609950082596784	8273804168380099e-20	0.05334935917583551	5.0976116425001505	0.0030592159054255038
24	4.7671321747275135	4.7671321747275135	4.7671321747275135	0.09109212816953824	5.470851787518257	0.01772732753177753	9.60288709991514	497.12927120808246	0.6554631610352385	0	0	0	0.0005060673786620437	0.05609950183555115	82738031142682e-18	0.053349359173013394	5.097611619446173	0.0030592160032048158
