0	4.7671321747275135	4.7671321747275135	4.7671321747275135	0.09031157642325327	0.07864068618952942	0.028323195374527724	9.520601741646566	7.146085864008718	1.0472424897290866	0	0	0	0	0	0	0	0	0
0.1	4.7671321747275135	4.7671321747275135	4.7671321747275135	0.09031157642325327	0.07864068618952942	0.028323195374527724	9.520601741646566	7.146085864008718	1.0472424897290866	0	0	0	-0.0005017037617203212	0	0	-0.006065090996720494	0	0
0.2	4.7671321747275135	4.7671321747275135	4.7671321747275135	0.09031157642325327	0.07864068618952944	0.028323195374527724	9.520601741646566	7.146085864008718	1.0472424897290866	0	0	0	-0.0006781274786339354	0	15554613716210345e-22	-0.01710615096273998	0	6847954851153581e-21
0.3	4.7671321747275135	4.7671321747275135	4.7671321747275135	0.09031157642325327	0.07864068618952942	0.028323195374527724	9.520601741646566	7.146085864008718	1.0472424897290866	0	0	0	-0.0007401633146860301	0	3298349523055442e-21	-0.02820243503021826	0	22686159169534638e-21
0.4	4.7671321747275135	4.7671321747275135	4.7671321747275135	0.09031157642325327	0.07864068618952942	0.028323195374527724	9.520601741646566	7.146085864008718	1.0472424897290866	0	0	0	-0.0007619916366812014	0	5113517233003324e-21	-0.03794561300939927	0	4822671404478454e-20
0.5	4.7671321747275135	4.7671321747275135	4.7671321747275135	0.09031157642325327	0.07864068618952941	0.028323195374527724	9.520601741646566	7.146085864008717	1.0472424897290866	0	0	0	-0.0007696751525043767	0	6775393423412197e-21	-0.046102099641080356	0	811975617623668e-19
0.6	4.7671321747275135	4.7671321747275135	4.7671321747275135	0.09031157642325327	0.07864068618952944	0.028323195374527724	9.520601741646566	7.146085864008718	1.0472424897290866	0	0	0	-0.0007723973309392356	0	820612332051011e-20	-0.05280085355484335	0	0.00011876166851554558
0.7	4.7671321747275135	4.7671321747275135	4.7671321747275135	0.09031157642325326	0.07864068618952944	0.028323195374527724	9.520601741646566	7.146085864008718	1.0472424897290866	0	0	0	-0.0007733721307847073	0	9400829020391052e-21	-0.0582586447808461	0	0.00015837543308993836
0.8	4.767132174727513	4.767132174727513	4.767132174727513	0.09031157642325327	0.07864068618952944	0.028323195374527724	9.520601741646566	7.146085864008717	1.0472424897290866	0	0	0	-0.0007737330148739071	0	10383183651696014e-21	-0.06269014405201606	0	0.00019806711708665977
0.9	4.7671321747275135	4.7671321747275135	4.7671321747275135	0.09031157642325327	0.07864068618952945	0.028323195374527724	9.520601741646566	7.146085864008718	1.0472424897290866	0	0	0	-0.00077387854326915	0	11184725359229078e-21	-0.06628323910184396	0	0.0002364395715820695
1	4.767132174727513	4.767132174727513	4.767132174727513	0.09031157642325326	0.07864068618952944	0.028323195374527724	9.520601741646566	7.146085864008718	1.0472424897290864	0	0	0	-0.0007739479536337975	0	11836321916880378e-21	-0.0691951386266546	0	0.0002725822254995077
1.1	4.7671321747275135	4.7671321747275135	4.7671321747275135	0.09031157642325326	0.07864068618952945	0.028323195374527724	9.520601741646566	7.146085864008718	1.0472424897290866	0	0	0	-0.0007739880486581403	0	12364809844936256e-21	-0.07155319798958738	0	0.0003059794590736425
1.2	4.7671321747275135	4.7671321747275135	4.7671321747275135	0.09031157642325327	0.07864068618952945	0.028323195374527724	9.520601741646566	7.146085864008718	1.0472424897290866	0	0	0	-0.000774017867027609	0	12793418111563209e-21	-0.07346438379993894	0	0.00033635445415041733
1.3	4.7671321747275135	4.7671321747275135	4.7671321747275135	0.09031157642325328	0.07864068618952945	0.028323195374527724	9.520601741646566	7.146085864008718	1.0472424897290866	0	0	0	-0.0007740417758142784	0	13140450594851185e-21	-0.07501127724023078	0	0.0003636685081483505
1.4	4.7671321747275135	4.7671321747275135	4.7671321747275135	0.09031157642325328	0.07864068618952942	0.028323195374527724	9.520601741646566	7.146085864008719	1.0472424897290868	0	0	0	-0.0007740626301797606	0	1342183395774101e-20	-0.07626542945875724	0	0.0003879730650894013
1.5	4.7671321747275135	4.7671321747275135	4.7671321747275135	0.09031157642325328	0.07864068618952944	0.028323195374527724	9.520601741646566	7.146085864008719	1.0472424897290866	0	0	0	-0.0007740806543131207	0	13649550189954405e-21	-0.07728032059306562	0	0.0004094358452420444
1.6	4.7671321747275135	4.7671321747275135	4.7671321747275135	0.09031157642325328	0.07864068618952942	0.028323195374527724	9.520601741646566	7.14608586400872	1.0472424897290864	0	0	0	-0.0007740965443675791	0	13834223460696478e-21	-0.07810339023491043	0	0.00042825264280674523
1.7	4.7671321747275135	4.7671321747275135	4.7671321747275135	0.09031157642325331	0.07864068618952941	0.028323195374527724	9.520601741646566	7.14608586400872	1.0472424897290864	0	0	0	-0.000774110360848352	0	1398367781236388e-20	-0.07876950194265833	0	0.0004446565663690127
1.8	4.7671321747275135	4.7671321747275135	4.7671321747275135	0.09031157642325328	0.07864068618952942	0.028323195374527724	9.520601741646566	7.14608586400872	1.0472424897290864	0	0	0	-0.0007741224323458609	0	14104807497537792e-21	-0.07930939089737146	0	0.0004588848632160872
1.9	4.7671321747275135	4.7671321747275135	4.7671321747275135	0.09031157642325327	0.0786406861895294	0.028323195374527724	9.520601741646567	7.14608586400872	1.0472424897290864	0	0	0	-0.0007741328785446735	0	1420298635568756e-20	-0.07974700169632055	0	0.0004711721689062209
2	4.7671321747275135	4.7671321747275135	4.7671321747275135	0.09031157642325327	0.0786406861895294	0.028323195374527724	9.520601741646567	7.14608586400872	1.0472424897290864	0	0	0	-0.0007741419019705294	0	14282386050210833e-21	-0.08010092192887676	0	0.0004817393949727598
2.1	4.7671321747275135	4.7671321747275135	4.7671321747275135	0.09031157642325327	0.07864068618952941	0.028323195374527724	9.520601741646567	7.146085864008719	1.0472424897290864	0	0	0	-0.000774149679848183	0	14346865531461879e-21	-0.08038834801683896	0	0.0004908024893713371
2.2	4.7671321747275135	4.7671321747275135	4.7671321747275135	0.09031157642325324	0.0786406861895294	0.028323195374527717	9.520601741646567	7.14608586400872	1.0472424897290864	0	0	0	-0.0007741563348858027	0	14399055096562926e-21	-0.08062100083807214	0	0.0004985467643292552
2.3	4.7671321747275135	4.7671321747275135	4.7671321747275135	0.09031157642325326	0.0786406861895294	0.02832319537452772	9.520601741646567	7.14608586400872	1.0472424897290864	0	0	0	-0.000774162031475477	0	14441259885233645e-21	-0.08080914982197725	0	0.0005051440329994108
2.4	4.7671321747275135	4.7671321747275135	4.7671321747275135	0.09031157642325323	0.07864068618952946	0.028323195374527717	9.52060174164657	7.146085864008719	1.0472424897290864	0	0	0	-0.0007741668942427869	0	14475576306658992e-21	-0.08096213965355718	0	0.0005107591736351392
2.5	4.7671321747275135	4.7671321747275135	4.7671321747275135	0.09031157642325313	0.07864068618952955	0.028323195374527706	9.520601741646571	7.146085864008716	1.0472424897290864	0	0	0	-0.0007741710143120623	0	145033538004035e-19	-0.0810859857700421	0	0.0005155211958059623
2.6	4.7671321747275135	4.7671321747275135	4.7671321747275135	0.09031157642325312	0.07864068618952957	0.028323195374527703	9.520601741646571	7.146085864008716	1.0472424897290864	0	0	0	-0.0007741745145843291	0	14525785972056238e-21	-0.08118600201502488	0	0.0005195476844121582
2.7	4.7671321747275135	4.7671321747275135	4.7671321747275135	0.09031157642325317	0.07864068618952956	0.028323195374527706	9.520601741646567	7.146085864008716	1.0472424897290864	0	0	0	-0.0007741774922514599	0	14544025161310601e-21	-0.08126732574788295	0	0.00052295430954863
2.8	4.7671321747275135	4.7671321747275135	4.7671321747275135	0.09031157642325308	0.0786406861895298	0.02832319537452766	9.52060174164657	7.14608586400871	1.0472424897290868	0	0	0	-0.0007741799684033996	0	14558834831897405e-21	-0.08133337621110939	0	0.0005258310276702656
2.9	4.7671321747275135	4.7671321747275135	4.7671321747275135	0.09031157642325299	0.07864068618953005	0.028323195374527613	9.520601741646573	7.146085864008706	1.0472424897290873	0	0	0	-0.0007741820476173206	0	14570785256164142e-21	-0.08138667901024703	0	0.0005282493903662524
3	4.7671321747275135	4.7671321747275135	4.7671321747275135	0.09031157642325305	0.07864068618952995	0.02832319537452763	9.520601741646573	7.1460858640087075	1.047242489729087	0	0	0	-0.0007741838437614005	0	14580447129919762e-21	-0.08142975857858999	0	0.0005302805497849773
3.1	4.7671321747275135	4.7671321747275135	4.7671321747275135	0.0903115764232529	0.0786406861895303	0.028323195374527564	9.520601741646574	7.1460858640086995	1.0472424897290875	0	0	0	-0.0007741852872682112	0	14588321999990744e-21	-0.0814649142133269	0	0.0005319918462334301
3.2	4.7671321747275135	4.7671321747275135	4.7671321747275135	0.0903115764232522	0.07864068618953206	0.028323195374527255	9.520601741646594	7.146085864008659	1.0472424897290904	0	0	0	-0.0007741862640181609	0	14594687885369837e-21	-0.08149345229485266	0	0.0005334287870804054
3.3	4.7671321747275135	4.7671321747275135	4.7671321747275135	0.09031157642325156	0.07864068618953364	0.02832319537452697	9.52060174164661	7.146085864008622	1.0472424897290928	0	0	0	-0.0007741870593589186	0	14599815603487708e-21	-0.08151645338179671	0	0.0005346292235631699
3.4	4.7671321747275135	4.7671321747275135	4.7671321747275135	0.0903115764232516	0.07864068618953352	0.028323195374526995	9.520601741646608	7.146085864008625	1.0472424897290928	0	0	0	-0.0007741879659726801	0	14603977189820722e-21	-0.08153500001459203	0	0.0005356310029008476
3.5	4.7671321747275135	4.7671321747275135	4.7671321747275135	0.09031157642325069	0.07864068618953592	0.02832319537452648	9.520601741646633	7.146085864008569	1.0472424897290975	0	0	0	-0.0007741883186386468	0	14607307908855204e-21	-0.08155015712475241	0	0.0005364721927491403
3.6	4.7671321747275135	4.7671321747275135	4.7671321747275135	0.09031157642324095	0.07864068618956085	0.02832319537452158	9.520601741646894	7.146085864007995	1.0472424897291426	0	0	0	-0.0007741848842182321	0	14609513443649514e-21	-0.08156261990423329	0	0.0005371820840684095
3.7	4.7671321747275135	4.7671321747275135	4.7671321747275135	0.09031157642322823	0.07864068618959329	0.028323195374515234	9.520601741647235	7.14608586400725	1.0472424897292012	0	0	0	-0.0007741801280032712	0	14611024610658385e-21	-0.08157273471935225	0	0.0005377754827984838
3.8	4.7671321747275135	4.7671321747275135	4.7671321747275135	0.09031157642322024	0.0786406861896137	0.028323195374511258	9.52060174164745	7.146085864006782	1.047242489729238	0	0	0	-0.0007741772404519918	0	14612370538058027e-21	-0.08158083446811747	0	0.0005382662496579007
3.9	4.7671321747275135	4.7671321747275135	4.7671321747275135	0.09031157642322457	0.07864068618960257	0.028323195374513475	9.520601741647335	7.146085864007037	1.0472424897292179	0	0	0	-0.0007741794120226205	0	1461408035402465e-20	-0.08158725204853713	0	0.0005386682453651975
4	4.7671321747275135	4.7671321747275135	4.7671321747275135	0.09031157642324115	0.07864068618956027	0.028323195374521753	9.520601741646892	7.146085864008009	1.0472424897291415	0	0	0	-0.0007741865966025372	0	14616214326140859e-21	-0.08159237238183449	0	0.0005389983456379598
4.1	4.7671321747275135	4.7671321747275135	4.7671321747275135	0.09031157642324594	0.07864068618954823	0.028323195374523973	9.520601741646765	7.146085864008286	1.047242489729121	0	0	0	-0.0007741887988404462	0	146174048549054e-19	-0.08159663102361753	0	0.0005392783671026171
4.2	4.7671321747275135	4.7671321747275135	4.7671321747275135	0.090311576423249	0.07864068618954044	0.028323195374525503	9.520601741646683	7.146085864008465	1.0472424897291068	0	0	0	-0.0007741902761904947	0	14618364524470021e-21	-0.08160008917814493	0	0.0005395111149646779
4.3	4.7671321747275135	4.7671321747275135	4.7671321747275135	0.09031157642325129	0.07864068618953458	0.028323195374526672	9.520601741646622	7.1460858640086	1.047242489729096	0	0	0	-0.0007741914047251937	0	14619138104915401e-21	-0.08160289904938085	0	0.0005397047480148936
4.4	4.7671321747275135	4.7671321747275135	4.7671321747275135	0.09031157642325179	0.07864068618953327	0.028323195374526922	9.520601741646608	7.146085864008629	1.047242489729094	0	0	0	-0.0007741917615148942	0	14619678821004297e-21	-0.08160518909968376	0	0.0005398661747581655
4.5	4.7671321747275135	4.7671321747275135	4.7671321747275135	0.09031157642325266	0.078640686189531	0.028323195374527394	9.520601741646583	7.146085864008682	1.047242489729089	0	0	0	-0.0007741922512789059	0	14620158106768176e-21	-0.0816070430677676	0	0.0005399998839698409
4.6	4.7671321747275135	4.7671321747275135	4.7671321747275135	0.09031157642325287	0.0786406861895305	0.028323195374527495	9.52060174164658	7.146085864008693	1.0472424897290884	0	0	0	-0.000774192430634555	0	14620507674692e-18	-0.0816085514593312	0	0.0005401111015267881
4.7	4.7671321747275135	4.7671321747275135	4.7671321747275135	0.09031157642325308	0.07864068618952998	0.028323195374527613	9.520601741646574	7.146085864008707	1.0472424897290873	0	0	0	-0.0007741926010767163	0	14620797824655618e-21	-0.08160977381774343	0	0.0005402032260524136
4.8	4.7671321747275135	4.7671321747275135	4.7671321747275135	0.09031157642325317	0.0786406861895297	0.028323195374527665	9.520601741646571	7.146085864008713	1.0472424897290868	0	0	0	-0.000774192710300938	0	14621027554669942e-21	-0.08161076679390904	0	0.0005402796561513425
4.9	4.7671321747275135	4.7671321747275135	4.7671321747275135	0.0903115764232532	0.07864068618952962	0.028323195374527682	9.52060174164657	7.146085864008714	1.0472424897290866	0	0	0	-0.0007741927816456004	0	14621210520961313e-21	-0.08161157149942974	0	0.0005403429221165925
5	4.767132174727514	4.767132174727514	4.767132174727514	0.09031157642325326	0.0786406861895295	0.02832319537452771	9.52060174164657	7.146085864008717	1.0472424897290866	0	0	0	-0.0007741928473062977	0	14621360732992655e-21	-0.08161222495262524	0	0.0005403953336782532
5.1	4.7671321747275135	4.7671321747275135	4.7671321747275135	0.09031157642325327	0.07864068618952948	0.028323195374527713	9.520601741646567	7.146085864008718	1.0472424897290864	0	0	0	-0.0007741928895910404	0	1462148000716796e-20	-0.08161275462271535	0	0.0005404386855079071
5.2	4.7671321747275135	4.7671321747275135	4.7671321747275135	0.09031157642325327	0.07864068618952945	0.028323195374527713	9.520601741646567	7.146085864008718	1.0472424897290864	0	0	0	-0.0007741929273186637	0	14621577526590976e-21	-0.08161318439689015	0	0.0005404745481650246
5.3	4.7671321747275135	4.7671321747275135	4.7671321747275135	0.09031157642325326	0.07864068618952945	0.028323195374527717	9.520601741646566	7.146085864008718	1.0472424897290864	0	0	0	-0.0007741929555721536	0	14621655994205131e-21	-0.08161353311856773	0	0.0005405042057441158
5.4	4.767132174727514	4.767132174727514	4.767132174727514	0.09031157642325362	0.07864068618952995	0.028323195374527564	9.520601741646557	7.1460858640087075	1.0472424897290875	0	0	0	-0.0007741929431031903	0	146217103225709e-19	-0.08161381657613191	0	0.000540528785082646
5.5	4.7671321747275135	4.7671321747275135	4.7671321747275135	0.09031157642326659	0.07864068618954889	0.02832319537452171	9.52060174164621	7.146085864008271	1.0472424897291406	0	0	0	-0.0007741916481882097	0	14621420201883378e-21	-0.08161407642637085	0	0.0005405521505930281
5.6	4.7671321747275135	4.7671321747275135	4.7671321747275135	0.0903115764232948	0.07864068618959003	0.028323195374509013	9.52060174164546	7.146085864007326	1.047242489729256	0	0	0	-0.0007741888100501955	0	14620719303182075e-21	-0.08161432541610221	0	0.0005405754355452875
5.7	4.7671321747275135	4.7671321747275135	4.7671321747275135	0.09031157642333341	0.07864068618964631	0.028323195374491628	9.520601741644438	7.146085864006032	1.0472424897294137	0	0	0	-0.0007741849166044932	0	14619735795838116e-21	-0.08161455786948084	0	0.0005405979239141243
5.8	4.7671321747275135	4.7671321747275135	4.7671321747275135	0.0903115764233776	0.07864068618971076	0.028323195374471734	9.520601741643263	7.146085864004552	1.047242489729594	0	0	0	-0.0007741804557664485	0	1461859784922263e-20	-0.08161476811066165	0	0.0005406188996742398
5.9	4.7671321747275135	4.7671321747275135	4.7671321747275135	0.09031157642342252	0.07864068618977631	0.028323195374451507	9.52060174164207	7.146085864003045	1.0472424897297774	0	0	0	-0.000774175915451407	0	14617433632706739e-21	-0.08161495046379949	0	0.0005406376468003345
6	4.7671321747275135	4.7671321747275135	4.7671321747275135	0.09031157642346342	0.07864068618983597	0.02832319537443313	9.520601741640982	7.146085864001674	1.0472424897299442	0	0	0	-0.000774171783574714	0	14616371315661571e-21	-0.08161509925304927	0	0.0005406534492671092
6.1	4.7671321747275135	4.7671321747275135	4.7671321747275135	0.09031157642349544	0.07864068618988267	0.028323195374418762	9.520601741640132	7.1460858640006	1.0472424897300745	0	0	0	-0.0007741685480517155	0	14615539067458255e-21	-0.08161520880256586	0	0.0005406655910492647
6.2	4.7671321747275135	4.7671321747275135	4.7671321747275135	0.09031157642351374	0.07864068618990942	0.02832319537441058	9.520601741639648	7.146085863999985	1.0472424897301487	0	0	0	-0.0007741666967977569	0	14615065057467912e-21	-0.0816152734365041	0	0.0005406733561215017
6.3	4.7671321747275135	4.7671321747275135	4.7671321747275135	0.09031157642351355	0.0786406861899092	0.028323195374410772	9.520601741639654	7.146085863999991	1.047242489730147	0	0	0	-0.0007741667177281837	0	14615077455061673e-21	-0.08161528747901892	0	0.0005406760284585209
6.4	4.7671321747275135	4.7671321747275135	4.7671321747275135	0.09031157642349003	0.07864068618987494	0.02832319537442149	9.520601741640277	7.146085864000778	1.0472424897300499	0	0	0	-0.0007741690987583417	0	14615704429610658e-21	-0.08161524525426517	0	0.0005406728920350233
6.5	4.7671321747275135	4.7671321747275135	4.7671321747275135	0.09031157642343834	0.07864068618979964	0.028323195374444925	9.52060174164165	7.146085864002509	1.0472424897298371	0	0	0	-0.0007741743278035763	0	14617074150485998e-21	-0.08161514108639771	0	0.0005406632308257093
6.6	4.7671321747275135	4.7671321747275135	4.7671321747275135	0.09031157642335369	0.07864068618967626	0.02832319537448324	9.520601741643901	7.146085864005345	1.0472424897294899	0	0	0	-0.0007741828927792332	0	14619314787058819e-21	-0.08161496929957147	0	0.0005406463288052798
6.7	4.7671321747275135	4.7671321747275135	4.7671321747275135	0.09031157642329214	0.07864068618958626	0.028323195374510543	9.520601741645537	7.146085864007413	1.047242489729242	0	0	0	-0.000774189130926071	0	14620925941397558e-21	-0.08161486637909833	0	0.0005406353789988412
6.8	4.7671321747275135	4.7671321747275135	4.7671321747275135	0.09031157642327578	0.07864068618956213	0.028323195374517378	9.520601741645972	7.1460858640079685	1.0472424897291803	0	0	0	-0.000774190799039247	0	14621344357749922e-21	-0.08161487309510175	0	0.0005406347016881721
6.9	4.7671321747275135	4.7671321747275135	4.7671321747275135	0.09031157642326193	0.07864068618954204	0.028323195374523765	9.52060174164634	7.14608586400843	1.0472424897291224	0	0	0	-0.0007741921970601342	0	14621722743373993e-21	-0.08161487736794684	0	0.0005406338594723003
7	4.7671321747275135	4.7671321747275135	4.7671321747275135	0.09031157642325809	0.0786406861895364	0.02832319537452544	9.520601741646441	7.14608586400856	1.0472424897291073	0	0	0	-0.000774192589426862	0	14621828793432861e-21	-0.08161490053309825	0	0.0005406350683082408
7.1	4.767132174727513	4.767132174727513	4.767132174727513	0.09031157642325524	0.0786406861895323	0.02832319537452679	9.520601741646516	7.146085864008654	1.047242489729095	0	0	0	-0.0007741928776892241	0	14621912551802613e-21	-0.08161492012178315	0	0.0005406361133705708
7.2	4.7671321747275135	4.7671321747275135	4.7671321747275135	0.09031157642325424	0.07864068618953093	0.028323195374527235	9.520601741646542	7.146085864008685	1.047242489729091	0	0	0	-0.0007741929757344761	0	14621942891969446e-21	-0.08161493961312753	0	0.0005406373412111227
7.3	4.767132174727514	4.767132174727514	4.767132174727514	0.09031157642325373	0.07864068618953012	0.028323195374527505	9.520601741646557	7.146085864008705	1.0472424897290886	0	0	0	-0.0007741930329482991	0	14621962380515133e-21	-0.08161495600778082	0	0.0005406384129042751
7.4	4.7671321747275135	4.7671321747275135	4.7671321747275135	0.09031157642325349	0.07864068618952975	0.028323195374527627	9.520601741646562	7.146085864008713	1.0472424897290875	0	0	0	-0.0007741930581761621	0	14621972279492456e-21	-0.08161496987159611	0	0.0005406393602371196
7.5	4.7671321747275135	4.7671321747275135	4.7671321747275135	0.09031157642325337	0.07864068618952957	0.02832319537452767	9.520601741646566	7.146085864008716	1.0472424897290868	0	0	0	-0.000774193069664119	0	14621977913766737e-21	-0.08161498134451871	0	0.0005406401693185766
7.6	4.7671321747275135	4.7671321747275135	4.7671321747275135	0.09031157642325333	0.07864068618952949	0.0283231953745277	9.520601741646566	7.146085864008718	1.0472424897290866	0	0	0	-0.0007741930763623074	0	14621981776631414e-21	-0.08161499072639808	0	0.0005406408479799751
7.7	4.7671321747275135	4.7671321747275135	4.7671321747275135	0.09031157642325328	0.07864068618952946	0.028323195374527703	9.520601741646566	7.146085864008719	1.0472424897290866	0	0	0	-0.0007741930789301687	0	14621984087073511e-21	-0.08161499840312872	0	0.0005406414181473463
7.8	4.7671321747275135	4.7671321747275135	4.7671321747275135	0.09031157642325327	0.07864068618952945	0.02832319537452772	9.52060174164657	7.14608586400872	1.0472424897290864	0	0	0	-0.0007741930808518103	0	1462198593270546e-20	-0.08161500464000626	0	0.0005406418914098513
7.9	4.7671321747275135	4.7671321747275135	4.7671321747275135	0.09031157642325327	0.07864068618952944	0.028323195374527717	9.520601741646567	7.146085864008719	1.0472424897290864	0	0	0	-0.0007741930816183734	0	14621987189533323e-21	-0.08161500971388755	0	0.0005406422854185653
8	4.7671321747275135	4.7671321747275135	4.7671321747275135	0.09031157642325233	0.07864068618953274	0.028323195374526794	9.520601741646594	7.1460858640086435	1.047242489729095	0	0	0	-0.0007741928767426102	0	1462192029511833e-20	-0.0816150192523797	0	0.0005406432360907947
8.1	4.7671321747275135	4.7671321747275135	4.7671321747275135	0.09031157642324923	0.07864068618954362	0.028323195374523748	9.520601741646677	7.146085864008394	1.0472424897291233	0	0	0	-0.0007741922014626807	0	14621697788569638e-21	-0.08161504037688312	0	0.0005406455567141062
8.2	4.7671321747275135	4.7671321747275135	4.7671321747275135	0.09031157642324456	0.07864068618955997	0.028323195374519154	9.520601741646802	7.1460858640080165	1.0472424897291654	0	0	0	-0.0007741911849133456	0	14621362399126636e-21	-0.08161506977693775	0	0.0005406488614272592
8.3	4.7671321747275135	4.7671321747275135	4.7671321747275135	0.09031157642323895	0.07864068618957967	0.028323195374513634	9.520601741646953	7.1460858640075635	1.0472424897292163	0	0	0	-0.0007741899619294313	0	14620958739900508e-21	-0.08161510399158607	0	0.0005406527470437578
8.4	4.7671321747275135	4.7671321747275135	4.7671321747275135	0.09031157642323301	0.0786406861896005	0.028323195374507792	9.520601741647113	7.146085864007086	1.0472424897292705	0	0	0	-0.000774188667345764	0	14620531424002452e-21	-0.0816151395598706	0	0.0005406568103771062
8.5	4.767132174727514	4.767132174727514	4.767132174727514	0.09031157642322735	0.07864068618962033	0.02832319537450224	9.520601741647264	7.146085864006629	1.0472424897293218	0	0	0	-0.0007741874359971702	0	14620125064543649e-21	-0.08161517302083382	0	0.0005406606482408085
8.6	4.7671321747275135	4.7671321747275135	4.7671321747275135	0.0903115764232226	0.07864068618963696	0.028323195374497574	9.52060174164739	7.146085864006246	1.0472424897293646	0	0	0	-0.000774186402718476	0	14619784274635288e-21	-0.08161520091351823	0	0.0005406638574483684
8.7	4.7671321747275135	4.7671321747275135	4.7671321747275135	0.09031157642321938	0.07864068618964826	0.02832319537449442	9.520601741647475	7.146085864005988	1.0472424897293937	0	0	0	-0.0007741857023445079	0	14619553667388561e-21	-0.08161521977696637	0	0.0005406660348132906
8.8	4.7671321747275135	4.7671321747275135	4.7671321747275135	0.0903115764232183	0.078640686189652	0.028323195374493383	9.520601741647505	7.146085864005903	1.0472424897294033	0	0	0	-0.000774185469710092	0	14619477855914657e-21	-0.08161522615022071	0	0.000540666777149079
8.9	4.7671321747275135	4.7671321747275135	4.7671321747275135	0.09031157642321998	0.07864068618964606	0.028323195374495062	9.520601741647459	7.146085864006039	1.047242489729388	0	0	0	-0.0007741858396500549	0	14619601453324763e-21	-0.08161521657232375	0	0.0005406656812692378
9	4.7671321747275135	4.7671321747275135	4.7671321747275135	0.09031157642322504	0.07864068618962824	0.028323195374500076	9.520601741647322	7.146085864006448	1.0472424897293415	0	0	0	-0.0007741869469992227	0	14619969072730068e-21	-0.08161518758231799	0	0.0005406623439872709
9.1	4.7671321747275135	4.7671321747275135	4.7671321747275135	0.09031157642323409	0.07864068618959641	0.02832319537450903	9.520601741647077	7.14608586400718	1.047242489729259	0	0	0	-0.0007741889265924217	0	14620625327241759e-21	-0.08161513571924595	0	0.0005406563621166824
9.2	4.7671321747275135	4.7671321747275135	4.7671321747275135	0.0903115764232454	0.07864068618955677	0.02832319537452014	9.520601741646773	7.146085864008091	1.0472424897291561	0	0	0	-0.0007741913889851188	0	14621438514321393e-21	-0.081615071363862	0	0.0005406489489610149
9.3	4.7671321747275135	4.7671321747275135	4.7671321747275135	0.09031157642324905	0.07864068618954438	0.028323195374523488	9.520601741646676	7.146085864008375	1.0472424897291255	0	0	0	-0.0007741921522060832	0	14621679839587546e-21	-0.08161505205851367	0	0.0005406467842236455
9.4	4.7671321747275135	4.7671321747275135	4.7671321747275135	0.09031157642325095	0.07864068618953782	0.028323195374525323	9.520601741646628	7.146085864008527	1.0472424897291086	0	0	0	-0.000774192560619683	0	14621814541044936e-21	-0.08161504200317596	0	0.0005406455889736968
9.5	4.7671321747275135	4.7671321747275135	4.7671321747275135	0.0903115764232522	0.07864068618953321	0.028323195374526634	9.520601741646594	7.146085864008632	1.0472424897290964	0	0	0	-0.0007741928485319783	0	14621911146881967e-21	-0.08161503500115382	0	0.000540644736542577
9.6	4.7671321747275135	4.7671321747275135	4.7671321747275135	0.09031157642325255	0.07864068618953199	0.028323195374526974	9.520601741646585	7.14608586400866	1.0472424897290933	0	0	0	-0.0007741929235411172	0	14621935552838068e-21	-0.08161503353667997	0	0.0005406445418589112
9.7	4.7671321747275135	4.7671321747275135	4.7671321747275135	0.09031157642325296	0.07864068618953046	0.02832319537452743	9.520601741646574	7.146085864008696	1.047242489729089	0	0	0	-0.0007741930200276833	0	1462196948784849e-20	-0.08161503140151473	0	0.0005406442543956401
9.8	4.7671321747275135	4.7671321747275135	4.7671321747275135	0.09031157642325308	0.07864068618953012	0.02832319537452752	9.520601741646571	7.146085864008704	1.0472424897290882	0	0	0	-0.0007741930418103739	0	14621976777109492e-21	-0.08161503117105111	0	0.000540644207952011
9.9	4.767132174727514	4.767132174727514	4.767132174727514	0.09031157642325319	0.07864068618952974	0.028323195374527637	9.520601741646567	7.146085864008713	1.047242489729087	0	0	0	-0.0007741930651430042	0	14621985251114277e-21	-0.08161503083354812	0	0.0005406441471024091
10	4.7671321747275135	4.7671321747275135	4.7671321747275135	0.09031157642325324	0.0786406861895296	0.028323195374527682	9.520601741646566	7.146085864008715	1.0472424897290866	0	0	0	-0.0007741930734602947	0	14621988215880179e-21	-0.08161503084181806	0	0.0005406441340993565
10.1	4.767132174727514	4.767132174727514	4.767132174727514	0.09031157642325326	0.07864068618952953	0.0283231953745277	9.520601741646566	7.146085864008716	1.0472424897290866	0	0	0	-0.0007741930780664688	0	14621989933252151e-21	-0.08161503090521306	0	0.0005406441301629244
10.2	4.7671321747275135	4.7671321747275135	4.7671321747275135	0.09031157642325328	0.07864068618952948	0.028323195374527713	9.520601741646566	7.146085864008718	1.0472424897290866	0	0	0	-0.0007741930812199464	0	14621991128393881e-21	-0.0816150309722493	0	0.0005406441290429369
10.3	4.7671321747275135	4.7671321747275135	4.7671321747275135	0.09031157642325328	0.07864068618952948	0.028323195374527717	9.520601741646566	7.146085864008718	1.0472424897290866	0	0	0	-0.0007741930820641661	0	14621991456661556e-21	-0.08161503107197973	0	0.000540644134229926
10.4	4.7671321747275135	4.7671321747275135	4.7671321747275135	0.09031157642325328	0.07864068618952944	0.02832319537452772	9.520601741646566	7.146085864008718	1.0472424897290866	0	0	0	-0.0007741930831365572	0	14621991888959762e-21	-0.08161503114266423	0	0.0005406441370729168
10.5	4.7671321747275135	4.7671321747275135	4.7671321747275135	0.0903115764232533	0.07864068618952942	0.028323195374527724	9.520601741646566	7.146085864008718	1.0472424897290864	0	0	0	-0.0007741930833794472	0	14621991993982983e-21	-0.0816150312165677	0	0.0005406441417696483
10.6	4.7671321747275135	4.7671321747275135	4.7671321747275135	0.09031157642326147	0.07864068618952441	0.028323195374526575	9.520601741646347	7.146085864008834	1.0472424897290968	0	0	0	-0.0007741930118382323	0	14621961882753287e-21	-0.08161503318275362	0	0.0005406444241759437
10.7	4.767132174727514	4.767132174727514	4.767132174727514	0.09031157642331479	0.0786406861894916	0.02832319537451907	9.520601741644928	7.146085864009589	1.047242489729166	0	0	0	-0.0007741925447466291	0	14621765264825588e-21	-0.0816150456469081	0	0.0005406462413892427
10.8	4.7671321747275135	4.7671321747275135	4.7671321747275135	0.0903115764234068	0.07864068618943501	0.028323195374506123	9.520601741642476	7.146085864010889	1.0472424897292847	0	0	0	-0.0007741917385347512	0	14621425917460474e-21	-0.08161506711098093	0	0.0005406493742081001
10.9	4.7671321747275135	4.7671321747275135	4.7671321747275135	0.09031157642352469	0.0786406861893625	0.02832319537448954	9.520601741639336	7.146085864012555	1.047242489729437	0	0	0	-0.0007741907055931474	0	14620991175710795e-21	-0.0816150945898875	0	0.0005406533861643705
11	4.7671321747275135	4.7671321747275135	4.7671321747275135	0.09031157642365563	0.07864068618928197	0.028323195374471127	9.520601741635847	7.146085864014407	1.047242489729606	0	0	0	-0.0007741895583123668	0	14620508374629388e-21	-0.08161512509854324	0	0.0005406578407899089
11.1	4.7671321747275135	4.7671321747275135	4.7671321747275135	0.09031157642378682	0.0786406861892013	0.028323195374452683	9.520601741632351	7.146085864016262	1.0472424897297752	0	0	0	-0.0007741884090829588	0	14620024849269105e-21	-0.08161515565186357	0	0.0005406623016165696
11.2	4.7671321747275135	4.7671321747275135	4.7671321747275135	0.09031157642390537	0.07864068618912835	0.028323195374436023	9.520601741629193	7.146085864017937	1.0472424897299284	0	0	0	-0.0007741873702954724	0	14619587934682791e-21	-0.0816151832647639	0	0.0005406663321762076
11.3	4.7671321747275135	4.7671321747275135	4.7671321747275135	0.09031157642399852	0.07864068618907107	0.02832319537442295	9.520601741626713	7.146085864019255	1.0472424897300483	0	0	0	-0.000774186554340457	0	14619244965923289e-21	-0.08161520495215965	0	0.0005406694960006778
11.4	4.7671321747275135	4.7671321747275135	4.7671321747275135	0.09031157642405344	0.07864068618903729	0.02832319537441527	9.52060174162525	7.146085864020032	1.0472424897301191	0	0	0	-0.0007741860736084614	0	14619043278043448e-21	-0.08161521772896621	0	0.0005406713566218347
11.5	4.7671321747275135	4.7671321747275135	4.7671321747275135	0.09031157642405727	0.07864068618903491	0.02832319537441479	9.520601741625146	7.146085864020086	1.0472424897301233	0	0	0	-0.000774186040490035	0	1461903020609611e-20	-0.08161521861009902	0	0.0005406714775715329
11.6	4.7671321747275135	4.7671321747275135	4.7671321747275135	0.0903115764239972	0.07864068618907183	0.028323195374423307	9.520601741626747	7.146085864019238	1.0472424897300454	0	0	0	-0.000774186567375727	0	14619253085134123e-21	-0.08161520461047349	0	0.0005406694223816275
11.7	4.7671321747275135	4.7671321747275135	4.7671321747275135	0.09031157642386041	0.07864068618915593	0.028323195374442642	9.520601741630392	7.146085864017303	1.0472424897298678	0	0	0	-0.0007741877666560861	0	14619759250210332e-21	-0.08161517274500504	0	0.000540664754583973
11.8	4.7671321747275135	4.7671321747275135	4.7671321747275135	0.09031157642363409	0.07864068618929511	0.02832319537447459	9.52060174163642	7.146085864014103	1.0472424897295747	0	0	0	-0.000774189750721662	0	14620596036377581e-21	-0.08161512002860909	0	0.0005406570377104244
11.9	4.7671321747275135	4.7671321747275135	4.7671321747275135	0.09031157642340257	0.07864068618943755	0.02832319537450701	9.52060174164259	7.146085864010829	1.0472424897292771	0	0	0	-0.0007741917781588165	0	14621447064296732e-21	-0.08161506616383582	0	0.000540649190137979
12	4.7671321747275135	4.7671321747275135	4.7671321747275135	0.09031157642334568	0.07864068618947269	0.02832319537451444	9.520601741644104	7.146085864010021	1.0472424897292087	0	0	0	-0.0007741922716755764	0	1462164587684602e-20	-0.0816150530621167	0	0.0005406473584012314
12.1	4.7671321747275135	4.7671321747275135	4.7671321747275135	0.09031157642329925	0.07864068618950121	0.028323195374521076	9.52060174164534	7.1460858640093665	1.047242489729148	0	0	0	-0.0007741926793907702	0	14621819183725763e-21	-0.08161504223997126	0	0.000540645760382632
12.2	4.7671321747275135	4.7671321747275135	4.7671321747275135	0.09031157642327634	0.07864068618951525	0.028323195374524303	9.520601741645951	7.146085864009043	1.0472424897291184	0	0	0	-0.0007741928798454238	0	14621903768756648e-21	-0.08161503692338087	0	0.0005406449807176591
12.3	4.7671321747275135	4.7671321747275135	4.7671321747275135	0.09031157642326795	0.07864068618952041	0.028323195374525493	9.520601741646175	7.146085864008924	1.0472424897291073	0	0	0	-0.0007741929534421139	0	14621934956243544e-21	-0.08161503497630423	0	0.0005406446934414067
12.4	4.7671321747275135	4.7671321747275135	4.7671321747275135	0.09031157642325936	0.0786406861895257	0.0283231953745268	9.5206017416464	7.146085864008804	1.0472424897290953	0	0	0	-0.0007741930297156268	0	14621968379379568e-21	-0.08161503295669228	0	0.0005406443853395732
12.5	4.7671321747275135	4.7671321747275135	4.7671321747275135	0.09031157642325749	0.07864068618952685	0.02832319537452707	9.520601741646452	7.146085864008777	1.0472424897290926	0	0	0	-0.0007741930460705123	0	1462197526149802e-20	-0.08161503252787994	0	0.0005406443221375835
12.6	4.7671321747275135	4.7671321747275135	4.7671321747275135	0.090311576423255	0.07864068618952835	0.028323195374527453	9.520601741646518	7.146085864008743	1.047242489729089	0	0	0	-0.0007741930682005616	0	14621985214096994e-21	-0.08161503194459091	0	0.0005406442304904385
12.7	4.7671321747275135	4.7671321747275135	4.7671321747275135	0.09031157642325432	0.0786406861895288	0.028323195374527547	9.520601741646539	7.146085864008733	1.0472424897290882	0	0	0	-0.0007741930742412597	0	14621987847527475e-21	-0.08161503178788619	0	0.0005406442063811842
12.8	4.767132174727513	4.767132174727513	4.767132174727513	0.0903115764232538	0.0786406861895291	0.028323195374527634	9.520601741646551	7.146085864008725	1.0472424897290873	0	0	0	-0.0007741930789934404	0	14621990014364397e-21	-0.08161503166472671	0	0.0005406441865343119
12.9	4.7671321747275135	4.7671321747275135	4.7671321747275135	0.09031157642325353	0.07864068618952927	0.028323195374527686	9.520601741646558	7.146085864008723	1.047242489729087	0	0	0	-0.0007741930814453732	0	14621991127543663e-21	-0.08161503160210244	0	0.0005406441763900937
13	4.7671321747275135	4.7671321747275135	4.7671321747275135	0.09031157642325345	0.07864068618952932	0.0283231953745277	9.520601741646562	7.146085864008721	1.0472424897290868	0	0	0	-0.0007741930822939989	0	14621991513037682e-21	-0.08161503158159691	0	0.0005406441729420586
13.1	4.7671321747275135	4.7671321747275135	4.7671321747275135	0.09031157642325335	0.07864068618952938	0.028323195374527717	9.520601741646564	7.146085864008719	1.0472424897290868	0	0	0	-0.0007741930832223612	0	14621991948774503e-21	-0.0816150315585953	0	0.0005406441690103357
13.2	4.7671321747275135	4.7671321747275135	4.7671321747275135	0.09031157642325331	0.0786406861895294	0.02832319537452772	9.520601741646564	7.146085864008719	1.0472424897290866	0	0	0	-0.0007741930834192266	0	1462199203804253e-20	-0.0816150315547123	0	0.0005406441682637033
13.3	4.7671321747275135	4.7671321747275135	4.7671321747275135	0.09031157642326403	0.07864068618951722	0.028323195374527203	9.52060174164628	7.146085864008999	1.0472424897290913	0	0	0	-0.0007741929959359324	0	14621948149330839e-21	-0.08161503387926154	0	0.0005406445740327324
13.4	4.7671321747275135	4.7671321747275135	4.7671321747275135	0.0903115764233167	0.0786406861894574	0.028323195374524678	9.520601741644876	7.1460858640103755	1.047242489729115	0	0	0	-0.0007741925655501471	0	1462173226643948e-20	-0.0816150453107306	0	0.0005406465696898899
13.5	4.7671321747275135	4.7671321747275135	4.7671321747275135	0.0903115764234026	0.07864068618935983	0.02832319537452056	9.520601741642588	7.146085864012617	1.047242489729154	0	0	0	-0.0007741918637732823	0	14621380277185182e-21	-0.08161506394988056	0	0.0005406498234904669
13.6	4.7671321747275135	4.7671321747275135	4.7671321747275135	0.09031157642350966	0.07864068618923822	0.028323195374515418	9.520601741639734	7.146085864015413	1.0472424897292019	0	0	0	-0.0007741909890674028	0	14620941588098937e-21	-0.08161508718168992	0	0.0005406538787238482
13.7	4.7671321747275135	4.7671321747275135	4.7671321747275135	0.0903115764236258	0.07864068618910626	0.02832319537450984	9.520601741636636	7.146085864018446	1.0472424897292543	0	0	0	-0.0007741900398945736	0	14620465605711749e-21	-0.08161511239113715	0	0.0005406582786794185
13.8	4.7671321747275135	4.7671321747275135	4.7671321747275135	0.09031157642373906	0.07864068618897763	0.0283231953745044	9.520601741633616	7.146085864021403	1.0472424897293053	0	0	0	-0.0007741891147168594	0	14620001736554608e-21	-0.0816151369632008	0	0.0005406625666465622
13.9	4.7671321747275135	4.7671321747275135	4.7671321747275135	0.09031157642383733	0.078640686188866	0.028323195374499677	9.520601741630998	7.14608586402397	1.0472424897293497	0	0	0	-0.0007741883119963252	0	14619599387158516e-21	-0.08161515828285937	0	0.000540666285914664
14	4.7671321747275135	4.7671321747275135	4.7671321747275135	0.0903115764239086	0.07864068618878504	0.028323195374496256	9.520601741629099	7.146085864025832	1.047242489729382	0	0	0	-0.0007741877301950358	0	14619307964054466e-21	-0.08161517373509139	0	0.0005406689797731088
14.1	4.7671321747275135	4.7671321747275135	4.7671321747275135	0.09031157642394079	0.07864068618874848	0.028323195374494705	9.520601741628239	7.146085864026671	1.0472424897293964	0	0	0	-0.0007741874677750562	0	14619176873773455e-21	-0.08161518070487536	0	0.0005406701915112809
14.2	4.7671321747275135	4.7671321747275135	4.7671321747275135	0.09031157642392185	0.07864068618876999	0.028323195374495617	9.520601741628745	7.146085864026176	1.047242489729388	0	0	0	-0.000774187623198451	0	14619255522846478e-21	-0.0816151765771898	0	0.0005406694644185649
14.3	4.767132174727514	4.767132174727514	4.767132174727514	0.09031157642383975	0.07864068618886323	0.028323195374499555	9.520601741630932	7.146085864024032	1.047242489729351	0	0	0	-0.0007741882949272854	0	14619593317804535e-21	-0.08161515873701318	0	0.0005406663417843457
14.4	4.7671321747275135	4.7671321747275135	4.7671321747275135	0.09031157642368243	0.07864068618904192	0.028323195374507105	9.520601741635128	7.146085864019925	1.0472424897292802	0	0	0	-0.0007741895814236239	0	1462023966517862e-20	-0.08161512456932406	0	0.0005406603668980077
14.5	4.7671321747275135	4.7671321747275135	4.7671321747275135	0.09031157642344975	0.07864068618930618	0.028323195374518273	9.520601741641329	7.146085864013849	1.0472424897291754	0	0	0	-0.0007741914834380062	0	14621194527311947e-21	-0.08161507405412156	0	0.0005406515401547672
14.6	4.7671321747275135	4.7671321747275135	4.7671321747275135	0.09031157642334241	0.07864068618942821	0.02832319537452344	9.52060174164419	7.146085864011044	1.0472424897291268	0	0	0	-0.0007741923554246435	0	14621626840328924e-21	-0.08161505089413867	0	0.0005406475444658292
14.7	4.7671321747275135	4.7671321747275135	4.7671321747275135	0.09031157642330846	0.0786406861894668	0.028323195374525077	9.520601741645097	7.146085864010158	1.0472424897291115	0	0	0	-0.0007741926303002955	0	14621762297098345e-21	-0.08161504359340287	0	0.0005406462925921534
14.8	4.767132174727513	4.767132174727513	4.767132174727513	0.09031157642327524	0.07864068618950447	0.02832319537452667	9.520601741645983	7.146085864009291	1.0472424897290966	0	0	0	-0.0007741929032047052	0	14621900590597244e-21	-0.08161503634584541	0	0.0005406450140678588
14.9	4.7671321747275135	4.7671321747275135	4.7671321747275135	0.09031157642326737	0.07864068618951343	0.02832319537452705	9.520601741646193	7.146085864009086	1.047242489729093	0	0	0	-0.0007741929671556143	0	14621932220517386e-21	-0.08161503464742775	0	0.000540644721738122
15	4.767132174727514	4.767132174727514	4.767132174727514	0.090311576423259	0.07864068618952294	0.028323195374527453	9.520601741646416	7.146085864008868	1.0472424897290893	0	0	0	-0.0007741930365025004	0	146219679137847e-19	-0.08161503280594845	0	0.0005406443916950502
15.1	4.7671321747275135	4.7671321747275135	4.7671321747275135	0.09031157642325656	0.07864068618952567	0.028323195374527568	9.52060174164648	7.146085864008804	1.0472424897290882	0	0	0	-0.0007741930562109924	0	14621977861266992e-21	-0.0816150322825995	0	0.0005406442997378686
15.2	4.7671321747275135	4.7671321747275135	4.7671321747275135	0.0903115764232548	0.07864068618952767	0.028323195374527647	9.520601741646527	7.146085864008759	1.0472424897290873	0	0	0	-0.0007741930708693761	0	14621985478970517e-21	-0.08161503189341399	0	0.0005406442292935845
15.3	4.7671321747275135	4.7671321747275135	4.7671321747275135	0.09031157642325405	0.07864068618952857	0.02832319537452769	9.52060174164655	7.146085864008739	1.047242489729087	0	0	0	-0.0007741930773976767	0	1462198885277749e-20	-0.08161503172010337	0	0.0005406441980978222
15.4	4.7671321747275135	4.7671321747275135	4.7671321747275135	0.09031157642325373	0.07864068618952894	0.028323195374527706	9.520601741646557	7.146085864008731	1.0472424897290868	0	0	0	-0.0007741930802046992	0	14621990315927537e-21	-0.08161503164561014	0	0.000540644184568646
15.5	4.7671321747275135	4.7671321747275135	4.7671321747275135	0.09031157642325348	0.07864068618952921	0.028323195374527724	9.520601741646562	7.146085864008724	1.0472424897290866	0	0	0	-0.0007741930823082041	0	1462199142622441e-20	-0.08161503158979577	0	0.0005406441743010754
15.6	4.7671321747275135	4.7671321747275135	4.7671321747275135	0.09031157642325341	0.07864068618952928	0.028323195374527727	9.520601741646564	7.146085864008723	1.0472424897290864	0	0	0	-0.0007741930828574256	0	14621991711751423e-21	-0.08161503157524252	0	0.0005406441716621468
15.7	4.7671321747275135	4.7671321747275135	4.7671321747275135	0.09031157642325333	0.07864068618952937	0.028323195374527724	9.520601741646566	7.146085864008721	1.0472424897290864	0	0	0	-0.0007741930834725478	0	14621992042022288e-21	-0.08161503155893297	0	0.00054064416860752
15.8	4.7671321747275135	4.7671321747275135	4.7671321747275135	0.09031157642325328	0.07864068618952941	0.028323195374527713	9.520601741646567	7.14608586400872	1.0472424897290864	0	0	0	-0.0007741930836215143	0	14621992120314904e-21	-0.08161503155499436	0	0.000540644167884001
15.9	4.767132174727513	4.767132174727513	4.767132174727513	0.09031157642326024	0.07864068618951435	0.028323195374526294	9.52060174164638	7.146085864009065	1.0472424897291002	0	0	0	-0.0007741930274891429	0	14621960554727429e-21	-0.08161503304505532	0	0.0005406444600548638
16	4.7671321747275135	4.7671321747275135	4.7671321747275135	0.09031157642330291	0.07864068618942205	0.028323195374517544	9.520601741645248	7.146085864011188	1.047242489729184	0	0	0	-0.0007741926828035686	0	14621766743773007e-21	-0.08161504219480456	0	0.0005406462539624905
16.1	4.7671321747275135	4.7671321747275135	4.7671321747275135	0.09031157642337628	0.07864068618926333	0.028323195374502494	9.520601741643294	7.146085864014836	1.0472424897293289	0	0	0	-0.0007741920900348746	0	14621433453637388e-21	-0.08161505792995917	0	0.000540649338882836
16.2	4.7671321747275135	4.7671321747275135	4.7671321747275135	0.09031157642347092	0.07864068618905862	0.028323195374483082	9.520601741640775	7.146085864019542	1.0472424897295156	0	0	0	-0.0007741913255682728	0	14621003645371866e-21	-0.08161507822286473	0	0.000540653317168903
16.3	4.767132174727514	4.767132174727514	4.767132174727514	0.09031157642357732	0.07864068618882837	0.028323195374461242	9.520601741637941	7.146085864024836	1.0472424897297254	0	0	0	-0.0007741904657889757	0	14620520280027727e-21	-0.08161510104586679	0	0.0005406577911736938
16.4	4.7671321747275135	4.7671321747275135	4.7671321747275135	0.09031157642368609	0.07864068618859302	0.028323195374438906	9.520601741635048	7.146085864030246	1.0472424897299404	0	0	0	-0.0007741895870821949	0	14620026318656261e-21	-0.08161512437131087	0	0.0005406623632502102
16.5	4.767132174727513	4.767132174727513	4.767132174727513	0.09031157642378775	0.07864068618837305	0.028323195374418016	9.52060174163234	7.146085864035303	1.0472424897301411	0	0	0	-0.0007741887658331432	0	14619564722308757e-21	-0.08161514617154252	0	0.0005406666357514549
16.6	4.7671321747275135	4.7671321747275135	4.7671321747275135	0.09031157642387286	0.0786406861881889	0.02832319537440051	9.520601741630077	7.146085864039536	1.0472424897303096	0	0	0	-0.0007741880784270328	0	14619178452036505e-21	-0.08161516441890733	0	0.0005406702110304301
16.7	4.7671321747275135	4.7671321747275135	4.7671321747275135	0.09031157642393196	0.07864068618806101	0.028323195374388314	9.520601741628505	7.146085864042476	1.0472424897304269	0	0	0	-0.0007741876012490752	0	146189104688908e-19	-0.0816151770857508	0	0.000540672691440138
16.8	4.7671321747275135	4.7671321747275135	4.7671321747275135	0.0903115764239556	0.07864068618800982	0.028323195374383377	9.520601741627875	7.146085864043653	1.0472424897304746	0	0	0	-0.0007741874106844833	0	14618803733922923e-21	-0.0816151821444185	0	0.0005406736793335809
16.9	4.7671321747275135	4.7671321747275135	4.7671321747275135	0.09031157642393431	0.07864068618805578	0.028323195374387624	9.520601741628443	7.146085864042596	1.047242489730434	0	0	0	-0.0007741875831184691	0	14618901208184169e-21	-0.08161517756725596	0	0.000540672777063761
17	4.7671321747275135	4.7671321747275135	4.7671321747275135	0.09031157642385865	0.07864068618821936	0.028323195374402997	9.520601741630458	7.146085864038835	1.047242489730286	0	0	0	-0.0007741881949362448	0	14619245852725824e-21	-0.08161516132660875	0	0.0005406695869836807
17.1	4.7671321747275135	4.7671321747275135	4.7671321747275135	0.09031157642371918	0.07864068618852099	0.02832319537443143	9.52060174163417	7.146085864031902	1.0472424897300128	0	0	0	-0.0007741893225230224	0	1461988062859918e-20	-0.0816151313948224	0	0.0005406637114463421
17.2	4.7671321747275135	4.7671321747275135	4.7671321747275135	0.09031157642350643	0.07864068618898112	0.028323195374474856	9.520601741639835	7.146085864021323	1.0472424897295953	0	0	0	-0.0007741910422640143	0	14620848496855526e-21	-0.08161508574424248	0	0.0005406547528047476
17.3	4.7671321747275135	4.7671321747275135	4.7671321747275135	0.09031157642336145	0.07864068618929532	0.02832319537450545	9.520601741643691	7.1460858640141005	1.0472424897293011	0	0	0	-0.0007741922099240559	0	14621501203017922e-21	-0.08161505474765235	0	0.0005406487117638949
17.4	4.7671321747275135	4.7671321747275135	4.7671321747275135	0.09031157642333942	0.07864068618934371	0.02832319537451119	9.520601741644278	7.1460858640129885	1.047242489729246	0	0	0	-0.0007741923824958872	0	14621592768353999e-21	-0.08161505016546372	0	0.0005406478647834771
17.5	4.7671321747275135	4.7671321747275135	4.7671321747275135	0.09031157642329356	0.07864068618944256	0.02832319537452	9.520601741645498	7.146085864010716	1.047242489729161	0	0	0	-0.0007741927557100846	0	14621805298200004e-21	-0.08161504025906566	0	0.0005406458973486437
17.6	4.7671321747275135	4.7671321747275135	4.7671321747275135	0.09031157642327821	0.07864068618947585	0.028323195374523265	9.520601741645905	7.146085864009951	1.0472424897291297	0	0	0	-0.0007741928794180075	0	14621874396686461e-21	-0.08161503697514076	0	0.0005406452578225376
17.7	4.7671321747275135	4.7671321747275135	4.7671321747275135	0.09031157642327038	0.07864068618949277	0.02832319537452477	9.520601741646113	7.14608586400956	1.047242489729115	0	0	0	-0.0007741929432784776	0	14621910738398843e-21	-0.08161503528006793	0	0.0005406449214021389
17.8	4.767132174727513	4.767132174727513	4.767132174727513	0.09031157642326088	0.0786406861895131	0.028323195374526444	9.520601741646365	7.146085864009093	1.047242489729099	0	0	0	-0.0007741930210397627	0	14621955680038491e-21	-0.08161503321617662	0	0.0005406445053025095
17.9	4.7671321747275135	4.7671321747275135	4.7671321747275135	0.09031157642325939	0.07864068618951625	0.02832319537452678	9.520601741646406	7.146085864009021	1.0472424897290957	0	0	0	-0.0007741930326503312	0	14621962083319855e-21	-0.08161503290794678	0	0.0005406444460467118
18	4.767132174727514	4.767132174727514	4.767132174727514	0.090311576423256	0.07864068618952355	0.028323195374527304	9.520601741646495	7.146085864008854	1.0472424897290906	0	0	0	-0.000774193060936982	0	14621978746168557e-21	-0.08161503215720309	0	0.0005406442917409448
18.1	4.7671321747275135	4.7671321747275135	4.7671321747275135	0.09031157642325507	0.0786406861895256	0.028323195374527474	9.520601741646521	7.146085864008807	1.0472424897290888	0	0	0	-0.0007741930687960697	0	14621983273607416e-21	-0.08161503194857679	0	0.0005406442498244757
18.2	4.7671321747275135	4.7671321747275135	4.7671321747275135	0.09031157642325444	0.07864068618952698	0.02832319537452757	9.520601741646537	7.146085864008776	1.047242489729088	0	0	0	-0.0007741930741806711	0	14621986458136462e-21	-0.08161503180566294	0	0.0005406442203333798
18.3	4.7671321747275135	4.7671321747275135	4.7671321747275135	0.09031157642325383	0.0786406861895283	0.028323195374527658	9.520601741646553	7.146085864008745	1.047242489729087	0	0	0	-0.000774193079326374	0	14621989523663501e-21	-0.08161503166909655	0	0.0005406441919417877
18.4	4.7671321747275135	4.7671321747275135	4.7671321747275135	0.09031157642325373	0.07864068618952853	0.02832319537452768	9.520601741646557	7.146085864008739	1.047242489729087	0	0	0	-0.0007741930801442094	0	14621989992418251e-21	-0.08161503164737799	0	0.0005406441876017913
18.5	4.767132174727514	4.767132174727514	4.767132174727514	0.09031157642325345	0.07864068618952905	0.028323195374527706	9.520601741646562	7.146085864008728	1.0472424897290868	0	0	0	-0.000774193082259467	0	14621991277069434e-21	-0.0816150315912451	0	0.0005406441757018945
18.6	4.7671321747275135	4.7671321747275135	4.7671321747275135	0.0903115764232534	0.07864068618952919	0.02832319537452771	9.520601741646566	7.146085864008724	1.0472424897290868	0	0	0	-0.0007741930827566457	0	14621991571646187e-21	-0.08161503157804827	0	0.0005406441729741313
18.7	4.7671321747275135	4.7671321747275135	4.7671321747275135	0.090311576423254	0.07864068618952781	0.02832319537452769	9.520601741646548	7.1460858640087555	1.0472424897290868	0	0	0	-0.0007741930764391378	0	1462198757677718e-20	-0.08161503174564136	0	0.0005406442099945265
18.8	4.767132174727514	4.767132174727514	4.767132174727514	0.0903115764232779	0.07864068618947559	0.02832319537452681	9.52060174164591	7.146085864009956	1.0472424897290964	0	0	0	-0.0007741928367394143	0	14621836330090533e-21	-0.0816150381047311	0	0.0005406456115688951
18.9	4.7671321747275135	4.7671321747275135	4.7671321747275135	0.09031157642332839	0.07864068618936515	0.028323195374524948	9.520601741644565	7.1460858640124965	1.0472424897291164	0	0	0	-0.000774192329988178	0	14621516602367317e-21	-0.08161505154855019	0	0.0005406485744232533
19	4.7671321747275135	4.7671321747275135	4.7671321747275135	0.09031157642339496	0.0786406861892196	0.028323195374522485	9.520601741642789	7.146085864015841	1.0472424897291428	0	0	0	-0.0007741916620638665	0	14621095211832113e-21	-0.08161506926820741	0	0.0005406524793647248
19.1	4.7671321747275135	4.7671321747275135	4.7671321747275135	0.09031157642346706	0.07864068618906198	0.028323195374519813	9.520601741640867	7.146085864019465	1.0472424897291719	0	0	0	-0.0007741909388449171	0	14620638976709503e-21	-0.08161508845481169	0	0.0005406567072004328
19.2	4.7671321747275135	4.7671321747275135	4.7671321747275135	0.09031157642353412	0.07864068618891534	0.028323195374517312	9.52060174163908	7.146085864022836	1.0472424897291988	0	0	0	-0.0007741902662097671	0	14620214715224064e-21	-0.08161510629947184	0	0.0005406606387375014
19.3	4.7671321747275135	4.7671321747275135	4.7671321747275135	0.09031157642358559	0.0786406861888028	0.028323195374515366	9.520601741637709	7.146085864025424	1.0472424897292196	0	0	0	-0.000774189750036854	0	14619889245600381e-21	-0.08161511999329668	0	0.0005406636547830538
19.4	4.7671321747275135	4.7671321747275135	4.7671321747275135	0.09031157642361094	0.07864068618874734	0.028323195374514366	9.520601741637032	7.146085864026698	1.0472424897292303	0	0	0	-0.0007741894962046148	0	14619729386063043e-21	-0.08161512672739508	0	0.0005406651361442134
19.5	4.7671321747275135	4.7671321747275135	4.7671321747275135	0.0903115764235996	0.0786406861887721	0.028323195374514692	9.520601741637332	7.14608586402613	1.0472424897292265	0	0	0	-0.0007741896105914871	0	14619801954836619e-21	-0.08161512369287591	0	0.0005406644636281043
19.6	4.767132174727514	4.767132174727514	4.767132174727514	0.09031157642354108	0.07864068618890009	0.02832319537451674	9.520601741638895	7.1460858640231875	1.0472424897292043	0	0	0	-0.0007741901990759083	0	14620173770145702e-21	-0.08161510808084797	0	0.0005406610180418495
19.7	4.7671321747275135	4.7671321747275135	4.7671321747275135	0.09031157642342474	0.0786406861891544	0.028323195374520885	9.520601741641995	7.14608586401734	1.0472424897291595	0	0	0	-0.0007741913675363158	0	14620911650214867e-21	-0.08161507708242013	0	0.0005406541801925729
19.8	4.7671321747275135	4.7671321747275135	4.7671321747275135	0.09031157642331843	0.07864068618938685	0.028323195374525028	9.520601741644827	7.1460858640119955	1.0472424897291148	0	0	0	-0.0007741924322065229	0	14621582408649195e-21	-0.08161504883711272	0	0.0005406479644916768
19.9	4.7671321747275135	4.7671321747275135	4.7671321747275135	0.09031157642329025	0.07864068618944847	0.02832319537452653	9.520601741645578	7.14608586401058	1.0472424897290993	0	0	0	-0.0007741927106108495	0	14621756011501394e-21	-0.08161504145074411	0	0.0005406463559300978
20	4.7671321747275135	4.7671321747275135	4.7671321747275135	0.09031157642326805	0.07864068618949707	0.028323195374527228	9.520601741646171	7.146085864009463	1.0472424897290915	0	0	0	-0.0007741929348035621	0	14621897979773308e-21	-0.08161503550315502	0	0.0005406450402921936
20.1	4.7671321747275135	4.7671321747275135	4.7671321747275135	0.09031157642326108	0.07864068618951231	0.028323195374527526	9.520601741646356	7.1460858640091125	1.0472424897290886	0	0	0	-0.0007741930043360846	0	14621941673026205e-21	-0.0816150336584295	0	0.0005406446354112091
20.2	4.7671321747275135	4.7671321747275135	4.7671321747275135	0.0903115764232567	0.07864068618952197	0.02832319537452764	9.520601741646475	7.146085864008891	1.0472424897290875	0	0	0	-0.0007741930491522536	0	14621970169404956e-21	-0.08161503246951639	0	0.000540644371321459
20.3	4.7671321747275135	4.7671321747275135	4.7671321747275135	0.09031157642325492	0.0786406861895258	0.02832319537452769	9.520601741646521	7.1460858640088025	1.0472424897290868	0	0	0	-0.0007741930670307377	0	14621981497997083e-21	-0.08161503199522215	0	0.0005406442663370438
20.4	4.7671321747275135	4.7671321747275135	4.7671321747275135	0.09031157642325406	0.07864068618952766	0.02832319537452771	9.520601741646546	7.146085864008759	1.0472424897290866	0	0	0	-0.0007741930756854361	0	14621987016878345e-21	-0.08161503176562518	0	0.0005406442151895841
20.5	4.7671321747275135	4.7671321747275135	4.7671321747275135	0.09031157642325363	0.07864068618952866	0.02832319537452772	9.520601741646557	7.146085864008737	1.0472424897290864	0	0	0	-0.0007741930802723999	0	14621989947139424e-21	-0.08161503164393583	0	0.0005406441880322962
20.6	4.7671321747275135	4.7671321747275135	4.7671321747275135	0.09031157642325348	0.07864068618952902	0.02832319537452773	9.520601741646562	7.146085864008728	1.0472424897290864	0	0	0	-0.0007741930819278691	0	14621991004620494e-21	-0.0816150316000168	0	0.000540644178231818
20.7	4.767132174727513	4.767132174727513	4.767132174727513	0.09031157642325337	0.07864068618952923	0.028323195374527724	9.520601741646564	7.1460858640087235	1.0472424897290864	0	0	0	-0.000774193083086699	0	14621991750537646e-21	-0.08161503156927324	0	0.0005406441713186294
20.8	4.7671321747275135	4.7671321747275135	4.7671321747275135	0.09031157642325333	0.0786406861895293	0.028323195374527727	9.520601741646564	7.146085864008722	1.0472424897290864	0	0	0	-0.0007741930834140553	0	14621991959900256e-21	-0.08161503156058574	0	0.0005406441693784035
20.9	4.7671321747275135	4.7671321747275135	4.7671321747275135	0.0903115764232533	0.07864068618952938	0.028323195374527724	9.520601741646566	7.14608586400872	1.0472424897290864	0	0	0	-0.0007741930836953957	0	14621992142195837e-21	-0.08161503155312325	0	0.0005406441676883922
21	4.767132174727514	4.767132174727514	4.767132174727514	0.0903115764232533	0.07864068618952938	0.02832319537452772	9.520601741646567	7.14608586400872	1.0472424897290864	0	0	0	-0.0007741930837691601	0	14621992189571015e-21	-0.08161503155116634	0	0.0005406441672490089
21.1	4.7671321747275135	4.7671321747275135	4.7671321747275135	0.09031157642328345	0.0786406861894771	0.028323195374525035	9.520601741645761	7.1460858640099225	1.0472424897291124	0	0	0	-0.000774193013969933	0	14621945860970145e-21	-0.0816150334023712	0	0.0005406445967702355
21.2	4.767132174727514	4.767132174727514	4.767132174727514	0.09031157642341837	0.07864068618924314	0.028323195374513027	9.520601741642166	7.146085864015301	1.0472424897292292	0	0	0	-0.0007741927015858382	0	14621738524333223e-21	-0.08161504168738906	0	0.0005406465190274717
21.3	4.7671321747275135	4.7671321747275135	4.7671321747275135	0.09031157642364024	0.07864068618885847	0.02832319537449328	9.520601741636254	7.146085864024144	1.0472424897294206	0	0	0	-0.0007741921879759086	0	14621397635416982e-21	-0.08161505530930097	0	0.0005406496794727536
21.4	4.7671321747275135	4.7671321747275135	4.7671321747275135	0.09031157642392552	0.0786406861883638	0.028323195374467876	9.520601741628651	7.146085864035515	1.047242489729667	0	0	0	-0.0007741915275253931	0	14620959295905892e-21	-0.08161507282570768	0	0.000540653743400081
21.5	4.7671321747275135	4.7671321747275135	4.7671321747275135	0.09031157642425078	0.07864068618779985	0.02832319537443891	9.520601741619982	7.146085864048479	1.047242489729948	0	0	0	-0.0007741907746195405	0	14620459607484428e-21	-0.08161509279420996	0	0.0005406583761034529
21.6	4.7671321747275135	4.7671321747275135	4.7671321747275135	0.09031157642459249	0.07864068618720735	0.02832319537440846	9.520601741610877	7.1460858640620994	1.0472424897302435	0	0	0	-0.0007741899836435996	0	14619934671837066e-21	-0.0816151137724086	0	0.0005406632428768692
21.7	4.767132174727514	4.767132174727514	4.767132174727514	0.09031157642492718	0.07864068618662702	0.02832319537437862	9.520601741601958	7.14608586407544	1.0472424897305328	0	0	0	-0.0007741892089828195	0	14619420590648272e-21	-0.08161513431790433	0	0.0005406680090143289
21.8	4.7671321747275135	4.7671321747275135	4.7671321747275135	0.09031157642523135	0.07864068618609958	0.02832319537435148	9.52060174159385	7.146085864087565	1.0472424897307961	0	0	0	-0.0007741885050224486	0	14618953465602522e-21	-0.08161515298829791	0	0.0005406723398098316
21.9	4.7671321747275135	4.7671321747275135	4.7671321747275135	0.09031157642548153	0.07864068618566576	0.028323195374329115	9.520601741587182	7.146085864097539	1.047242489731013	0	0	0	-0.000774187926147736	0	14618569398384289e-21	-0.08161516834119015	0	0.0005406759005573766
22	4.7671321747275135	4.7671321747275135	4.7671321747275135	0.09031157642565422	0.07864068618536628	0.028323195374313624	9.520601741582581	7.146085864104422	1.0472424897311634	0	0	0	-0.0007741875267439303	0	14618304490678048e-21	-0.08161517893418176	0	0.0005406783565509635
22.1	4.7671321747275135	4.7671321747275135	4.7671321747275135	0.09031157642572596	0.07864068618524186	0.028323195374307088	9.52060174158067	7.146085864107282	1.0472424897312267	0	0	0	-0.0007741873611962807	0	14618194844168265e-21	-0.08161518332487354	0	0.0005406793730845917
22.2	4.7671321747275135	4.7671321747275135	4.7671321747275135	0.09031157642567322	0.07864068618533322	0.02832319537431159	9.520601741582075	7.146085864105181	1.047242489731183	0	0	0	-0.0007741874838900356	0	14618276560539421e-21	-0.08161518007086623	0	0.0005406786154522606
22.3	4.7671321747275135	4.7671321747275135	4.7671321747275135	0.09031157642547255	0.07864068618568107	0.028323195374329226	9.520601741587424	7.146085864097183	1.0472424897310117	0	0	0	-0.000774187949210444	0	14618585741475986e-21	-0.0816151677297606	0	0.0005406757489479694
22.4	4.767132174727513	4.767132174727513	4.767132174727513	0.09031157642510045	0.07864068618632616	0.028323195374362082	9.52060174159734	7.1460858640823535	1.047242489730693	0	0	0	-0.0007741888115427546	0	14619158488662429e-21	-0.08161514485915741	0	0.0005406704388657179
22.5	4.7671321747275135	4.7671321747275135	4.7671321747275135	0.09031157642453343	0.07864068618730918	0.028323195374412243	9.52060174161245	7.146085864059755	1.0472424897302062	0	0	0	-0.0007741901252722165	0	14620030903783229e-21	-0.08161511001665744	0	0.0005406623504995051
22.6	4.767132174727514	4.767132174727514	4.767132174727514	0.09031157642381965	0.07864068618854682	0.028323195374475862	9.520601741631472	7.146085864031304	1.0472424897295889	0	0	0	-0.00077419177737561	0	14621127294767364e-21	-0.08161506619969833	0	0.0005406521856620373
22.7	4.767132174727514	4.767132174727514	4.767132174727514	0.09031157642364883	0.07864068618884441	0.028323195374494976	9.520601741636025	7.146085864024463	1.0472424897294048	0	0	0	-0.0007741921593456243	0	1462137487888232e-20	-0.08161505606778371	0	0.0005406498907639291
22.8	4.7671321747275135	4.7671321747275135	4.7671321747275135	0.09031157642366688	0.078640686188814	0.028323195374495756	9.520601741635542	7.146085864025162	1.047242489729398	0	0	0	-0.000774192109368434	0	14621338078885279e-21	-0.0816150573924644	0	0.0005406502322506725
22.9	4.7671321747275135	4.7671321747275135	4.7671321747275135	0.0903115764234461	0.07864068618919594	0.028323195374512947	9.520601741641428	7.146085864016383	1.0472424897292303	0	0	0	-0.0007741926290399857	0	14621686741306448e-21	-0.08161504361065967	0	0.0005406469994198797
23	4.7671321747275135	4.7671321747275135	4.7671321747275135	0.09031157642342588	0.07864068618923152	0.028323195374516233	9.520601741641967	7.146085864015565	1.047242489729199	0	0	0	-0.0007741926703711062	0	14621711896420714e-21	-0.08161504251398395	0	0.0005406467663952112
23.1	4.7671321747275135	4.7671321747275135	4.7671321747275135	0.09031157642340402	0.07864068618926938	0.02832319537451811	9.52060174164255	7.146085864014696	1.0472424897291808	0	0	0	-0.0007741927211924437	0	1462174572619528e-20	-0.08161504116614486	0	0.0005406464527452974
23.2	4.7671321747275135	4.7671321747275135	4.7671321747275135	0.09031157642332494	0.07864068618940585	0.02832319537452339	9.520601741644656	7.146085864011558	1.047242489729129	0	0	0	-0.0007741929105038339	0	1462187406296364e-20	-0.08161503614586722	0	0.0005406452626842946
23.3	4.7671321747275135	4.7671321747275135	4.7671321747275135	0.09031157642332839	0.07864068618940012	0.028323195374523873	9.520601741644564	7.14608586401169	1.0472424897291246	0	0	0	-0.0007741928995039764	0	14621865562247865e-21	-0.0816150364373384	0	0.0005406453415977418
23.4	4.7671321747275135	4.7671321747275135	4.7671321747275135	0.09031157642330119	0.07864068618944695	0.0283231953745253	9.520601741645288	7.146085864010615	1.0472424897291108	0	0	0	-0.0007741929661417318	0	14621911314845148e-21	-0.08161503467033371	0	0.0005406449172887367
23.5	4.7671321747275135	4.7671321747275135	4.7671321747275135	0.09031157642328232	0.07864068618947948	0.02832319537452646	9.520601741645793	7.146085864009866	1.0472424897290993	0	0	0	-0.0007741930116415052	0	14621942300452383e-21	-0.08161503346378673	0	0.0005406446299495892
23.6	4.7671321747275135	4.7671321747275135	4.7671321747275135	0.0903115764232847	0.0786406861894754	0.02832319537452657	9.520601741645727	7.146085864009959	1.0472424897290986	0	0	0	-0.0007741930048103589	0	14621937273265867e-21	-0.08161503364486315	0	0.000540644676599823
23.7	4.7671321747275135	4.7671321747275135	4.7671321747275135	0.09031157642326898	0.07864068618950243	0.028323195374527144	9.520601741646146	7.146085864009338	1.0472424897290924	0	0	0	-0.0007741930443465542	0	14621964766717817e-21	-0.08161503259657266	0	0.0005406444215974812
23.8	4.7671321747275135	4.7671321747275135	4.7671321747275135	0.09031157642326572	0.07864068618950798	0.02832319537452736	9.520601741646235	7.14608586400921	1.0472424897290902	0	0	0	-0.0007741930519680937	0	14621969900944672e-21	-0.0816150323944255	0	0.0005406443739905307
23.9	4.7671321747275135	4.7671321747275135	4.7671321747275135	0.09031157642326543	0.0786406861895085	0.028323195374527408	9.520601741646242	7.146085864009199	1.04724248972909	0	0	0	-0.0007741930525130927	0	1462197021438566e-20	-0.08161503237993181	0	0.0005406443710885582
24	4.7671321747275135	4.7671321747275135	4.7671321747275135	0.09031157642325788	0.0786406861895215	0.028323195374527595	9.520601741646443	7.1460858640089	1.0472424897290877	0	0	0	-0.0007741930720353757	0	14621983951789757e-21	-0.08161503186232555	0	0.0005406442436609187
