0	4.7671321747275135	4.7671321747275135	4.7671321747275135	0.09031157642325327	0.07864068618952942	0.028323195374527724	9.520601741646566	7.146085864008718	1.0472424897290866	0	0	0	0	0	0	0	0	0
0.1	4.7671321747275135	4.7671321747275135	4.7671321747275135	0.09031157642325327	0.07864068618952942	0.028323195374527724	9.520601741646566	7.146085864008718	1.0472424897290866	0	0	0	0	0	9138331580918479e-21	0	0	3874305819078876e-20
0.2	4.7671321747275135	4.7671321747275135	4.7671321747275135	0.09031157642325327	0.07864068618952942	0.028323195374527724	9.520601741646566	7.146085864008718	1.0472424897290866	0	0	0	0	0	12351404467154555e-21	0	0	0.00010928000684353885
0.3	4.7671321747275135	4.7671321747275135	4.7671321747275135	0.09031157642325327	0.07864068618952944	0.028323195374527724	9.520601741646566	7.146085864008718	1.0472424897290866	0	0	0	0	0	1348179029049277e-20	-16896499062673442e-22	0	0.00018016306961932767
0.4	4.7671321747275135	4.7671321747275135	4.7671321747275135	0.09031157642325327	0.07864068618952944	0.028323195374527724	9.520601741646566	7.146085864008718	1.0472424897290866	0	0	0	0	0	13878799052813072e-21	-3591627614426762e-21	0	0.00024241073454626017
0.5	4.7671321747275135	4.7671321747275135	4.7671321747275135	0.09031157642325326	0.07864068618952944	0.028323195374527724	9.520601741646566	7.146085864008718	1.0472424897290866	0	0	0	0	0	14018754563939675e-21	-6047073778948067e-21	0	0.0002945172406560901
0.6	4.7671321747275135	4.7671321747275135	4.7671321747275135	0.09031157642325327	0.07864068618952944	0.028323195374527724	9.520601741646566	7.146085864008718	1.0472424897290866	0	0	0	0	0	14068334972605253e-21	-8844600243727175e-21	0	0.0003373112718431868
0.7	4.7671321747275135	4.7671321747275135	4.7671321747275135	0.09031157642325326	0.07864068618952944	0.028323195374527724	9.520601741646566	7.146085864008718	1.0472424897290866	0	0	0	0	0	14086151655557362e-21	-11794516646963571e-21	0	0.0003721786942982567
0.8	4.7671321747275135	4.7671321747275135	4.7671321747275135	0.09031157642325326	0.07864068618952944	0.028323195374527724	9.520601741646566	7.146085864008718	1.0472424897290866	0	0	0	0	0	1409270399326287e-20	-14750355691111263e-21	0	0.0004004898815142719
0.9	4.7671321747275135	4.7671321747275135	4.7671321747275135	0.09031157642325326	0.07864068618952944	0.028323195374527724	9.520601741646566	7.146085864008718	1.0472424897290866	0	0	0	0	0	14095285059138139e-21	-1760837527436797e-20	0	0.00042344248706458436
1	4.7671321747275135	4.7671321747275135	4.7671321747275135	0.09031157642325326	0.07864068618952942	0.028323195374527724	9.520601741646566	7.146085864008718	1.0472424897290866	0	0	0	0	0	14096566768650953e-21	-2029948424313447e-20	0	0.00044204983569594655
1.1	4.7671321747275135	4.7671321747275135	4.7671321747275135	0.09031157642325328	0.07864068618952938	0.028323195374527724	9.520601741646566	7.146085864008719	1.0472424897290866	0	0	0	0	0	14097176596697883e-21	-22786263790254494e-21	0	0.0004571185722631263
1.2	4.7671321747275135	4.7671321747275135	4.7671321747275135	0.09031157642325328	0.0786406861895294	0.028323195374527724	9.520601741646564	7.146085864008719	1.0472424897290866	0	0	0	0	0	1409777176693286e-20	-25050012059043453e-21	0	0.0004693141177879874
1.3	4.767132174727514	4.767132174727514	4.767132174727514	0.09031157642325328	0.07864068618952944	0.028323195374527724	9.520601741646567	7.14608586400872	1.0472424897290866	0	0	0	0	0	1409820745742529e-20	-2708297095152204e-20	0	0.00047921480920324347
1.4	4.7671321747275135	4.7671321747275135	4.7671321747275135	0.09031157642325328	0.07864068618952944	0.028323195374527724	9.520601741646566	7.146085864008718	1.0472424897290866	0	0	0	0	0	14098490331426255e-21	-28893865010550777e-21	0	0.0004872173609051511
1.5	4.7671321747275135	4.7671321747275135	4.7671321747275135	0.09031157642325328	0.07864068618952942	0.028323195374527724	9.52060174164657	7.146085864008718	1.0472424897290866	0	0	0	0	0	14098913675918108e-21	-3049271221890033e-20	0	0.0004936943533412568
1.6	4.7671321747275135	4.7671321747275135	4.7671321747275135	0.09031157642325326	0.07864068618952952	0.028323195374527727	9.520601741646567	7.146085864008717	1.0472424897290866	0	0	0	0	0	14099216941510595e-21	-3189410495219972e-20	0	0.0004989576599460757
1.7	4.7671321747275135	4.7671321747275135	4.7671321747275135	0.09031157642325321	0.07864068618952959	0.028323195374527724	9.520601741646567	7.146085864008715	1.0472424897290866	0	0	0	0	0	14099391725096616e-21	-3311590821141136e-20	0	0.0005032127372390214
1.8	4.7671321747275135	4.7671321747275135	4.7671321747275135	0.09031157642325324	0.07864068618952952	0.028323195374527724	9.52060174164657	7.146085864008717	1.0472424897290868	0	0	0	0	0	14099681482784964e-21	-34175404138983486e-21	0	0.0005066550090601963
1.9	4.7671321747275135	4.7671321747275135	4.7671321747275135	0.09031157642325319	0.07864068618952962	0.028323195374527724	9.52060174164657	7.146085864008715	1.0472424897290866	0	0	0	0	0	14099786781175384e-21	-3509107149705174e-20	0	0.000509456813977897
2	4.7671321747275135	4.7671321747275135	4.7671321747275135	0.09031157642325309	0.07864068618952982	0.028323195374527724	9.520601741646571	7.146085864008709	1.0472424897290866	0	0	0	0	0	1409969061059778e-20	-35878911710958544e-21	0	0.0005117244771400832
2.1	4.7671321747275135	4.7671321747275135	4.7671321747275135	0.09031157642325306	0.07864068618952991	0.028323195374527724	9.520601741646573	7.1460858640087075	1.0472424897290866	0	0	0	0	0	1409975265768905e-20	-3655343659305159e-20	0	0.0005135526081623128
2.2	4.767132174727514	4.767132174727514	4.767132174727514	0.09031157642325317	0.07864068618952968	0.028323195374527724	9.52060174164657	7.146085864008712	1.0472424897290866	0	0	0	0	0	14100151624272435e-21	-37129493598996254e-21	0	0.0005150350646052183
2.3	4.7671321747275135	4.7671321747275135	4.7671321747275135	0.09031157642325313	0.07864068618952974	0.028323195374527724	9.520601741646571	7.146085864008712	1.0472424897290866	0	0	0	0	0	1410014135652042e-20	-37621801053119885e-21	0	0.0005162424626569299
2.4	4.7671321747275135	4.7671321747275135	4.7671321747275135	0.09031157642325309	0.07864068618952985	0.028323195374527724	9.520601741646573	7.146085864008708	1.0472424897290866	0	0	0	0	0	14100059323270655e-21	-38040086487406085e-21	0	0.0005172185656822538
2.5	4.7671321747275135	4.7671321747275135	4.7671321747275135	0.09031157642325316	0.07864068618952966	0.028323195374527724	9.52060174164657	7.146085864008713	1.0472424897290866	0	0	0	0	0	14100382199428033e-21	-38393698028663174e-21	0	0.000518006160604077
2.6	4.7671321747275135	4.7671321747275135	4.7671321747275135	0.09031157642325315	0.07864068618952973	0.028323195374527724	9.520601741646573	7.146085864008712	1.0472424897290866	0	0	0	0	0	14100398159719788e-21	-38694509509937244e-21	0	0.0005186486474360382
2.7	4.7671321747275135	4.7671321747275135	4.7671321747275135	0.09031157642325305	0.0786406861895299	0.028323195374527717	9.520601741646574	7.146085864008708	1.0472424897290866	0	0	0	0	0	14100245438530294e-21	-38948992775895204e-21	0	0.0005191695166962865
2.8	4.7671321747275135	4.7671321747275135	4.7671321747275135	0.0903115764232531	0.07864068618952975	0.028323195374527717	9.520601741646573	7.146085864008711	1.0472424897290866	0	0	0	0	0	14100483447784517e-21	-3916196611658007e-20	0	0.0005195878641306256
2.9	4.7671321747275135	4.7671321747275135	4.7671321747275135	0.09031157642325315	0.07864068618952971	0.028323195374527717	9.520601741646571	7.146085864008711	1.0472424897290866	0	0	0	0	0	141005623555584e-19	-39342421048808046e-21	0	0.0005199292342753592
3	4.7671321747275135	4.7671321747275135	4.7671321747275135	0.09031157642325306	0.07864068618952987	0.02832319537452771	9.520601741646574	7.146085864008709	1.0472424897290866	0	0	0	0	0	14100367790408242e-21	-3949527027440112e-20	0	0.0005202077915452231
3.1	4.7671321747275135	4.7671321747275135	4.7671321747275135	0.09031157642325309	0.0786406861895298	0.028323195374527713	9.520601741646573	7.14608586400871	1.0472424897290866	0	0	0	0	0	14100490506185618e-21	-3962191607032388e-20	0	0.0005204304916674727
3.2	4.7671321747275135	4.7671321747275135	4.7671321747275135	0.09031157642325316	0.0786406861895297	0.028323195374527717	9.520601741646571	7.146085864008712	1.0472424897290868	0	0	0	0	0	14100668070374089e-21	-3972816437947475e-20	0	0.00052061096548129
3.3	4.7671321747275135	4.7671321747275135	4.7671321747275135	0.09031157642325308	0.07864068618952987	0.028323195374527696	9.520601741646573	7.146085864008708	1.0472424897290866	0	0	0	0	0	14100466078699663e-21	-39819194790172964e-21	0	0.0005207603285436475
3.4	4.7671321747275135	4.7671321747275135	4.7671321747275135	0.09031157642325309	0.07864068618952987	0.0283231953745277	9.520601741646571	7.146085864008708	1.0472424897290866	0	0	0	0	0	14100483647333427e-21	-3989398051982418e-20	0	0.0005208793869479739
3.5	4.7671321747275135	4.7671321747275135	4.7671321747275135	0.0903115764232532	0.07864068618952968	0.02832319537452771	9.520601741646571	7.146085864008713	1.0472424897290866	0	0	0	0	0	14100748596901995e-21	-39955141991061344e-21	0	0.000520973878072022
3.6	4.7671321747275135	4.7671321747275135	4.7671321747275135	0.09031157642325317	0.07864068618952978	0.02832319537452769	9.520601741646571	7.14608586400871	1.0472424897290866	0	0	0	0	0	14100606952793081e-21	-4000875980407847e-20	0	0.0005210537978853567
3.7	4.767132174727513	4.767132174727513	4.767132174727513	0.09031157642325316	0.07864068618952982	0.028323195374527686	9.520601741646571	7.146085864008709	1.0472424897290866	0	0	0	0	0	14100579151689351e-21	-4005265185149015e-20	0	0.0005211175985262292
3.8	4.7671321747275135	4.7671321747275135	4.7671321747275135	0.09031157642325321	0.07864068618952963	0.028323195374527703	9.52060174164657	7.146085864008715	1.0472424897290866	0	0	0	0	0	1410082816442034e-20	-4008734721628159e-20	0	0.0005211669255785067
3.9	4.7671321747275135	4.7671321747275135	4.7671321747275135	0.0903115764232532	0.07864068618952966	0.028323195374527706	9.52060174164657	7.146085864008714	1.0472424897290864	0	0	0	0	0	14100737199000138e-21	-40118659638798714e-21	0	0.0005212096658580546
4	4.767132174727514	4.767132174727514	4.767132174727514	0.0903115764232532	0.07864068618952967	0.02832319537452771	9.52060174164657	7.146085864008712	1.0472424897290864	0	0	0	0	0	14100702286680504e-21	-4014424216533793e-20	0	0.0005212438628909082
4.1	4.7671321747275135	4.7671321747275135	4.7671321747275135	0.09031157642325321	0.07864068618952957	0.028323195374527713	9.52060174164657	7.1460858640087155	1.0472424897290864	0	0	0	0	0	14100895255718946e-21	-401637228033877e-19	0	0.0005212695903536497
4.2	4.7671321747275135	4.7671321747275135	4.7671321747275135	0.09031157642325316	0.07864068618952962	0.02832319537452772	9.520601741646571	7.146085864008715	1.0472424897290862	0	0	0	0	0	14100809364933671e-21	-40182163505913266e-21	0	0.0005212927268380342
4.3	4.7671321747275135	4.7671321747275135	4.7671321747275135	0.09031157642325312	0.07864068618952966	0.02832319537452772	9.520601741646573	7.146085864008714	1.0472424897290862	0	0	0	0	0	14100757461029067e-21	-4019719464587186e-20	0	0.0005213112688710145
4.4	4.7671321747275135	4.7671321747275135	4.7671321747275135	0.09031157642325319	0.07864068618952953	0.028323195374527717	9.52060174164657	7.1460858640087155	1.0472424897290862	0	0	0	0	0	14100923479080702e-21	-40207747071872026e-21	0	0.0005213243922962724
4.5	4.7671321747275135	4.7671321747275135	4.7671321747275135	0.09031157642325315	0.07864068618952952	0.02832319537452772	9.520601741646571	7.1460858640087155	1.0472424897290862	0	0	0	0	0	14100828850261788e-21	-4021887746382113e-20	0	0.0005213371893766645
4.6	4.7671321747275135	4.7671321747275135	4.7671321747275135	0.09031157642325312	0.07864068618952952	0.028323195374527717	9.520601741646573	7.146085864008715	1.0472424897290862	0	0	0	0	0	14100736577786109e-21	-4022816257814786e-20	0	0.0005213476818154737
4.7	4.7671321747275135	4.7671321747275135	4.7671321747275135	0.09031157642325319	0.07864068618952949	0.028323195374527724	9.52060174164657	7.146085864008717	1.0472424897290862	0	0	0	0	0	14100909141254701e-21	-40233270003958e-18	0	0.0005213538903223428
4.8	4.7671321747275135	4.7671321747275135	4.7671321747275135	0.09031157642325305	0.07864068618952955	0.028323195374527717	9.520601741646574	7.146085864008715	1.0472424897290862	0	0	0	0	0	14100838904553762e-21	-40239929177915435e-21	0	0.000521360902565254
4.9	4.7671321747275135	4.7671321747275135	4.7671321747275135	0.09031157642325291	0.0786406861895296	0.028323195374527713	9.520601741646578	7.146085864008714	1.0472424897290862	0	0	0	0	0	1410070215162736e-20	-4024624920989751e-20	0	0.000521367319400623
5	4.7671321747275135	4.7671321747275135	4.7671321747275135	0.09031157642325303	0.07864068618952955	0.028323195374527717	9.520601741646574	7.146085864008715	1.0472424897290862	0	0	0	0	0	14100859629258107e-21	-4024836271341401e-20	0	0.0005213700176838737
5.1	4.7671321747275135	4.7671321747275135	4.7671321747275135	0.09031157642325305	0.07864068618952955	0.028323195374527724	9.520601741646574	7.1460858640087155	1.0472424897290862	0	0	0	0	0	14100872697105992e-21	-40251629048669367e-21	0	0.0005213732872190787
5.2	4.7671321747275135	4.7671321747275135	4.7671321747275135	0.0903115764232529	0.07864068618952962	0.028323195374527727	9.52060174164658	7.146085864008714	1.0472424897290862	0	0	0	0	0	14100735079638212e-21	-4025606611865474e-20	0	0.0005213773160233384
5.3	4.767132174727513	4.767132174727513	4.767132174727513	0.09031157642325299	0.07864068618952955	0.028323195374527727	9.520601741646576	7.146085864008715	1.0472424897290862	0	0	0	0	0	14100841015356592e-21	-4025696967313027e-20	0	0.0005213785512952527
5.4	4.7671321747275135	4.7671321747275135	4.7671321747275135	0.0903115764232531	0.07864068618952953	0.02832319537452773	9.520601741646571	7.1460858640087155	1.0472424897290862	0	0	0	0	0	14100919741594243e-21	-4025794881233295e-20	0	0.0005213796265144225
5.5	4.7671321747275135	4.7671321747275135	4.7671321747275135	0.09031157642325303	0.07864068618952959	0.028323195374527734	9.520601741646574	7.146085864008714	1.0472424897290862	0	0	0	0	0	14100817910544039e-21	-4026087949358236e-20	0	0.0005213820419209865
5.6	4.7671321747275135	4.7671321747275135	4.7671321747275135	0.09031157642325309	0.07864068618952957	0.028323195374527734	9.520601741646573	7.1460858640087155	1.0472424897290862	0	0	0	0	0	14100886102435234e-21	-4026122841571263e-20	0	0.0005213825929432005
5.7	4.7671321747275135	4.7671321747275135	4.7671321747275135	0.09031157642325315	0.0786406861895295	0.02832319537452773	9.520601741646571	7.1460858640087155	1.0472424897290864	0	0	0	0	0	14100962023546503e-21	-4026134258119816e-20	0	0.0005213828508335126
5.8	4.7671321747275135	4.7671321747275135	4.7671321747275135	0.09031157642325309	0.07864068618952956	0.028323195374527734	9.520601741646573	7.146085864008714	1.0472424897290864	0	0	0	0	0	14100878110614021e-21	-4026343714889225e-20	0	0.0005213844159515964
5.9	4.7671321747275135	4.7671321747275135	4.7671321747275135	0.09031157642325313	0.07864068618952955	0.02832319537452773	9.520601741646571	7.146085864008715	1.0472424897290864	0	0	0	0	0	1410091959684048e-20	-4026355751476483e-20	0	0.0005213846628639033
6	4.767132174727514	4.767132174727514	4.767132174727514	0.09031157642325317	0.0786406861895295	0.028323195374527727	9.520601741646571	7.146085864008716	1.0472424897290864	0	0	0	0	0	1410098233102308e-20	-402633259452066e-19	0	0.0005213845936724476
6.1	4.7671321747275135	4.7671321747275135	4.7671321747275135	0.09031157642325312	0.07864068618952952	0.02832319537452774	9.520601741646571	7.146085864008716	1.0472424897290864	0	0	0	0	0	14100889556278714e-21	-4026524391373646e-20	0	0.0005213858767263368
6.2	4.7671321747275135	4.7671321747275135	4.7671321747275135	0.09031157642325312	0.07864068618952949	0.02832319537452774	9.520601741646571	7.146085864008716	1.0472424897290862	0	0	0	0	0	14100896201731028e-21	-40265541761640345e-21	0	0.000521386153167519
6.3	4.767132174727514	4.767132174727514	4.767132174727514	0.0903115764232532	0.07864068618952949	0.028323195374527738	9.52060174164657	7.146085864008716	1.0472424897290862	0	0	0	0	0	14100982302335332e-21	-4026463504970394e-20	0	0.0005213856258032342
6.4	4.7671321747275135	4.7671321747275135	4.7671321747275135	0.09031157642325317	0.07864068618952953	0.02832319537452775	9.52060174164657	7.1460858640087155	1.047242489729086	0	0	0	0	0	14100875110069488e-21	-4026665759228511e-20	0	0.0005213868484450519
6.5	4.7671321747275135	4.7671321747275135	4.7671321747275135	0.09031157642325316	0.07864068618952955	0.02832319537452775	9.52060174164657	7.1460858640087155	1.047242489729086	0	0	0	0	0	14100832741843014e-21	-4026755641645534e-20	0	0.0005213874241811051
6.6	4.7671321747275135	4.7671321747275135	4.7671321747275135	0.09031157642325321	0.07864068618952949	0.028323195374527738	9.52060174164657	7.146085864008718	1.047242489729086	0	0	0	0	0	14100968624665679e-21	-4026561613179155e-20	0	0.0005213863045116667
6.7	4.7671321747275135	4.7671321747275135	4.7671321747275135	0.0903115764232532	0.07864068618952949	0.028323195374527745	9.52060174164657	7.146085864008716	1.047242489729086	0	0	0	0	0	14100883966511001e-21	-4026725727320759e-20	0	0.0005213872128784271
6.8	4.7671321747275135	4.7671321747275135	4.7671321747275135	0.09031157642325321	0.0786406861895295	0.028323195374527745	9.520601741646567	7.146085864008717	1.0472424897290862	0	0	0	0	0	14100802284870634e-21	-40268759373044726e-21	0	0.0005213880708050438
6.9	4.767132174727514	4.767132174727514	4.767132174727514	0.09031157642325324	0.07864068618952948	0.028323195374527734	9.520601741646567	7.146085864008717	1.0472424897290862	0	0	0	0	0	1410095147561852e-20	-4026638454974605e-20	0	0.0005213867588473638
7	4.7671321747275135	4.7671321747275135	4.7671321747275135	0.09031157642325328	0.07864068618952949	0.02832319537452775	9.520601741646566	7.146085864008717	1.047242489729086	0	0	0	0	0	14100926499209888e-21	-402670031543007e-19	0	0.0005213870552700424
7.1	4.7671321747275135	4.7671321747275135	4.7671321747275135	0.09031157642325333	0.0786406861895295	0.028323195374527776	9.520601741646564	7.146085864008717	1.0472424897290857	0	0	0	0	0	14100848121844773e-21	-402684676405825e-19	0	0.0005213878372803382
7.2	4.7671321747275135	4.7671321747275135	4.7671321747275135	0.0903115764232533	0.07864068618952948	0.02832319537452775	9.520601741646564	7.146085864008717	1.047242489729086	0	0	0	0	0	14100968366713885e-21	-40266432596379126e-21	0	0.0005213867587481553
7.3	4.7671321747275135	4.7671321747275135	4.7671321747275135	0.09031157642325328	0.07864068618952949	0.028323195374527755	9.520601741646566	7.146085864008718	1.047242489729086	0	0	0	0	0	14100970861230514e-21	-4026652235174107e-20	0	0.0005213867694800802
7.4	4.7671321747275135	4.7671321747275135	4.7671321747275135	0.09031157642325328	0.0786406861895295	0.02832319537452777	9.520601741646566	7.146085864008716	1.047242489729086	0	0	0	0	0	1410090918547984e-20	-4026770962766324e-20	0	0.0005213873717083104
7.5	4.7671321747275135	4.7671321747275135	4.7671321747275135	0.09031157642325328	0.07864068618952949	0.02832319537452775	9.520601741646566	7.146085864008718	1.047242489729086	0	0	0	0	0	1410099912469497e-20	-40266111186681644e-21	0	0.0005213865561879959
7.6	4.7671321747275135	4.7671321747275135	4.7671321747275135	0.0903115764232533	0.07864068618952949	0.028323195374527762	9.520601741646566	7.146085864008716	1.047242489729086	0	0	0	0	0	14100994454425498e-21	-402662947483815e-19	0	0.0005213866178188304
7.7	4.7671321747275135	4.7671321747275135	4.7671321747275135	0.09031157642325328	0.07864068618952952	0.028323195374527776	9.520601741646566	7.1460858640087155	1.0472424897290857	0	0	0	0	0	14100930143680653e-21	-4026755303264399e-20	0	0.0005213872316503511
7.8	4.7671321747275135	4.7671321747275135	4.7671321747275135	0.09031157642325328	0.0786406861895295	0.02832319537452776	9.520601741646566	7.146085864008716	1.047242489729086	0	0	0	0	0	14101000467272789e-21	-4026624338781e-17	0	0.0005213865885544975
7.9	4.767132174727514	4.767132174727514	4.767132174727514	0.09031157642325326	0.07864068618952953	0.028323195374527765	9.520601741646567	7.146085864008716	1.047242489729086	0	0	0	0	0	14100995733438455e-21	-4026641730940609e-20	0	0.0005213866422809202
8	4.7671321747275135	4.7671321747275135	4.7671321747275135	0.09031157642325321	0.0786406861895296	0.0283231953745278	9.520601741646567	7.1460858640087155	1.0472424897290857	0	0	0	0	0	14100909338392172e-21	-4026814403324742e-20	0	0.0005213874548341182
8.1	4.7671321747275135	4.7671321747275135	4.7671321747275135	0.09031157642325323	0.07864068618952955	0.02832319537452779	9.520601741646567	7.1460858640087155	1.047242489729086	0	0	0	0	0	1410094849523024e-20	-4026738566053102e-20	0	0.0005213870965469347
8.2	4.7671321747275135	4.7671321747275135	4.7671321747275135	0.0903115764232532	0.07864068618952952	0.028323195374527776	9.52060174164657	7.146085864008716	1.0472424897290862	0	0	0	0	0	14100991986240403e-21	-40266598724543424e-21	0	0.0005213866965826793
8.3	4.7671321747275135	4.7671321747275135	4.7671321747275135	0.09031157642325315	0.07864068618952956	0.028323195374527814	9.520601741646571	7.146085864008716	1.0472424897290857	0	0	0	0	0	14100888383673705e-21	-4026873795064315e-20	0	0.0005213876655590355
8.4	4.7671321747275135	4.7671321747275135	4.7671321747275135	0.09031157642325313	0.07864068618952956	0.02832319537452781	9.520601741646573	7.1460858640087155	1.0472424897290855	0	0	0	0	0	14100877446615485e-21	-4026896741768626e-20	0	0.0005213877708392977
8.5	4.7671321747275135	4.7671321747275135	4.7671321747275135	0.0903115764232532	0.07864068618952952	0.02832319537452778	9.520601741646571	7.146085864008718	1.047242489729086	0	0	0	0	0	14100990078460891e-21	-4026671999393005e-20	0	0.0005213867246812479
8.6	4.7671321747275135	4.7671321747275135	4.7671321747275135	0.09031157642325316	0.0786406861895295	0.028323195374527814	9.52060174164657	7.146085864008716	1.0472424897290857	0	0	0	0	0	1410091351670718e-20	-40268373587728246e-21	0	0.0005213874397316456
8.7	4.7671321747275135	4.7671321747275135	4.7671321747275135	0.09031157642325315	0.0786406861895295	0.02832319537452783	9.52060174164657	7.146085864008717	1.0472424897290853	0	0	0	0	0	14100874718767495e-21	-40269197227992676e-21	0	0.0005213878028062545
8.8	4.7671321747275135	4.7671321747275135	4.7671321747275135	0.09031157642325321	0.07864068618952948	0.02832319537452778	9.52060174164657	7.146085864008718	1.0472424897290857	0	0	0	0	0	14100999120085599e-21	-40266614517849845e-21	0	0.0005213866459431593
8.9	4.7671321747275135	4.7671321747275135	4.7671321747275135	0.0903115764232532	0.07864068618952949	0.028323195374527793	9.52060174164657	7.146085864008716	1.0472424897290857	0	0	0	0	0	1410096242025037e-20	-4026745770475639e-20	0	0.0005213869887240702
9	4.7671321747275135	4.7671321747275135	4.7671321747275135	0.0903115764232532	0.0786406861895295	0.028323195374527807	9.520601741646567	7.1460858640087155	1.0472424897290857	0	0	0	0	0	14100927729607817e-21	-4026821827391904e-20	0	0.000521387312650164
9.1	4.7671321747275135	4.7671321747275135	4.7671321747275135	0.09031157642325323	0.07864068618952949	0.02832319537452777	9.52060174164657	7.146085864008718	1.0472424897290862	0	0	0	0	0	14101024910193346e-21	-4026614160541678e-20	0	0.0005213864086800179
9.2	4.7671321747275135	4.7671321747275135	4.7671321747275135	0.09031157642325317	0.07864068618952949	0.028323195374527776	9.52060174164657	7.146085864008716	1.047242489729086	0	0	0	0	0	14100995126151435e-21	-402668406251749e-19	0	0.0005213866864988959
9.3	4.7671321747275135	4.7671321747275135	4.7671321747275135	0.09031157642325315	0.07864068618952952	0.02832319537452779	9.520601741646571	7.146085864008716	1.0472424897290857	0	0	0	0	0	14100961594951652e-21	-40267591987630255e-21	0	0.0005213869991386336
9.4	4.767132174727514	4.767132174727514	4.767132174727514	0.09031157642325321	0.07864068618952948	0.02832319537452776	9.520601741646571	7.146085864008716	1.0472424897290862	0	0	0	0	0	141010384929578e-19	-4026590477348679e-20	0	0.0005213862837230295
9.5	4.7671321747275135	4.7671321747275135	4.7671321747275135	0.09031157642325317	0.07864068618952956	0.028323195374527783	9.52060174164657	7.1460858640087155	1.047242489729086	0	0	0	0	0	14100999328863291e-21	-4026682526593072e-20	0	0.0005213866485248654
9.6	4.7671321747275135	4.7671321747275135	4.7671321747275135	0.09031157642325312	0.07864068618952964	0.028323195374527814	9.520601741646571	7.146085864008713	1.0472424897290855	0	0	0	0	0	14100948339817549e-21	-4026798803031163e-20	0	0.0005213871233750183
9.7	4.7671321747275135	4.7671321747275135	4.7671321747275135	0.09031157642325319	0.07864068618952955	0.028323195374527776	9.52060174164657	7.1460858640087155	1.047242489729086	0	0	0	0	0	14101024465909346e-21	-4026626953215804e-20	0	0.0005213864150463544
9.8	4.7671321747275135	4.7671321747275135	4.7671321747275135	0.09031157642325319	0.07864068618952959	0.028323195374527783	9.52060174164657	7.1460858640087155	1.0472424897290857	0	0	0	0	0	14100990168970281e-21	-4026710442712014e-20	0	0.0005213867343325528
9.9	4.7671321747275135	4.7671321747275135	4.7671321747275135	0.09031157642325313	0.07864068618952966	0.028323195374527814	9.52060174164657	7.146085864008715	1.0472424897290855	0	0	0	0	0	14100907153765631e-21	-40269039211138355e-21	0	0.0005213875070381169
10	4.7671321747275135	4.7671321747275135	4.7671321747275135	0.09031157642325316	0.07864068618952959	0.028323195374527786	9.52060174164657	7.1460858640087155	1.0472424897290857	0	0	0	0	0	14100968469472487e-21	-4026761762513343e-20	0	0.000521386936531608
10.1	4.7671321747275135	4.7671321747275135	4.7671321747275135	0.09031157642325319	0.07864068618952959	0.028323195374527772	9.52060174164657	7.1460858640087155	1.047242489729086	0	0	0	0	0	14100992680248197e-21	-4026710411694792e-20	0	0.00052138671121609
10.2	4.7671321747275135	4.7671321747275135	4.7671321747275135	0.09031157642325313	0.0786406861895297	0.028323195374527807	9.520601741646571	7.146085864008713	1.0472424897290855	0	0	0	0	0	1410089900655757e-20	-40269342668573425e-21	0	0.0005213875829245063
10.3	4.7671321747275135	4.7671321747275135	4.7671321747275135	0.09031157642325316	0.07864068618952968	0.028323195374527804	9.52060174164657	7.146085864008713	1.0472424897290857	0	0	0	0	0	14100915877656648e-21	-402689444039874e-19	0	0.0005213874259959922
10.4	4.7671321747275135	4.7671321747275135	4.7671321747275135	0.0903115764232532	0.07864068618952956	0.02832319537452777	9.520601741646567	7.146085864008716	1.0472424897290862	0	0	0	0	0	14101005837718344e-21	-40266841916983846e-21	0	0.000521386588878764
10.5	4.7671321747275135	4.7671321747275135	4.7671321747275135	0.09031157642325315	0.07864068618952959	0.02832319537452778	9.52060174164657	7.146085864008715	1.047242489729086	0	0	0	0	0	1410094341645314e-20	-40268377694331134e-21	0	0.000521387169655262
10.6	4.7671321747275135	4.7671321747275135	4.7671321747275135	0.09031157642325315	0.07864068618952959	0.028323195374527776	9.52060174164657	7.1460858640087155	1.0472424897290862	0	0	0	0	0	14100943211871138e-21	-4026838737647793e-20	0	0.000521387171584306
10.7	4.7671321747275135	4.7671321747275135	4.7671321747275135	0.0903115764232532	0.07864068618952952	0.02832319537452775	9.52060174164657	7.146085864008716	1.0472424897290862	0	0	0	0	0	14101029497053491e-21	-40266321877959836e-21	0	0.0005213863687433392
10.8	4.7671321747275135	4.7671321747275135	4.7671321747275135	0.09031157642325317	0.07864068618952955	0.02832319537452776	9.52060174164657	7.146085864008715	1.0472424897290862	0	0	0	0	0	14100988432369987e-21	-40267355909900814e-21	0	0.000521386750760052
10.9	4.7671321747275135	4.7671321747275135	4.7671321747275135	0.09031157642325317	0.07864068618952956	0.02832319537452776	9.52060174164657	7.146085864008715	1.0472424897290862	0	0	0	0	0	14100986240889863e-21	-4026741449394673e-20	0	0.0005213867711576276
11	4.7671321747275135	4.7671321747275135	4.7671321747275135	0.09031157642325319	0.0786406861895295	0.028323195374527745	9.520601741646571	7.146085864008717	1.047242489729086	0	0	0	0	0	14101047928021314e-21	-40265913019332076e-21	0	0.0005213861972362873
11.1	4.7671321747275135	4.7671321747275135	4.7671321747275135	0.09031157642325306	0.0786406861895295	0.02832319537452778	9.520601741646573	7.146085864008717	1.0472424897290857	0	0	0	0	0	14101002265766694e-21	-40267072869990924e-21	0	0.000521386621988633
11.2	4.7671321747275135	4.7671321747275135	4.7671321747275135	0.09031157642325303	0.07864068618952949	0.028323195374527786	9.520601741646574	7.146085864008716	1.0472424897290857	0	0	0	0	0	14100987969365983e-21	-4026743352463058e-20	0	0.0005213867549858655
11.3	4.7671321747275135	4.7671321747275135	4.7671321747275135	0.09031157642325315	0.07864068618952946	0.02832319537452776	9.520601741646571	7.146085864008717	1.0472424897290862	0	0	0	0	0	14101047607841085e-21	-40265954424718926e-21	0	0.0005213862001757485
11.4	4.7671321747275135	4.7671321747275135	4.7671321747275135	0.09031157642325302	0.07864068618952946	0.028323195374527783	9.520601741646573	7.146085864008718	1.047242489729086	0	0	0	0	0	1410098838799057e-20	-4026747758634833e-20	0	0.0005213867509921168
11.5	4.7671321747275135	4.7671321747275135	4.7671321747275135	0.09031157642325294	0.07864068618952948	0.028323195374527793	9.520601741646576	7.146085864008718	1.0472424897290857	0	0	0	0	0	14100943953636077e-21	-4026861015902435e-20	0	0.0005213871643074965
11.6	4.767132174727514	4.767132174727514	4.767132174727514	0.09031157642325309	0.07864068618952946	0.028323195374527765	9.520601741646573	7.146085864008718	1.0472424897290862	0	0	0	0	0	1410102603445134e-20	-4026652896434185e-20	0	0.0005213864008073763
11.7	4.767132174727514	4.767132174727514	4.767132174727514	0.09031157642325305	0.07864068618952956	0.028323195374527783	9.520601741646573	7.1460858640087155	1.047242489729086	0	0	0	0	0	14100979026846806e-21	-4026776938835685e-20	0	0.0005213868379674876
11.8	4.7671321747275135	4.7671321747275135	4.7671321747275135	0.09031157642325294	0.07864068618952966	0.02832319537452781	9.520601741646574	7.146085864008714	1.0472424897290857	0	0	0	0	0	14100899006261889e-21	-40269841330807414e-21	0	0.0005213875822208003
11.9	4.7671321747275135	4.7671321747275135	4.7671321747275135	0.09031157642325305	0.07864068618952957	0.028323195374527783	9.520601741646571	7.1460858640087155	1.0472424897290857	0	0	0	0	0	14100977718106125e-21	-40267809731165907e-21	0	0.0005213868501315479
12	4.7671321747275135	4.7671321747275135	4.7671321747275135	0.09031157642325306	0.07864068618952956	0.02832319537452777	9.520601741646571	7.1460858640087155	1.0472424897290862	0	0	0	0	0	1410099539309616e-20	-4026738798695832e-20	0	0.000521386685667684
12.1	4.7671321747275135	4.7671321747275135	4.7671321747275135	0.09031157642325291	0.07864068618952962	0.02832319537452779	9.520601741646576	7.146085864008714	1.047242489729086	0	0	0	0	0	14100919362884654e-21	-40269391198356746e-21	0	0.0005213873927335786
12.2	4.767132174727514	4.767132174727514	4.767132174727514	0.09031157642325299	0.07864068618952957	0.028323195374527776	9.520601741646574	7.1460858640087155	1.047242489729086	0	0	0	0	0	14100967210031044e-21	-40268139889543235e-21	0	0.0005213869477472732
12.3	4.7671321747275135	4.7671321747275135	4.7671321747275135	0.09031157642325312	0.0786406861895295	0.02832319537452775	9.520601741646571	7.146085864008717	1.0472424897290862	0	0	0	0	0	14101022281728218e-21	-4026672027024509e-20	0	0.0005213864355276781
12.4	4.7671321747275135	4.7671321747275135	4.7671321747275135	0.09031157642325308	0.07864068618952953	0.02832319537452776	9.520601741646573	7.146085864008716	1.047242489729086	0	0	0	0	0	14100973966015442e-21	-4026801542969963e-20	0	0.0005213868848074961
12.5	4.7671321747275135	4.7671321747275135	4.7671321747275135	0.09031157642325312	0.07864068618952952	0.02832319537452775	9.520601741646571	7.146085864008717	1.0472424897290862	0	0	0	0	0	14101007776913288e-21	-4026712133492059e-20	0	0.0005213865703811026
12.6	4.7671321747275135	4.7671321747275135	4.7671321747275135	0.09031157642325319	0.07864068618952948	0.02832319537452775	9.52060174164657	7.146085864008718	1.0472424897290862	0	0	0	0	0	14101045879583784e-21	-4026612802574375e-20	0	0.0005213862160129342
12.7	4.7671321747275135	4.7671321747275135	4.7671321747275135	0.09031157642325317	0.07864068618952948	0.028323195374527776	9.520601741646571	7.146085864008718	1.0472424897290857	0	0	0	0	0	14101003518186935e-21	-4026727441662047e-20	0	0.000521386609901519
12.8	4.7671321747275135	4.7671321747275135	4.7671321747275135	0.0903115764232532	0.07864068618952946	0.028323195374527765	9.520601741646571	7.146085864008718	1.047242489729086	0	0	0	0	0	14101025442525124e-21	-40266687743025416e-21	0	0.0005213864060293107
12.9	4.767132174727513	4.767132174727513	4.767132174727513	0.09031157642325324	0.07864068618952945	0.02832319537452776	9.52060174164657	7.146085864008717	1.047242489729086	0	0	0	0	0	14101050899404057e-21	-4026602040794991e-20	0	0.0005213861692790753
13	4.7671321747275135	4.7671321747275135	4.7671321747275135	0.09031157642325324	0.07864068618952949	0.028323195374527793	9.52060174164657	7.146085864008717	1.0472424897290855	0	0	0	0	0	14100994229878578e-21	-4026756567899865e-20	0	0.0005213866961838481
13.1	4.7671321747275135	4.7671321747275135	4.7671321747275135	0.09031157642325324	0.0786406861895295	0.028323195374527797	9.52060174164657	7.146085864008717	1.0472424897290857	0	0	0	0	0	14100992779419626e-21	-4026760569430713e-20	0	0.00052138670966919
13.2	4.7671321747275135	4.7671321747275135	4.7671321747275135	0.09031157642325324	0.07864068618952946	0.02832319537452777	9.52060174164657	7.146085864008718	1.047242489729086	0	0	0	0	0	1410104208682224e-20	-40266280568920856e-21	0	0.0005213862511759475
13.3	4.7671321747275135	4.7671321747275135	4.7671321747275135	0.09031157642325319	0.07864068618952945	0.028323195374527783	9.52060174164657	7.146085864008718	1.0472424897290857	0	0	0	0	0	14100967779805793e-21	-4026832894076022e-20	0	0.0005213869420248279
13.4	4.7671321747275135	4.7671321747275135	4.7671321747275135	0.09031157642325315	0.07864068618952944	0.028323195374527797	9.520601741646573	7.146085864008718	1.0472424897290855	0	0	0	0	0	14100925412787557e-21	-4026949182658265e-20	0	0.0005213873359310045
13.5	4.7671321747275135	4.7671321747275135	4.7671321747275135	0.09031157642325321	0.07864068618952944	0.028323195374527762	9.520601741646571	7.146085864008718	1.047242489729086	0	0	0	0	0	14101018843219187e-21	-40266935108009e-18	0	0.0005213864672482394
13.6	4.7671321747275135	4.7671321747275135	4.7671321747275135	0.09031157642325324	0.07864068618952944	0.028323195374527776	9.52060174164657	7.146085864008718	1.0472424897290857	0	0	0	0	0	14100971970652032e-21	-4026825306875227e-20	0	0.0005213869029786287
13.7	4.7671321747275135	4.7671321747275135	4.7671321747275135	0.09031157642325326	0.07864068618952945	0.0283231953745278	9.52060174164657	7.146085864008718	1.0472424897290855	0	0	0	0	0	14100901597492855e-21	-4027020648230864e-20	0	0.0005213875572251746
13.8	4.767132174727513	4.767132174727513	4.767132174727513	0.09031157642325326	0.07864068618952944	0.028323195374527772	9.52060174164657	7.146085864008718	1.0472424897290857	0	0	0	0	0	1410099406679263e-20	-4026764712945634e-20	0	0.0005213866975393824
13.9	4.7671321747275135	4.7671321747275135	4.7671321747275135	0.09031157642325327	0.07864068618952952	0.028323195374527765	9.52060174164657	7.146085864008717	1.0472424897290862	0	0	0	0	0	14101004730427234e-21	-4026737466405474e-20	0	0.0005213865983521022
14	4.7671321747275135	4.7671321747275135	4.7671321747275135	0.09031157642325327	0.07864068618952957	0.028323195374527776	9.52060174164657	7.1460858640087155	1.047242489729086	0	0	0	0	0	14100951919287848e-21	-40268858177737635e-21	0	0.0005213870892907604
14.1	4.7671321747275135	4.7671321747275135	4.7671321747275135	0.09031157642325326	0.07864068618952952	0.02832319537452776	9.520601741646566	7.146085864008717	1.047242489729086	0	0	0	0	0	14101019689487873e-21	-40266966175448624e-21	0	0.0005213864592663256
14.2	4.7671321747275135	4.7671321747275135	4.7671321747275135	0.09031157642325326	0.07864068618952949	0.028323195374527755	9.520601741646567	7.146085864008717	1.047242489729086	0	0	0	0	0	14101036599827315e-21	-4026650926872454e-20	0	0.0005213863020277755
14.3	4.7671321747275135	4.7671321747275135	4.7671321747275135	0.09031157642325324	0.07864068618952953	0.02832319537452777	9.520601741646567	7.1460858640087155	1.0472424897290857	0	0	0	0	0	14101000163733762e-21	-40267542026244904e-21	0	0.0005213866407226666
14.4	4.7671321747275135	4.7671321747275135	4.7671321747275135	0.09031157642325327	0.0786406861895295	0.02832319537452775	9.520601741646567	7.146085864008716	1.047242489729086	0	0	0	0	0	14101049715244768e-21	-4026614753265363e-20	0	0.0005213861800912791
14.5	4.7671321747275135	4.7671321747275135	4.7671321747275135	0.09031157642325321	0.07864068618952948	0.028323195374527762	9.520601741646567	7.146085864008718	1.047242489729086	0	0	0	0	0	14101048463110016e-21	-40266196478729544e-21	0	0.0005213861917023245
14.6	4.7671321747275135	4.7671321747275135	4.7671321747275135	0.09031157642325316	0.07864068618952949	0.02832319537452779	9.520601741646571	7.146085864008717	1.0472424897290857	0	0	0	0	0	14101005249249063e-21	-40267427531653843e-21	0	0.0005213865933874982
14.7	4.7671321747275135	4.7671321747275135	4.7671321747275135	0.09031157642325319	0.07864068618952948	0.028323195374527765	9.52060174164657	7.146085864008718	1.047242489729086	0	0	0	0	0	14101043093934795e-21	-4026635337560739e-20	0	0.0005213862416020285
14.8	4.7671321747275135	4.7671321747275135	4.7671321747275135	0.09031157642325317	0.07864068618952945	0.02832319537452778	9.52060174164657	7.146085864008718	1.047242489729086	0	0	0	0	0	14101040508629026e-21	-4026644104202797e-20	0	0.0005213862656037157
14.9	4.7671321747275135	4.7671321747275135	4.7671321747275135	0.09031157642325312	0.07864068618952944	0.02832319537452782	9.52060174164657	7.146085864008718	1.0472424897290855	0	0	0	0	0	14100971503913146e-21	-4026841937045373e-20	0	0.0005213869069958633
15	4.7671321747275135	4.7671321747275135	4.7671321747275135	0.09031157642325312	0.07864068618952944	0.028323195374527824	9.52060174164657	7.146085864008718	1.0472424897290853	0	0	0	0	0	14100978289140249e-21	-40268225179956876e-21	0	0.0005213868439270994
15.1	4.7671321747275135	4.7671321747275135	4.7671321747275135	0.09031157642325319	0.07864068618952944	0.028323195374527786	9.520601741646567	7.146085864008718	1.0472424897290857	0	0	0	0	0	14101030035715701e-21	-40266755163274405e-21	0	0.0005213863629192433
15.2	4.7671321747275135	4.7671321747275135	4.7671321747275135	0.09031157642325315	0.07864068618952945	0.028323195374527824	9.52060174164657	7.146085864008718	1.0472424897290855	0	0	0	0	0	14100946954806695e-21	-4026915704198833e-20	0	0.0005213871351062744
15.3	4.7671321747275135	4.7671321747275135	4.7671321747275135	0.09031157642325312	0.07864068618952945	0.028323195374527845	9.520601741646571	7.146085864008718	1.0472424897290853	0	0	0	0	0	1410090757197151e-20	-40270292585300306e-21	0	0.0005213875011523578
15.4	4.7671321747275135	4.7671321747275135	4.7671321747275135	0.09031157642325319	0.07864068618952946	0.028323195374527786	9.520601741646567	7.146085864008718	1.0472424897290857	0	0	0	0	0	14101013493993716e-21	-4026724489773064e-20	0	0.0005213865166404006
15.5	4.7671321747275135	4.7671321747275135	4.7671321747275135	0.09031157642325321	0.07864068618952956	0.02832319537452782	9.520601741646567	7.1460858640087155	1.0472424897290855	0	0	0	0	0	1410097593848464e-20	-4026834827381014e-20	0	0.0005213868656591997
15.6	4.7671321747275135	4.7671321747275135	4.7671321747275135	0.09031157642325321	0.0786406861895296	0.02832319537452785	9.520601741646567	7.146085864008715	1.0472424897290853	0	0	0	0	0	14100926826058397e-21	-4026977587532079e-20	0	0.000521387322113347
15.7	4.7671321747275135	4.7671321747275135	4.7671321747275135	0.09031157642325326	0.07864068618952952	0.028323195374527786	9.520601741646567	7.1460858640087155	1.0472424897290857	0	0	0	0	0	14101022087785234e-21	-40267015679872344e-21	0	0.0005213864367258849
15.8	4.767132174727513	4.767132174727513	4.767132174727513	0.09031157642325326	0.07864068618952953	0.028323195374527793	9.520601741646567	7.146085864008715	1.0472424897290857	0	0	0	0	0	14101019490993979e-21	-4026710491858321e-20	0	0.0005213864608317842
15.9	4.7671321747275135	4.7671321747275135	4.7671321747275135	0.09031157642325326	0.07864068618952957	0.028323195374527817	9.520601741646567	7.146085864008715	1.0472424897290855	0	0	0	0	0	14100989861628845e-21	-4026797295889878e-20	0	0.0005213867361948938
16	4.7671321747275135	4.7671321747275135	4.7671321747275135	0.09031157642325326	0.07864068618952952	0.02832319537452777	9.520601741646567	7.146085864008716	1.047242489729086	0	0	0	0	0	14101055342908597e-21	-4026606523173848e-20	0	0.000521386127616613
16.1	4.7671321747275135	4.7671321747275135	4.7671321747275135	0.09031157642325327	0.07864068618952952	0.02832319537452778	9.520601741646567	7.146085864008716	1.0472424897290857	0	0	0	0	0	1410104318580695e-20	-4026643032711084e-20	0	0.0005213862405809641
16.2	4.7671321747275135	4.7671321747275135	4.7671321747275135	0.09031157642325327	0.07864068618952956	0.028323195374527804	9.520601741646567	7.1460858640087155	1.0472424897290855	0	0	0	0	0	1410101613093053e-20	-4026722602845719e-20	0	0.0005213864920113468
16.3	4.7671321747275135	4.7671321747275135	4.7671321747275135	0.09031157642325327	0.0786406861895295	0.02832319537452777	9.520601741646567	7.146085864008717	1.047242489729086	0	0	0	0	0	14101065889377968e-21	-4026576852242262e-20	0	0.0005213860295763838
16.4	4.767132174727514	4.767132174727514	4.767132174727514	0.09031157642325326	0.07864068618952956	0.02832319537452779	9.52060174164657	7.146085864008716	1.0472424897290857	0	0	0	0	0	14101037675733948e-21	-4026660702285848e-20	0	0.0005213862917572254
16.5	4.7671321747275135	4.7671321747275135	4.7671321747275135	0.09031157642325324	0.07864068618952963	0.028323195374527817	9.520601741646567	7.146085864008714	1.0472424897290855	0	0	0	0	0	14100990565089125e-21	-4026799749775666e-20	0	0.0005213867295624351
16.6	4.767132174727514	4.767132174727514	4.767132174727514	0.09031157642325327	0.07864068618952955	0.028323195374527786	9.520601741646567	7.1460858640087155	1.0472424897290857	0	0	0	0	0	1410103975689385e-20	-4026654751221526e-20	0	0.0005213862724126977
16.7	4.7671321747275135	4.7671321747275135	4.7671321747275135	0.0903115764232532	0.0786406861895296	0.028323195374527793	9.52060174164657	7.146085864008713	1.0472424897290855	0	0	0	0	0	14101022076557907e-21	-40267081036422445e-21	0	0.0005213864366937769
16.8	4.7671321747275135	4.7671321747275135	4.7671321747275135	0.09031157642325312	0.07864068618952974	0.028323195374527838	9.520601741646571	7.14608586400871	1.0472424897290853	0	0	0	0	0	14100938321843034e-21	-40269565353314894e-21	0	0.0005213872150112151
16.9	4.7671321747275135	4.7671321747275135	4.7671321747275135	0.09031157642325313	0.07864068618952971	0.028323195374527824	9.52060174164657	7.146085864008711	1.0472424897290853	0	0	0	0	0	14100950895211086e-21	-40269192584883814e-21	0	0.0005213870981687803
17	4.7671321747275135	4.7671321747275135	4.7671321747275135	0.0903115764232532	0.07864068618952962	0.02832319537452779	9.520601741646567	7.146085864008713	1.0472424897290857	0	0	0	0	0	1410101789052635e-20	-40267215214154236e-21	0	0.0005213864755727181
17.1	4.7671321747275135	4.7671321747275135	4.7671321747275135	0.09031157642325316	0.07864068618952975	0.028323195374527838	9.52060174164657	7.14608586400871	1.0472424897290853	0	0	0	0	0	14100939028531211e-21	-40269569294887555e-21	0	0.0005213872083916504
17.2	4.7671321747275135	4.7671321747275135	4.7671321747275135	0.09031157642325313	0.07864068618952982	0.02832319537452786	9.52060174164657	7.146085864008709	1.0472424897290853	0	0	0	0	0	14100912166922845e-21	-4027036975343459e-20	0	0.0005213874580039125
17.3	4.7671321747275135	4.7671321747275135	4.7671321747275135	0.0903115764232532	0.07864068618952964	0.028323195374527793	9.52060174164657	7.146085864008714	1.047242489729086	0	0	0	0	0	14101020247815564e-21	-40267156018215944e-21	0	0.0005213864536441861
17.4	4.7671321747275135	4.7671321747275135	4.7671321747275135	0.09031157642325317	0.07864068618952966	0.0283231953745278	9.52060174164657	7.146085864008714	1.0472424897290857	0	0	0	0	0	14100992051218548e-21	-40268007683978645e-21	0	0.0005213867156379034
17.5	4.7671321747275135	4.7671321747275135	4.7671321747275135	0.09031157642325317	0.07864068618952967	0.02832319537452781	9.520601741646567	7.146085864008712	1.047242489729086	0	0	0	0	0	14100972259185227e-21	-40268601378161124e-21	0	0.0005213868995477774
17.6	4.767132174727513	4.767132174727513	4.767132174727513	0.09031157642325321	0.07864068618952955	0.02832319537452777	9.520601741646567	7.146085864008716	1.0472424897290862	0	0	0	0	0	1410105090604911e-20	-40266253160817624e-21	0	0.0005213861687290753
17.7	4.7671321747275135	4.7671321747275135	4.7671321747275135	0.09031157642325319	0.07864068618952955	0.028323195374527786	9.520601741646567	7.1460858640087155	1.047242489729086	0	0	0	0	0	14101033086691054e-21	-4026679382268374e-20	0	0.0005213863342957334
17.8	4.7671321747275135	4.7671321747275135	4.7671321747275135	0.09031157642325317	0.07864068618952956	0.028323195374527793	9.520601741646567	7.1460858640087155	1.047242489729086	0	0	0	0	0	14101022767565239e-21	-4026710487957018e-20	0	0.0005213864301790693
17.9	4.7671321747275135	4.7671321747275135	4.7671321747275135	0.09031157642325323	0.07864068618952949	0.02832319537452776	9.520601741646567	7.146085864008717	1.0472424897290862	0	0	0	0	0	14101070765493218e-21	-40265667204877015e-21	0	0.0005213859841723487
18	4.7671321747275135	4.7671321747275135	4.7671321747275135	0.0903115764232532	0.07864068618952946	0.028323195374527793	9.520601741646567	7.146085864008717	1.047242489729086	0	0	0	0	0	14101037935390602e-21	-40266659559841324e-21	0	0.0005213862892175868
18.1	4.7671321747275135	4.7671321747275135	4.7671321747275135	0.0903115764232532	0.07864068618952946	0.02832319537452781	9.520601741646567	7.146085864008717	1.0472424897290857	0	0	0	0	0	14101016865623531e-21	-40267294766924776e-21	0	0.000521386484993617
18.2	4.7671321747275135	4.7671321747275135	4.7671321747275135	0.09031157642325321	0.07864068618952945	0.028323195374527776	9.520601741646567	7.146085864008717	1.0472424897290862	0	0	0	0	0	1410106477244698e-20	-40265853976494305e-21	0	0.0005213860398457386
18.3	4.7671321747275135	4.7671321747275135	4.7671321747275135	0.09031157642325308	0.07864068618952948	0.028323195374527804	9.520601741646571	7.146085864008717	1.047242489729086	0	0	0	0	0	14101014269514992e-21	-4026738426036197e-20	0	0.0005213865090925993
18.4	4.7671321747275135	4.7671321747275135	4.7671321747275135	0.09031157642325294	0.07864068618952949	0.02832319537452784	9.520601741646576	7.146085864008716	1.0472424897290855	0	0	0	0	0	14100957000740597e-21	-4026911571309644e-20	0	0.0005213870412121911
18.5	4.7671321747275135	4.7671321747275135	4.7671321747275135	0.09031157642325306	0.07864068618952946	0.0283231953745278	9.520601741646571	7.146085864008717	1.047242489729086	0	0	0	0	0	14101019815743733e-21	-4026721744907617e-20	0	0.0005213864575573422
18.6	4.767132174727513	4.767132174727513	4.767132174727513	0.09031157642325308	0.07864068618952953	0.028323195374527797	9.520601741646571	7.146085864008715	1.0472424897290857	0	0	0	0	0	14101003157406014e-21	-4026773054586405e-20	0	0.0005213866123204457
18.7	4.7671321747275135	4.7671321747275135	4.7671321747275135	0.09031157642325296	0.0786406861895297	0.02832319537452785	9.520601741646574	7.146085864008712	1.0472424897290853	0	0	0	0	0	14100909128214261e-21	-40270583935041114e-21	0	0.0005213874859817351
18.8	4.7671321747275135	4.7671321747275135	4.7671321747275135	0.09031157642325299	0.0786406861895297	0.028323195374527838	9.520601741646573	7.146085864008713	1.0472424897290853	0	0	0	0	0	14100930154169994e-21	-40269946279458326e-21	0	0.0005213872906207295
18.9	4.7671321747275135	4.7671321747275135	4.7671321747275135	0.09031157642325312	0.07864068618952956	0.02832319537452779	9.520601741646571	7.146085864008716	1.0472424897290857	0	0	0	0	0	14101012882602074e-21	-4026744303773661e-20	0	0.0005213865219440132
19	4.7671321747275135	4.7671321747275135	4.7671321747275135	0.09031157642325306	0.07864068618952959	0.028323195374527814	9.520601741646571	7.146085864008715	1.0472424897290855	0	0	0	0	0	14100952294863477e-21	-4026929064810306e-20	0	0.0005213870848689215
19.1	4.7671321747275135	4.7671321747275135	4.7671321747275135	0.09031157642325306	0.07864068618952957	0.028323195374527807	9.520601741646571	7.1460858640087155	1.0472424897290857	0	0	0	0	0	14100952291066922e-21	-40269291588169785e-21	0	0.0005213870849024563
19.2	4.767132174727514	4.767132174727514	4.767132174727514	0.09031157642325317	0.0786406861895295	0.02832319537452777	9.52060174164657	7.146085864008717	1.047242489729086	0	0	0	0	0	14101039565072633e-21	-4026664032471771e-20	0	0.0005213862740122474
19.3	4.7671321747275135	4.7671321747275135	4.7671321747275135	0.09031157642325313	0.07864068618952956	0.02832319537452779	9.52060174164657	7.1460858640087155	1.0472424897290857	0	0	0	0	0	14101014457440302e-21	-4026741031810188e-20	0	0.0005213865072798624
19.4	4.7671321747275135	4.7671321747275135	4.7671321747275135	0.09031157642325316	0.07864068618952955	0.028323195374527786	9.52060174164657	7.1460858640087155	1.0472424897290857	0	0	0	0	0	14101022998695887e-21	-402671507838953e-19	0	0.0005213864279204918
19.5	4.7671321747275135	4.7671321747275135	4.7671321747275135	0.0903115764232532	0.07864068618952949	0.028323195374527772	9.52060174164657	7.146085864008716	1.0472424897290857	0	0	0	0	0	1410106774069871e-20	-4026578896306455e-20	0	0.0005213860122140101
19.6	4.7671321747275135	4.7671321747275135	4.7671321747275135	0.09031157642325316	0.07864068618952953	0.028323195374527824	9.52060174164657	7.146085864008716	1.0472424897290853	0	0	0	0	0	14101038121169442e-21	-40266696827092464e-21	0	0.0005213862874014234
19.7	4.7671321747275135	4.7671321747275135	4.7671321747275135	0.09031157642325316	0.07864068618952953	0.02832319537452782	9.52060174164657	7.146085864008716	1.0472424897290853	0	0	0	0	0	14101042433659354e-21	-40266565385143654e-21	0	0.0005213862473336391
19.8	4.7671321747275135	4.7671321747275135	4.7671321747275135	0.0903115764232532	0.0786406861895295	0.028323195374527797	9.520601741646567	7.146085864008717	1.0472424897290857	0	0	0	0	0	14101069109100337e-21	-4026575250499632e-20	0	0.0005213859994890314
19.9	4.7671321747275135	4.7671321747275135	4.7671321747275135	0.09031157642325315	0.07864068618952957	0.02832319537452784	9.52060174164657	7.146085864008714	1.047242489729085	0	0	0	0	0	14101017556846547e-21	-4026733419617841e-20	0	0.0005213864784444351
20	4.7671321747275135	4.7671321747275135	4.7671321747275135	0.09031157642325313	0.0786406861895296	0.02832319537452787	9.520601741646571	7.146085864008714	1.0472424897290848	0	0	0	0	0	14100996979331488e-21	-40267964997871236e-21	0	0.0005213866696246454
20.1	4.7671321747275135	4.7671321747275135	4.7671321747275135	0.09031157642325319	0.07864068618952955	0.02832319537452781	9.520601741646567	7.1460858640087155	1.0472424897290857	0	0	0	0	0	1410105184829588e-20	-4026628509789429e-20	0	0.000521386159847293
20.2	4.7671321747275135	4.7671321747275135	4.7671321747275135	0.09031157642325312	0.07864068618952963	0.02832319537452788	9.52060174164657	7.146085864008713	1.0472424897290848	0	0	0	0	0	14100983138050627e-21	-4026839892143901e-20	0	0.0005213867982001321
20.3	4.7671321747275135	4.7671321747275135	4.7671321747275135	0.09031157642325303	0.07864068618952973	0.02832319537452796	9.520601741646573	7.146085864008711	1.0472424897290842	0	0	0	0	0	14100909897553045e-21	-4027064933111799e-20	0	0.0005213874786471448
20.4	4.767132174727513	4.767132174727513	4.767132174727513	0.09031157642325312	0.07864068618952962	0.02832319537452787	9.520601741646571	7.146085864008714	1.0472424897290848	0	0	0	0	0	14100989029087651e-21	-4026821839785199e-20	0	0.0005213867434679663
20.5	4.7671321747275135	4.7671321747275135	4.7671321747275135	0.09031157642325315	0.07864068618952963	0.02832319537452787	9.52060174164657	7.146085864008714	1.0472424897290848	0	0	0	0	0	14100992288283748e-21	-4026812495469051e-20	0	0.0005213867131740168
20.6	4.7671321747275135	4.7671321747275135	4.7671321747275135	0.09031157642325309	0.07864068618952977	0.028323195374527967	9.52060174164657	7.146085864008711	1.0472424897290842	0	0	0	0	0	14100905295555868e-21	-4027080526342311e-20	0	0.000521387521371771
20.7	4.7671321747275135	4.7671321747275135	4.7671321747275135	0.09031157642325313	0.07864068618952971	0.02832319537452792	9.52060174164657	7.146085864008713	1.0472424897290846	0	0	0	0	0	14100945939120406e-21	-40269554090380664e-21	0	0.0005213871437742312
20.8	4.7671321747275135	4.7671321747275135	4.7671321747275135	0.0903115764232532	0.07864068618952962	0.028323195374527835	9.520601741646567	7.146085864008715	1.0472424897290853	0	0	0	0	0	1410102202594453e-20	-40267215145954714e-21	0	0.0005213864368854914
20.9	4.7671321747275135	4.7671321747275135	4.7671321747275135	0.09031157642325317	0.07864068618952968	0.028323195374527876	9.520601741646567	7.146085864008713	1.047242489729085	0	0	0	0	0	14100982956690307e-21	-4026842325362286e-20	0	0.000521386799845625
21	4.7671321747275135	4.7671321747275135	4.7671321747275135	0.09031157642325319	0.07864068618952962	0.028323195374527838	9.520601741646567	7.146085864008713	1.0472424897290853	0	0	0	0	0	14101016543121122e-21	-4026738779050758e-20	0	0.0005213864878153991
21.1	4.767132174727513	4.767132174727513	4.767132174727513	0.09031157642325323	0.07864068618952956	0.028323195374527797	9.520601741646566	7.146085864008715	1.0472424897290855	0	0	0	0	0	14101058641562422e-21	-40266091647344075e-21	0	0.0005213860967018247
21.2	4.7671321747275135	4.7671321747275135	4.7671321747275135	0.09031157642325323	0.07864068618952963	0.028323195374527824	9.520601741646567	7.146085864008715	1.0472424897290855	0	0	0	0	0	14101033204198635e-21	-40266879366776794e-21	0	0.0005213863330169679
21.3	4.767132174727513	4.767132174727513	4.767132174727513	0.09031157642325326	0.07864068618952956	0.028323195374527793	9.520601741646566	7.1460858640087155	1.0472424897290857	0	0	0	0	0	14101061644399838e-21	-402660008802148e-19	0	0.0005213860688006267
21.4	4.7671321747275135	4.7671321747275135	4.7671321747275135	0.09031157642325323	0.07864068618952953	0.02832319537452778	9.52060174164657	7.146085864008717	1.0472424897290862	0	0	0	0	0	14101068463633826e-21	-4026579255390185e-20	0	0.000521386005443432
21.5	4.7671321747275135	4.7671321747275135	4.7671321747275135	0.09031157642325316	0.0786406861895296	0.02832319537452781	9.520601741646571	7.146085864008716	1.0472424897290855	0	0	0	0	0	14101028911037033e-21	-4026701771256158e-20	0	0.000521386372889448
21.6	4.7671321747275135	4.7671321747275135	4.7671321747275135	0.09031157642325316	0.07864068618952957	0.028323195374527797	9.52060174164657	7.146085864008716	1.0472424897290857	0	0	0	0	0	14101043343013753e-21	-4026657105088168e-20	0	0.0005213862388147208
21.7	4.7671321747275135	4.7671321747275135	4.7671321747275135	0.09031157642325324	0.07864068618952956	0.02832319537452778	9.52060174164657	7.146085864008716	1.047242489729086	0	0	0	0	0	14101054647664416e-21	-4026622372426432e-20	0	0.0005213861337878763
21.8	4.7671321747275135	4.7671321747275135	4.7671321747275135	0.09031157642325326	0.0786406861895297	0.028323195374527824	9.520601741646566	7.146085864008713	1.0472424897290853	0	0	0	0	0	14100979873435955e-21	-402685431304715e-19	0	0.0005213868284381915
21.9	4.7671321747275135	4.7671321747275135	4.7671321747275135	0.09031157642325326	0.07864068618952974	0.028323195374527845	9.520601741646566	7.146085864008711	1.0472424897290853	0	0	0	0	0	14100951655128884e-21	-40269418017352934e-21	0	0.0005213870905862635
22	4.7671321747275135	4.7671321747275135	4.7671321747275135	0.09031157642325327	0.07864068618952962	0.028323195374527793	9.520601741646566	7.146085864008715	1.0472424897290857	0	0	0	0	0	14101029669052184e-21	-4026700036675842e-20	0	0.0005213863658345459
22.1	4.7671321747275135	4.7671321747275135	4.7671321747275135	0.09031157642325327	0.07864068618952974	0.028323195374527804	9.520601741646566	7.146085864008711	1.0472424897290855	0	0	0	0	0	14100957831043627e-21	-4026923400352573e-20	0	0.0005213870331962884
22.2	4.7671321747275135	4.7671321747275135	4.7671321747275135	0.09031157642325328	0.07864068618952988	0.028323195374527835	9.520601741646566	7.1460858640087075	1.0472424897290853	0	0	0	0	0	14100873155340029e-21	-40271863976205447e-21	0	0.000521387819823775
22.3	4.7671321747275135	4.7671321747275135	4.7671321747275135	0.0903115764232533	0.07864068618952971	0.028323195374527797	9.520601741646566	7.146085864008712	1.0472424897290855	0	0	0	0	0	14100968929460866e-21	-4026888991847095e-20	0	0.0005213869300919607
22.4	4.7671321747275135	4.7671321747275135	4.7671321747275135	0.0903115764232533	0.07864068618952968	0.028323195374527772	9.520601741646566	7.146085864008713	1.0472424897290857	0	0	0	0	0	14100995476237845e-21	-4026806965003738e-20	0	0.0005213866834665263
22.5	4.7671321747275135	4.7671321747275135	4.7671321747275135	0.09031157642325331	0.07864068618952982	0.028323195374527783	9.520601741646566	7.14608586400871	1.0472424897290857	0	0	0	0	0	14100935807568381e-21	-4026992683335801e-20	0	0.0005213872377733367
22.6	4.7671321747275135	4.7671321747275135	4.7671321747275135	0.09031157642325328	0.07864068618952967	0.028323195374527765	9.520601741646566	7.146085864008713	1.047242489729086	0	0	0	0	0	14101001938669897e-21	-40267870659078124e-21	0	0.0005213866234276426
22.7	4.7671321747275135	4.7671321747275135	4.7671321747275135	0.0903115764232533	0.07864068618952962	0.028323195374527745	9.520601741646566	7.146085864008715	1.0472424897290862	0	0	0	0	0	14101041906313173e-21	-4026663009394235e-20	0	0.0005213862521311882
22.8	4.7671321747275135	4.7671321747275135	4.7671321747275135	0.09031157642325334	0.07864068618952971	0.02832319537452775	9.520601741646566	7.146085864008713	1.047242489729086	0	0	0	0	0	14101018039549204e-21	-4026737450790134e-20	0	0.0005213864738441219
22.9	4.7671321747275135	4.7671321747275135	4.7671321747275135	0.09031157642325331	0.07864068618952959	0.028323195374527738	9.520601741646566	7.146085864008715	1.0472424897290862	0	0	0	0	0	14101064301052368e-21	-40265934514404366e-21	0	0.0005213860440867282
23	4.7671321747275135	4.7671321747275135	4.7671321747275135	0.09031157642325333	0.07864068618952959	0.028323195374527738	9.520601741646566	7.1460858640087155	1.0472424897290862	0	0	0	0	0	14101065785273223e-21	-4026589011294652e-20	0	0.000521386030294925
23.1	4.7671321747275135	4.7671321747275135	4.7671321747275135	0.09031157642325335	0.07864068618952966	0.028323195374527738	9.520601741646566	7.146085864008714	1.0472424897290862	0	0	0	0	0	14101039924111784e-21	-4026669681219561e-20	0	0.0005213862705348277
23.2	4.767132174727513	4.767132174727513	4.767132174727513	0.09031157642325331	0.07864068618952959	0.028323195374527734	9.520601741646564	7.1460858640087155	1.0472424897290862	0	0	0	0	0	14101074754261698e-21	-4026561129207197e-20	0	0.0005213859469745645
23.3	4.7671321747275135	4.7671321747275135	4.7671321747275135	0.09031157642325342	0.07864068618952963	0.02832319537452772	9.520601741646564	7.146085864008715	1.0472424897290862	0	0	0	0	0	14101053455916242e-21	-4026627741307628e-20	0	0.000521386144824087
23.4	4.7671321747275135	4.7671321747275135	4.7671321747275135	0.09031157642325356	0.07864068618952975	0.028323195374527706	9.520601741646558	7.14608586400871	1.0472424897290866	0	0	0	0	0	14100999053370784e-21	-40267975588983e-18	0	0.000521386650199705
23.5	4.7671321747275135	4.7671321747275135	4.7671321747275135	0.09031157642325352	0.0786406861895297	0.028323195374527706	9.52060174164656	7.146085864008712	1.0472424897290864	0	0	0	0	0	14101018674417636e-21	-40267363197372526e-21	0	0.0005213864679287049
23.6	4.7671321747275135	4.7671321747275135	4.7671321747275135	0.09031157642325345	0.07864068618952967	0.028323195374527696	9.52060174164656	7.146085864008713	1.0472424897290864	0	0	0	0	0	14101033000314478e-21	-40266918317383274e-21	0	0.0005213863348426215
23.7	4.7671321747275135	4.7671321747275135	4.7671321747275135	0.0903115764232536	0.07864068618952996	0.028323195374527647	9.520601741646557	7.146085864008707	1.0472424897290868	0	0	0	0	0	14100932319582383e-21	-4027006478308849e-20	0	0.0005213872701142918
23.8	4.7671321747275135	4.7671321747275135	4.7671321747275135	0.09031157642325364	0.07864068618953007	0.02832319537452763	9.520601741646555	7.146085864008704	1.047242489729087	0	0	0	0	0	14100888729035841e-21	-4027142665964606e-20	0	0.0005213876750486707
23.9	4.767132174727513	4.767132174727513	4.767132174727513	0.09031157642325344	0.07864068618952973	0.028323195374527686	9.52060174164656	7.146085864008711	1.0472424897290866	0	0	0	0	0	1410101969475816e-20	-4026733489489069e-20	0	0.0005213864584427285
24	4.7671321747275135	4.7671321747275135	4.7671321747275135	0.09031157642325333	0.07864068618952953	0.02832319537452771	9.520601741646564	7.146085864008716	1.0472424897290864	0	0	0	0	0	14101090031325405e-21	-40265137746536726e-21	0	0.0005213858050504961
