0	4.7671321747275135	4.7671321747275135	4.7671321747275135	0.09031157642325327	0.07864068618952942	0.028323195374527724	9.520601741646566	7.146085864008718	1.0472424897290866	0	0	0	0	0	0	0	0	0
0.1	4.7671321747275135	4.7671321747275135	4.7671321747275135	0.09031157642325327	0.07864068618952942	0.028323195374527724	9.520601741646566	7.146085864008718	1.0472424897290866	0	0	0	-22194446426788713e-22	0	0.0024031588030640457	-13197078452486267e-21	0	0.010189612452716856
0.2	4.7671321747275135	4.7671321747275135	4.7671321747275135	0.09031157642325327	0.07864068618952944	0.028323195374527724	9.520601741646566	7.146085864008718	1.0472424897290866	0	0	0	-10685151961765439e-21	0	0.00324820030102089	-0.0001341156273900095	0	0.028739283198787643
0.3	4.7671321747275135	4.7671321747275135	4.7671321747275135	0.09031157642325326	0.07864068618952941	0.02832319537452772	9.520601741646566	7.146085864008718	1.0472424897290866	0	0	0	-2265767974452193e-20	0	0.003545383597140421	-0.00044432022907485116	0	0.0473812012838386
0.4	4.7671321747275135	4.7671321747275135	4.7671321747275135	0.09031157642325327	0.07864068618952941	0.028323195374527724	9.520601741646566	7.146085864008718	1.0472424897290866	0	0	0	-35127146660741356e-21	0	0.0036499182251398038	-0.000944542190704347	0	0.06375029443786173
0.5	4.7671321747275135	4.7671321747275135	4.7671321747275135	0.09031157642325327	0.07864068618952942	0.028323195374527724	9.520601741646566	7.146085864008718	1.0472424897290866	0	0	0	-46542710191351083e-21	0	0.0036867559365189144	-0.001590293780829071	0	0.07745329734379632
0.6	4.7671321747275135	4.7671321747275135	4.7671321747275135	0.09031157642325327	0.07864068618952942	0.028323195374527724	9.520601741646566	7.146085864008718	1.0472424897290866	0	0	0	-56371309417924076e-21	0	0.003699777204100794	-0.0023260216968396426	0	0.0887074933141866
0.7	4.7671321747275135	4.7671321747275135	4.7671321747275135	0.09031157642325326	0.07864068618952942	0.028323195374527724	9.520601741646566	7.146085864008718	1.0472424897290866	0	0	0	-6457811837087605e-20	0	0.0037044495555882827	-0.0031018858309630644	0	0.09787673178434869
0.8	4.7671321747275135	4.7671321747275135	4.7671321747275135	0.09031157642325326	0.07864068618952944	0.028323195374527724	9.520601741646566	7.146085864008718	1.0472424897290866	0	0	0	-7132622727135821e-20	0	0.0037061815587081793	-0.003879259013673086	0	0.10532185414301541
0.9	4.7671321747275135	4.7671321747275135	4.7671321747275135	0.09031157642325327	0.07864068618952944	0.028323195374527724	9.520601741646566	7.146085864008718	1.0472424897290866	0	0	0	-7683234258879786e-20	0	0.0037068804519738777	-0.004630791626669908	0	0.11135846270792353
1	4.7671321747275135	4.7671321747275135	4.7671321747275135	0.09031157642325326	0.07864068618952944	0.028323195374527724	9.520601741646566	7.146085864008718	1.0472424897290866	0	0	0	-8130812565149878e-20	0	0.0037072118964123655	-0.005338710760277022	0	0.11625020874116081
1.1	4.7671321747275135	4.7671321747275135	4.7671321747275135	0.09031157642325327	0.07864068618952942	0.028323195374527727	9.520601741646566	7.146085864008718	1.0472424897290866	0	0	0	-8493889240708462e-20	0	0.003707405828340545	-0.005992749983208007	0	0.12021234107818156
1.2	4.7671321747275135	4.7671321747275135	4.7671321747275135	0.09031157642325328	0.07864068618952942	0.028323195374527724	9.520601741646566	7.146085864008718	1.0472424897290866	0	0	0	-8788232276624911e-20	0	0.0037075469591534307	-0.006587751938192249	0	0.12342221613204847
1.3	4.767132174727514	4.767132174727514	4.767132174727514	0.09031157642325328	0.07864068618952944	0.028323195374527724	9.520601741646566	7.146085864008718	1.0472424897290866	0	0	0	-9026740057209432e-20	0	0.0037076620111184903	-0.007122597072109888	0	0.1260223801892777
1.4	4.7671321747275135	4.7671321747275135	4.7671321747275135	0.09031157642325327	0.07864068618952942	0.028323195374527724	9.520601741646566	7.146085864008718	1.0472424897290866	0	0	0	-9219913981925379e-20	0	0.0037077604930722315	-0.007598692661453849	0	0.1281280416374301
1.5	4.7671321747275135	4.7671321747275135	4.7671321747275135	0.09031157642325327	0.07864068618952944	0.028323195374527724	9.520601741646566	7.146085864008719	1.0472424897290866	0	0	0	-9376473936011596e-20	0	0.0037078468122054673	-0.008018985444289526	0	0.129834545644397
1.6	4.7671321747275135	4.7671321747275135	4.7671321747275135	0.09031157642325327	0.07864068618952944	0.028323195374527724	9.520601741646566	7.146085864008718	1.0472424897290866	0	0	0	-9503217802109454e-20	0	0.003707922380969241	-0.00838754491058938	0	0.13121605246140858
1.7	4.7671321747275135	4.7671321747275135	4.7671321747275135	0.09031157642325327	0.07864068618952944	0.028323195374527724	9.520601741646566	7.146085864008718	1.0472424897290866	0	0	0	-9605974412200046e-20	0	0.003707988569319672	-0.008708822266386468	0	0.13233612964656968
1.8	4.767132174727513	4.767132174727513	4.767132174727513	0.09031157642325326	0.07864068618952944	0.028323195374527724	9.520601741646566	7.146085864008718	1.0472424897290866	0	0	0	-9689143246751696e-20	0	0.003708046202539606	-0.00898747487396274	0	0.1332427228633008
1.9	4.767132174727514	4.767132174727514	4.767132174727514	0.09031157642325327	0.07864068618952944	0.028323195374527724	9.520601741646566	7.146085864008718	1.0472424897290866	0	0	0	-9756576220441454e-20	0	0.0037080962346455935	-0.009228126776924759	0	0.13397781442707707
2	4.7671321747275135	4.7671321747275135	4.7671321747275135	0.0903115764232533	0.07864068618952938	0.028323195374527724	9.520601741646566	7.146085864008719	1.0472424897290864	0	0	0	-9811189683827055e-20	0	0.0037081394441505025	-0.009435129708536537	0	0.13457318308673463
2.1	4.7671321747275135	4.7671321747275135	4.7671321747275135	0.09031157642325328	0.0786406861895294	0.028323195374527724	9.520601741646564	7.146085864008718	1.0472424897290864	0	0	0	-9855401046223613e-20	0	0.003708176639625819	-0.009612564443771652	0	0.13505517357687535
2.2	4.7671321747275135	4.7671321747275135	4.7671321747275135	0.09031157642325328	0.07864068618952942	0.028323195374527724	9.520601741646566	7.146085864008718	1.0472424897290864	0	0	0	-9891294990964703e-20	0	0.0037082085557224604	-0.009764289376617767	0	0.13544650397617036
2.3	4.7671321747275135	4.7671321747275135	4.7671321747275135	0.09031157642325333	0.07864068618952942	0.028323195374527727	9.520601741646566	7.146085864008718	1.0472424897290864	0	0	0	-9920315949004211e-20	0	0.0037082358300579675	-0.00989353480983763	0	0.13576291581776984
2.4	4.7671321747275135	4.7671321747275135	4.7671321747275135	0.09031157642325331	0.07864068618952942	0.028323195374527724	9.520601741646566	7.146085864008718	1.0472424897290864	0	0	0	-9943830189569686e-20	0	0.0037082590964498813	-0.010003421262889419	0	0.13601929944569513
2.5	4.7671321747275135	4.7671321747275135	4.7671321747275135	0.09031157642325328	0.07864068618952935	0.028323195374527713	9.520601741646566	7.14608586400872	1.0472424897290864	0	0	0	-9962940470567146e-20	0	0.0037082788981099525	-0.01009674110149602	0	0.13622767399722288
2.6	4.7671321747275135	4.7671321747275135	4.7671321747275135	0.0903115764232533	0.0786406861895293	0.0283231953745277	9.520601741646566	7.146085864008722	1.0472424897290866	0	0	0	-9978382932807609e-20	0	0.003708295682982238	-0.010175664920932794	0	0.1363960628505775
2.7	4.7671321747275135	4.7671321747275135	4.7671321747275135	0.09031157642325328	0.07864068618952931	0.028323195374527703	9.520601741646566	7.146085864008721	1.0472424897290866	0	0	0	-9990867864164332e-20	0	0.0037083098968087023	-0.010242295238315335	0	0.13653220744907052
2.8	4.7671321747275135	4.7671321747275135	4.7671321747275135	0.0903115764232533	0.07864068618952931	0.0283231953745277	9.520601741646566	7.146085864008722	1.0472424897290868	0	0	0	-0.00010001037644537484	0	0.003708321928002357	-0.010298620508771937	0	0.13664311136887286
2.9	4.7671321747275135	4.7671321747275135	4.7671321747275135	0.09031157642325334	0.07864068618952913	0.028323195374527654	9.520601741646564	7.146085864008726	1.047242489729087	0	0	0	-0.00010009278273436156	0	0.003708332052633637	-0.01034606303008242	0	0.1367329833744415
3	4.7671321747275135	4.7671321747275135	4.7671321747275135	0.09031157642325338	0.078640686189529	0.028323195374527623	9.520601741646562	7.146085864008728	1.0472424897290873	0	0	0	-0.00010015923143163898	0	0.003708340568872696	-0.010385870145493144	0	0.13680545482697254
3.1	4.7671321747275135	4.7671321747275135	4.7671321747275135	0.09031157642325334	0.07864068618952916	0.02832319537452766	9.520601741646562	7.146085864008725	1.047242489729087	0	0	0	-0.00010021305686683993	0	0.0037083477743745773	-0.010419288999473942	0	0.1368641576030061
3.2	4.7671321747275135	4.7671321747275135	4.7671321747275135	0.09031157642325346	0.07864068618952884	0.02832319537452757	9.52060174164656	7.146085864008732	1.0472424897290877	0	0	0	-0.0001002569777985333	0	0.003708353755184051	-0.010447417426878167	0	0.13691207305718506
3.3	4.7671321747275135	4.7671321747275135	4.7671321747275135	0.09031157642325378	0.07864068618952802	0.02832319537452736	9.520601741646551	7.146085864008751	1.0472424897290897	0	0	0	-0.00010029252931066677	0	0.0037083586529478452	-0.010470975673208082	0	0.13695087452398683
3.4	4.7671321747275135	4.7671321747275135	4.7671321747275135	0.09031157642325399	0.07864068618952746	0.02832319537452722	9.520601741646546	7.146085864008764	1.047242489729091	0	0	0	-0.00010032117806418863	0	0.00370836277674427	-0.010490630030001499	0	0.13698213943919754
3.5	4.7671321747275135	4.7671321747275135	4.7671321747275135	0.09031157642325378	0.078640686189528	0.028323195374527353	9.520601741646551	7.146085864008752	1.04724248972909	0	0	0	-0.00010034439072004711	0	0.003708366435651635	-0.010507046788796229	0	0.13700744523860336
3.6	4.7671321747275135	4.7671321747275135	4.7671321747275135	0.09031157642325467	0.07864068618952567	0.028323195374526794	9.520601741646527	7.146085864008806	1.0472424897290953	0	0	0	-0.00010036327600937057	0	0.0037083689210372583	-0.010520826100831012	0	0.13702814506982933
3.7	4.767132174727513	4.767132174727513	4.767132174727513	0.09031157642325732	0.07864068618951854	0.028323195374525056	9.520601741646457	7.146085864008969	1.0472424897291117	0	0	0	-0.00010037842747102819	0	0.003708369910943593	-0.010532335582804616	0	0.1370449456429399
3.8	4.7671321747275135	4.7671321747275135	4.7671321747275135	0.09031157642325963	0.07864068618951235	0.028323195374523536	9.520601741646393	7.1460858640091125	1.0472424897291261	0	0	0	-0.00010039062074190573	0	0.0037083706734193016	-0.010541896968784029	0	0.13705848037264748
3.9	4.7671321747275135	4.7671321747275135	4.7671321747275135	0.09031157642325949	0.07864068618951275	0.02832319537452363	9.520601741646397	7.146085864009103	1.0472424897291253	0	0	0	-0.00010040063219855845	0	0.0037083724798924887	-0.010549832034847493	0	0.13706938291408943
4	4.7671321747275135	4.7671321747275135	4.7671321747275135	0.0903115764232569	0.07864068618951975	0.028323195374525385	9.52060174164647	7.146085864008941	1.0472424897291086	0	0	0	-0.0001004090017573161	0	0.0037083753969978225	-0.010556458095387843	0	0.13707827240453724
4.1	4.7671321747275135	4.7671321747275135	4.7671321747275135	0.09031157642326097	0.07864068618950924	0.02832319537452311	9.520601741646361	7.1460858640091836	1.0472424897291301	0	0	0	-0.0001004151547470046	0	0.0037083743679923523	-0.010562001234814138	0	0.13708554236460765
4.2	4.7671321747275135	4.7671321747275135	4.7671321747275135	0.09031157642326595	0.07864068618949617	0.028323195374520178	9.52060174164623	7.146085864009484	1.0472424897291581	0	0	0	-0.00010041996438924605	0	0.003708372597426787	-0.010566603148087082	0	0.1370914250799389
4.3	4.7671321747275135	4.7671321747275135	4.7671321747275135	0.09031157642326354	0.07864068618950248	0.028323195374521593	9.520601741646292	7.146085864009339	1.0472424897291444	0	0	0	-0.00010042458040969341	0	0.0037083747644355344	-0.010570402438174607	0	0.13709615120715352
4.4	4.7671321747275135	4.7671321747275135	4.7671321747275135	0.09031157642326341	0.0786406861895032	0.028323195374522034	9.520601741646296	7.146085864009321	1.0472424897291404	0	0	0	-0.00010042798751914829	0	0.0037083755877346442	-0.0105735772370215	0	0.13710001294745403
4.5	4.7671321747275135	4.7671321747275135	4.7671321747275135	0.09031157642327514	0.07864068618947335	0.02832319537451587	9.520601741645986	7.146085864010008	1.047242489729199	0	0	0	-0.00010042927002191213	0	0.00370836979765615	-0.010576248788945445	0	0.13710320300530965
4.6	4.7671321747275135	4.7671321747275135	4.7671321747275135	0.09031157642328103	0.07864068618945828	0.028323195374512698	9.52060174164583	7.146085864010353	1.047242489729229	0	0	0	-0.00010043081961414805	0	0.003708367067387333	-0.010578444261026661	0	0.13710576092761592
4.7	4.7671321747275135	4.7671321747275135	4.7671321747275135	0.0903115764232684	0.07864068618949062	0.028323195374519525	9.520601741646164	7.146085864009611	1.0472424897291641	0	0	0	-0.0001004343348174648	0	0.003708374343930602	-0.010580207790298257	0	0.13710775015356072
4.8	4.767132174727513	4.767132174727513	4.767132174727513	0.09031157642327203	0.07864068618948193	0.02832319537451824	9.520601741646066	7.14608586400981	1.0472424897291766	0	0	0	-0.0001004350980313709	0	0.0037083727635269592	-0.010581726968678281	0	0.1371094385990579
4.9	4.7671321747275135	4.7671321747275135	4.7671321747275135	0.09031157642328114	0.07864068618945913	0.028323195374513898	9.520601741645825	7.1460858640103355	1.0472424897292179	0	0	0	-0.00010043489432258147	0	0.003708368125443317	-0.01058300340075703	0	0.13711083556137427
5	4.7671321747275135	4.7671321747275135	4.7671321747275135	0.09031157642327078	0.07864068618948525	0.028323195374519	9.5206017416461	7.146085864009735	1.0472424897291692	0	0	0	-0.00010043746895237349	0	0.0037083739533888115	-0.010583988059664717	0	0.1371118784278192
5.1	4.7671321747275135	4.7671321747275135	4.7671321747275135	0.09031157642326385	0.07864068618950293	0.02832319537452265	9.520601741646285	7.146085864009328	1.0472424897291348	0	0	0	-0.00010043922139361055	0	0.003708377913281626	-0.010584813899010842	0	0.1371127339146957
5.2	4.7671321747275135	4.7671321747275135	4.7671321747275135	0.09031157642326464	0.07864068618950111	0.02832319537452247	9.520601741646264	7.14608586400937	1.0472424897291366	0	0	0	-0.00010043966085949377	0	0.003708377656091692	-0.010585521713630495	0	0.1371134588555948
5.3	4.7671321747275135	4.7671321747275135	4.7671321747275135	0.09031157642325889	0.07864068618951543	0.028323195374525136	9.520601741646416	7.146085864009041	1.0472424897291113	0	0	0	-0.00010044114753176362	0	0.003708380873849531	-0.010586077691084802	0	0.13711401525716738
5.4	4.7671321747275135	4.7671321747275135	4.7671321747275135	0.0903115764232577	0.07864068618951854	0.028323195374525822	9.52060174164645	7.1460858640089695	1.0472424897291048	0	0	0	-0.00010044173201930467	0	0.00370838163824068	-0.010586554015202183	0	0.13711448427662923
5.5	4.7671321747275135	4.7671321747275135	4.7671321747275135	0.09031157642325745	0.07864068618951918	0.028323195374525982	9.520601741646455	7.146085864008954	1.047242489729103	0	0	0	-0.00010044210787983122	0	0.003708381861634189	-0.010586949492600249	0	0.13711486768063166
5.6	4.767132174727513	4.767132174727513	4.767132174727513	0.09031157642325514	0.07864068618952479	0.028323195374526943	9.520601741646518	7.146085864008826	1.047242489729094	0	0	0	-0.00010044280285884856	0	0.0037083831474815877	-0.010587266406456745	0	0.13711516899299858
5.7	4.7671321747275135	4.7671321747275135	4.7671321747275135	0.09031157642325507	0.07864068618952492	0.028323195374527012	9.52060174164652	7.146085864008822	1.0472424897290935	0	0	0	-0.00010044302136068103	0	0.003708383232066126	-0.010587537046262674	0	0.1371154222377474
5.8	4.7671321747275135	4.7671321747275135	4.7671321747275135	0.09031157642325455	0.07864068618952627	0.028323195374527228	9.520601741646535	7.146085864008791	1.0472424897290915	0	0	0	-0.00010044331441285498	0	0.003708383573130827	-0.010587757156063124	0	0.13711562490471593
5.9	4.7671321747275135	4.7671321747275135	4.7671321747275135	0.09031157642325538	0.07864068618952424	0.02832319537452699	9.520601741646512	7.146085864008838	1.047242489729094	0	0	0	-0.00010044326122016425	0	0.003708383161464879	-0.010587946899082084	0	0.13711579634682844
6	4.7671321747275135	4.7671321747275135	4.7671321747275135	0.09031157642325774	0.0786406861895184	0.02832319537452621	9.520601741646447	7.146085864008972	1.047242489729101	0	0	0	-0.0001004428446039237	0	0.003708381903856507	-0.010588112864416657	0	0.1371159438348302
6.1	4.7671321747275135	4.7671321747275135	4.7671321747275135	0.09031157642325864	0.07864068618951617	0.028323195374525902	9.520601741646423	7.146085864009024	1.047242489729104	0	0	0	-0.00010044274204920569	0	0.0037083814376368666	-0.0105882429111353	0	0.13711605782427738
6.2	4.7671321747275135	4.7671321747275135	4.7671321747275135	0.09031157642325618	0.07864068618952222	0.02832319537452674	9.520601741646491	7.146085864008884	1.047242489729096	0	0	0	-0.00010044337368524118	0	0.003708382798668553	-0.010588331547881854	0	0.13711613429279287
6.3	4.767132174727514	4.767132174727514	4.767132174727514	0.0903115764232573	0.07864068618951954	0.028323195374526475	9.52060174164646	7.146085864008946	1.0472424897290986	0	0	0	-0.0001004431237917588	0	0.0037083822058710937	-0.010588424937821587	0	0.1371162124185655
6.4	4.7671321747275135	4.7671321747275135	4.7671321747275135	0.09031157642325945	0.07864068618951431	0.02832319537452584	9.520601741646402	7.146085864009066	1.0472424897291046	0	0	0	-0.00010044263818577378	0	0.0037083810508484346	-0.010588508996796005	0	0.13711628193092332
6.5	4.7671321747275135	4.7671321747275135	4.7671321747275135	0.09031157642325739	0.07864068618951933	0.02832319537452645	9.520601741646457	7.146085864008952	1.0472424897290988	0	0	0	-0.00010044318734528244	0	0.0037083821819820554	-0.010588553331117162	0	0.13711631899917887
6.6	4.7671321747275135	4.7671321747275135	4.7671321747275135	0.09031157642325743	0.07864068618951939	0.02832319537452659	9.520601741646455	7.146085864008949	1.0472424897290975	0	0	0	-0.00010044316221870958	0	0.0037083821886890918	-0.01058860248547792	0	0.13711635772510636
6.7	4.7671321747275135	4.7671321747275135	4.7671321747275135	0.09031157642326035	0.07864068618951243	0.028323195374525892	9.520601741646377	7.146085864009109	1.0472424897291042	0	0	0	-0.00010044240483667849	0	0.003708380623868911	-0.010588662165942184	0	0.13711640373882494
6.8	4.7671321747275135	4.7671321747275135	4.7671321747275135	0.09031157642325961	0.07864068618951421	0.028323195374526083	9.520601741646399	7.146085864009069	1.0472424897291024	0	0	0	-0.0001004426229960555	0	0.003708381030480528	-0.010588689154169271	0	0.13711642538137928
6.9	4.7671321747275135	4.7671321747275135	4.7671321747275135	0.0903115764232576	0.07864068618951918	0.028323195374526697	9.520601741646452	7.146085864008954	1.0472424897290966	0	0	0	-0.00010044313547390965	0	0.0037083821390735605	-0.010588702732124583	0	0.13711643576073473
7	4.7671321747275135	4.7671321747275135	4.7671321747275135	0.09031157642326082	0.07864068618951171	0.02832319537452608	9.520601741646367	7.146085864009125	1.0472424897291024	0	0	0	-0.00010044221822363096	0	0.0037083804186281858	-0.01058874899422396	0	0.13711646861262994
7.1	4.7671321747275135	4.7671321747275135	4.7671321747275135	0.09031157642326165	0.07864068618950976	0.02832319537452591	9.520601741646345	7.14608586400917	1.0472424897291042	0	0	0	-0.00010044199124491251	0	0.0037083799706742132	-0.010588773145610906	0	0.13711648638925253
7.2	4.7671321747275135	4.7671321747275135	4.7671321747275135	0.09031157642325766	0.07864068618951917	0.0283231953745268	9.52060174164645	7.146085864008953	1.0472424897290955	0	0	0	-0.00010044310228871073	0	0.0037083821232469574	-0.010588758997484592	0	0.13711647738026778
7.3	4.7671321747275135	4.7671321747275135	4.7671321747275135	0.09031157642325939	0.07864068618951525	0.028323195374526586	9.520601741646404	7.146085864009044	1.0472424897290975	0	0	0	-0.00010044254553066042	0	0.003708381193181793	-0.01058878596782101	0	0.13711649504026804
7.4	4.7671321747275135	4.7671321747275135	4.7671321747275135	0.09031157642326058	0.07864068618951252	0.028323195374526395	9.520601741646372	7.146085864009107	1.0472424897290995	0	0	0	-0.00010044218678392337	0	0.0037083805558112202	-0.010588805501723551	0	0.1371165082589647
7.5	4.7671321747275135	4.7671321747275135	4.7671321747275135	0.09031157642325696	0.0786406861895209	0.028323195374527058	9.520601741646468	7.1460858640089135	1.0472424897290928	0	0	0	-0.00010044325919774774	0	0.0037083825022428294	-0.010588785661884276	0	0.13711649602576756
7.6	4.7671321747275135	4.7671321747275135	4.7671321747275135	0.09031157642325764	0.07864068618951954	0.02832319537452704	9.52060174164645	7.1460858640089455	1.047242489729093	0	0	0	-0.0001004430126257156	0	0.0037083821476421755	-0.01058879899827932	0	0.13711650413730667
7.7	4.7671321747275135	4.7671321747275135	4.7671321747275135	0.09031157642325839	0.07864068618951792	0.028323195374526954	9.520601741646429	7.146085864008983	1.047242489729094	0	0	0	-0.0001004427740803032	0	0.0037083817541821705	-0.010588810877351622	0	0.13711651169743733
7.8	4.7671321747275135	4.7671321747275135	4.7671321747275135	0.09031157642325585	0.07864068618952362	0.028323195374527353	9.520601741646498	7.146085864008851	1.0472424897290902	0	0	0	-0.00010044356028577174	0	0.003708383108348339	-0.010588794826977083	0	0.1371165022378356
7.9	4.7671321747275135	4.7671321747275135	4.7671321747275135	0.09031157642325634	0.07864068618952252	0.02832319537452737	9.520601741646486	7.146085864008876	1.04724248972909	0	0	0	-0.00010044336132832379	0	0.0037083828278482137	-0.01058880385802966	0	0.13711650742276354
8	4.7671321747275135	4.7671321747275135	4.7671321747275135	0.0903115764232568	0.07864068618952151	0.02832319537452734	9.520601741646473	7.146085864008901	1.0472424897290904	0	0	0	-0.00010044320367044204	0	0.0037083825807879387	-0.010588811110016635	0	0.13711651180769108
8.1	4.7671321747275135	4.7671321747275135	4.7671321747275135	0.09031157642325525	0.07864068618952498	0.028323195374527523	9.520601741646512	7.146085864008822	1.0472424897290888	0	0	0	-0.00010044370620009176	0	0.0037083834121684938	-0.010588800447579908	0	0.13711650575178952
8.2	4.7671321747275135	4.7671321747275135	4.7671321747275135	0.09031157642325646	0.07864068618952218	0.02832319537452745	9.520601741646482	7.146085864008884	1.0472424897290893	0	0	0	-0.00010044324132737387	0	0.0037083827197007912	-0.010588814784813718	0	0.13711651358093296
8.3	4.7671321747275135	4.7671321747275135	4.7671321747275135	0.09031157642325753	0.07864068618951978	0.028323195374527366	9.520601741646454	7.14608586400894	1.0472424897290902	0	0	0	-0.00010044285370430856	0	0.003708382123972206	-0.01058882670290854	0	0.13711652024672763
8.4	4.7671321747275135	4.7671321747275135	4.7671321747275135	0.09031157642325571	0.07864068618952386	0.028323195374527523	9.520601741646502	7.146085864008846	1.0472424897290886	0	0	0	-0.00010044349338644185	0	0.0037083831215566423	-0.010588811277070193	0	0.1371165118550712
8.5	4.767132174727514	4.767132174727514	4.767132174727514	0.09031157642325717	0.07864068618952047	0.028323195374527523	9.520601741646464	7.146085864008925	1.0472424897290888	0	0	0	-0.00010044288298043384	0	0.003708382256852463	-0.010588828519264036	0	0.1371165206480727
8.6	4.7671321747275135	4.7671321747275135	4.7671321747275135	0.09031157642325965	0.07864068618951478	0.028323195374527425	9.520601741646397	7.1460858640090565	1.0472424897290897	0	0	0	-0.00010044191100109418	0	0.0037083808268411154	-0.010588855065904975	0	0.13711653456916126
8.7	4.7671321747275135	4.7671321747275135	4.7671321747275135	0.09031157642325822	0.07864068618951808	0.028323195374527484	9.520601741646434	7.14608586400898	1.047242489729089	0	0	0	-0.00010044247419362378	0	0.0037083816571212634	-0.010588841009599599	0	0.13711652731678986
8.8	4.767132174727514	4.767132174727514	4.767132174727514	0.09031157642325707	0.07864068618952065	0.02832319537452762	9.520601741646466	7.1460858640089215	1.0472424897290877	0	0	0	-0.0001004428485185962	0	0.0037083822698805646	-0.010588831804007182	0	0.1371165219996194
8.9	4.7671321747275135	4.7671321747275135	4.7671321747275135	0.09031157642325975	0.07864068618951436	0.028323195374527627	9.520601741646393	7.1460858640090645	1.0472424897290877	0	0	0	-0.00010044168813573287	0	0.003708380649647788	-0.010588862908060895	0	0.13711653741287144
9	4.7671321747275135	4.7671321747275135	4.7671321747275135	0.0903115764232598	0.07864068618951421	0.028323195374527627	9.520601741646392	7.14608586400907	1.047242489729088	0	0	0	-0.0001004416569623975	0	0.0037083806070742414	-0.010588864157734567	0	0.13711653806856552
9.1	4.7671321747275135	4.7671321747275135	4.7671321747275135	0.09031157642325659	0.07864068618952172	0.0283231953745277	9.520601741646477	7.146085864008897	1.047242489729087	0	0	0	-0.00010044298276797541	0	0.003708382515426015	-0.010588829582134847	0	0.1371165205001869
9.2	4.7671321747275135	4.7671321747275135	4.7671321747275135	0.0903115764232575	0.0786406861895195	0.028323195374527786	9.520601741646452	7.146085864008946	1.0472424897290862	0	0	0	-0.00010044252607314778	0	0.00370838193097662	-0.010588841918397521	0	0.1371165261139061
9.3	4.767132174727513	4.767132174727513	4.767132174727513	0.09031157642325745	0.07864068618951961	0.028323195374527804	9.520601741646454	7.146085864008945	1.047242489729086	0	0	0	-0.0001004425377352284	0	0.0037083819556230336	-0.010588841848761464	0	0.1371165260228768
9.4	4.7671321747275135	4.7671321747275135	4.7671321747275135	0.09031157642325535	0.07864068618952451	0.02832319537452778	9.520601741646509	7.146085864008832	1.0472424897290862	0	0	0	-0.00010044344502515971	0	0.0037083832155937256	-0.010588818130050453	0	0.13711651439902997
9.5	4.7671321747275135	4.7671321747275135	4.7671321747275135	0.09031157642325581	0.07864068618952344	0.028323195374527845	9.520601741646498	7.146085864008858	1.0472424897290857	0	0	0	-0.00010044319775035251	0	0.0037083829120003347	-0.010588824814981164	0	0.13711651731729282
9.6	4.7671321747275135	4.7671321747275135	4.7671321747275135	0.0903115764232555	0.07864068618952413	0.028323195374527838	9.520601741646507	7.146085864008841	1.0472424897290857	0	0	0	-0.00010044333222860746	0	0.0037083830954741967	-0.010588821399702146	0	0.13711651568274505
9.7	4.7671321747275135	4.7671321747275135	4.7671321747275135	0.0903115764232547	0.07864068618952604	0.028323195374527824	9.520601741646528	7.146085864008795	1.0472424897290857	0	0	0	-0.00010044369224479342	0	0.0037083835896434946	-0.010588812016404337	0	0.137116511140294
9.8	4.7671321747275135	4.7671321747275135	4.7671321747275135	0.09031157642325553	0.0786406861895241	0.028323195374527935	9.520601741646507	7.146085864008842	1.0472424897290846	0	0	0	-0.00010044326970323308	0	0.003708383058093436	-0.010588823252751211	0	0.13711651613879566
9.9	4.7671321747275135	4.7671321747275135	4.7671321747275135	0.0903115764232555	0.0786406861895242	0.028323195374527935	9.520601741646507	7.146085864008838	1.0472424897290844	0	0	0	-0.00010044328679618745	0	0.0037083830816012396	-0.01058882287348687	0	0.13711651595968535
10	4.7671321747275135	4.7671321747275135	4.7671321747275135	0.09031157642325484	0.07864068618952573	0.0283231953745279	9.520601741646525	7.146085864008803	1.0472424897290848	0	0	0	-0.00010044358763395632	0	0.0037083834854467353	-0.010588814999985891	0	0.1371165122308002
10.1	4.7671321747275135	4.7671321747275135	4.7671321747275135	0.09031157642325637	0.0786406861895222	0.028323195374528112	9.520601741646486	7.146085864008884	1.0472424897290828	0	0	0	-0.00010044279124571048	0	0.003708382503242604	-0.010588836065775915	0	0.13711652140166947
10.2	4.7671321747275135	4.7671321747275135	4.7671321747275135	0.09031157642325721	0.0786406861895202	0.028323195374528227	9.520601741646463	7.14608586400893	1.0472424897290817	0	0	0	-0.00010044234963533059	0	0.0037083819531776464	-0.010588847758409261	0	0.13711652654446493
10.3	4.7671321747275135	4.7671321747275135	4.7671321747275135	0.0903115764232555	0.07864068618952422	0.028323195374528015	9.520601741646507	7.146085864008839	1.0472424897290837	0	0	0	-0.00010044322702679369	0	0.0037083830537980363	-0.010588824639084	0	0.1371165163140332
10.4	4.767132174727513	4.767132174727513	4.767132174727513	0.09031157642325688	0.0786406861895211	0.028323195374528293	9.520601741646471	7.14608586400891	1.0472424897290813	0	0	0	-0.00010044244279855745	0	0.0037083821285810886	-0.01058884537194239	0	0.13711652494022106
10.5	4.7671321747275135	4.7671321747275135	4.7671321747275135	0.09031157642325902	0.07864068618951621	0.028323195374528654	9.520601741646415	7.146085864009022	1.0472424897290782	0	0	0	-0.00010044127615599282	0	0.003708380719632632	-0.010588876189670849	0	0.13711653806789123
10.6	4.7671321747275135	4.7671321747275135	4.7671321747275135	0.09031157642325742	0.07864068618951986	0.02832319537452839	9.520601741646457	7.146085864008938	1.0472424897290804	0	0	0	-0.00010044214010061114	0	0.003708381765705804	-0.01058885340203111	0	0.13711652833895083
10.7	4.7671321747275135	4.7671321747275135	4.7671321747275135	0.09031157642325623	0.07864068618952258	0.028323195374528258	9.52060174164649	7.146085864008875	1.0472424897290817	0	0	0	-0.00010044272710762239	0	0.0037083825097385644	-0.010588837929111588	0	0.1371165214185494
10.8	4.7671321747275135	4.7671321747275135	4.7671321747275135	0.09031157642325773	0.07864068618951918	0.028323195374528584	9.52060174164645	7.1460858640089535	1.0472424897290786	0	0	0	-0.00010044183837966031	0	0.003708381476828071	-0.0105888614102343	0	0.13711653103841426
10.9	4.7671321747275135	4.7671321747275135	4.7671321747275135	0.0903115764232569	0.0786406861895211	0.028323195374528428	9.52060174164647	7.14608586400891	1.0472424897290802	0	0	0	-0.00010044230642293542	0	0.0037083820321463924	-0.01058884906251544	0	0.13711652587429216
11	4.7671321747275135	4.7671321747275135	4.7671321747275135	0.09031157642325527	0.07864068618952483	0.028323195374528144	9.520601741646514	7.146085864008825	1.0472424897290828	0	0	0	-0.00010044321422847381	0	0.003708383121698478	-0.010588825105219798	0	0.1371165157358049
11.1	4.7671321747275135	4.7671321747275135	4.7671321747275135	0.09031157642325575	0.0786406861895237	0.028323195374528286	9.520601741646502	7.14608586400885	1.0472424897290813	0	0	0	-0.00010044289857116223	0	0.0037083827721347863	-0.010588833451437225	0	0.13711651899180055
11.2	4.7671321747275135	4.7671321747275135	4.7671321747275135	0.09031157642325498	0.07864068618952548	0.028323195374528112	9.520601741646521	7.1460858640088105	1.0472424897290828	0	0	0	-0.00010044335874195448	0	0.003708383307077305	-0.010588821304665031	0	0.1371165140155511
11.3	4.7671321747275135	4.7671321747275135	4.7671321747275135	0.09031157642325452	0.07864068618952656	0.028323195374528033	9.520601741646534	7.146085864008785	1.0472424897290835	0	0	0	-0.00010044361657461717	0	0.003708383618016728	-0.01058881450279695	0	0.13711651112315468
11.4	4.7671321747275135	4.7671321747275135	4.7671321747275135	0.09031157642325502	0.07864068618952551	0.02832319537452817	9.520601741646521	7.1460858640088105	1.0472424897290822	0	0	0	-0.00010044330275834731	0	0.0037083832693522805	-0.010588822797191998	0	0.13711651436931252
11.5	4.7671321747275135	4.7671321747275135	4.7671321747275135	0.09031157642325445	0.0786406861895268	0.02832319537452803	9.520601741646537	7.14608586400878	1.0472424897290835	0	0	0	-0.00010044365740275818	0	0.0037083836720334866	-0.01058881343254081	0	0.1371165106232969
11.6	4.7671321747275135	4.7671321747275135	4.7671321747275135	0.09031157642325456	0.07864068618952658	0.02832319537452807	9.520601741646535	7.146085864008785	1.047242489729083	0	0	0	-0.00010044356580698011	0	0.00370838358296625	-0.010588815857703018	0	0.13711651145261972
11.7	4.7671321747275135	4.7671321747275135	4.7671321747275135	0.09031157642325548	0.07864068618952452	0.028323195374528338	9.520601741646507	7.146085864008833	1.0472424897290806	0	0	0	-0.00010044295610401444	0	0.0037083829106832355	-0.010588831968804242	0	0.1371165177090288
11.8	4.7671321747275135	4.7671321747275135	4.7671321747275135	0.09031157642325527	0.07864068618952495	0.028323195374528282	9.520601741646512	7.146085864008823	1.047242489729081	0	0	0	-0.00010044308294264352	0	0.003708383051158412	-0.010588828619256052	0	0.13711651640267555
11.9	4.767132174727514	4.767132174727514	4.767132174727514	0.09031157642325485	0.07864068618952588	0.0283231953745282	9.520601741646527	7.146085864008802	1.047242489729082	0	0	0	-0.00010044331759597849	0	0.0037083833256294756	-0.010588822424301822	0	0.13711651384859883
12	4.7671321747275135	4.7671321747275135	4.7671321747275135	0.0903115764232565	0.07864068618952212	0.028323195374528747	9.520601741646482	7.146085864008888	1.0472424897290769	0	0	0	-0.00010044215714110267	0	0.0037083820711741127	-0.01058885309196777	0	0.1371165255202647
12.1	4.7671321747275135	4.7671321747275135	4.7671321747275135	0.09031157642325742	0.07864068618952012	0.028323195374529035	9.520601741646457	7.146085864008934	1.0472424897290746	0	0	0	-0.00010044153965597404	0	0.0037083814000141552	-0.010588869409890015	0	0.13711653176517893
12.2	4.7671321747275135	4.7671321747275135	4.7671321747275135	0.09031157642325555	0.07864068618952433	0.028323195374528442	9.520601741646507	7.146085864008838	1.0472424897290797	0	0	0	-0.00010044281950005248	0	0.0037083827944540525	-0.01058883559149939	0	0.13711651879139758
12.3	4.7671321747275135	4.7671321747275135	4.7671321747275135	0.09031157642325627	0.07864068618952262	0.028323195374528737	9.520601741646486	7.146085864008876	1.047242489729077	0	0	0	-0.0001004422178955969	0	0.0037083821731369723	-0.010588851496912988	0	0.13711652457076157
12.4	4.7671321747275135	4.7671321747275135	4.7671321747275135	0.09031157642325778	0.0786406861895192	0.028323195374529278	9.520601741646447	7.146085864008955	1.0472424897290722	0	0	0	-0.00010044109695234436	0	0.0037083809818739153	-0.01058888112448891	0	0.1371165356531621
12.5	4.7671321747275135	4.7671321747275135	4.7671321747275135	0.09031157642325618	0.0786406861895228	0.028323195374528723	9.52060174164649	7.146085864008872	1.047242489729077	0	0	0	-0.00010044226462457107	0	0.0037083822284108762	-0.010588850263964557	0	0.1371165240566581
12.6	4.767132174727513	4.767132174727513	4.767132174727513	0.09031157642325528	0.07864068618952477	0.02832319537452847	9.520601741646512	7.146085864008826	1.0472424897290795	0	0	0	-0.00010044286212220686	0	0.003708382883268267	-0.010588834476673772	0	0.1371165179636998
12.7	4.7671321747275135	4.7671321747275135	4.7671321747275135	0.09031157642325585	0.07864068618952341	0.028323195374528733	9.520601741646496	7.146085864008858	1.0472424897290773	0	0	0	-0.00010044238635693361	0	0.003708382392827599	-0.010588847055153443	0	0.13711652252553677
12.8	4.7671321747275135	4.7671321747275135	4.7671321747275135	0.09031157642325481	0.07864068618952584	0.028323195374528327	9.520601741646527	7.146085864008802	1.0472424897290808	0	0	0	-0.00010044319409254526	0	0.0037083832434047317	-0.010588825704693106	0	0.13711651461322763
12.9	4.767132174727513	4.767132174727513	4.767132174727513	0.09031157642325444	0.07864068618952673	0.02832319537452821	9.520601741646535	7.14608586400878	1.0472424897290822	0	0	0	-0.00010044346507610504	0	0.0037083835380588063	-0.010588818544161455	0	0.1371165118718241
13	4.7671321747275135	4.7671321747275135	4.7671321747275135	0.0903115764232547	0.07864068618952617	0.028323195374528334	9.520601741646528	7.146085864008794	1.0472424897290808	0	0	0	-0.0001004432516033696	0	0.003708383321608447	-0.010588824188892294	0	0.13711651388495516
13.1	4.7671321747275135	4.7671321747275135	4.7671321747275135	0.09031157642325405	0.07864068618952763	0.028323195374528067	9.520601741646546	7.146085864008761	1.0472424897290833	0	0	0	-0.0001004437527670486	0	0.0037083838425250697	-0.010588810940302996	0	0.1371165090396004
13.2	4.767132174727513	4.767132174727513	4.767132174727513	0.09031157642325423	0.0786406861895272	0.02832319537452818	9.52060174164654	7.14608586400877	1.0472424897290822	0	0	0	-0.00010044357115683499	0	0.003708383663642562	-0.01058881574369008	0	0.13711651070302713
13.3	4.7671321747275135	4.7671321747275135	4.7671321747275135	0.09031157642325464	0.07864068618952627	0.028323195374528383	9.520601741646528	7.146085864008792	1.0472424897290804	0	0	0	-0.00010044322003854888	0	0.0037083833068334558	-0.010588825027757818	0	0.13711651402155905
13.4	4.7671321747275135	4.7671321747275135	4.7671321747275135	0.09031157642325412	0.07864068618952749	0.02832319537452813	9.520601741646542	7.146085864008763	1.0472424897290824	0	0	0	-0.00010044366689123992	0	0.003708383763945521	-0.010588813213190943	0	0.13711650977006495
13.5	4.7671321747275135	4.7671321747275135	4.7671321747275135	0.09031157642325463	0.07864068618952641	0.02832319537452841	9.52060174164653	7.14608586400879	1.0472424897290802	0	0	0	-0.00010044323608300834	0	0.0037083833370795435	-0.010588824606835835	0	0.13711651373953312
13.6	4.7671321747275135	4.7671321747275135	4.7671321747275135	0.09031157642325573	0.07864068618952401	0.028323195374528955	9.520601741646502	7.146085864008843	1.0472424897290753	0	0	0	-0.00010044232298884826	0	0.003708382419285764	-0.010588848752504536	0	0.1371165222748984
13.7	4.7671321747275135	4.7671321747275135	4.7671321747275135	0.09031157642325556	0.07864068618952436	0.02832319537452887	9.520601741646505	7.1460858640088345	1.047242489729076	0	0	0	-0.00010044246200821632	0	0.003708382558758249	-0.010588845076296113	0	0.13711652097784655
13.8	4.7671321747275135	4.7671321747275135	4.7671321747275135	0.0903115764232549	0.07864068618952583	0.028323195374528567	9.520601741646523	7.146085864008802	1.0472424897290786	0	0	0	-0.00010044299909049648	0	0.0037083831093577204	-0.010588830876325917	0	0.1371165158567629
13.9	4.7671321747275135	4.7671321747275135	4.7671321747275135	0.09031157642325648	0.07864068618952227	0.02832319537452946	9.52060174164648	7.146085864008882	1.0472424897290704	0	0	0	-0.00010044159838836525	0	0.0037083817236180498	-0.010588867921208216	0	0.13711652874273583
14	4.7671321747275135	4.7671321747275135	4.7671321747275135	0.0903115764232574	0.0786406861895202	0.028323195374529965	9.520601741646455	7.1460858640089295	1.0472424897290658	0	0	0	-0.00010044078719840917	0	0.003708380917746689	-0.010588889374287596	0	0.13711653623671294
14.1	4.767132174727514	4.767132174727514	4.767132174727514	0.09031157642325546	0.07864068618952454	0.028323195374528917	9.520601741646509	7.146085864008831	1.0472424897290755	0	0	0	-0.00010044247196295896	0	0.0037083825940511183	-0.010588844818928468	0	0.1371165206482648
14.2	4.7671321747275135	4.7671321747275135	4.7671321747275135	0.09031157642325549	0.07864068618952427	0.02832319537452902	9.520601741646507	7.146085864008836	1.0472424897290746	0	0	0	-0.00010044231827161441	0	0.003708382458908033	-0.010588848887517049	0	0.1371165219040034
14.3	4.7671321747275135	4.7671321747275135	4.7671321747275135	0.0903115764232562	0.07864068618952261	0.028323195374529465	9.520601741646487	7.1460858640088745	1.0472424897290704	0	0	0	-0.00010044162051696398	0	0.0037083817778796237	-0.010588867343386203	0	0.13711652823635243
14.4	4.767132174727513	4.767132174727513	4.767132174727513	0.09031157642325484	0.07864068618952576	0.028323195374528657	9.520601741646525	7.1460858640088025	1.047242489729078	0	0	0	-0.00010044289798248165	0	0.0037083830343521786	-0.010588833556135794	0	0.13711651655287682
14.5	4.767132174727513	4.767132174727513	4.767132174727513	0.09031157642325445	0.07864068618952652	0.02832319537452848	9.520601741646535	7.146085864008785	1.0472424897290793	0	0	0	-0.00010044318274717129	0	0.003708383322742659	-0.010588826026417671	0	0.13711651387077192
14.6	4.767132174727514	4.767132174727514	4.767132174727514	0.09031157642325459	0.07864068618952619	0.02832319537452858	9.520601741646528	7.146085864008793	1.0472424897290784	0	0	0	-0.00010044303365126019	0	0.003708383181310776	-0.010588829971018655	0	0.1371165151855998
14.7	4.7671321747275135	4.7671321747275135	4.7671321747275135	0.09031157642325392	0.07864068618952778	0.02832319537452816	9.520601741646548	7.146085864008756	1.0472424897290824	0	0	0	-0.00010044369668397779	0	0.0037083838281281216	-0.010588812433473116	0	0.13711650917137164
14.8	4.7671321747275135	4.7671321747275135	4.7671321747275135	0.090311576423254	0.0786406861895275	0.028323195374528255	9.520601741646546	7.1460858640087634	1.0472424897290817	0	0	0	-0.00010044356019831018	0	0.0037083837011350576	-0.010588816045021307	0	0.13711651035180852
14.9	4.7671321747275135	4.7671321747275135	4.7671321747275135	0.0903115764232541	0.07864068618952721	0.028323195374528345	9.520601741646544	7.14608586400877	1.047242489729081	0	0	0	-0.00010044343091431466	0	0.003708383577713766	-0.010588819465282987	0	0.13711651149923945
15	4.7671321747275135	4.7671321747275135	4.7671321747275135	0.09031157642325378	0.0786406861895281	0.02832319537452811	9.520601741646551	7.146085864008749	1.0472424897290833	0	0	0	-0.00010044380543276668	0	0.003708383940563223	-0.010588809558495513	0	0.13711650812555248
15.1	4.767132174727514	4.767132174727514	4.767132174727514	0.09031157642325421	0.07864068618952699	0.028323195374528463	9.52060174164654	7.146085864008774	1.0472424897290802	0	0	0	-0.00010044329171737218	0	0.003708383453217342	-0.010588823149686196	0	0.1371165126561888
15.2	4.7671321747275135	4.7671321747275135	4.7671321747275135	0.0903115764232546	0.07864068618952595	0.028323195374528775	9.52060174164653	7.146085864008797	1.047242489729077	0	0	0	-0.00010044282437014341	0	0.003708383007750722	-0.010588835513649886	0	0.13711651679761347
15.3	4.7671321747275135	4.7671321747275135	4.7671321747275135	0.09031157642325409	0.07864068618952728	0.028323195374528373	9.520601741646544	7.146085864008768	1.0472424897290808	0	0	0	-0.00010044342570213614	0	0.0037083835819033332	-0.010588819605252075	0	0.13711651145975703
15.4	4.7671321747275135	4.7671321747275135	4.7671321747275135	0.09031157642325457	0.07864068618952608	0.028323195374528806	9.520601741646532	7.146085864008795	1.0472424897290766	0	0	0	-0.00010044278713106015	0	0.0037083829840253426	-0.01058883650152382	0	0.13711651701749814
15.5	4.7671321747275135	4.7671321747275135	4.7671321747275135	0.09031157642325564	0.07864068618952326	0.028323195374529736	9.520601741646503	7.146085864008861	1.047242489729068	0	0	0	-0.00010044141047287076	0	0.0037083816840474265	-0.01058887292468766	0	0.1371165291024611
15.6	4.7671321747275135	4.7671321747275135	4.7671321747275135	0.09031157642325564	0.07864068618952329	0.028323195374529722	9.520601741646503	7.14608586400886	1.047242489729068	0	0	0	-0.00010044142846552377	0	0.003708381700533254	-0.010588872448534493	0	0.13711652894924053
15.7	4.7671321747275135	4.7671321747275135	4.7671321747275135	0.09031157642325463	0.07864068618952592	0.028323195374528886	9.52060174164653	7.146085864008799	1.0472424897290757	0	0	0	-0.00010044267378266441	0	0.003708382883024097	-0.0105888395018403	0	0.13711651795609062
15.8	4.7671321747275135	4.7671321747275135	4.7671321747275135	0.09031157642325557	0.07864068618952372	0.02832319537452972	9.520601741646503	7.1460858640088505	1.047242489729068	0	0	0	-0.000100441499590385	0	0.0037083817892862693	-0.010588870571630517	0	0.13711652812288352
15.9	4.7671321747275135	4.7671321747275135	4.7671321747275135	0.09031157642325614	0.07864068618952234	0.02832319537453021	9.52060174164649	7.146085864008882	1.0472424897290635	0	0	0	-0.00010044079148170536	0	0.003708381126701553	-0.010588889307894355	0	0.13711653428209195
16	4.7671321747275135	4.7671321747275135	4.7671321747275135	0.09031157642325469	0.07864068618952592	0.028323195374528955	9.520601741646528	7.146085864008799	1.0472424897290753	0	0	0	-0.00010044260429850665	0	0.0037083828273533144	-0.01058884134244793	0	0.13711651847302764
16.1	4.7671321747275135	4.7671321747275135	4.7671321747275135	0.09031157642325459	0.07864068618952619	0.028323195374528896	9.520601741646532	7.146085864008794	1.0472424897290755	0	0	0	-0.00010044270021685172	0	0.0037083829256315177	-0.010588838806449717	0	0.13711651755893556
16.2	4.7671321747275135	4.7671321747275135	4.7671321747275135	0.0903115764232547	0.07864068618952592	0.028323195374529	9.520601741646528	7.146085864008799	1.0472424897290749	0	0	0	-0.00010044255328942869	0	0.003708382791499182	-0.010588842694867874	0	0.13711651880558154
16.3	4.7671321747275135	4.7671321747275135	4.7671321747275135	0.09031157642325394	0.07864068618952777	0.028323195374528338	9.520601741646548	7.146085864008756	1.047242489729081	0	0	0	-0.00010044351069632959	0	0.0037083836840229186	-0.010588817361477673	0	0.13711651050912377
16.4	4.7671321747275135	4.7671321747275135	4.7671321747275135	0.09031157642325396	0.0786406861895277	0.02832319537452837	9.520601741646548	7.146085864008758	1.0472424897290806	0	0	0	-0.00010044345734912363	0	0.003708383638522246	-0.010588818774048757	0	0.13711651093182634
16.5	4.7671321747275135	4.7671321747275135	4.7671321747275135	0.09031157642325392	0.07864068618952783	0.028323195374528327	9.520601741646546	7.146085864008755	1.0472424897290808	0	0	0	-0.00010044351578602834	0	0.0037083836934984826	-0.010588817227901452	0	0.13711651042076842
16.6	4.7671321747275135	4.7671321747275135	4.7671321747275135	0.09031157642325367	0.07864068618952844	0.028323195374528116	9.520601741646555	7.146085864008741	1.0472424897290826	0	0	0	-0.00010044382284360669	0	0.003708383979294093	-0.010588809102927489	0	0.13711650776418385
16.7	4.7671321747275135	4.7671321747275135	4.7671321747275135	0.09031157642325395	0.07864068618952783	0.028323195374528393	9.520601741646548	7.1460858640087555	1.0472424897290802	0	0	0	-0.00010044343773561113	0	0.003708383627138133	-0.010588819294642645	0	0.13711651103724362
16.8	4.767132174727513	4.767132174727513	4.767132174727513	0.09031157642325403	0.0786406861895277	0.028323195374528463	9.520601741646546	7.146085864008758	1.0472424897290795	0	0	0	-0.00010044334818252379	0	0.0037083835450944856	-0.010588821664598524	0	0.1371165117997948
16.9	4.7671321747275135	4.7671321747275135	4.7671321747275135	0.09031157642325378	0.07864068618952821	0.028323195374528234	9.520601741646553	7.1460858640087475	1.0472424897290815	0	0	0	-0.00010044365130028874	0	0.0037083838255599823	-0.010588813643497884	0	0.13711650919285107
17	4.7671321747275135	4.7671321747275135	4.7671321747275135	0.09031157642325438	0.07864068618952666	0.028323195374528848	9.520601741646537	7.146085864008782	1.047242489729076	0	0	0	-0.00010044273880244283	0	0.0037083829948476037	-0.010588837793216139	0	0.1371165169135504
17.1	4.7671321747275135	4.7671321747275135	4.7671321747275135	0.09031157642325488	0.07864068618952533	0.028323195374529386	9.520601741646523	7.146085864008813	1.0472424897290709	0	0	0	-0.00010044195292313859	0	0.0037083822780070498	-0.010588858591599797	0	0.13711652357600693
17.2	4.7671321747275135	4.7671321747275135	4.7671321747275135	0.09031157642325432	0.07864068618952673	0.028323195374528806	9.520601741646537	7.14608586400878	1.0472424897290762	0	0	0	-0.00010044279448708465	0	0.0037083830455862904	-0.010588836319577246	0	0.1371165164419942
17.3	4.7671321747275135	4.7671321747275135	4.7671321747275135	0.09031157642325453	0.07864068618952624	0.028323195374529063	9.520601741646535	7.146085864008793	1.047242489729074	0	0	0	-0.00010044242993074649	0	0.003708382721388403	-0.01058884596946828	0	0.13711651945462572
17.4	4.7671321747275135	4.7671321747275135	4.7671321747275135	0.09031157642325563	0.07864068618952345	0.028323195374530263	9.520601741646505	7.146085864008856	1.047242489729063	0	0	0	-0.0001004406916221461	0	0.003708381147099728	-0.01058889197645394	0	0.13711653408563668
17.5	4.7671321747275135	4.7671321747275135	4.7671321747275135	0.09031157642325571	0.07864068618952325	0.02832319537453035	9.520601741646503	7.146085864008861	1.0472424897290622	0	0	0	-0.00010044055974772807	0	0.0037083810272853022	-0.010588895466625704	0	0.13711653519917097
17.6	4.7671321747275135	4.7671321747275135	4.7671321747275135	0.09031157642325448	0.07864068618952634	0.02832319537452905	9.520601741646535	7.14608586400879	1.0472424897290744	0	0	0	-0.00010044246580189662	0	0.0037083827581871048	-0.010588845021054857	0	0.13711651911232509
17.7	4.7671321747275135	4.7671321747275135	4.7671321747275135	0.09031157642325474	0.07864068618952555	0.028323195374529438	9.520601741646528	7.146085864008809	1.0472424897290706	0	0	0	-0.0001004419220025882	0	0.0037083822735990437	-0.010588859415286771	0	0.13711652361546323
17.8	4.767132174727514	4.767132174727514	4.767132174727514	0.09031157642325484	0.07864068618952529	0.02832319537452956	9.520601741646527	7.146085864008814	1.0472424897290695	0	0	0	-0.00010044175019449226	0	0.003708382119978235	-0.010588863962861827	0	0.13711652504305022
17.9	4.767132174727514	4.767132174727514	4.767132174727514	0.09031157642325398	0.07864068618952753	0.028323195374528567	9.52060174164655	7.146085864008763	1.047242489729079	0	0	0	-0.00010044317197201977	0	0.0037083834036275554	-0.010588826332446398	0	0.1371165131134024
18	4.7671321747275135	4.7671321747275135	4.7671321747275135	0.09031157642325392	0.07864068618952759	0.02832319537452857	9.52060174164655	7.146085864008762	1.0472424897290789	0	0	0	-0.00010044317822654584	0	0.0037083834128301884	-0.010588826167726892	0	0.137116513027665
18.1	4.7671321747275135	4.7671321747275135	4.7671321747275135	0.09031157642325378	0.07864068618952796	0.0283231953745284	9.520601741646553	7.146085864008753	1.0472424897290802	0	0	0	-0.00010044341741543768	0	0.0037083836284246964	-0.010588819836988922	0	0.1371165110240507
18.2	4.7671321747275135	4.7671321747275135	4.7671321747275135	0.09031157642325356	0.07864068618952852	0.02832319537452813	9.520601741646558	7.146085864008741	1.0472424897290826	0	0	0	-0.00010044378147637661	0	0.003708383956762452	-0.010588810201240025	0	0.13711650797264646
18.3	4.7671321747275135	4.7671321747275135	4.7671321747275135	0.09031157642325367	0.07864068618952819	0.02832319537452828	9.520601741646555	7.1460858640087475	1.0472424897290815	0	0	0	-0.00010044353787994356	0	0.00370838374018328	-0.010588816649311944	0	0.13711650998522584
18.4	4.7671321747275135	4.7671321747275135	4.7671321747275135	0.09031157642325358	0.07864068618952846	0.028323195374528154	9.520601741646555	7.146085864008741	1.0472424897290826	0	0	0	-0.00010044372785393726	0	0.0037083839101298807	-0.010588811620871118	0	0.1371165084059179
18.5	4.7671321747275135	4.7671321747275135	4.7671321747275135	0.09031157642325358	0.0786406861895284	0.028323195374528168	9.520601741646557	7.146085864008743	1.0472424897290824	0	0	0	-0.00010044368644817185	0	0.0037083838752578844	-0.010588812717308138	0	0.13711650872985043
18.6	4.7671321747275135	4.7671321747275135	4.7671321747275135	0.09031157642325391	0.07864068618952741	0.028323195374528595	9.520601741646548	7.146085864008766	1.0472424897290784	0	0	0	-0.00010044301568310016	0	0.0037083832791895296	-0.010588830472696646	0	0.13711651426885202
18.7	4.7671321747275135	4.7671321747275135	4.7671321747275135	0.09031157642325399	0.07864068618952716	0.0283231953745287	9.520601741646544	7.146085864008771	1.0472424897290775	0	0	0	-0.00010044285351948186	0	0.003708383134888791	-0.01058883476516446	0	0.13711651560978738
18.8	4.7671321747275135	4.7671321747275135	4.7671321747275135	0.09031157642325373	0.07864068618952796	0.02832319537452838	9.520601741646551	7.146085864008754	1.0472424897290804	0	0	0	-0.00010044336641989932	0	0.003708383592697989	-0.010588821188944046	0	0.1371165113554396
18.9	4.767132174727514	4.767132174727514	4.767132174727514	0.09031157642325432	0.07864068618952616	0.028323195374529226	9.520601741646537	7.146085864008795	1.0472424897290726	0	0	0	-0.000100442039225784	0	0.0037083824190516433	-0.010588856321635396	0	0.13711652226125193
19	4.7671321747275135	4.7671321747275135	4.7671321747275135	0.09031157642325495	0.07864068618952427	0.02832319537453009	9.52060174164652	7.146085864008837	1.0472424897290644	0	0	0	-0.00010044068122011815	0	0.003708381216496587	-0.010588892269572873	0	0.13711653343579835
19.1	4.7671321747275135	4.7671321747275135	4.7671321747275135	0.09031157642325453	0.07864068618952555	0.0283231953745295	9.520601741646532	7.146085864008808	1.04724248972907	0	0	0	-0.00010044160562395716	0	0.0037083820348531135	-0.010588867799522074	0	0.13711652583137277
19.2	4.7671321747275135	4.7671321747275135	4.7671321747275135	0.09031157642325419	0.0786406861895265	0.028323195374529066	9.52060174164654	7.146085864008787	1.047242489729074	0	0	0	-0.00010044226607991881	0	0.0037083826244878916	-0.010588850317598153	0	0.13711652035198604
19.3	4.7671321747275135	4.7671321747275135	4.7671321747275135	0.09031157642325476	0.0786406861895245	0.02832319537452999	9.520601741646525	7.146085864008834	1.0472424897290655	0	0	0	-0.00010044079287422245	0	0.0037083813274481356	-0.01058888931670248	0	0.13711653240403515
19.4	4.7671321747275135	4.7671321747275135	4.7671321747275135	0.09031157642325474	0.07864068618952456	0.028323195374529955	9.520601741646527	7.146085864008831	1.0472424897290658	0	0	0	-0.00010044084493344162	0	0.0037083813735804415	-0.010588887938634167	0	0.13711653197535814
19.5	4.767132174727513	4.767132174727513	4.767132174727513	0.09031157642325394	0.07864068618952717	0.028323195374528768	9.520601741646548	7.1460858640087705	1.0472424897290769	0	0	0	-0.0001004427277689082	0	0.0037083830360428232	-0.010588838096778505	0	0.13711651652751758
19.6	4.7671321747275135	4.7671321747275135	4.7671321747275135	0.09031157642325399	0.07864068618952709	0.02832319537452884	9.520601741646546	7.146085864008773	1.047242489729076	0	0	0	-0.00010044261288775587	0	0.0037083829382816326	-0.010588841138738403	0	0.13711651743570769
19.7	4.7671321747275135	4.7671321747275135	4.7671321747275135	0.09031157642325384	0.07864068618952766	0.028323195374528577	9.520601741646551	7.14608586400876	1.0472424897290784	0	0	0	-0.00010044303279121126	0	0.0037083833081712437	-0.010588830022984622	0	0.13711651399869604
19.8	4.7671321747275135	4.7671321747275135	4.7671321747275135	0.09031157642325356	0.07864068618952848	0.02832319537452821	9.520601741646557	7.146085864008741	1.047242489729082	0	0	0	-0.00010044363209326353	0	0.0037083838362690583	-0.010588814158188959	0	0.1371165090915959
19.9	4.7671321747275135	4.7671321747275135	4.7671321747275135	0.09031157642325359	0.07864068618952834	0.028323195374528293	9.520601741646555	7.146085864008743	1.0472424897290813	0	0	0	-0.0001004435057451387	0	0.0037083837266030247	-0.010588817503268594	0	0.1371165101105054
20	4.7671321747275135	4.7671321747275135	4.7671321747275135	0.09031157642325349	0.07864068618952877	0.028323195374528078	9.520601741646562	7.146085864008734	1.0472424897290833	0	0	0	-0.00010044384520841453	0	0.0037083840244115413	-0.010588808516651756	0	0.13711650734334008
20.1	4.7671321747275135	4.7671321747275135	4.7671321747275135	0.09031157642325345	0.07864068618952864	0.02832319537452812	9.52060174164656	7.146085864008737	1.0472424897290828	0	0	0	-0.00010044374650399434	0	0.0037083839392909315	-0.010588811130002927	0	0.1371165081341581
20.2	4.7671321747275135	4.7671321747275135	4.7671321747275135	0.09031157642325353	0.0786406861895282	0.028323195374528348	9.520601741646558	7.1460858640087475	1.0472424897290806	0	0	0	-0.00010044336491797862	0	0.0037083836062157195	-0.010588821232134279	0	0.13711651122889454
20.3	4.7671321747275135	4.7671321747275135	4.7671321747275135	0.09031157642325346	0.0786406861895285	0.02832319537452819	9.52060174164656	7.146085864008741	1.0472424897290822	0	0	0	-0.00010044362635992202	0	0.0037083838346358977	-0.010588814310766982	0	0.1371165091065341
20.4	4.767132174727513	4.767132174727513	4.767132174727513	0.09031157642325348	0.07864068618952826	0.02832319537452834	9.52060174164656	7.146085864008745	1.0472424897290808	0	0	0	-0.00010044335734790242	0	0.003708383601803388	-0.010588821433058006	0	0.13711651126974808
20.5	4.7671321747275135	4.7671321747275135	4.7671321747275135	0.0903115764232537	0.07864068618952698	0.02832319537452904	9.520601741646555	7.146085864008776	1.0472424897290744	0	0	0	-0.00010044218503604108	0	0.0037083825811633623	-0.010588852469492671	0	0.1371165207527628
20.6	4.7671321747275135	4.7671321747275135	4.7671321747275135	0.0903115764232538	0.07864068618952647	0.028323195374529323	9.520601741646553	7.1460858640087865	1.0472424897290717	0	0	0	-0.00010044171134159522	0	0.003708382168474103	-0.010588865010286058	0	0.13711652458717608
20.7	4.7671321747275135	4.7671321747275135	4.7671321747275135	0.09031157642325356	0.07864068618952773	0.02832319537452864	9.520601741646558	7.146085864008757	1.047242489729078	0	0	0	-0.00010044285655511031	0	0.00370838316651082	-0.010588834691516521	0	0.1371165153141083
20.8	4.767132174727514	4.767132174727514	4.767132174727514	0.09031157642325373	0.07864068618952647	0.028323195374529365	9.520601741646555	7.146085864008787	1.0472424897290713	0	0	0	-0.00010044162881327494	0	0.003708382102717784	-0.010588867196611283	0	0.13711652519774647
20.9	4.7671321747275135	4.7671321747275135	4.7671321747275135	0.09031157642325399	0.07864068618952454	0.028323195374530454	9.520601741646548	7.14608586400883	1.0472424897290613	0	0	0	-0.0001004397934401846	0	0.0037083805093191128	-0.010588915788336858	0	0.13711654000211634
21	4.7671321747275135	4.7671321747275135	4.7671321747275135	0.09031157642325385	0.0786406861895255	0.028323195374529916	9.520601741646551	7.146085864008808	1.0472424897290662	0	0	0	-0.00010044069307808456	0	0.00370838129037412	-0.010588891970351963	0	0.13711653274527505
21.1	4.7671321747275135	4.7671321747275135	4.7671321747275135	0.0903115764232536	0.07864068618952723	0.028323195374528966	9.520601741646557	7.146085864008768	1.047242489729075	0	0	0	-0.00010044230278040265	0	0.0037083826905822664	-0.010588849353958608	0	0.13711651973567218
21.2	4.7671321747275135	4.7671321747275135	4.7671321747275135	0.09031157642325371	0.07864068618952655	0.02832319537452937	9.520601741646555	7.146085864008785	1.047242489729071	0	0	0	-0.00010044162774334939	0	0.003708382108102703	-0.010588867226482692	0	0.1371165251473074
21.3	4.7671321747275135	4.7671321747275135	4.7671321747275135	0.0903115764232536	0.07864068618952723	0.028323195374528987	9.520601741646558	7.146085864008769	1.0472424897290746	0	0	0	-0.00010044227293950563	0	0.0037083826673895235	-0.010588850144655092	0	0.13711651995099827
21.4	4.7671321747275135	4.7671321747275135	4.7671321747275135	0.09031157642325345	0.07864068618952832	0.02832319537452837	9.52060174164656	7.146085864008745	1.0472424897290804	0	0	0	-0.00010044330066168355	0	0.0037083835587320662	-0.01058882293540276	0	0.13711651166952815
21.5	4.7671321747275135	4.7671321747275135	4.7671321747275135	0.09031157642325349	0.07864068618952828	0.02832319537452839	9.52060174164656	7.146085864008745	1.0472424897290804	0	0	0	-0.00010044325580374867	0	0.003708383521113734	-0.010588824123337918	0	0.137116512018948
21.6	4.767132174727514	4.767132174727514	4.767132174727514	0.0903115764232534	0.07864068618952882	0.02832319537452809	9.520601741646564	7.146085864008732	1.047242489729083	0	0	0	-0.00010044376148325089	0	0.003708383958537873	-0.010588810735028728	0	0.137116507954913
21.7	4.7671321747275135	4.7671321747275135	4.7671321747275135	0.09031157642325334	0.07864068618952882	0.028323195374528088	9.520601741646564	7.146085864008732	1.047242489729083	0	0	0	-0.00010044376973300567	0	0.0037083839665545855	-0.010588810516758095	0	0.13711650788037455
21.8	4.7671321747275135	4.7671321747275135	4.7671321747275135	0.09031157642325334	0.07864068618952866	0.028323195374528196	9.520601741646564	7.146085864008737	1.0472424897290822	0	0	0	-0.000100443588005831	0	0.0037083838100689923	-0.01058881532825045	0	0.13711650933420994
21.9	4.7671321747275135	4.7671321747275135	4.7671321747275135	0.0903115764232533	0.07864068618952896	0.028323195374528008	9.520601741646564	7.146085864008729	1.0472424897290837	0	0	0	-0.00010044389972062384	0	0.003708384079155346	-0.010588807075197354	0	0.13711650683421073
22	4.7671321747275135	4.7671321747275135	4.7671321747275135	0.09031157642325327	0.07864068618952855	0.02832319537452826	9.520601741646566	7.1460858640087395	1.0472424897290813	0	0	0	-0.00010044344713472786	0	0.0037083836901930047	-0.010588819058357653	0	0.13711651044782694
22.1	4.7671321747275135	4.7671321747275135	4.7671321747275135	0.09031157642325324	0.07864068618952794	0.028323195374528636	9.520601741646566	7.146085864008754	1.0472424897290782	0	0	0	-0.00010044279559721868	0	0.0037083831295385747	-0.010588836309023568	0	0.1371165156565768
22.2	4.7671321747275135	4.7671321747275135	4.7671321747275135	0.09031157642325324	0.07864068618952817	0.02832319537452849	9.520601741646567	7.146085864008748	1.0472424897290793	0	0	0	-0.00010044304439142615	0	0.0037083833436040324	-0.010588829721727772	0	0.1371165136678005
22.3	4.7671321747275135	4.7671321747275135	4.7671321747275135	0.0903115764232533	0.07864068618952817	0.02832319537452854	9.520601741646566	7.146085864008747	1.0472424897290789	0	0	0	-0.00010044298297270265	0	0.003708383292516792	-0.01058883134829522	0	0.13711651414231085
22.4	4.7671321747275135	4.7671321747275135	4.7671321747275135	0.09031157642325344	0.07864068618952665	0.028323195374529632	9.520601741646564	7.146085864008783	1.0472424897290686	0	0	0	-0.00010044115467972947	0	0.0037083817228079656	-0.01058887975654417	0	0.1371165287254492
22.5	4.7671321747275135	4.7671321747275135	4.7671321747275135	0.09031157642325349	0.0786406861895257	0.028323195374530295	9.52060174164656	7.146085864008805	1.0472424897290626	0	0	0	-0.00010044004369903173	0	0.003708380768552645	-0.010588909172214372	0	0.13711653759083897
22.6	4.767132174727513	4.767132174727513	4.767132174727513	0.0903115764232534	0.07864068618952724	0.02832319537452922	9.52060174164656	7.146085864008769	1.0472424897290726	0	0	0	-0.000100441851194538	0	0.0037083823209475434	-0.010588861314744015	0	0.1371165231685203
22.7	4.7671321747275135	4.7671321747275135	4.7671321747275135	0.09031157642325337	0.07864068618952716	0.028323195374529306	9.520601741646564	7.146085864008771	1.047242489729072	0	0	0	-0.00010044170848980289	0	0.0037083822016414146	-0.010588865093899608	0	0.13711652427670867
22.8	4.7671321747275135	4.7671321747275135	4.7671321747275135	0.09031157642325342	0.0786406861895259	0.028323195374530204	9.520601741646562	7.146085864008801	1.0472424897290635	0	0	0	-0.00010044019008809198	0	0.0037083809009521946	-0.010588905297727741	0	0.1371165363603711
22.9	4.7671321747275135	4.7671321747275135	4.7671321747275135	0.09031157642325338	0.07864068618952685	0.028323195374529524	9.520601741646562	7.146085864008778	1.0472424897290697	0	0	0	-0.00010044134503532388	0	0.003708381891021381	-0.01058887471749415	0	0.13711652716238726
23	4.7671321747275135	4.7671321747275135	4.7671321747275135	0.09031157642325331	0.07864068618952808	0.02832319537452868	9.520601741646562	7.14608586400875	1.0472424897290775	0	0	0	-0.00010044276005048904	0	0.0037083831051935856	-0.010588837251556855	0	0.1371165158823622
23.1	4.7671321747275135	4.7671321747275135	4.7671321747275135	0.09031157642325333	0.07864068618952799	0.028323195374528747	9.520601741646564	7.146085864008752	1.0472424897290769	0	0	0	-0.00010044264567700886	0	0.003708383008482025	-0.010588840280191763	0	0.13711651678075906
23.2	4.767132174727514	4.767132174727514	4.767132174727514	0.0903115764232533	0.07864068618952867	0.028323195374528275	9.520601741646564	7.146085864008737	1.0472424897290815	0	0	0	-0.00010044345102502638	0	0.003708383698053523	-0.010588818956325585	0	0.13711651037452155
23.3	4.7671321747275135	4.7671321747275135	4.7671321747275135	0.0903115764232533	0.07864068618952885	0.02832319537452813	9.520601741646566	7.146085864008731	1.0472424897290826	0	0	0	-0.0001004436735230934	0	0.0037083838891549146	-0.010588813065211807	0	0.13711650859911978
23.4	4.7671321747275135	4.7671321747275135	4.7671321747275135	0.0903115764232533	0.07864068618952884	0.028323195374528147	9.520601741646566	7.1460858640087315	1.0472424897290824	0	0	0	-0.00010044362913530367	0	0.0037083838515168653	-0.010588814240601256	0	0.1371165089487607
23.5	4.7671321747275135	4.7671321747275135	4.7671321747275135	0.09031157642325328	0.0786406861895291	0.02832319537452797	9.520601741646566	7.146085864008726	1.0472424897290842	0	0	0	-0.00010044394420903973	0	0.0037083841210448234	-0.010588805898063809	0	0.13711650644481163
23.6	4.7671321747275135	4.7671321747275135	4.7671321747275135	0.0903115764232533	0.07864068618952892	0.02832319537452814	9.520601741646566	7.14608586400873	1.0472424897290828	0	0	0	-0.0001004436302515615	0	0.003708383853436977	-0.010588814211229806	0	0.13711650893084948
23.7	4.7671321747275135	4.7671321747275135	4.7671321747275135	0.09031157642325333	0.07864068618952876	0.028323195374528282	9.520601741646566	7.146085864008733	1.0472424897290817	0	0	0	-0.00010044337522069374	0	0.0037083836358537893	-0.010588820964052658	0	0.13711651095218197
23.8	4.7671321747275135	4.7671321747275135	4.7671321747275135	0.0903115764232533	0.07864068618952909	0.02832319537452801	9.520601741646566	7.146085864008727	1.047242489729084	0	0	0	-0.00010044386651801674	0	0.003708384055127618	-0.010588807955249321	0	0.13711650705715253
23.9	4.7671321747275135	4.7671321747275135	4.7671321747275135	0.0903115764232533	0.07864068618952927	0.028323195374527873	9.520601741646566	7.146085864008723	1.0472424897290855	0	0	0	-0.00010044410830974032	0	0.0037083842616384005	-0.010588801553048076	0	0.13711650513866322
24	4.7671321747275135	4.7671321747275135	4.7671321747275135	0.09031157642325328	0.07864068618952934	0.028323195374527824	9.520601741646567	7.146085864008721	1.0472424897290857	0	0	0	-0.00010044419805961744	0	0.003708384338278815	-0.010588799176637766	0	0.1371165044266746
