0	4.7671321747275135	4.7671321747275135	4.7671321747275135	0.09031157642325327	0.07864068618952942	0.028323195374527724	9.520601741646566	7.146085864008718	1.0472424897290866	0	0	0	0	0	0	0	0	0
0.1	4.7671321747275135	4.7671321747275135	4.7671321747275135	0.09031157642325327	0.07864068618952942	0.028323195374527724	9.520601741646566	7.146085864008718	1.0472424897290866	0	0	0	-0.016944821895995322	0	18.347387659112346	-0.10075568815104519	0	77.7945111127537
0.2	4.7671321747275135	4.7671321747275135	4.7671321747275135	0.09031157642325327	0.07864068618952944	0.028323195374527724	9.520601741646566	7.146085864008718	1.0472424897290866	0	0	0	-0.08157796528018062	0	24.79902366537017	-1.023930820879678	0	219.41553652714322
0.3	4.7671321747275135	4.7671321747275135	4.7671321747275135	0.09031157642325327	0.07864068618952944	0.028323195374527724	9.520601741646566	7.146085864008718	1.0472424897290866	0	0	0	-0.172984188854665	0	27.067968440342646	-3.392258387174428	0	361.74051682213644
0.4	4.767132174727513	4.767132174727513	4.767132174727513	0.09031157642325327	0.07864068618952942	0.028323195374527724	9.520601741646566	7.146085864008718	1.0472424897290866	0	0	0	-0.26818371663383617	0	27.866105670208327	-7.211302606425104	0	486.71324126415834
0.5	4.7671321747275135	4.7671321747275135	4.7671321747275135	0.09031157642325327	0.07864068618952942	0.028323195374527724	9.520601741646566	7.146085864008719	1.0472424897290866	0	0	0	-0.355340507541684	0	28.147197757239557	-12.141420940061124	0	591.3324360062292
0.6	4.7671321747275135	4.7671321747275135	4.7671321747275135	0.09031157642325327	0.07864068618952942	0.028323195374527724	9.520601741646566	7.146085864008718	1.0472424897290866	0	0	0	-0.43037642224557265	0	28.24673210313172	-17.758387862603488	0	677.2545564136136
0.7	4.7671321747275135	4.7671321747275135	4.7671321747275135	0.09031157642325327	0.07864068618952942	0.028323195374527724	9.520601741646566	7.146085864008718	1.0472424897290866	0	0	0	-0.493033746284058	0	28.28236019350516	-23.681912916495087	0	747.2589268089372
0.8	4.7671321747275135	4.7671321747275135	4.7671321747275135	0.09031157642325326	0.07864068618952946	0.028323195374527724	9.520601741646566	7.146085864008718	1.0472424897290866	0	0	0	-0.5445537186148586	0	28.295583405480304	-29.616863197538297	0	804.1005158382284
0.9	4.7671321747275135	4.7671321747275135	4.7671321747275135	0.09031157642325326	0.07864068618952944	0.028323195374527724	9.520601741646566	7.146085864008718	1.0472424897290866	0	0	0	-0.5865913805596575	0	28.30091628758925	-35.35459134068253	0	850.1882293770774
1	4.7671321747275135	4.7671321747275135	4.7671321747275135	0.09031157642325326	0.07864068618952944	0.028323195374527724	9.520601741646566	7.146085864008718	1.0472424897290866	0	0	0	-0.620761427133281	0	28.303433396954297	-40.7595874531861	0	887.5334671299981
1.1	4.7671321747275135	4.7671321747275135	4.7671321747275135	0.09031157642325326	0.07864068618952944	0.028323195374527724	9.520601741646566	7.146085864008718	1.0472424897290866	0	0	0	-0.6484816889497987	0	28.304913866660296	-45.75286920534251	0	917.7837759046586
1.2	4.7671321747275135	4.7671321747275135	4.7671321747275135	0.09031157642325327	0.07864068618952942	0.028323195374527724	9.520601741646566	7.146085864008718	1.0472424897290866	0	0	0	-0.6709545384642579	0	28.305989048838903	-50.29545580362426	0	942.2908729649191
1.3	4.7671321747275135	4.7671321747275135	4.7671321747275135	0.09031157642325327	0.07864068618952944	0.028323195374527724	9.520601741646566	7.146085864008718	1.0472424897290868	0	0	0	-0.68916356499815	0	28.306865140842437	-54.37886450843406	0	962.1419084757416
1.4	4.7671321747275135	4.7671321747275135	4.7671321747275135	0.09031157642325326	0.07864068618952942	0.028323195374527724	9.520601741646566	7.146085864008718	1.0472424897290866	0	0	0	-0.7039121439119248	0	28.30761641232098	-58.013683185268	0	978.2183385282254
1.5	4.7671321747275135	4.7671321747275135	4.7671321747275135	0.09031157642325327	0.07864068618952944	0.028323195374527724	9.520601741646566	7.146085864008718	1.0472424897290866	0	0	0	-0.7158647522119523	0	28.308274924491425	-61.222496784495554	0	991.2466636982143
1.6	4.7671321747275135	4.7671321747275135	4.7671321747275135	0.09031157642325327	0.07864068618952945	0.028323195374527724	9.520601741646566	7.146085864008718	1.0472424897290864	0	0	0	-0.7255414875973565	0	28.308851778376	-64.03632778843394	0	1001.7942905698918
1.7	4.767132174727513	4.767132174727513	4.767132174727513	0.09031157642325327	0.07864068618952944	0.028323195374527724	9.520601741646566	7.146085864008718	1.0472424897290864	0	0	0	-0.7333864669035041	0	28.309356950849335	-66.48917151050748	0	1010.3455407934055
1.8	4.7671321747275135	4.7671321747275135	4.7671321747275135	0.09031157642325328	0.07864068618952942	0.028323195374527724	9.520601741646566	7.146085864008719	1.0472424897290864	0	0	0	-0.7397359045374222	0	28.309796954533702	-68.6165952583008	0	1017.2668306847696
1.9	4.7671321747275135	4.7671321747275135	4.7671321747275135	0.09031157642325327	0.07864068618952941	0.028323195374527724	9.520601741646566	7.146085864008718	1.0472424897290864	0	0	0	-0.744884967579705	0	28.310178882640148	-70.45391470572973	0	1022.879857809249
2	4.7671321747275135	4.7671321747275135	4.7671321747275135	0.09031157642325327	0.0786406861895294	0.028323195374527724	9.520601741646566	7.14608586400872	1.0472424897290864	0	0	0	-0.7490530439489743	0	28.310508756437002	-72.03421998159854	0	1027.4236858889476
2.1	4.7671321747275135	4.7671321747275135	4.7671321747275135	0.09031157642325328	0.07864068618952941	0.028323195374527724	9.520601741646566	7.14608586400872	1.0472424897290864	0	0	0	-0.7524305549672701	0	28.310792757396026	-73.38905839827454	0	1031.105833730398
2.2	4.7671321747275135	4.7671321747275135	4.7671321747275135	0.0903115764232533	0.07864068618952938	0.028323195374527724	9.520601741646566	7.146085864008719	1.0472424897290864	0	0	0	-0.7551695314717441	0	28.31103638110049	-74.54725146627362	0	1034.0919769615753
2.3	4.7671321747275135	4.7671321747275135	4.7671321747275135	0.09031157642325331	0.07864068618952937	0.028323195374527724	9.520601741646564	7.146085864008719	1.0472424897290864	0	0	0	-0.7573841374366107	0	28.31124461254502	-75.53386570586684	0	1036.506534199499
2.4	4.7671321747275135	4.7671321747275135	4.7671321747275135	0.09031157642325328	0.0786406861895294	0.028323195374527724	9.520601741646564	7.146085864008719	1.0472424897290864	0	0	0	-0.759182352983126	0	28.31142230745652	-76.37325719588601	0	1038.4671871483408
2.5	4.7671321747275135	4.7671321747275135	4.7671321747275135	0.0903115764232533	0.07864068618952937	0.028323195374527724	9.520601741646564	7.14608586400872	1.0472424897290864	0	0	0	-0.7606394040684655	0	28.3115734317946	-77.08534834848552	0	1040.0559244478225
2.6	4.7671321747275135	4.7671321747275135	4.7671321747275135	0.09031157642325331	0.07864068618952937	0.028323195374527724	9.520601741646564	7.146085864008721	1.0472424897290864	0	0	0	-0.7618166974789927	0	28.311701574832107	-77.68757192554935	0	1041.3396758695708
2.7	4.7671321747275135	4.7671321747275135	4.7671321747275135	0.0903115764232533	0.07864068618952937	0.028323195374527724	9.520601741646564	7.14608586400872	1.0472424897290864	0	0	0	-0.7627733838464973	0	28.311810226063134	-78.19699954515389	0	1042.3829139130044
2.8	4.7671321747275135	4.7671321747275135	4.7671321747275135	0.09031157642325334	0.07864068618952919	0.02832319537452773	9.520601741646566	7.146085864008724	1.0472424897290864	0	0	0	-0.7635495438684233	0	28.311902075073718	-78.62697061385624	0	1043.2293305808582
2.9	4.7671321747275135	4.7671321747275135	4.7671321747275135	0.09031157642325335	0.07864068618952907	0.028323195374527727	9.520601741646564	7.146085864008727	1.0472424897290864	0	0	0	-0.7641761132286979	0	28.31197945744866	-78.98849086111532	0	1043.9126458462847
3	4.7671321747275135	4.7671321747275135	4.7671321747275135	0.09031157642325333	0.0786406861895292	0.028323195374527727	9.520601741646564	7.1460858640087235	1.0472424897290864	0	0	0	-0.7646839365154517	0	28.312044700390576	-79.29251786699886	0	1044.4664806342753
3.1	4.7671321747275135	4.7671321747275135	4.7671321747275135	0.0903115764232533	0.07864068618952895	0.02832319537452775	9.520601741646564	7.14608586400873	1.0472424897290862	0	0	0	-0.7650975691669883	0	28.312099628871184	-79.54848752537363	0	1044.9176177654035
3.2	4.7671321747275135	4.7671321747275135	4.7671321747275135	0.09031157642325333	0.07864068618952844	0.028323195374527793	9.520601741646566	7.146085864008741	1.0472424897290857	0	0	0	-0.7654320652314821	0	28.312145654599846	-79.7629692141801	0	1045.2824657327797
3.3	4.767132174727514	4.767132174727514	4.767132174727514	0.09031157642325334	0.07864068618952826	0.028323195374527807	9.520601741646566	7.146085864008746	1.0472424897290857	0	0	0	-0.7657018797803682	0	28.31218424053652	-79.94222459932936	0	1045.5767692666234
3.4	4.767132174727514	4.767132174727514	4.767132174727514	0.09031157642325333	0.0786406861895286	0.02832319537452779	9.520601741646566	7.146085864008737	1.0472424897290857	0	0	0	-0.7659212461643803	0	28.31221673359744	-80.09245962468938	0	1045.8160460616425
3.5	4.7671321747275135	4.7671321747275135	4.7671321747275135	0.09031157642325338	0.07864068618952666	0.028323195374527953	9.520601741646566	7.146085864008781	1.0472424897290842	0	0	0	-0.7660999108495673	0	28.312243464685835	-80.2184373660285	0	1046.0110187153778
3.6	4.7671321747275135	4.7671321747275135	4.7671321747275135	0.09031157642325346	0.07864068618952388	0.028323195374528178	9.520601741646562	7.146085864008846	1.047242489729082	0	0	0	-0.766244222932687	0	28.312265500949852	-80.32347216448176	0	1046.1685523369538
3.7	4.7671321747275135	4.7671321747275135	4.7671321747275135	0.0903115764232535	0.0786406861895229	0.028323195374528258	9.52060174164656	7.146085864008867	1.0472424897290813	0	0	0	-0.766360552397445	0	28.31228416840306	-80.41082494692638	0	1046.2954960823233
3.8	4.7671321747275135	4.7671321747275135	4.7671321747275135	0.09031157642325342	0.07864068618952495	0.02832319537452811	9.52060174164656	7.146085864008821	1.0472424897290826	0	0	0	-0.7664551812707493	0	28.312300479318512	-80.4837463341887	0	1046.398663202017
3.9	4.7671321747275135	4.7671321747275135	4.7671321747275135	0.09031157642325417	0.07864068618950804	0.028323195374529972	9.52060174164654	7.14608586400921	1.047242489729066	0	0	0	-0.7665316992729805	0	28.312309604885897	-80.54481260083848	0	1046.4830107676087
4	4.767132174727513	4.767132174727513	4.767132174727513	0.09031157642325538	0.07864068618947903	0.02832319537453306	9.520601741646509	7.146085864009875	1.0472424897290384	0	0	0	-0.766592973261109	0	28.312313572909414	-80.59561532429161	0	1046.5513020471058
4.1	4.7671321747275135	4.7671321747275135	4.7671321747275135	0.09031157642325624	0.07864068618945892	0.028323195374535173	9.520601741646486	7.146085864010339	1.0472424897290198	0	0	0	-0.7666424344507143	0	28.312317813701828	-80.63767967096645	0	1046.6062510749257
4.2	4.767132174727513	4.767132174727513	4.767132174727513	0.09031157642325584	0.07864068618946861	0.028323195374534087	9.520601741646496	7.146085864010116	1.0472424897290296	0	0	0	-0.7666835140573753	0	28.312327757575876	-80.67253080728128	0	1046.650571885486
4.3	4.7671321747275135	4.7671321747275135	4.7671321747275135	0.09031157642325449	0.07864068618949989	0.02832319537453092	9.520601741646532	7.146085864009398	1.0472424897290578	0	0	0	-0.7667180592243145	0	28.31234169775571	-80.70161434368372	0	1046.6867913112633
4.4	4.7671321747275135	4.7671321747275135	4.7671321747275135	0.09031157642325466	0.0786406861894928	0.02832319537453231	9.520601741646528	7.14608586400956	1.047242489729045	0	0	0	-0.7667444990462391	0	28.3123452158682	-80.72582406347561	0	1046.7162740835774
4.5	4.7671321747275135	4.7671321747275135	4.7671321747275135	0.09031157642325477	0.07864068618948965	0.02832319537453282	9.520601741646523	7.146085864009633	1.0472424897290407	0	0	0	-0.766766127072778	0	28.312348812403226	-80.74587357814555	0	1046.7401132673415
4.6	4.7671321747275135	4.7671321747275135	4.7671321747275135	0.09031157642325399	0.07864068618950934	0.02832319537453039	9.520601741646546	7.146085864009181	1.0472424897290624	0	0	0	-0.7667848666311718	0	28.312357251102586	-80.76249824062863	0	1046.7594389681096
4.7	4.7671321747275135	4.7671321747275135	4.7671321747275135	0.09031157642325405	0.07864068618950405	0.028323195374531526	9.520601741646544	7.146085864009302	1.0472424897290522	0	0	0	-0.7667988070089341	0	28.31235894649584	-80.77631458723087	0	1046.7751636897365
4.8	4.7671321747275135	4.7671321747275135	4.7671321747275135	0.09031157642325408	0.07864068618950255	0.02832319537453183	9.520601741646542	7.146085864009336	1.0472424897290493	0	0	0	-0.7668103298622845	0	28.31236106624689	-80.7877353987581	0	1046.7878770141485
4.9	4.7671321747275135	4.7671321747275135	4.7671321747275135	0.09031157642325367	0.07864068618951575	0.028323195374529878	9.520601741646553	7.146085864009033	1.047242489729067	0	0	0	-0.7668205849864177	0	28.31236637710419	-80.79718647195891	0	1046.7981797709044
5	4.7671321747275135	4.7671321747275135	4.7671321747275135	0.0903115764232538	0.07864068618951187	0.028323195374530773	9.52060174164655	7.146085864009122	1.0472424897290586	0	0	0	-0.7668278974532048	0	28.31236711253464	-80.80503634037288	0	1046.806569757944
5.1	4.7671321747275135	4.7671321747275135	4.7671321747275135	0.09031157642325381	0.07864068618951131	0.02832319537453092	9.520601741646551	7.146085864009135	1.0472424897290575	0	0	0	-0.7668340503871409	0	28.312368386454864	-80.81151354834881	0	1046.8133514556987
5.2	4.7671321747275135	4.7671321747275135	4.7671321747275135	0.09031157642325353	0.07864068618952011	0.028323195374529424	9.520601741646558	7.146085864008932	1.047242489729071	0	0	0	-0.7668397101139872	0	28.31237173748289	-80.81686328695636	0	1046.8188447853256
5.3	4.7671321747275135	4.7671321747275135	4.7671321747275135	0.09031157642325358	0.07864068618951728	0.028323195374530145	9.520601741646557	7.146085864008998	1.0472424897290644	0	0	0	-0.7668435168186508	0	28.312371988750787	-80.82130613995588	0	1046.8233230856843
5.4	4.7671321747275135	4.7671321747275135	4.7671321747275135	0.09031157642325356	0.07864068618951722	0.02832319537453018	9.520601741646558	7.146085864008998	1.0472424897290642	0	0	0	-0.7668468156304359	0	28.312372775282014	-80.8249654197605	0	1046.826941475785
5.5	4.767132174727513	4.767132174727513	4.767132174727513	0.09031157642325342	0.07864068618952307	0.028323195374529046	9.52060174164656	7.146085864008864	1.0472424897290742	0	0	0	-0.7668499704212037	0	28.312374894399316	-80.82798196484855	0	1046.8298708025156
5.6	4.7671321747275135	4.7671321747275135	4.7671321747275135	0.0903115764232535	0.07864068618952104	0.02832319537452961	9.520601741646558	7.146085864008911	1.047242489729069	0	0	0	-0.766851929872953	0	28.31237491742913	-80.83048817221244	0	1046.8322622007674
5.7	4.7671321747275135	4.7671321747275135	4.7671321747275135	0.0903115764232535	0.07864068618952125	0.028323195374529583	9.52060174164656	7.146085864008906	1.0472424897290695	0	0	0	-0.7668537106229631	0	28.31237541944176	-80.83254828835827	0	1046.8341931460145
5.8	4.767132174727513	4.767132174727513	4.767132174727513	0.09031157642325337	0.07864068618952509	0.02832319537452873	9.520601741646562	7.146085864008818	1.047242489729077	0	0	0	-0.7668554890100595	0	28.312376761566465	-80.83424331866095	0	1046.8357553386095
5.9	4.7671321747275135	4.7671321747275135	4.7671321747275135	0.0903115764232534	0.07864068618952358	0.028323195374529143	9.520601741646562	7.146085864008852	1.0472424897290737	0	0	0	-0.766856480595444	0	28.312376689570186	-80.83565301173886	0	1046.8370329379081
6	4.7671321747275135	4.7671321747275135	4.7671321747275135	0.09031157642325341	0.07864068618952387	0.028323195374529073	9.520601741646562	7.146085864008845	1.0472424897290744	0	0	0	-0.7668574524825851	0	28.312377021950095	-80.83680913787495	0	1046.8380634981693
6.1	4.7671321747275135	4.7671321747275135	4.7671321747275135	0.09031157642325337	0.07864068618952091	0.02832319537453	9.520601741646564	7.146085864008914	1.0472424897290655	0	0	0	-0.7668578414823659	0	28.312376449499826	-80.83777585612347	0	1046.8389108700874
6.2	4.767132174727513	4.767132174727513	4.767132174727513	0.09031157642325346	0.07864068618950529	0.028323195374534336	9.520601741646557	7.146085864009273	1.0472424897290258	0	0	0	-0.7668566823404569	0	28.312372598434084	-80.83861163799097	0	1046.839630542138
6.3	4.7671321747275135	4.7671321747275135	4.7671321747275135	0.09031157642325358	0.07864068618949192	0.028323195374538007	9.520601741646555	7.146085864009581	1.0472424897289923	0	0	0	-0.7668556764565374	0	28.312369301724047	-80.83929863719486	0	1046.840213063121
6.4	4.7671321747275135	4.7671321747275135	4.7671321747275135	0.09031157642325355	0.07864068618949607	0.028323195374536838	9.520601741646555	7.1460858640094855	1.0472424897290027	0	0	0	-0.7668565656351453	0	28.31237048699676	-80.83981793278858	0	1046.8406480841281
6.5	4.7671321747275135	4.7671321747275135	4.7671321747275135	0.09031157642325337	0.0786406861895135	0.028323195374532123	9.52060174164656	7.146085864009084	1.047242489729046	0	0	0	-0.7668588366797461	0	28.31237506318493	-80.84020750409687	0	1046.8409697834325
6.6	4.7671321747275135	4.7671321747275135	4.7671321747275135	0.09031157642325326	0.078640686189511	0.028323195374533133	9.520601741646562	7.146085864009141	1.0472424897290369	0	0	0	-0.7668586945763568	0	28.312374463763476	-80.84058097535876	0	1046.8412712298216
6.7	4.7671321747275135	4.7671321747275135	4.7671321747275135	0.09031157642325323	0.07864068618951157	0.028323195374533018	9.520601741646564	7.146085864009129	1.0472424897290378	0	0	0	-0.76685895895884	0	28.312374669282946	-80.84087777858487	0	1046.8415088679737
6.8	4.7671321747275135	4.7671321747275135	4.7671321747275135	0.0903115764232532	0.07864068618952043	0.028323195374530437	9.520601741646566	7.146085864008925	1.0472424897290613	0	0	0	-0.7668601936456275	0	28.312377014675345	-80.84109584722277	0	1046.8416818853123
6.9	4.7671321747275135	4.7671321747275135	4.7671321747275135	0.0903115764232531	0.07864068618951837	0.028323195374531214	9.52060174164657	7.146085864008972	1.0472424897290542	0	0	0	-0.766860013570907	0	28.312376508657213	-80.84130646969476	0	1046.8418446817452
7	4.7671321747275135	4.7671321747275135	4.7671321747275135	0.09031157642325312	0.0786406861895199	0.028323195374530742	9.52060174164657	7.1460858640089375	1.0472424897290584	0	0	0	-0.7668603236672782	0	28.312376944368463	-80.84146740608563	0	1046.8419686676318
7.1	4.7671321747275135	4.7671321747275135	4.7671321747275135	0.09031157642325319	0.07864068618952423	0.028323195374529424	9.52060174164657	7.146085864008839	1.0472424897290709	0	0	0	-0.7668609692293853	0	28.3123781037305	-80.84158980926911	0	1046.8420620654108
7.2	4.7671321747275135	4.7671321747275135	4.7671321747275135	0.09031157642325312	0.07864068618952283	0.02832319537452997	9.52060174164657	7.14608586400887	1.0472424897290653	0	0	0	-0.7668608189679446	0	28.312377748084202	-80.841708192581	0	1046.842149864675
7.3	4.7671321747275135	4.7671321747275135	4.7671321747275135	0.09031157642325316	0.0786406861895245	0.028323195374529406	9.52060174164657	7.146085864008833	1.0472424897290709	0	0	0	-0.7668611156944338	0	28.312378210990637	-80.8417943513703	0	1046.842214021855
7.4	4.767132174727513	4.767132174727513	4.767132174727513	0.09031157642325319	0.07864068618952637	0.028323195374528792	9.52060174164657	7.146085864008789	1.0472424897290764	0	0	0	-0.7668614179555354	0	28.312378722816543	-80.84186379891534	0	1046.8422649789345
7.5	4.7671321747275135	4.7671321747275135	4.7671321747275135	0.09031157642325315	0.07864068618952551	0.028323195374529157	9.52060174164657	7.146085864008809	1.047242489729073	0	0	0	-0.7668613125298013	0	28.312378498336464	-80.84193006332626	0	1046.8423122346553
7.6	4.767132174727513	4.767132174727513	4.767132174727513	0.09031157642325317	0.07864068618952684	0.028323195374528657	9.52060174164657	7.146085864008778	1.0472424897290775	0	0	0	-0.7668615506876498	0	28.31237887311716	-80.84197592846644	0	1046.8423453697797
7.7	4.7671321747275135	4.7671321747275135	4.7671321747275135	0.09031157642325323	0.0786406861895276	0.0283231953745284	9.52060174164657	7.146085864008762	1.0472424897290802	0	0	0	-0.7668616810452807	0	28.312379081049734	-80.84201540660976	0	1046.8423732395777
7.8	4.7671321747275135	4.7671321747275135	4.7671321747275135	0.09031157642325321	0.07864068618952708	0.028323195374528598	9.52060174164657	7.146085864008774	1.0472424897290782	0	0	0	-0.7668616153242036	0	28.31237895106822	-80.84205230820082	0	1046.8423986009939
7.9	4.767132174727514	4.767132174727514	4.767132174727514	0.09031157642325324	0.07864068618952805	0.028323195374528237	9.52060174164657	7.146085864008753	1.0472424897290817	0	0	0	-0.766861787699664	0	28.312379217583114	-80.84207665098543	0	1046.8424157177071
8	4.7671321747275135	4.7671321747275135	4.7671321747275135	0.09031157642325319	0.07864068618952834	0.028323195374528157	9.52060174164657	7.146085864008744	1.0472424897290822	0	0	0	-0.7668618373663665	0	28.312379291680998	-80.84209909450941	0	1046.8424309735121
8.1	4.7671321747275135	4.7671321747275135	4.7671321747275135	0.09031157642325316	0.07864068618952809	0.028323195374528275	9.520601741646571	7.146085864008751	1.0472424897290815	0	0	0	-0.7668618008034604	0	28.312379222941022	-80.84211951316442	0	1046.8424445313103
8.2	4.7671321747275135	4.7671321747275135	4.7671321747275135	0.09031157642325313	0.07864068618952784	0.028323195374528404	9.520601741646571	7.146085864008757	1.0472424897290802	0	0	0	-0.7668617607987502	0	28.312379159841463	-80.84213654961128	0	1046.842455616591
8.3	4.7671321747275135	4.7671321747275135	4.7671321747275135	0.09031157642325241	0.07864068618952029	0.028323195374531696	9.520601741646587	7.146085864008929	1.04724248972905	0	0	0	-0.7668604289715227	0	28.312377127204666	-80.8421847883946	0	1046.8424831282202
8.4	4.7671321747275135	4.7671321747275135	4.7671321747275135	0.09031157642325138	0.07864068618950933	0.028323195374536467	9.520601741646617	7.146085864009181	1.0472424897290058	0	0	0	-0.7668584949094733	0	28.312374171843633	-80.84224648801846	0	1046.8425176067437
8.5	4.7671321747275135	4.7671321747275135	4.7671321747275135	0.09031157642325065	0.0786406861895016	0.02832319537453982	9.520601741646633	7.146085864009359	1.047242489728975	0	0	0	-0.7668571351814893	0	28.31237208812048	-80.842291064853	0	1046.8425426089964
8.6	4.7671321747275135	4.7671321747275135	4.7671321747275135	0.09031157642325087	0.07864068618950373	0.028323195374538868	9.52060174164663	7.14608586400931	1.0472424897289836	0	0	0	-0.7668575263564581	0	28.312372670397327	-80.84228793526844	0	1046.8425416918137
8.7	4.7671321747275135	4.7671321747275135	4.7671321747275135	0.09031157642325217	0.07864068618951753	0.028323195374532876	9.520601741646596	7.146085864008993	1.047242489729039	0	0	0	-0.7668599699590916	0	28.31237639510042	-80.84222953702972	0	1046.8425106794928
8.8	4.7671321747275135	4.7671321747275135	4.7671321747275135	0.09031157642325228	0.07864068618951958	0.028323195374532158	9.52060174164659	7.146085864008945	1.0472424897290455	0	0	0	-0.7668602676975744	0	28.312376921739926	-80.84222659474845	0	1046.8425087841417
8.9	4.7671321747275135	4.7671321747275135	4.7671321747275135	0.09031157642325223	0.07864068618951926	0.028323195374532366	9.520601741646596	7.146085864008952	1.0472424897290435	0	0	0	-0.7668601878168299	0	28.312376830609022	-80.84223269771935	0	1046.8425120752488
9	4.7671321747275135	4.7671321747275135	4.7671321747275135	0.09031157642325277	0.0786406861895247	0.028323195374529896	9.52060174164658	7.146085864008827	1.0472424897290664	0	0	0	-0.766861192000212	0	28.31237831374255	-80.84220953028967	0	1046.8425002432393
9.1	4.7671321747275135	4.7671321747275135	4.7671321747275135	0.09031157642325269	0.07864068618952469	0.028323195374529958	9.520601741646582	7.146085864008827	1.0472424897290658	0	0	0	-0.7668611612448542	0	28.312378300987255	-80.84221303499393	0	1046.8425019746749
9.2	4.7671321747275135	4.7671321747275135	4.7671321747275135	0.09031157642325276	0.07864068618952541	0.028323195374529632	9.52060174164658	7.146085864008811	1.0472424897290689	0	0	0	-0.7668612946328994	0	28.312378496300447	-80.84221172092002	0	1046.8425014631573
9.3	4.7671321747275135	4.7671321747275135	4.7671321747275135	0.090311576423253	0.07864068618952741	0.028323195374528688	9.520601741646573	7.146085864008764	1.0472424897290775	0	0	0	-0.7668616795685734	0	28.312379049128747	-80.84220338595301	0	1046.842497377668
9.4	4.7671321747275135	4.7671321747275135	4.7671321747275135	0.09031157642325298	0.07864068618952717	0.028323195374528834	9.520601741646574	7.1460858640087705	1.0472424897290764	0	0	0	-0.7668616211553088	0	28.3123789791415	-80.84220640679851	0	1046.8424988930406
9.5	4.7671321747275135	4.7671321747275135	4.7671321747275135	0.09031157642325308	0.07864068618952798	0.02832319537452844	9.520601741646573	7.146085864008752	1.0472424897290797	0	0	0	-0.7668617834591597	0	28.31237920297015	-80.84220333940137	0	1046.842497509097
9.6	4.7671321747275135	4.7671321747275135	4.7671321747275135	0.09031157642325316	0.0786406861895285	0.02832319537452819	9.52060174164657	7.14608586400874	1.0472424897290822	0	0	0	-0.7668618883576646	0	28.312379351547342	-80.84220156911334	0	1046.8424966954326
9.7	4.7671321747275135	4.7671321747275135	4.7671321747275135	0.09031157642325315	0.07864068618952835	0.02832319537452826	9.52060174164657	7.146085864008743	1.0472424897290815	0	0	0	-0.766861858491509	0	28.312379314945733	-80.84220317017896	0	1046.8424974986192
9.8	4.7671321747275135	4.7671321747275135	4.7671321747275135	0.09031157642325321	0.07864068618952887	0.028323195374528005	9.52060174164657	7.1460858640087315	1.0472424897290837	0	0	0	-0.7668619644896	0	28.3123794563502	-80.84220104106794	0	1046.8424965574566
9.9	4.7671321747275135	4.7671321747275135	4.7671321747275135	0.09031157642325323	0.07864068618952898	0.028323195374527967	9.52060174164657	7.146085864008729	1.0472424897290844	0	0	0	-0.7668619848718851	0	28.31237948586171	-80.84220105028959	0	1046.842496588182
10	4.7671321747275135	4.7671321747275135	4.7671321747275135	0.09031157642325324	0.07864068618952896	0.028323195374527984	9.520601741646567	7.146085864008729	1.0472424897290842	0	0	0	-0.7668619787901779	0	28.31237947886832	-80.84220165734295	0	1046.8424969010302
10.1	4.7671321747275135	4.7671321747275135	4.7671321747275135	0.09031157642325326	0.07864068618952921	0.02832319537452785	9.520601741646567	7.1460858640087235	1.0472424897290855	0	0	0	-0.7668620324655829	0	28.31237954855204	-80.84220060763846	0	1046.8424964536928
10.2	4.7671321747275135	4.7671321747275135	4.7671321747275135	0.09031157642325324	0.07864068618952923	0.028323195374527845	9.520601741646567	7.146085864008723	1.0472424897290853	0	0	0	-0.7668620323371383	0	28.31237954943846	-80.84220091138367	0	1046.8424966092014
10.3	4.7671321747275135	4.7671321747275135	4.7671321747275135	0.09031157642325324	0.07864068618952925	0.02832319537452783	9.520601741646567	7.146085864008722	1.0472424897290855	0	0	0	-0.7668620376977984	0	28.31237955638809	-80.84220101515778	0	1046.8424966772884
10.4	4.7671321747275135	4.7671321747275135	4.7671321747275135	0.09031157642325238	0.07864068618952673	0.02832319537452927	9.52060174164659	7.146085864008779	1.0472424897290722	0	0	0	-0.7668614424059499	0	28.312378828338577	-80.84221692864799	0	1046.8425035638209
10.5	4.767132174727513	4.767132174727513	4.767132174727513	0.09031157642324997	0.07864068618951961	0.02832319537453334	9.520601741646653	7.146085864008943	1.0472424897290344	0	0	0	-0.7668597585434798	0	28.31237676622741	-80.8422615371094	0	1046.8425228503854
10.6	4.767132174727513	4.767132174727513	4.767132174727513	0.09031157642324704	0.07864068618951096	0.028323195374538288	9.52060174164673	7.146085864009143	1.0472424897289887	0	0	0	-0.7668577142206701	0	28.312374261632012	-80.84231562821839	0	1046.8425462393625
10.7	4.7671321747275135	4.7671321747275135	4.7671321747275135	0.09031157642324464	0.07864068618950389	0.02832319537454233	9.520601741646793	7.146085864009305	1.0472424897289514	0	0	0	-0.7668560454375826	0	28.31237221580715	-80.84235978140508	0	1046.842565343031
10.8	4.7671321747275135	4.7671321747275135	4.7671321747275135	0.09031157642324385	0.07864068618950151	0.028323195374543673	9.520601741646814	7.14608586400936	1.0472424897289387	0	0	0	-0.7668554881942803	0	28.31237153000759	-80.8423745760996	0	1046.842571773671
10.9	4.7671321747275135	4.7671321747275135	4.7671321747275135	0.0903115764232457	0.07864068618950695	0.028323195374540543	9.520601741646765	7.146085864009235	1.047242489728968	0	0	0	-0.7668567784908249	0	28.31237310548809	-80.84234059173203	0	1046.842557143561
11	4.7671321747275135	4.7671321747275135	4.7671321747275135	0.09031157642324998	0.07864068618951965	0.028323195374533285	9.520601741646653	7.146085864008943	1.0472424897290349	0	0	0	-0.7668597806967893	0	28.31237678311583	-80.84226141423265	0	1046.8425229364373
11.1	4.7671321747275135	4.7671321747275135	4.7671321747275135	0.09031157642325102	0.07864068618952297	0.028323195374531526	9.520601741646624	7.146085864008867	1.047242489729051	0	0	0	-0.7668605192647988	0	28.312377716363436	-80.84224197791495	0	1046.8425142721883
11.2	4.7671321747275135	4.7671321747275135	4.7671321747275135	0.09031157642325148	0.07864068618952436	0.028323195374530742	9.520601741646614	7.146085864008835	1.0472424897290584	0	0	0	-0.7668608438549305	0	28.31237812000862	-80.84223345337263	0	1046.842510534691
11.3	4.7671321747275135	4.7671321747275135	4.7671321747275135	0.09031157642325247	0.07864068618952721	0.028323195374529063	9.520601741646585	7.146085864008768	1.047242489729074	0	0	0	-0.7668615319842155	0	28.31237895151834	-80.84221532200083	0	1046.8425028108334
11.4	4.7671321747275135	4.7671321747275135	4.7671321747275135	0.09031157642325255	0.07864068618952755	0.028323195374528928	9.520601741646585	7.146085864008762	1.0472424897290753	0	0	0	-0.7668615920047794	0	28.31237903133664	-80.84221376634662	0	1046.8425020811824
11.5	4.767132174727513	4.767132174727513	4.767132174727513	0.0903115764232529	0.07864068618952846	0.02832319537452834	9.520601741646574	7.1460858640087395	1.0472424897290806	0	0	0	-0.7668618300350428	0	28.31237931353313	-80.842207503925	0	1046.8424994655363
11.6	4.7671321747275135	4.7671321747275135	4.7671321747275135	0.09031157642325305	0.07864068618952884	0.028323195374528112	9.520601741646573	7.146085864008733	1.0472424897290828	0	0	0	-0.7668619222541079	0	28.312379424785362	-80.84220508786483	0	1046.8424984388826
11.7	4.7671321747275135	4.7671321747275135	4.7671321747275135	0.0903115764232531	0.07864068618952894	0.028323195374528046	9.520601741646571	7.14608586400873	1.0472424897290835	0	0	0	-0.766861947098236	0	28.312379455017027	-80.84220444701556	0	1046.8424981647192
11.8	4.7671321747275135	4.7671321747275135	4.7671321747275135	0.09031157642325319	0.07864068618952923	0.028323195374527866	9.520601741646567	7.146085864008724	1.047242489729085	0	0	0	-0.7668620229433413	0	28.31237954333859	-80.84220245644967	0	1046.8424973485621
11.9	4.7671321747275135	4.7671321747275135	4.7671321747275135	0.0903115764232532	0.07864068618952925	0.02832319537452784	9.52060174164657	7.146085864008723	1.0472424897290855	0	0	0	-0.7668620309104965	0	28.312379553277626	-80.84220225650824	0	1046.8424972607966
12	4.767132174727514	4.767132174727514	4.767132174727514	0.09031157642325323	0.07864068618952934	0.02832319537452779	9.52060174164657	7.146085864008721	1.0472424897290862	0	0	0	-0.7668620531522795	0	28.312379578811584	-80.84220167714763	0	1046.8424970270978
12.1	4.7671321747275135	4.7671321747275135	4.7671321747275135	0.09031157642325326	0.0786406861895294	0.02832319537452776	9.52060174164657	7.146085864008719	1.0472424897290862	0	0	0	-0.7668620644243569	0	28.31237959189502	-80.84220138573716	0	1046.8424969085208
12.2	4.7671321747275135	4.7671321747275135	4.7671321747275135	0.09031157642325326	0.07864068618952941	0.02832319537452776	9.520601741646567	7.146085864008719	1.0472424897290862	0	0	0	-0.7668620663494409	0	28.312379594207343	-80.84220134004096	0	1046.8424968895815
12.3	4.7671321747275135	4.7671321747275135	4.7671321747275135	0.09031157642325326	0.07864068618952941	0.028323195374527738	9.520601741646567	7.146085864008719	1.0472424897290862	0	0	0	-0.766862074408697	0	28.31237960328101	-80.84220113158175	0	1046.8424968072968
12.4	4.7671321747275135	4.7671321747275135	4.7671321747275135	0.09031157642325328	0.07864068618952941	0.028323195374527734	9.520601741646566	7.146085864008718	1.0472424897290864	0	0	0	-0.7668620754771769	0	28.31237960453449	-80.84220110708016	0	1046.8424967974202
12.5	4.767132174727513	4.767132174727513	4.767132174727513	0.0903115764232535	0.0786406861895291	0.028323195374527738	9.52060174164656	7.146085864008724	1.0472424897290862	0	0	0	-0.7668620455589356	0	28.3123795720319	-80.84220190062982	0	1046.8424971012696
12.6	4.767132174727514	4.767132174727514	4.767132174727514	0.0903115764232594	0.07864068618952086	0.028323195374527994	9.520601741646402	7.146085864008915	1.047242489729084	0	0	0	-0.7668612398492753	0	28.31237869519868	-80.84222319355752	0	1046.8425052605708
12.7	4.7671321747275135	4.7671321747275135	4.7671321747275135	0.09031157642327124	0.0786406861895043	0.028323195374528504	9.520601741646088	7.1460858640092955	1.0472424897290793	0	0	0	-0.7668596169281311	0	28.312376928854746	-80.84226608047535	0	1046.842521695738
12.8	4.7671321747275135	4.7671321747275135	4.7671321747275135	0.09031157642328637	0.07864068618948314	0.028323195374529164	9.520601741645685	7.146085864009783	1.0472424897290735	0	0	0	-0.7668575437287185	0	28.31237467226801	-80.84232086536619	0	1046.8425426919796
12.9	4.7671321747275135	4.7671321747275135	4.7671321747275135	0.0903115764233021	0.0786406861894611	0.02832319537452984	9.520601741645265	7.1460858640102884	1.0472424897290675	0	0	0	-0.766855387184253	0	28.312372324706345	-80.8423778522129	0	1046.842564534504
13	4.7671321747275135	4.7671321747275135	4.7671321747275135	0.09031157642331576	0.07864068618944198	0.028323195374530433	9.520601741644901	7.146085864010729	1.047242489729062	0	0	0	-0.7668535142279506	0	28.31237028543764	-80.84242734499837	0	1046.8425835085193
13.1	4.7671321747275135	4.7671321747275135	4.7671321747275135	0.0903115764233247	0.07864068618942949	0.028323195374530822	9.520601741644665	7.146085864011017	1.0472424897290586	0	0	0	-0.7668522917930269	0	28.312368953729795	-80.84245964770541	0	1046.8425958992345
13.2	4.7671321747275135	4.7671321747275135	4.7671321747275135	0.09031157642332623	0.07864068618942734	0.02832319537453088	9.520601741644624	7.146085864011066	1.047242489729058	0	0	0	-0.7668520868126979	0	28.312368728850686	-80.84246506431693	0	1046.8425979918577
13.3	4.7671321747275135	4.7671321747275135	4.7671321747275135	0.09031157642331766	0.07864068618943931	0.0283231953745305	9.520601741644851	7.146085864010791	1.0472424897290615	0	0	0	-0.766853266220179	0	28.312370010068204	-80.84243389881576	0	1046.842586071597
13.4	4.7671321747275135	4.7671321747275135	4.7671321747275135	0.09031157642329635	0.07864068618946915	0.028323195374529566	9.52060174164542	7.146085864010104	1.04724248972907	0	0	0	-0.7668561969486861	0	28.312373196650235	-80.84235645518478	0	1046.8425564236613
13.5	4.767132174727514	4.767132174727514	4.767132174727514	0.09031157642327008	0.07864068618950591	0.028323195374528435	9.520601741646121	7.14608586400926	1.0472424897290802	0	0	0	-0.7668597946418152	0	28.31237711407618	-80.84226138853445	0	1046.8425199756434
13.6	4.7671321747275135	4.7671321747275135	4.7671321747275135	0.09031157642326243	0.0786406861895166	0.02832319537452815	9.520601741646324	7.146085864009013	1.0472424897290828	0	0	0	-0.7668608158575415	0	28.31237823734674	-80.84223440669994	0	1046.8425095242017
13.7	4.7671321747275135	4.7671321747275135	4.7671321747275135	0.09031157642325745	0.07864068618952359	0.028323195374527918	9.520601741646457	7.146085864008853	1.047242489729085	0	0	0	-0.7668615039069099	0	28.312378984655453	-80.84221622540392	0	1046.8425025713766
13.8	4.7671321747275135	4.7671321747275135	4.7671321747275135	0.0903115764232553	0.07864068618952663	0.028323195374527824	9.520601741646514	7.146085864008782	1.0472424897290857	0	0	0	-0.766861799169123	0	28.3123793061901	-80.84220842400458	0	1046.8424995799123
13.9	4.7671321747275135	4.7671321747275135	4.7671321747275135	0.09031157642325432	0.07864068618952798	0.028323195374527776	9.520601741646539	7.146085864008752	1.047242489729086	0	0	0	-0.7668619325213756	0	28.312379450692866	-80.84220490044653	0	1046.842498235602
14	4.7671321747275135	4.7671321747275135	4.7671321747275135	0.09031157642325374	0.0786406861895288	0.02832319537452775	9.520601741646555	7.146085864008733	1.0472424897290864	0	0	0	-0.7668620167464199	0	28.312379541578785	-80.84220267460451	0	1046.8424973901706
14.1	4.7671321747275135	4.7671321747275135	4.7671321747275135	0.09031157642325358	0.07864068618952907	0.028323195374527745	9.52060174164656	7.146085864008728	1.0472424897290864	0	0	0	-0.7668620422963924	0	28.31237956925915	-80.84220199941399	0	1046.8424971327645
14.2	4.767132174727514	4.767132174727514	4.767132174727514	0.09031157642325338	0.0786406861895293	0.02832319537452773	9.520601741646564	7.1460858640087235	1.0472424897290864	0	0	0	-0.7668620655611003	0	28.312379594146993	-80.84220138466081	0	1046.8424969013147
14.3	4.7671321747275135	4.7671321747275135	4.7671321747275135	0.09031157642325333	0.07864068618952935	0.02832319537452772	9.520601741646566	7.146085864008722	1.0472424897290864	0	0	0	-0.7668620713197223	0	28.312379600366224	-80.84220123256891	0	1046.842496843508
14.4	4.7671321747275135	4.7671321747275135	4.7671321747275135	0.09031157642325328	0.07864068618952941	0.028323195374527724	9.520601741646566	7.14608586400872	1.0472424897290864	0	0	0	-0.7668620768603929	0	28.312379606257206	-80.8422010861974	0	1046.8424967887286
14.5	4.7671321747275135	4.7671321747275135	4.7671321747275135	0.0903115764232533	0.07864068618952941	0.028323195374527724	9.520601741646566	7.14608586400872	1.0472424897290864	0	0	0	-0.766862078412657	0	28.31237960792182	-80.84220104523071	0	1046.8424967732603
14.6	4.7671321747275135	4.7671321747275135	4.7671321747275135	0.09031157642325327	0.07864068618952942	0.028323195374527724	9.520601741646566	7.14608586400872	1.0472424897290864	0	0	0	-0.766862079575599	0	28.31237960915283	-80.84220101454147	0	1046.8424967618234
14.7	4.7671321747275135	4.7671321747275135	4.7671321747275135	0.09031157642325327	0.07864068618952942	0.028323195374527724	9.520601741646566	7.14608586400872	1.0472424897290864	0	0	0	-0.7668620800223847	0	28.31237960962768	-80.8422010027707	0	1046.8424967574183
14.8	4.7671321747275135	4.7671321747275135	4.7671321747275135	0.09031157642325587	0.07864068618952598	0.028323195374527682	9.520601741646496	7.146085864008799	1.047242489729087	0	0	0	-0.7668620483110026	0	28.31237957689885	-80.8422018411742	0	1046.8424970618491
14.9	4.7671321747275135	4.7671321747275135	4.7671321747275135	0.09031157642330795	0.07864068618945633	0.028323195374526773	9.520601741645107	7.1460858640103995	1.0472424897290957	0	0	0	-0.7668614051226127	0	28.312378912962007	-80.84221884548815	0	1046.8425032373455
15	4.7671321747275135	4.7671321747275135	4.7671321747275135	0.09031157642341621	0.07864068618931164	0.028323195374524886	9.52060174164222	7.146085864013726	1.0472424897291148	0	0	0	-0.7668600685486474	0	28.31237753324673	-80.84225418116483	0	1046.8425160705249
15.1	4.7671321747275135	4.7671321747275135	4.7671321747275135	0.09031157642356635	0.07864068618911098	0.028323195374522273	9.520601741638217	7.146085864018339	1.0472424897291406	0	0	0	-0.7668582152807931	0	28.3123756201224	-80.84230317691652	0	1046.8425338651127
15.2	4.7671321747275135	4.7671321747275135	4.7671321747275135	0.09031157642374406	0.07864068618887352	0.02832319537451918	9.520601741633477	7.1460858640237985	1.0472424897291717	0	0	0	-0.7668560220107367	0	28.312373355958425	-80.84236116145546	0	1046.8425549248352
15.3	4.7671321747275135	4.7671321747275135	4.7671321747275135	0.09031157642393497	0.07864068618861833	0.028323195374515844	9.520601741628385	7.146085864029664	1.0472424897292048	0	0	0	-0.7668536654301643	0	28.312370923124178	-80.84242346349392	0	1046.8425775534176
15.4	4.7671321747275135	4.7671321747275135	4.7671321747275135	0.09031157642412485	0.07864068618836458	0.028323195374512534	9.520601741623322	7.146085864035499	1.0472424897292378	0	0	0	-0.766851322230763	0	28.312368503989077	-80.84248541174415	0	1046.8426000545858
15.5	4.7671321747275135	4.7671321747275135	4.7671321747275135	0.09031157642429935	0.07864068618813133	0.02832319537450948	9.520601741618668	7.14608586404086	1.0472424897292683	0	0	0	-0.7668491691042191	0	28.3123662809225	-80.84254233491839	0	1046.8426207320651
15.6	4.7671321747275135	4.7671321747275135	4.7671321747275135	0.09031157642444418	0.07864068618793776	0.02832319537450694	9.520601741614804	7.146085864045311	1.0472424897292933	0	0	0	-0.7668473827422193	0	28.31236443629384	-80.84258956172893	0	1046.8426378895813
15.7	4.7671321747275135	4.7671321747275135	4.7671321747275135	0.09031157642454503	0.07864068618780297	0.028323195374505162	9.520601741612113	7.14608586404841	1.0472424897293113	0	0	0	-0.7668461398364503	0	28.312363152472496	-80.842622420888	0	1046.8426498308602
15.8	4.7671321747275135	4.7671321747275135	4.7671321747275135	0.0903115764245876	0.07864068618774607	0.028323195374504388	9.520601741610978	7.146085864049717	1.0472424897293189	0	0	0	-0.7668456170785989	0	28.312362611827858	-80.84263624110788	0	1046.842654859627
15.9	4.7671321747275135	4.7671321747275135	4.7671321747275135	0.09031157642455757	0.07864068618778619	0.028323195374504874	9.520601741611781	7.146085864048795	1.0472424897293138	0	0	0	-0.7668459911603511	0	28.312362996729323	-80.8426263511008	0	1046.8426512796075
16	4.7671321747275135	4.7671321747275135	4.7671321747275135	0.09031157642444065	0.07864068618794244	0.028323195374506862	9.520601741614897	7.146085864045202	1.047242489729294	0	0	0	-0.7668474387733942	0	28.312364489546283	-80.84258807957904	0	1046.8426373945279
16.1	4.7671321747275135	4.7671321747275135	4.7671321747275135	0.09031157642422252	0.07864068618823397	0.028323195374510605	9.520601741620716	7.1460858640385005	1.0472424897292567	0	0	0	-0.7668501366094146	0	28.312367272648128	-80.84251675525486	0	1046.842611508113
16.2	4.7671321747275135	4.7671321747275135	4.7671321747275135	0.09031157642388889	0.07864068618867986	0.028323195374516354	9.520601741629612	7.146085864028248	1.0472424897291992	0	0	0	-0.7668542613600987	0	28.312371528404256	-80.84240770684049	0	1046.842571924089
16.3	4.7671321747275135	4.7671321747275135	4.7671321747275135	0.09031157642351922	0.07864068618917394	0.02832319537452289	9.52060174163947	7.14608586401689	1.0472424897291341	0	0	0	-0.7668588150664452	0	28.312376232618355	-80.84228731920128	0	1046.8425281685
16.4	4.7671321747275135	4.7671321747275135	4.7671321747275135	0.0903115764234535	0.07864068618926193	0.028323195374524733	9.520601741641226	7.146085864014868	1.0472424897291162	0	0	0	-0.7668595630436784	0	28.312377027761702	-80.84226754983241	0	1046.8425207713256
16.5	4.7671321747275135	4.7671321747275135	4.7671321747275135	0.09031157642342127	0.078640686189305	0.028323195374525434	9.520601741642084	7.146085864013877	1.0472424897291095	0	0	0	-0.7668599482962687	0	28.31237743003622	-80.84225736581519	0	1046.8425170293206
16.6	4.7671321747275135	4.7671321747275135	4.7671321747275135	0.09031157642332939	0.07864068618942777	0.028323195374526745	9.520601741644535	7.146085864011056	1.0472424897290962	0	0	0	-0.7668611077385352	0	28.312378617734566	-80.84222671105519	0	1046.8425059825843
16.7	4.7671321747275135	4.7671321747275135	4.7671321747275135	0.09031157642332518	0.07864068618943341	0.028323195374527002	9.520601741644647	7.146085864010924	1.0472424897290937	0	0	0	-0.7668611400202952	0	28.31237865796412	-80.84222585925811	0	1046.84250560799
16.8	4.7671321747275135	4.7671321747275135	4.7671321747275135	0.09031157642329446	0.07864068618947444	0.028323195374527318	9.520601741645468	7.146085864009983	1.0472424897290906	0	0	0	-0.7668615410599117	0	28.31237906422293	-80.84221525526499	0	1046.842501829708
16.9	4.7671321747275135	4.7671321747275135	4.7671321747275135	0.09031157642327829	0.078640686189496	0.028323195374527547	9.520601741645896	7.1460858640094855	1.0472424897290884	0	0	0	-0.7668617464343648	0	28.312379274057683	-80.84220982504598	0	1046.8424998781509
17	4.7671321747275135	4.7671321747275135	4.7671321747275135	0.09031157642327733	0.0786406861894973	0.028323195374527606	9.520601741645924	7.146085864009456	1.047242489729088	0	0	0	-0.7668617542473511	0	28.31237928351932	-80.8422096184744	0	1046.842499790111
17.1	4.7671321747275135	4.7671321747275135	4.7671321747275135	0.09031157642326408	0.07864068618951502	0.028323195374527675	9.520601741646278	7.14608586400905	1.047242489729087	0	0	0	-0.7668619337626515	0	28.31237946329482	-80.84220487115002	0	1046.842498118283
17.2	4.7671321747275135	4.7671321747275135	4.7671321747275135	0.0903115764232622	0.07864068618951747	0.028323195374527717	9.520601741646328	7.146085864008994	1.0472424897290866	0	0	0	-0.7668619561263467	0	28.312379486575786	-80.84220427987808	0	1046.8424979017786
17.3	4.7671321747275135	4.7671321747275135	4.7671321747275135	0.09031157642325986	0.0786406861895206	0.028323195374527727	9.52060174164639	7.146085864008922	1.0472424897290864	0	0	0	-0.7668619880908535	0	28.31237951849146	-80.84220343450667	0	1046.8424976049887
17.4	4.7671321747275135	4.7671321747275135	4.7671321747275135	0.0903115764232565	0.07864068618952509	0.028323195374527738	9.52060174164648	7.1460858640088185	1.0472424897290862	0	0	0	-0.7668620345749244	0	28.312379564720757	-80.84220220521244	0	1046.842497175093
17.5	4.7671321747275135	4.7671321747275135	4.7671321747275135	0.09031157642325642	0.07864068618952523	0.02832319537452776	9.520601741646482	7.146085864008816	1.047242489729086	0	0	0	-0.7668620347444635	0	28.312379565148824	-80.84220220085943	0	1046.8424971711243
17.6	4.7671321747275135	4.7671321747275135	4.7671321747275135	0.09031157642325488	0.07864068618952727	0.02832319537452774	9.520601741646523	7.146085864008769	1.047242489729086	0	0	0	-0.7668620569389699	0	28.31237958696962	-80.84220161380239	0	1046.8424969682296
17.7	4.7671321747275135	4.7671321747275135	4.7671321747275135	0.09031157642325437	0.07864068618952796	0.028323195374527734	9.520601741646537	7.146085864008752	1.047242489729086	0	0	0	-0.7668620641451567	0	28.312379594145472	-80.8422014231645	0	1046.8424969015643
17.8	4.7671321747275135	4.7671321747275135	4.7671321747275135	0.09031157642325427	0.0786406861895281	0.028323195374527734	9.52060174164654	7.146085864008749	1.0472424897290862	0	0	0	-0.7668620653953507	0	28.312379595414768	-80.84220139005579	0	1046.8424968897937
17.9	4.7671321747275135	4.7671321747275135	4.7671321747275135	0.09031157642327901	0.07864068618949559	0.028323195374528137	9.520601741645882	7.146085864009497	1.0472424897290826	0	0	0	-0.7668616795930434	0	28.3123792242316	-80.84221159592441	0	1046.8425003407729
18	4.7671321747275135	4.7671321747275135	4.7671321747275135	0.0903115764233667	0.07864068618938026	0.028323195374529535	9.520601741643542	7.146085864012147	1.0472424897290704	0	0	0	-0.7668603127684489	0	28.31237790883274	-80.84224775342017	0	1046.842512570513
18.1	4.7671321747275135	4.7671321747275135	4.7671321747275135	0.09031157642348737	0.07864068618922158	0.028323195374531453	9.520601741640325	7.146085864015796	1.0472424897290538	0	0	0	-0.7668584325793548	0	28.312376099235767	-80.8422974912884	0	1046.8425293950284
18.2	4.7671321747275135	4.7671321747275135	4.7671321747275135	0.09031157642360894	0.07864068618906171	0.02832319537453338	9.52060174163708	7.146085864019471	1.0472424897290369	0	0	0	-0.7668565390224634	0	28.312374276586887	-80.84234758279345	0	1046.842546340913
18.3	4.7671321747275135	4.7671321747275135	4.7671321747275135	0.09031157642369936	0.07864068618894281	0.0283231953745348	9.52060174163467	7.146085864022204	1.0472424897290245	0	0	0	-0.766855132094477	0	28.312372922032313	-80.84238480119966	0	1046.8425589347605
18.4	4.7671321747275135	4.7671321747275135	4.7671321747275135	0.09031157642372654	0.07864068618890707	0.028323195374535204	9.520601741633943	7.146085864023027	1.047242489729021	0	0	0	-0.766854711792098	0	28.31237251671827	-80.84239591977135	0	1046.8425627031654
18.5	4.7671321747275135	4.7671321747275135	4.7671321747275135	0.09031157642365845	0.07864068618899663	0.02832319537453408	9.52060174163576	7.146085864020966	1.0472424897290307	0	0	0	-0.7668557781120288	0	28.312373541790965	-80.84236771177288	0	1046.8425531727214
18.6	4.7671321747275135	4.7671321747275135	4.7671321747275135	0.09031157642346599	0.0786406861892497	0.028323195374530968	9.520601741640892	7.1460858640151494	1.0472424897290582	0	0	0	-0.7668587834367901	0	28.312376432688044	-80.84228821005303	0	1046.8425262949859
18.7	4.767132174727513	4.767132174727513	4.767132174727513	0.09031157642335082	0.0786406861894011	0.028323195374529302	9.520601741643963	7.146085864011668	1.0472424897290726	0	0	0	-0.7668605562616828	0	28.31237814394054	-80.84224131332945	0	1046.8425103844545
18.8	4.7671321747275135	4.7671321747275135	4.7671321747275135	0.09031157642332925	0.07864068618942943	0.02832319537452912	9.520601741644539	7.146085864011017	1.0472424897290742	0	0	0	-0.7668608720057678	0	28.31237845253592	-80.84223296132615	0	1046.8425075150185
18.9	4.7671321747275135	4.7671321747275135	4.7671321747275135	0.09031157642328538	0.07864068618948715	0.028323195374528317	9.52060174164571	7.14608586400969	1.0472424897290815	0	0	0	-0.7668615696471772	0	28.312379120784406	-80.8422145054164	0	1046.8425013022857
19	4.7671321747275135	4.7671321747275135	4.7671321747275135	0.09031157642327493	0.0786406861895009	0.02832319537452818	9.52060174164599	7.1460858640093745	1.0472424897290824	0	0	0	-0.7668617292769903	0	28.312379275188047	-80.84221028287925	0	1046.8424998667301
19.1	4.7671321747275135	4.7671321747275135	4.7671321747275135	0.09031157642326536	0.07864068618951352	0.028323195374527987	9.520601741646246	7.146085864009082	1.047242489729084	0	0	0	-0.7668618839272681	0	28.312379422838646	-80.84220619152066	0	1046.8424984940148
19.2	4.7671321747275135	4.7671321747275135	4.7671321747275135	0.09031157642325933	0.07864068618952147	0.028323195374527863	9.520601741646406	7.146085864008901	1.0472424897290853	0	0	0	-0.7668619806462244	0	28.312379515213753	-80.84220363316824	0	1046.842497635192
19.3	4.7671321747275135	4.7671321747275135	4.7671321747275135	0.09031157642325788	0.07864068618952337	0.028323195374527838	9.520601741646445	7.146085864008858	1.0472424897290853	0	0	0	-0.766862003233622	0	28.31237953691367	-80.84220303591752	0	1046.8424974334446
19.4	4.7671321747275135	4.7671321747275135	4.7671321747275135	0.09031157642325517	0.07864068618952695	0.028323195374527772	9.520601741646516	7.146085864008776	1.047242489729086	0	0	0	-0.7668620486738337	0	28.312379579978735	-80.84220183342237	0	1046.8424970330623
19.5	4.7671321747275135	4.7671321747275135	4.7671321747275135	0.09031157642325464	0.07864068618952763	0.02832319537452777	9.520601741646532	7.14608586400876	1.047242489729086	0	0	0	-0.7668620569406615	0	28.312379587904672	-80.8422016144352	0	1046.8424969593118
19.6	4.7671321747275135	4.7671321747275135	4.7671321747275135	0.09031157642325396	0.07864068618952852	0.028323195374527748	9.52060174164655	7.1460858640087395	1.0472424897290862	0	0	0	-0.7668620686970441	0	28.31237959899933	-80.84220130319265	0	1046.8424968561733
19.7	4.7671321747275135	4.7671321747275135	4.7671321747275135	0.09031157642325364	0.07864068618952894	0.02832319537452775	9.520601741646557	7.14608586400873	1.0472424897290862	0	0	0	-0.7668620738575419	0	28.31237960388898	-80.8422011663929	0	1046.842496810726
19.8	4.7671321747275135	4.7671321747275135	4.7671321747275135	0.09031157642325355	0.07864068618952909	0.028323195374527745	9.52060174164656	7.146085864008728	1.0472424897290864	0	0	0	-0.7668620757123717	0	28.312379605643656	-80.84220111714203	0	1046.8424967944238
19.9	4.767132174727513	4.767132174727513	4.767132174727513	0.0903115764232534	0.07864068618952928	0.02832319537452774	9.520601741646564	7.1460858640087235	1.0472424897290864	0	0	0	-0.7668620784706722	0	28.31237960822386	-80.84220104420211	0	1046.842496770473
20	4.7671321747275135	4.7671321747275135	4.7671321747275135	0.09031157642325337	0.07864068618952928	0.02832319537452775	9.520601741646566	7.1460858640087235	1.0472424897290864	0	0	0	-0.7668620789233718	0	28.312379608647415	-80.84220103230578	0	1046.842496766575
20.1	4.7671321747275135	4.7671321747275135	4.7671321747275135	0.0903115764232636	0.07864068618951435	0.02832319537453043	9.52060174164629	7.146085864009065	1.0472424897290613	0	0	0	-0.7668619314105054	0	28.312379471313943	-80.8422049355665	0	1046.8424980431637
20.2	4.7671321747275135	4.7671321747275135	4.7671321747275135	0.09031157642333128	0.0786406861894155	0.0283231953745482	9.520601741644482	7.146085864011338	1.047242489728896	0	0	0	-0.7668609539250111	0	28.312378561231167	-80.84223080046877	0	1046.842506502832
20.3	4.7671321747275135	4.7671321747275135	4.7671321747275135	0.09031157642344687	0.0786406861892467	0.028323195374578544	9.520601741641395	7.14608586401522	1.0472424897286143	0	0	0	-0.7668592851193851	0	28.31237700747166	-80.84227495819827	0	1046.8425209457964
20.4	4.7671321747275135	4.7671321747275135	4.7671321747275135	0.0903115764235921	0.07864068618903455	0.02832319537461667	9.520601741637511	7.146085864020097	1.04724248972826	0	0	0	-0.7668571879052382	0	28.312375054800064	-80.84233045193317	0	1046.8425390968516
20.5	4.7671321747275135	4.7671321747275135	4.7671321747275135	0.09031157642374885	0.07864068618880564	0.028323195374657807	9.520601741633321	7.146085864025359	1.0472424897278776	0	0	0	-0.7668549251941812	0	28.312372947981007	-80.84239032485162	0	1046.8425586807932
20.6	4.7671321747275135	4.7671321747275135	4.7671321747275135	0.09031157642389888	0.07864068618858652	0.028323195374697175	9.520601741629312	7.146085864030397	1.0472424897275119	0	0	0	-0.7668527598978251	0	28.31237093177913	-80.84244762013185	0	1046.8425774224163
20.7	4.7671321747275135	4.7671321747275135	4.7671321747275135	0.09031157642402401	0.0786406861884038	0.028323195374729996	9.520601741625967	7.146085864034598	1.047242489727207	0	0	0	-0.7668509549277804	0	28.312369250959065	-80.84249538095199	0	1046.8425930465155
20.8	4.7671321747275135	4.7671321747275135	4.7671321747275135	0.09031157642410606	0.07864068618828404	0.028323195374751486	9.520601741623775	7.146085864037351	1.047242489727007	0	0	0	-0.766849773195658	0	28.312368150285437	-80.84252665049024	0	1046.8426032778866
20.9	4.7671321747275135	4.7671321747275135	4.7671321747275135	0.0903115764241268	0.07864068618825384	0.028323195374756867	9.520601741623219	7.146085864038045	1.047242489726957	0	0	0	-0.7668494776130685	0	28.31236787452289	-80.84253447192475	0	1046.8426058413243
21	4.7671321747275135	4.7671321747275135	4.7671321747275135	0.09031157642406804	0.07864068618833976	0.02832319537474136	9.52060174162479	7.14608586403607	1.047242489727101	0	0	0	-0.766850331091623	0	28.31236866843605	-80.84251188843373	0	1046.842598461624
21.1	4.7671321747275135	4.7671321747275135	4.7671321747275135	0.09031157642391159	0.07864068618856841	0.028323195374700186	9.52060174162897	7.146085864030813	1.0472424897274837	0	0	0	-0.7668525965429319	0	28.312370776789553	-80.84245194319533	0	1046.8425788635807
21.2	4.7671321747275135	4.7671321747275135	4.7671321747275135	0.09031157642363927	0.07864068618896634	0.028323195374628567	9.520601741636254	7.146085864021663	1.0472424897281492	0	0	0	-0.7668565368786063	0	28.312374444348034	-80.84234767938774	0	1046.8425447719894
21.3	4.7671321747275135	4.7671321747275135	4.7671321747275135	0.09031157642339865	0.0786406861893175	0.0283231953745656	9.520601741642684	7.146085864013591	1.0472424897287342	0	0	0	-0.7668599992188172	0	28.31237766968224	-80.84225606456107	0	1046.8425147908129
21.4	4.7671321747275135	4.7671321747275135	4.7671321747275135	0.09031157642333185	0.07864068618941449	0.028323195374548468	9.52060174164447	7.146085864011361	1.0472424897288939	0	0	0	-0.7668609392052851	0	28.312378548340366	-80.84223119319851	0	1046.8425066229272
21.5	4.7671321747275135	4.7671321747275135	4.7671321747275135	0.0903115764232839	0.07864068618948464	0.028323195374535797	9.520601741645748	7.146085864009748	1.0472424897290116	0	0	0	-0.766861636689598	0	28.31237919706317	-80.84221273688308	0	1046.8425005927345
21.6	4.7671321747275135	4.7671321747275135	4.7671321747275135	0.0903115764232691	0.0786406861895062	0.028323195374531953	9.520601741646146	7.146085864009252	1.0472424897290473	0	0	0	-0.7668618480626518	0	28.312379394210723	-80.84220714368722	0	1046.8424987600145
21.7	4.7671321747275135	4.7671321747275135	4.7671321747275135	0.0903115764232598	0.07864068618951986	0.02832319537452947	9.520601741646393	7.146085864008938	1.0472424897290704	0	0	0	-0.7668619848660843	0	28.312379521270397	-80.84220352347961	0	1046.8424975788917
21.8	4.7671321747275135	4.7671321747275135	4.7671321747275135	0.09031157642325645	0.07864068618952477	0.028323195374528584	9.520601741646482	7.146085864008826	1.0472424897290786	0	0	0	-0.7668620335099788	0	28.312379566531796	-80.8422022361316	0	1046.842497158126
21.9	4.7671321747275135	4.7671321747275135	4.7671321747275135	0.09031157642325467	0.07864068618952738	0.028323195374528102	9.52060174164653	7.146085864008765	1.047242489729083	0	0	0	-0.7668620597210876	0	28.312379590851993	-80.84220154223047	0	1046.842496932013
22	4.7671321747275135	4.7671321747275135	4.7671321747275135	0.0903115764232539	0.07864068618952852	0.028323195374527894	9.52060174164655	7.1460858640087395	1.0472424897290848	0	0	0	-0.7668620709972931	0	28.312379601307555	-80.84220124390339	0	1046.8424968347708
22.1	4.767132174727513	4.767132174727513	4.767132174727513	0.09031157642325356	0.078640686189529	0.028323195374527807	9.520601741646558	7.146085864008729	1.0472424897290857	0	0	0	-0.7668620759603901	0	28.31237960591384	-80.84220111235467	0	1046.8424967919736
22.2	4.7671321747275135	4.7671321747275135	4.7671321747275135	0.09031157642325341	0.07864068618952924	0.028323195374527762	9.520601741646564	7.1460858640087235	1.0472424897290862	0	0	0	-0.7668620785518857	0	28.31237960832067	-80.84220104341716	0	1046.8424967696349
22.3	4.7671321747275135	4.7671321747275135	4.7671321747275135	0.09031157642325335	0.07864068618952934	0.02832319537452774	9.520601741646564	7.146085864008722	1.0472424897290864	0	0	0	-0.7668620794916723	0	28.312379609193805	-80.84220101825427	0	1046.8424967615256
22.4	4.7671321747275135	4.7671321747275135	4.7671321747275135	0.0903115764232533	0.0786406861895294	0.028323195374527734	9.520601741646566	7.146085864008719	1.0472424897290864	0	0	0	-0.76686208008472	0	28.312379609743374	-80.84220100231778	0	1046.8424967564122
22.5	4.7671321747275135	4.7671321747275135	4.7671321747275135	0.09031157642325328	0.07864068618952944	0.028323195374527734	9.520601741646566	7.146085864008719	1.0472424897290864	0	0	0	-0.7668620802651428	0	28.312379609909964	-80.84220099734945	0	1046.8424967548476
22.6	4.7671321747275135	4.7671321747275135	4.7671321747275135	0.09031157642327997	0.07864068618946614	0.028323195374535502	9.520601741645851	7.146085864010174	1.0472424897290153	0	0	0	-0.766861773269349	0	28.31237933090109	-80.84220912203295	0	1046.8424993479603
22.7	4.7671321747275135	4.7671321747275135	4.7671321747275135	0.09031157642335526	0.07864068618928749	0.02832319537455744	9.520601741643839	7.146085864014281	1.0472424897288148	0	0	0	-0.7668609066355785	0	28.312378543264998	-80.84223205791638	0	1046.8425066683099
22.8	4.7671321747275135	4.7671321747275135	4.7671321747275135	0.09031157642346789	0.07864068618902026	0.028323195374590247	9.520601741640828	7.1460858640204235	1.0472424897285149	0	0	0	-0.7668596104472308	0	28.31237736522122	-80.8422663622584	0	1046.842517617154
22.9	4.767132174727513	4.767132174727513	4.767132174727513	0.09031157642360653	0.07864068618869134	0.02832319537463062	9.520601741637119	7.146085864027983	1.0472424897281454	0	0	0	-0.7668580149809557	0	28.312375915164935	-80.84230858720323	0	1046.8425310941184
23	4.7671321747275135	4.7671321747275135	4.7671321747275135	0.09031157642375988	0.07864068618832756	0.02832319537467527	9.520601741633019	7.146085864036344	1.0472424897277373	0	0	0	-0.7668562505134031	0	28.31237431149132	-80.84235528489512	0	1046.8425459988282
23.1	4.7671321747275135	4.7671321747275135	4.7671321747275135	0.0903115764239166	0.07864068618795575	0.02832319537472089	9.520601741628827	7.146085864044892	1.0472424897273198	0	0	0	-0.7668544473212224	0	28.31237267259555	-80.84240300747827	0	1046.8425612309088
23.2	4.767132174727514	4.767132174727514	4.767132174727514	0.09031157642406543	0.07864068618760277	0.028323195374764173	9.52060174162485	7.1460858640530045	1.047242489726924	0	0	0	-0.7668527356810642	0	28.31237111687281	-80.84244830709686	0	1046.8425756899858
23.3	4.7671321747275135	4.7671321747275135	4.7671321747275135	0.09031157642419498	0.07864068618729544	0.028323195374801838	9.520601741621384	7.146085864060067	1.0472424897265795	0	0	0	-0.7668512458695775	0	28.312369762718262	-80.84248773589512	0	1046.8425882756842
23.4	4.7671321747275135	4.7671321747275135	4.7671321747275135	0.09031157642429398	0.07864068618706065	0.028323195374830565	9.520601741618735	7.146085864065463	1.0472424897263166	0	0	0	-0.7668501081634127	0	28.312368728527094	-80.8425178460173	0	1046.84259788763
23.5	4.7671321747275135	4.7671321747275135	4.7671321747275135	0.0903115764243511	0.07864068618692521	0.02832319537484707	9.520601741617208	7.146085864068576	1.0472424897261656	0	0	0	-0.7668494528392196	0	28.312368132694484	-80.84253518960757	0	1046.8426034254485
23.6	4.7671321747275135	4.7671321747275135	4.7671321747275135	0.09031157642435506	0.078640686186916	0.028323195374848044	9.520601741617103	7.1460858640687865	1.0472424897261565	0	0	0	-0.7668494101736477	0	28.312368093615596	-80.84253631881018	0	1046.8426037887648
23.7	4.7671321747275135	4.7671321747275135	4.7671321747275135	0.0903115764242945	0.07864068618705983	0.02832319537483019	9.520601741618721	7.146085864065479	1.0472424897263197	0	0	0	-0.7668501104433472	0	28.31236872968562	-80.84251778576932	0	1046.8425978772045
23.8	4.7671321747275135	4.7671321747275135	4.7671321747275135	0.09031157642415814	0.07864068618738355	0.028323195374790215	9.520601741622366	7.146085864058038	1.0472424897266852	0	0	0	-0.7668516839249678	0	28.312370159299725	-80.84247614262922	0	1046.842584590393
23.9	4.7671321747275135	4.7671321747275135	4.7671321747275135	0.09031157642393464	0.07864068618791402	0.028323195374724802	9.520601741628345	7.146085864045842	1.0472424897272832	0	0	0	-0.7668542608951593	0	28.31237250085309	-80.84240794153409	0	1046.8425628279558
24	4.7671321747275135	4.7671321747275135	4.7671321747275135	0.0903115764236127	0.07864068618867807	0.028323195374630673	9.520601741636952	7.146085864028279	1.047242489728144	0	0	0	-0.7668579716305716	0	28.312375872740887	-80.84230973462813	0	1046.8425314895183
