0	4.7671321747275135	4.7671321747275135	4.7671321747275135	0.09031157642325327	0.07864068618952942	0.028323195374527724	9.520601741646566	7.146085864008718	1.0472424897290866	0	0	0	0	0	0	0	0	0
0.1	4.767132174727513	4.767132174727513	4.767132174727513	0.09031157642325327	0.07864068618952941	0.028323195374527724	9.520601741646566	7.146085864008718	1.0472424897290866	0	0	0	410486790706251e-20	0	0	4961750837551761e-20	0	0
0.2	4.7671321747275135	4.7671321747275135	4.7671321747275135	0.09031157642325327	0.07864068618952942	0.028323195374527724	9.520601741646566	7.146085864008718	1.0472424897290866	0	0	0	5548079991243549e-21	0	0	0.00013995562117422505	0	0
0.3	4.7671321747275135	4.7671321747275135	4.7671321747275135	0.09031157642325326	0.07864068618952942	0.028323195374527724	9.520601741646566	7.146085864008718	1.0472424897290866	0	0	0	6055762575962926e-21	0	0	0.00023073697145719992	0	0
0.4	4.7671321747275135	4.7671321747275135	4.7671321747275135	0.09031157642325324	0.07864068618952942	0.028323195374527724	9.520601741646566	7.146085864008718	1.0472424897290866	0	0	0	6234194040031544e-21	0	0	0.00031045482190504787	0	0
0.5	4.767132174727514	4.767132174727514	4.767132174727514	0.09031157642325326	0.07864068618952944	0.028323195374527724	9.520601741646566	7.146085864008718	1.0472424897290866	0	0	0	6297122176932475e-21	0	0	0.00037718636993858265	0	0
0.6	4.7671321747275135	4.7671321747275135	4.7671321747275135	0.09031157642325326	0.07864068618952945	0.028323195374527727	9.520601741646566	7.146085864008718	1.0472424897290866	0	0	0	6319360465235556e-21	0	0	0.0004319928002678818	0	0
0.7	4.7671321747275135	4.7671321747275135	4.7671321747275135	0.09031157642325326	0.07864068618952944	0.028323195374527724	9.520601741646566	7.146085864008718	1.0472424897290866	0	0	0	6327322917519739e-21	0	0	0.0004766456285425955	0	-12957568607999864e-22
0.8	4.7671321747275135	4.7671321747275135	4.7671321747275135	0.09031157642325327	0.07864068618952942	0.028323195374527724	9.520601741646566	7.146085864008718	1.0472424897290866	0	0	0	63303078957700865e-22	0	0	0.0005129060376571447	0	-16204313124623812e-22
0.9	4.7671321747275135	4.7671321747275135	4.7671321747275135	0.09031157642325327	0.07864068618952944	0.028323195374527724	9.520601741646566	7.146085864008718	1.0472424897290866	0	0	0	6331486121178145e-21	0	0	0.000542301734592149	0	-19344047596163533e-22
1	4.7671321747275135	4.7671321747275135	4.7671321747275135	0.09031157642325327	0.07864068618952941	0.028323195374527724	9.520601741646566	7.146085864008718	1.0472424897290866	0	0	0	63320270910454855e-22	0	0	0.0005661289269759842	0	-22300708972572696e-22
1.1	4.7671321747275135	4.7671321747275135	4.7671321747275135	0.09031157642325327	0.07864068618952942	0.028323195374527724	9.520601741646566	7.146085864008719	1.0472424897290866	0	0	0	6332359546664143e-21	0	0	0.000585418060653989	0	-25033637762161517e-22
1.2	4.7671321747275135	4.7671321747275135	4.7671321747275135	0.0903115764232533	0.07864068618952935	0.028323195374527724	9.520601741646566	7.14608586400872	1.0472424897290864	0	0	0	6332489566850679e-21	0	0	0.0006010880486924537	0	-27516826266850774e-22
1.3	4.7671321747275135	4.7671321747275135	4.7671321747275135	0.09031157642325337	0.07864068618952927	0.028323195374527727	9.520601741646564	7.1460858640087235	1.0472424897290864	0	0	0	6332497239875474e-21	0	0	0.0006137543074960653	0	-29751573870905957e-22
1.4	4.7671321747275135	4.7671321747275135	4.7671321747275135	0.09031157642325337	0.07864068618952925	0.028323195374527727	9.520601741646564	7.146085864008723	1.0472424897290864	0	0	0	6332643726890337e-21	0	0	0.0006239727314708566	0	-31743222168864657e-22
1.5	4.7671321747275135	4.7671321747275135	4.7671321747275135	0.09031157642325333	0.07864068618952935	0.028323195374527724	9.520601741646566	7.146085864008721	1.0472424897290864	0	0	0	6332986269694369e-21	0	0	0.0006322760469913202	0	-3349930404580253e-21
1.6	4.7671321747275135	4.7671321747275135	4.7671321747275135	0.0903115764232533	0.07864068618952934	0.028323195374527717	9.520601741646566	7.14608586400872	1.0472424897290864	0	0	0	6333091801094964e-21	0	0	0.0006390125074072786	0	-35038833657483554e-22
1.7	4.7671321747275135	4.7671321747275135	4.7671321747275135	0.0903115764232533	0.07864068618952932	0.028323195374527713	9.520601741646566	7.14608586400872	1.0472424897290866	0	0	0	63331967711718105e-22	0	0	0.0006444561338563821	0	-3638088188612877e-21
1.8	4.7671321747275135	4.7671321747275135	4.7671321747275135	0.0903115764232533	0.07864068618952932	0.028323195374527717	9.520601741646566	7.146085864008721	1.0472424897290868	0	0	0	63332487177618945e-22	0	0	0.0006488817355599999	0	-3754563354036487e-21
1.9	4.767132174727513	4.767132174727513	4.767132174727513	0.09031157642325337	0.07864068618952909	0.028323195374527693	9.52060174164656	7.146085864008726	1.0472424897290868	0	0	0	6332813041129151e-21	0	0	0.0006524859402989956	0	-3855361136949988e-21
2	4.7671321747275135	4.7671321747275135	4.7671321747275135	0.09031157642325345	0.0786406861895289	0.02832319537452767	9.52060174164656	7.1460858640087315	1.047242489729087	0	0	0	6332390845091051e-21	0	0	0.0006553930359215525	0	-3942015076045835e-21
2.1	4.7671321747275135	4.7671321747275135	4.7671321747275135	0.09031157642325345	0.07864068618952891	0.028323195374527675	9.52060174164656	7.146085864008731	1.0472424897290873	0	0	0	6332524799730209e-21	0	0	0.0006577257538684755	0	-40160384054701995e-22
2.2	4.7671321747275135	4.7671321747275135	4.7671321747275135	0.09031157642325335	0.07864068618952921	0.028323195374527706	9.520601741646562	7.1460858640087235	1.0472424897290868	0	0	0	6333285676741844e-21	0	0	0.0006596098800452069	0	-4079103630055461e-21
2.3	4.7671321747275135	4.7671321747275135	4.7671321747275135	0.09031157642325328	0.07864068618952931	0.02832319537452772	9.520601741646564	7.146085864008722	1.0472424897290868	0	0	0	6333539026882464e-21	0	0	0.0006611475529995402	0	-4133043894814584e-21
2.4	4.7671321747275135	4.7671321747275135	4.7671321747275135	0.09031157642325327	0.07864068618952938	0.028323195374527724	9.520601741646566	7.14608586400872	1.0472424897290866	0	0	0	6333722179196936e-21	0	0	0.0006623935686701731	0	-4178875371657123e-21
2.5	4.7671321747275135	4.7671321747275135	4.7671321747275135	0.09031157642325328	0.07864068618952941	0.028323195374527727	9.520601741646566	7.146085864008719	1.0472424897290864	0	0	0	6333833577696595e-21	0	0	0.0006634052581455641	0	-4217788247072514e-21
2.6	4.7671321747275135	4.7671321747275135	4.7671321747275135	0.09031157642325327	0.07864068618952942	0.028323195374527724	9.520601741646566	7.146085864008719	1.0472424897290864	0	0	0	6333888209371074e-21	0	0	0.000664225038481185	0	-4250734476526063e-21
2.7	4.7671321747275135	4.7671321747275135	4.7671321747275135	0.09031157642325327	0.07864068618952941	0.028323195374527724	9.520601741646566	7.146085864008719	1.0472424897290864	0	0	0	63339399185183145e-22	0	0	0.0006648901293201198	0	-4278583102740376e-21
2.8	4.7671321747275135	4.7671321747275135	4.7671321747275135	0.09031157642325328	0.0786406861895294	0.028323195374527724	9.520601741646566	7.146085864008719	1.0472424897290862	0	0	0	6333966522555857e-21	0	0	0.0006654289429593889	0	-4302076365168897e-21
2.9	4.7671321747275135	4.7671321747275135	4.7671321747275135	0.09031157642325326	0.07864068618952941	0.028323195374527724	9.520601741646566	7.146085864008718	1.0472424897290862	0	0	0	6333991276829801e-21	0	0	0.0006658658756711867	0	-4321867166911112e-21
3	4.7671321747275135	4.7671321747275135	4.7671321747275135	0.09031157642325327	0.07864068618952941	0.028323195374527724	9.520601741646566	7.146085864008719	1.0472424897290862	0	0	0	6334008005617345e-21	0	0	0.0006662200327451822	0	-4338513725681264e-21
3.1	4.7671321747275135	4.7671321747275135	4.7671321747275135	0.09031157642325327	0.07864068618952941	0.028323195374527724	9.520601741646566	7.146085864008719	1.0472424897290862	0	0	0	6334021851596334e-21	0	0	0.000666506968658649	0	-4352492464329476e-21
3.2	4.7671321747275135	4.7671321747275135	4.7671321747275135	0.09031157642325327	0.07864068618952941	0.028323195374527724	9.520601741646566	7.146085864008719	1.0472424897290864	0	0	0	6334032974923523e-21	0	0	0.0006667397571125907	0	-4364224022033702e-21
3.3	4.7671321747275135	4.7671321747275135	4.7671321747275135	0.09031157642325327	0.07864068618952941	0.028323195374527724	9.520601741646566	7.146085864008719	1.0472424897290864	0	0	0	6334041915369261e-21	0	0	0.0006669282248783734	0	-4374047576671575e-21
3.4	4.7671321747275135	4.7671321747275135	4.7671321747275135	0.09031157642325327	0.07864068618952941	0.028323195374527724	9.520601741646566	7.146085864008719	1.0472424897290864	0	0	0	6334049459190156e-21	0	0	0.0006670812039280083	0	-438227534143767e-20
3.5	4.7671321747275135	4.7671321747275135	4.7671321747275135	0.09031157642325327	0.07864068618952941	0.028323195374527724	9.520601741646566	7.146085864008719	1.0472424897290864	0	0	0	6334055595251801e-21	0	0	0.0006672050682289403	0	-4389150167066779e-21
3.6	4.7671321747275135	4.7671321747275135	4.7671321747275135	0.0903115764232539	0.07864068618952877	0.02832319537452772	9.520601741646548	7.146085864008733	1.0472424897290864	0	0	0	6334059063303948e-21	0	0	0.0006673058898736296	0	-4394911481496672e-21
3.7	4.7671321747275135	4.7671321747275135	4.7671321747275135	0.0903115764232566	0.07864068618952602	0.02832319537452771	9.520601741646477	7.146085864008796	1.0472424897290864	0	0	0	6334056239825514e-21	0	0	0.0006673884005631283	0	-43997618801898e-19
3.8	4.7671321747275135	4.7671321747275135	4.7671321747275135	0.09031157642326035	0.0786406861895222	0.028323195374527703	9.520601741646376	7.146085864008885	1.0472424897290864	0	0	0	63340498343791734e-22	0	0	0.0006674550812810694	0	-4403808597626343e-21
3.9	4.7671321747275135	4.7671321747275135	4.7671321747275135	0.09031157642326405	0.07864068618951843	0.028323195374527696	9.520601741646278	7.146085864008972	1.0472424897290866	0	0	0	6334042962054083e-21	0	0	0.0006675083228160534	0	-4407154553155305e-21
4	4.7671321747275135	4.7671321747275135	4.7671321747275135	0.09031157642326655	0.07864068618951589	0.028323195374527686	9.52060174164621	7.14608586400903	1.0472424897290866	0	0	0	6334038737939395e-21	0	0	0.0006675505159566802	0	-4409902666125687e-21
4.1	4.7671321747275135	4.7671321747275135	4.7671321747275135	0.09031157642326675	0.07864068618951571	0.028323195374527686	9.520601741646205	7.146085864009035	1.0472424897290868	0	0	0	6334040277124267e-21	0	0	0.0006675840514915498	0	-4412155855886495e-21
4.2	4.7671321747275135	4.7671321747275135	4.7671321747275135	0.09031157642326344	0.07864068618951907	0.028323195374527696	9.520601741646294	7.146085864008957	1.0472424897290866	0	0	0	6334050694697852e-21	0	0	0.0006676113202092621	0	-4414017041786731e-21
4.3	4.7671321747275135	4.7671321747275135	4.7671321747275135	0.09031157642326261	0.0786406861895199	0.02832319537452769	9.520601741646315	7.146085864008938	1.0472424897290866	0	0	0	6334054226591603e-21	0	0	0.0006676348100744482	0	-44156084679861835e-22
4.4	4.767132174727513	4.767132174727513	4.767132174727513	0.0903115764232879	0.07864068618949398	0.028323195374527575	9.520601741645642	7.146085864009534	1.0472424897290877	0	0	0	63339875963597215e-22	0	0	0.0006676559592370035	0	-441705504486657e-20
4.5	4.7671321747275135	4.7671321747275135	4.7671321747275135	0.09031157642331854	0.0786406861894626	0.028323195374527432	9.520601741644827	7.1460858640102565	1.0472424897290888	0	0	0	6333906524642443e-21	0	0	0.0006676737629401723	0	-4418294872956301e-21
4.6	4.7671321747275135	4.7671321747275135	4.7671321747275135	0.09031157642332811	0.07864068618945277	0.02832319537452739	9.520601741644573	7.146085864010481	1.0472424897290893	0	0	0	6333881691828697e-21	0	0	0.0006676870300962028	0	-44192468572411655e-22
4.7	4.7671321747275135	4.7671321747275135	4.7671321747275135	0.09031157642329513	0.07864068618948658	0.028323195374527543	9.520601741645452	7.146085864009704	1.047242489729088	0	0	0	63339707713946485e-22	0	0	0.0006676949108223003	0	-4419853103230796e-21
4.8	4.7671321747275135	4.7671321747275135	4.7671321747275135	0.09031157642330209	0.0786406861894794	0.028323195374527422	9.520601741645265	7.146085864009868	1.047242489729089	0	0	0	6333951852507263e-21	0	0	0.0006677037800209254	0	-4420541356368612e-21
4.9	4.7671321747275135	4.7671321747275135	4.7671321747275135	0.09031157642333404	0.07864068618944668	0.028323195374527176	9.52060174164441	7.1460858640106215	1.0472424897290913	0	0	0	6333865834411719e-21	0	0	0.0006677128386354272	0	-4421237206330706e-21
5	4.7671321747275135	4.7671321747275135	4.7671321747275135	0.09031157642331952	0.07864068618946157	0.028323195374527283	9.520601741644798	7.14608586401028	1.0472424897290904	0	0	0	633390547806543e-20	0	0	0.0006677172616550012	0	-4421590327648151e-21
5.1	4.7671321747275135	4.7671321747275135	4.7671321747275135	0.0903115764233044	0.07864068618947702	0.02832319537452731	9.520601741645203	7.146085864009925	1.0472424897290902	0	0	0	63339458077016426e-22	0	0	0.0006677206492497525	0	-44218913900520166e-22
5.2	4.7671321747275135	4.7671321747275135	4.7671321747275135	0.09031157642334409	0.07864068618943619	0.028323195374526895	9.520601741644144	7.146085864010863	1.0472424897290937	0	0	0	6333837190139201e-21	0	0	0.00066772715538186	0	-4422439191537086e-21
5.3	4.7671321747275135	4.7671321747275135	4.7671321747275135	0.0903115764233507	0.0786406861894294	0.028323195374526832	9.520601741643967	7.1460858640110185	1.0472424897290944	0	0	0	6333819332109522e-21	0	0	0.0006677305538521917	0	-4422723647858346e-21
5.4	4.7671321747275135	4.7671321747275135	4.7671321747275135	0.09031157642331018	0.07864068618947102	0.02832319537452717	9.520601741645049	7.146085864010063	1.0472424897290915	0	0	0	6333929525495197e-21	0	0	0.0006677299990432036	0	-44226967409251265e-22
5.5	4.7671321747275135	4.7671321747275135	4.7671321747275135	0.09031157642335146	0.07864068618942867	0.028323195374526627	9.520601741643947	7.146085864011035	1.0472424897290964	0	0	0	6333815047638383e-21	0	0	0.0006677349761968392	0	-4423165868357792e-21
5.6	4.7671321747275135	4.7671321747275135	4.7671321747275135	0.09031157642338175	0.0786406861893976	0.028323195374526267	9.520601741643139	7.146085864011749	1.0472424897290997	0	0	0	63337315560426995e-22	0	0	0.0006677387591831132	0	-4423512650469569e-21
5.7	4.7671321747275135	4.7671321747275135	4.7671321747275135	0.09031157642332337	0.0786406861894575	0.02832319537452693	9.520601741644697	7.146085864010372	1.0472424897290937	0	0	0	6333892426575258e-21	0	0	0.0006677357459930733	0	-442323535592404e-20
5.8	4.7671321747275135	4.7671321747275135	4.7671321747275135	0.09031157642334055	0.07864068618943994	0.02832319537452657	9.52060174164424	7.146085864010778	1.047242489729097	0	0	0	6333843171617423e-21	0	0	0.0006677380869661533	0	-4423495260797146e-21
5.9	4.7671321747275135	4.7671321747275135	4.7671321747275135	0.09031157642337849	0.078640686189401	0.028323195374526006	9.520601741643226	7.146085864011673	1.047242489729102	0	0	0	6333737036194731e-21	0	0	0.000667741744898049	0	-4423868558149249e-21
6	4.7671321747275135	4.7671321747275135	4.7671321747275135	0.09031157642332838	0.07864068618945241	0.0283231953745267	9.520601741644562	7.14608586401049	1.0472424897290957	0	0	0	6333876774543002e-21	0	0	0.0006677387036882653	0	-4423556382519996e-21
6.1	4.7671321747275135	4.7671321747275135	4.7671321747275135	0.09031157642332141	0.07864068618945955	0.0283231953745267	9.52060174164475	7.146085864010326	1.0472424897290957	0	0	0	63338945805927095e-22	0	0	0.0006677387798311397	0	-44235930491395774e-22
6.2	4.7671321747275135	4.7671321747275135	4.7671321747275135	0.09031157642334961	0.07864068618943057	0.028323195374526218	9.520601741643997	7.146085864010992	1.0472424897291004	0	0	0	6333814425065256e-21	0	0	0.0006677413574999419	0	-44238832498275095e-22
6.3	4.7671321747275135	4.7671321747275135	4.7671321747275135	0.09031157642331349	0.07864068618946762	0.028323195374526787	9.52060174164496	7.146085864010139	1.0472424897290948	0	0	0	6333916253694834e-21	0	0	0.0006677390102329437	0	-4423622269784768e-21
6.4	4.7671321747275135	4.7671321747275135	4.7671321747275135	0.09031157642330566	0.07864068618947573	0.028323195374526836	9.52060174164517	7.146085864009953	1.0472424897290946	0	0	0	6333937158815929e-21	0	0	0.0006677387477151179	0	-4423614427657339e-21
6.5	4.7671321747275135	4.7671321747275135	4.7671321747275135	0.09031157642332811	0.07864068618945272	0.028323195374526405	9.520601741644573	7.146085864010483	1.0472424897290986	0	0	0	6333872523565504e-21	0	0	0.0006677407046383714	0	-44238521326217405e-22
6.6	4.7671321747275135	4.7671321747275135	4.7671321747275135	0.09031157642330197	0.07864068618947953	0.02832319537452687	9.520601741645269	7.146085864009866	1.0472424897290946	0	0	0	63339471464559275e-22	0	0	0.0006677389131028389	0	-4423638129192467e-21
6.7	4.7671321747275135	4.7671321747275135	4.7671321747275135	0.09031157642330219	0.0786406861894793	0.02832319537452678	9.520601741645262	7.14608586400987	1.047242489729095	0	0	0	63339450479593614e-22	0	0	0.0006677391255567133	0	-4423684613881903e-21
6.8	4.7671321747275135	4.7671321747275135	4.7671321747275135	0.09031157642333229	0.07864068618944846	0.02832319537452615	9.520601741644459	7.14608586401058	1.0472424897291006	0	0	0	63338574245163786e-22	0	0	0.0006677415825793019	0	-442400144229322e-20
6.9	4.7671321747275135	4.7671321747275135	4.7671321747275135	0.09031157642331694	0.07864068618946418	0.02832319537452646	9.520601741644867	7.146085864010218	1.047242489729098	0	0	0	6333901915814431e-21	0	0	0.0006677405026783458	0	-44238623552324445e-22
7	4.7671321747275135	4.7671321747275135	4.7671321747275135	0.09031157642330682	0.0786406861894746	0.028323195374526582	9.520601741645137	7.1460858640099785	1.0472424897290968	0	0	0	6333929769777907e-21	0	0	0.0006677398455082966	0	-4423800225162457e-21
7.1	4.7671321747275135	4.7671321747275135	4.7671321747275135	0.09031157642335155	0.07864068618942889	0.028323195374525538	9.520601741643947	7.14608586401103	1.0472424897291064	0	0	0	6333797689938237e-21	0	0	0.0006677434246503441	0	-4424292996009817e-21
7.2	4.7671321747275135	4.7671321747275135	4.7671321747275135	0.09031157642336013	0.07864068618942013	0.028323195374525347	9.52060174164372	7.146085864011231	1.0472424897291082	0	0	0	6333772516990013e-21	0	0	0.000667744148952068	0	-4424390073872533e-21
7.3	4.7671321747275135	4.7671321747275135	4.7671321747275135	0.09031157642331367	0.07864068618946769	0.028323195374526346	9.520601741644958	7.146085864010138	1.047242489729099	0	0	0	633390817389624e-20	0	0	0.000667740587133954	0	-4423919741542313e-21
7.4	4.7671321747275135	4.7671321747275135	4.7671321747275135	0.09031157642335322	0.07864068618942738	0.02832319537452528	9.520601741643903	7.146085864011065	1.0472424897291088	0	0	0	6333788857942828e-21	0	0	0.0006677437944201786	0	-4424398817751413e-21
7.5	4.7671321747275135	4.7671321747275135	4.7671321747275135	0.0903115764233842	0.07864068618939578	0.028323195374524497	9.520601741643077	7.146085864011791	1.047242489729116	0	0	0	6333696285447812e-21	0	0	0.0006677462843291618	0	-4424758625679194e-21
7.6	4.7671321747275135	4.7671321747275135	4.7671321747275135	0.09031157642332342	0.07864068618945783	0.02832319537452599	9.520601741644697	7.146085864010364	1.0472424897291022	0	0	0	6333877195385199e-21	0	0	0.0006677414997341461	0	-4424076197399972e-21
7.7	4.7671321747275135	4.7671321747275135	4.7671321747275135	0.09031157642333096	0.07864068618945015	0.02832319537452566	9.520601741644496	7.146085864010542	1.047242489729105	0	0	0	6333851886633057e-21	0	0	0.0006677421910664196	0	-4424209759419882e-21
7.8	4.7671321747275135	4.7671321747275135	4.7671321747275135	0.09031157642335769	0.0786406861894229	0.028323195374524893	9.520601741643784	7.146085864011168	1.0472424897291122	0	0	0	6333770273043189e-21	0	0	0.0006677443754799294	0	-4424547196185293e-21
7.9	4.7671321747275135	4.7671321747275135	4.7671321747275135	0.09031157642331107	0.07864068618947044	0.02832319537452616	9.520601741645024	7.146085864010074	1.0472424897291006	0	0	0	633391128776293e-20	0	0	0.0006677406408404107	0	-442398636215276e-20
8	4.7671321747275135	4.7671321747275135	4.7671321747275135	0.09031157642330892	0.07864068618947269	0.0283231953745261	9.520601741645084	7.146085864010025	1.0472424897291013	0	0	0	6333915660521471e-21	0	0	0.0006677405344850615	0	-4423993836808688e-21
8.1	4.7671321747275135	4.7671321747275135	4.7671321747275135	0.090311576423326	0.07864068618945524	0.028323195374525538	9.520601741644628	7.146085864010425	1.0472424897291064	0	0	0	6333862301732963e-21	0	0	0.0006677419604840671	0	-4424226198208678e-21
8.2	4.7671321747275135	4.7671321747275135	4.7671321747275135	0.0903115764232939	0.07864068618948798	0.0283231953745265	9.520601741645484	7.146085864009672	1.0472424897290977	0	0	0	633396099108233e-20	0	0	0.0006677393451099326	0	-44238159065564886e-22
8.3	4.767132174727514	4.767132174727514	4.767132174727514	0.09031157642330011	0.07864068618948179	0.02832319537452625	9.52060174164532	7.146085864009814	1.0472424897291	0	0	0	6333940138513916e-21	0	0	0.0006677399042376949	0	-4423924648350369e-21
8.4	4.7671321747275135	4.7671321747275135	4.7671321747275135	0.09031157642331962	0.07864068618946202	0.028323195374525604	9.5206017416448	7.146085864010269	1.0472424897291057	0	0	0	6333878594159669e-21	0	0	0.0006677415435884672	0	-4424199496192409e-21
8.5	4.7671321747275135	4.7671321747275135	4.7671321747275135	0.0903115764232935	0.07864068618948852	0.028323195374526444	9.520601741645493	7.146085864009659	1.0472424897290982	0	0	0	63339602536131015e-22	0	0	0.0006677393779092061	0	-4423843798677563e-21
8.6	4.767132174727514	4.767132174727514	4.767132174727514	0.09031157642330441	0.07864068618947752	0.02832319537452599	9.520601741645205	7.146085864009913	1.0472424897291026	0	0	0	63339238145548225e-22	0	0	0.0006677403483486103	0	-4424026898460704e-21
8.7	4.7671321747275135	4.7671321747275135	4.7671321747275135	0.09031157642333784	0.07864068618944356	0.028323195374524806	9.520601741644313	7.146085864010693	1.0472424897291133	0	0	0	6333816512946163e-21	0	0	0.0006677432006811458	0	-44245214127324945e-22
8.8	4.7671321747275135	4.7671321747275135	4.7671321747275135	0.0903115764233216	0.07864068618946005	0.02832319537452537	9.520601741644745	7.146085864010313	1.0472424897291082	0	0	0	63338684110178016e-22	0	0	0.0006677418241970544	0	-442428437764166e-20
8.9	4.767132174727513	4.767132174727513	4.767132174727513	0.09031157642330927	0.07864068618947259	0.0283231953745257	9.520601741645073	7.146085864010024	1.047242489729105	0	0	0	6333905560347919e-21	0	0	0.0006677408385708577	0	-4424135803822847e-21
9	4.7671321747275135	4.7671321747275135	4.7671321747275135	0.09031157642335608	0.07864068618942513	0.028323195374523904	9.520601741643826	7.146085864011116	1.0472424897291217	0	0	0	6333752133993962e-21	0	0	0.0006677449141103168	0	-4424872625623502e-21
9.1	4.767132174727514	4.767132174727514	4.767132174727514	0.09031157642336611	0.07864068618941497	0.028323195374523526	9.520601741643558	7.14608586401135	1.047242489729125	0	0	0	6333719471662036e-21	0	0	0.0006677457825510903	0	-44250279108093576e-22
9.2	4.7671321747275135	4.7671321747275135	4.7671321747275135	0.09031157642331342	0.07864068618946844	0.028323195374525458	9.520601741644963	7.1460858640101215	1.0472424897291073	0	0	0	6333889891981972e-21	0	0	0.0006677412573992207	0	-4424229806844171e-21
9.3	4.7671321747275135	4.7671321747275135	4.7671321747275135	0.09031157642334138	0.07864068618944012	0.028323195374524227	9.520601741644217	7.1460858640107725	1.0472424897291188	0	0	0	6333794571852816e-21	0	0	0.0006677437886125129	0	-4424716591608104e-21
9.4	4.7671321747275135	4.7671321747275135	4.7671321747275135	0.09031157642336243	0.0786406861894188	0.02832319537452336	9.520601741643656	7.146085864011263	1.0472424897291268	0	0	0	6333724166254334e-21	0	0	0.0006677456585211062	0	-4425066022772793e-21
9.5	4.7671321747275135	4.7671321747275135	4.7671321747275135	0.09031157642330885	0.07864068618947312	0.028323195374525493	9.520601741645084	7.146085864010015	1.047242489729107	0	0	0	6333901629853504e-21	0	0	0.0006677409467714863	0	-4424199981333975e-21
9.6	4.7671321747275135	4.7671321747275135	4.7671321747275135	0.09031157642331432	0.07864068618946757	0.02832319537452515	9.520601741644942	7.146085864010142	1.0472424897291102	0	0	0	6333880296238915e-21	0	0	0.0006677415130336843	0	-4424327981270045e-21
9.7	4.7671321747275135	4.7671321747275135	4.7671321747275135	0.09031157642332652	0.0786406861894552	0.028323195374524598	9.520601741644615	7.146085864010426	1.0472424897291153	0	0	0	6333838117679327e-21	0	0	0.0006677426329905791	0	-4424546773609059e-21
9.8	4.767132174727513	4.767132174727513	4.767132174727513	0.09031157642329096	0.0786406861894912	0.028323195374526104	9.520601741645562	7.146085864009597	1.0472424897291013	0	0	0	63339581991095615e-22	0	0	0.0006677394451259217	0	-44239434655371575e-22
9.9	4.7671321747275135	4.7671321747275135	4.7671321747275135	0.0903115764232985	0.07864068618948362	0.02832319537452568	9.520601741645363	7.146085864009772	1.047242489729105	0	0	0	6333930267371675e-21	0	0	0.0006677401864615168	0	-44241017871525984e-22
10	4.7671321747275135	4.7671321747275135	4.7671321747275135	0.09031157642330839	0.07864068618947362	0.028323195374525212	9.5206017416451	7.1460858640100025	1.0472424897291095	0	0	0	6333895518539195e-21	0	0	0.0006677411089557645	0	-4424285955762035e-21
10.1	4.7671321747275135	4.7671321747275135	4.7671321747275135	0.09031157642328369	0.07864068618949864	0.028323195374526326	9.520601741645757	7.146085864009428	1.0472424897290993	0	0	0	6333980569179361e-21	0	0	0.0006677388513119178	0	-4423847106387351e-21
10.2	4.767132174727514	4.767132174727514	4.767132174727514	0.09031157642329961	0.07864068618948264	0.028323195374525507	9.520601741645335	7.146085864009795	1.0472424897291068	0	0	0	6333922961353746e-21	0	0	0.000667740380188151	0	-4424164887022741e-21
10.3	4.7671321747275135	4.7671321747275135	4.7671321747275135	0.0903115764233182	0.07864068618946386	0.028323195374524594	9.520601741644839	7.146085864010226	1.0472424897291153	0	0	0	6333856887459542e-21	0	0	0.0006677421339300525	0	-4424520483868375e-21
10.4	4.7671321747275135	4.7671321747275135	4.7671321747275135	0.09031157642329181	0.07864068618949052	0.028323195374525864	9.52060174164554	7.146085864009613	1.0472424897291035	0	0	0	6333950043883208e-21	0	0	0.0006677396614452098	0	-4424023539733333e-21
10.5	4.767132174727513	4.767132174727513	4.767132174727513	0.09031157642330817	0.0786406861894741	0.028323195374524972	9.520601741645105	7.14608586400999	1.047242489729112	0	0	0	6333888699154893e-21	0	0	0.0006677412891517776	0	-4424373712846571e-21
10.6	4.7671321747275135	4.7671321747275135	4.7671321747275135	0.09031157642334561	0.07864068618943641	0.028323195374523054	9.520601741644109	7.146085864010858	1.0472424897291297	0	0	0	63337526547248305e-22	0	0	0.0006677448994808625	0	-4425124181261454e-21
10.7	4.7671321747275135	4.7671321747275135	4.7671321747275135	0.0903115764233299	0.07864068618945222	0.028323195374523862	9.520601741644526	7.146085864010494	1.0472424897291224	0	0	0	6333809551154052e-21	0	0	0.0006677433896095448	0	-4424811103814029e-21
10.8	4.767132174727513	4.767132174727513	4.767132174727513	0.09031157642330878	0.07864068618947355	0.028323195374524834	9.520601741645088	7.1460858640100025	1.047242489729113	0	0	0	6333883218590305e-21	0	0	0.0006677414342470625	0	-4424422785701289e-21
10.9	4.7671321747275135	4.7671321747275135	4.7671321747275135	0.09031157642334976	0.07864068618943239	0.028323195374522582	9.520601741643993	7.14608586401095	1.0472424897291341	0	0	0	6333729745660589e-21	0	0	0.000667745506426316	0	-44252954078545976e-22
11	4.7671321747275135	4.7671321747275135	4.7671321747275135	0.09031157642335642	0.07864068618942567	0.02832319537452222	9.520601741643818	7.146085864011104	1.0472424897291375	0	0	0	6333704932321904e-21	0	0	0.0006677461648458544	0	-4425435766465428e-21
11.1	4.7671321747275135	4.7671321747275135	4.7671321747275135	0.09031157642330588	0.07864068618947652	0.02832319537452489	9.520601741645164	7.146085864009936	1.0472424897291126	0	0	0	633389082169162e-20	0	0	0.0006677412321333614	0	-4424397506299846e-21
11.2	4.7671321747275135	4.7671321747275135	4.7671321747275135	0.09031157642332234	0.07864068618946007	0.02832319537452386	9.520601741644725	7.146085864010313	1.0472424897291222	0	0	0	6333825835001293e-21	0	0	0.0006677429560110486	0	-44247854612201405e-22
11.3	4.7671321747275135	4.7671321747275135	4.7671321747275135	0.0903115764233289	0.07864068618945351	0.02832319537452347	9.520601741644553	7.146085864010464	1.0472424897291257	0	0	0	6333800464995126e-21	0	0	0.0006677436290580206	0	-442493443220026e-20
11.4	4.7671321747275135	4.7671321747275135	4.7671321747275135	0.09031157642329088	0.07864068618949167	0.028323195374525587	9.520601741645564	7.146085864009586	1.0472424897291062	0	0	0	6333943436227278e-21	0	0	0.0006677398356499169	0	-44241177654064205e-22
11.5	4.7671321747275135	4.7671321747275135	4.7671321747275135	0.090311576423299	0.0786406861894836	0.02832319537452505	9.520601741645347	7.146085864009772	1.047242489729111	0	0	0	6333909751866287e-21	0	0	0.0006677407290190991	0	-44243255497328796e-22
11.6	4.7671321747275135	4.7671321747275135	4.7671321747275135	0.09031157642330082	0.07864068618948176	0.028323195374524924	9.5206017416453	7.146085864009813	1.0472424897291122	0	0	0	6333902144173624e-21	0	0	0.0006677409307917538	0	-4424372528300982e-21
11.7	4.7671321747275135	4.7671321747275135	4.7671321747275135	0.0903115764232798	0.07864068618950286	0.02832319537452615	9.52060174164586	7.146085864009329	1.047242489729101	0	0	0	6333982651250614e-21	0	0	0.000667738794896201	0	-4423905626557103e-21
11.8	4.7671321747275135	4.7671321747275135	4.7671321747275135	0.09031157642329364	0.07864068618948905	0.028323195374525264	9.520601741645493	7.146085864009646	1.0472424897291093	0	0	0	6333926191774828e-21	0	0	0.000667740292417702	0	-4424248817061357e-21
11.9	4.7671321747275135	4.7671321747275135	4.7671321747275135	0.09031157642329934	0.07864068618948339	0.02832319537452491	9.52060174164534	7.146085864009776	1.0472424897291126	0	0	0	6333903309303041e-21	0	0	0.0006677408993837077	0	-4424386535330235e-21
12	4.7671321747275135	4.7671321747275135	4.7671321747275135	0.09031157642328073	0.07864068618950201	0.02832319537452603	9.520601741645836	7.146085864009348	1.0472424897291024	0	0	0	6333976390738985e-21	0	0	0.000667738960691387	0	-4423954581916974e-21
12.1	4.7671321747275135	4.7671321747275135	4.7671321747275135	0.09031157642330345	0.07864068618947949	0.028323195374524535	9.52060174164523	7.146085864009866	1.0472424897291162	0	0	0	63338823691065e-19	0	0	0.0006677414543495202	0	-4424532280235862e-21
12.2	4.7671321747275135	4.7671321747275135	4.7671321747275135	0.09031157642332366	0.0786406861894594	0.028323195374523234	9.52060174164469	7.146085864010328	1.0472424897291281	0	0	0	6333799733481489e-21	0	0	0.0006677436461344756	0	-44250355842321255e-22
12.3	4.7671321747275135	4.7671321747275135	4.7671321747275135	0.09031157642329504	0.07864068618948786	0.02832319537452506	9.520601741645452	7.146085864009674	1.0472424897291113	0	0	0	63339161761902655e-22	0	0	0.0006677405576181147	0	-4424328576639062e-21
12.4	4.7671321747275135	4.7671321747275135	4.7671321747275135	0.09031157642330978	0.07864068618947337	0.028323195374523966	9.52060174164506	7.146085864010007	1.0472424897291215	0	0	0	6333851685471878e-21	0	0	0.0006677422676883815	0	-4424739659320232e-21
12.5	4.7671321747275135	4.7671321747275135	4.7671321747275135	0.09031157642334862	0.0786406861894349	0.028323195374521316	9.520601741644025	7.1460858640108915	1.0472424897291461	0	0	0	6333688652137508e-21	0	0	0.0006677465914497171	0	-4425750934326738e-21
12.6	4.7671321747275135	4.7671321747275135	4.7671321747275135	0.09031157642333325	0.07864068618945014	0.028323195374522363	9.520601741644434	7.146085864010541	1.0472424897291361	0	0	0	6333753084008369e-21	0	0	0.0006677448826515634	0	-4425352070830823e-21
12.7	4.7671321747275135	4.7671321747275135	4.7671321747275135	0.09031157642330406	0.07864068618947914	0.028323195374524244	9.520601741645212	7.1460858640098746	1.0472424897291188	0	0	0	63338720809746876e-22	0	0	0.0006677417264348875	0	-4424627529069054e-21
12.8	4.7671321747275135	4.7671321747275135	4.7671321747275135	0.09031157642333203	0.07864068618945158	0.028323195374522197	9.520601741644466	7.146085864010508	1.0472424897291377	0	0	0	6333749979108089e-21	0	0	0.0006677449642309372	0	-44254025919350555e-22
12.9	4.7671321747275135	4.7671321747275135	4.7671321747275135	0.09031157642332927	0.07864068618945431	0.02832319537452238	9.52060174164454	7.146085864010445	1.047242489729136	0	0	0	6333761513033436e-21	0	0	0.0006677446583362813	0	-4425331333183851e-21
13	4.7671321747275135	4.7671321747275135	4.7671321747275135	0.0903115764232922	0.078640686189491	0.028323195374524945	9.520601741645528	7.146085864009602	1.0472424897291122	0	0	0	63339187918936804e-22	0	0	0.0006677404873345703	0	-442434979978497e-20
13.1	4.7671321747275135	4.7671321747275135	4.7671321747275135	0.0903115764233025	0.07864068618948095	0.028323195374524098	9.520601741645255	7.146085864009832	1.0472424897291202	0	0	0	6333871466266068e-21	0	0	0.0006677417420543746	0	-4424659271404367e-21
13.2	4.7671321747275135	4.7671321747275135	4.7671321747275135	0.090311576423297	0.0786406861894864	0.02832319537452449	9.520601741645402	7.1460858640097085	1.0472424897291166	0	0	0	6333895187733993e-21	0	0	0.0006677411129971441	0	-4424509967409543e-21
13.3	4.7671321747275135	4.7671321747275135	4.7671321747275135	0.09031157642327861	0.07864068618950447	0.02832319537452582	9.520601741645889	7.146085864009293	1.0472424897291044	0	0	0	6333974156651539e-21	0	0	0.00066773901887699	0	-4424012304544616e-21
13.4	4.7671321747275135	4.7671321747275135	4.7671321747275135	0.09031157642328905	0.07864068618949421	0.028323195374524976	9.520601741645612	7.146085864009529	1.047242489729112	0	0	0	6333925686009936e-21	0	0	0.0006677403039559351	0	-4424329192653313e-21
13.5	4.7671321747275135	4.7671321747275135	4.7671321747275135	0.0903115764232849	0.0786406861894983	0.028323195374525295	9.520601741645724	7.146085864009434	1.0472424897291088	0	0	0	6333944130206452e-21	0	0	0.0006677398148950042	0	-4424211020883549e-21
13.6	4.7671321747275135	4.7671321747275135	4.7671321747275135	0.09031157642327647	0.0786406861895066	0.0283231953745259	9.52060174164595	7.146085864009242	1.0472424897291033	0	0	0	6333980384228328e-21	0	0	0.0006677388534990943	0	-4423982605082399e-21
13.7	4.7671321747275135	4.7671321747275135	4.7671321747275135	0.09031157642329465	0.07864068618948876	0.028323195374524403	9.520601741645462	7.146085864009653	1.0472424897291173	0	0	0	6333895311955544e-21	0	0	0.0006677411089272492	0	-4424540905448903e-21
13.8	4.7671321747275135	4.7671321747275135	4.7671321747275135	0.09031157642329897	0.07864068618948453	0.028323195374524053	9.520601741645347	7.146085864009751	1.0472424897291206	0	0	0	6333875300610167e-21	0	0	0.0006677416394778899	0	-4424671756885801e-21
13.9	4.7671321747275135	4.7671321747275135	4.7671321747275135	0.09031157642328168	0.07864068618950153	0.02832319537452541	9.52060174164581	7.14608586400936	1.047242489729108	0	0	0	6333953878525098e-21	0	0	0.0006677395560595546	0	-4424162941509025e-21
14	4.7671321747275135	4.7671321747275135	4.7671321747275135	0.09031157642330871	0.07864068618947499	0.028323195374523057	9.52060174164509	7.14608586400997	1.0472424897291295	0	0	0	6333823307027404e-21	0	0	0.0006677430175000173	0	-4425030400903565e-21
14.1	4.7671321747275135	4.7671321747275135	4.7671321747275135	0.0903115764233324	0.07864068618945173	0.028323195374521038	9.520601741644457	7.146085864010505	1.0472424897291481	0	0	0	6333710256758718e-21	0	0	0.0006677460145426016	0	-4425777840432218e-21
14.2	4.7671321747275135	4.7671321747275135	4.7671321747275135	0.09031157642330104	0.07864068618948253	0.028323195374523696	9.520601741645294	7.146085864009797	1.0472424897291237	0	0	0	6333859526893893e-21	0	0	0.0006677420572601374	0	-4424791975411386e-21
14.3	4.7671321747275135	4.7671321747275135	4.7671321747275135	0.09031157642330619	0.07864068618947757	0.028323195374523134	9.520601741645155	7.14608586400991	1.0472424897291288	0	0	0	6333829656116051e-21	0	0	0.0006677428488124899	0	-4425003470230042e-21
14.4	4.7671321747275135	4.7671321747275135	4.7671321747275135	0.09031157642333906	0.07864068618944547	0.028323195374520212	9.520601741644283	7.146085864010649	1.0472424897291561	0	0	0	6333667448757857e-21	0	0	0.0006677471486894199	0	-4426090395981411e-21
14.5	4.7671321747275135	4.7671321747275135	4.7671321747275135	0.09031157642332095	0.07864068618946321	0.02832319537452181	9.520601741644764	7.146085864010241	1.0472424897291412	0	0	0	6333756167756787e-21	0	0	0.0006677447968346543	0	-4425497752383737e-21
14.6	4.7671321747275135	4.7671321747275135	4.7671321747275135	0.09031157642329415	0.07864068618948948	0.0283231953745241	9.520601741645478	7.146085864009637	1.04724248972912	0	0	0	6333884464976783e-21	0	0	0.0006677413956156363	0	-4424648238887232e-21
14.7	4.7671321747275135	4.7671321747275135	4.7671321747275135	0.09031157642330898	0.07864068618947503	0.028323195374522707	9.520601741645082	7.146085864009969	1.047242489729133	0	0	0	6333807688603513e-21	0	0	0.0006677434306168432	0	-4425171967162019e-21
14.8	4.767132174727513	4.767132174727513	4.767132174727513	0.09031157642329563	0.07864068618948807	0.028323195374523907	9.520601741645438	7.1460858640096685	1.0472424897291215	0	0	0	63338743829249185e-22	0	0	0.00066774166269752	0	-44247230864820145e-22
14.9	4.7671321747275135	4.7671321747275135	4.7671321747275135	0.09031157642327925	0.0786406861895041	0.028323195374525344	9.520601741645876	7.146085864009302	1.0472424897291084	0	0	0	6333954614861646e-21	0	0	0.0006677395358363888	0	-44241867489406535e-22
15	4.7671321747275135	4.7671321747275135	4.7671321747275135	0.09031157642328708	0.07864068618949648	0.02832319537452457	9.520601741645665	7.146085864009476	1.0472424897291157	0	0	0	6333912695572377e-21	0	0	0.0006677406468616076	0	-44244755337375275e-22
15.1	4.767132174727514	4.767132174727514	4.767132174727514	0.09031157642327618	0.07864068618950712	0.028323195374525587	9.520601741645956	7.146085864009232	1.0472424897291062	0	0	0	6333968621936018e-21	0	0	0.0006677391644620631	0	-4424095645067101e-21
15.2	4.7671321747275135	4.7671321747275135	4.7671321747275135	0.09031157642327373	0.07864068618950956	0.028323195374525757	9.520601741646022	7.146085864009176	1.0472424897291046	0	0	0	6333979164857048e-21	0	0	0.000667738884898355	0	-4424028534289921e-21
15.3	4.7671321747275135	4.7671321747275135	4.7671321747275135	0.0903115764232853	0.07864068618949835	0.028323195374524605	9.520601741645711	7.146085864009433	1.0472424897291153	0	0	0	633391700796934e-20	0	0	0.00066774053229651	0	-4424456850394637e-21
15.4	4.7671321747275135	4.7671321747275135	4.7671321747275135	0.09031157642327836	0.07864068618950508	0.02832319537452528	9.520601741645898	7.146085864009279	1.0472424897291093	0	0	0	6333953745644017e-21	0	0	0.0006677395585789645	0	-44242048018530756e-22
15.5	4.7671321747275135	4.7671321747275135	4.7671321747275135	0.09031157642327764	0.07864068618950583	0.028323195374525312	9.520601741645915	7.146085864009261	1.0472424897291088	0	0	0	6333954926806807e-21	0	0	0.0006677395271393372	0	-4424202141601052e-21
15.6	4.7671321747275135	4.7671321747275135	4.7671321747275135	0.09031157642330029	0.07864068618948394	0.02832319537452304	9.520601741645313	7.146085864009764	1.0472424897291297	0	0	0	6333830644713416e-21	0	0	0.0006677428209594109	0	-4425064116413052e-21
15.7	4.7671321747275135	4.7671321747275135	4.7671321747275135	0.09031157642330598	0.07864068618947842	0.02832319537452247	9.520601741645162	7.1460858640098905	1.047242489729135	0	0	0	6333799646072372e-21	0	0	0.0006677436425223388	0	-4425278588501721e-21
15.8	4.767132174727514	4.767132174727514	4.767132174727514	0.09031157642328418	0.0786406861894996	0.028323195374524626	9.520601741645743	7.146085864009405	1.0472424897291153	0	0	0	6333917134622897e-21	0	0	0.0006677405286364778	0	-4424468377087928e-21
15.9	4.7671321747275135	4.7671321747275135	4.7671321747275135	0.09031157642331016	0.07864068618947469	0.028323195374521888	9.520601741645052	7.146085864009977	1.0472424897291408	0	0	0	6333769351065963e-21	0	0	0.0006677444450449379	0	-4425504182825368e-21
16	4.7671321747275135	4.7671321747275135	4.7671321747275135	0.09031157642333573	0.07864068618945011	0.02832319537451924	9.52060174164437	7.146085864010543	1.0472424897291654	0	0	0	6333625903816975e-21	0	0	0.0006677482466332669	0	-4426505658958005e-21
16.1	4.7671321747275135	4.7671321747275135	4.7671321747275135	0.09031157642330336	0.07864068618948127	0.028323195374522582	9.520601741645233	7.146085864009827	1.0472424897291344	0	0	0	6333807118378183e-21	0	0	0.0006677434441234254	0	-4425241531222443e-21
16.2	4.7671321747275135	4.7671321747275135	4.7671321747275135	0.09031157642329772	0.07864068618948672	0.028323195374523043	9.52060174164538	7.1460858640097005	1.0472424897291301	0	0	0	63338333996478396e-22	0	0	0.0006677427474033907	0	-4425067173154214e-21
16.3	4.7671321747275135	4.7671321747275135	4.7671321747275135	0.0903115764233179	0.07864068618946737	0.02832319537452084	9.520601741644844	7.146085864010146	1.0472424897291508	0	0	0	63337154229434815e-22	0	0	0.0006677458737730321	0	-4425899323780719e-21
16.4	4.7671321747275135	4.7671321747275135	4.7671321747275135	0.09031157642329596	0.07864068618948844	0.028323195374523182	9.520601741645427	7.146085864009661	1.0472424897291288	0	0	0	6333841506212016e-21	0	0	0.0006677425324851517	0	-4425013901021916e-21
16.5	4.767132174727513	4.767132174727513	4.767132174727513	0.09031157642328175	0.07864068618950214	0.02832319537452465	9.520601741645807	7.146085864009345	1.047242489729115	0	0	0	6333920465349566e-21	0	0	0.0006677404399057509	0	-4424463949874587e-21
16.6	4.7671321747275135	4.7671321747275135	4.7671321747275135	0.09031157642328864	0.07864068618949563	0.028323195374523866	9.520601741645624	7.146085864009495	1.0472424897291224	0	0	0	6333878001958731e-21	0	0	0.0006677415650928314	0	-44247670527384525e-22
16.7	4.7671321747275135	4.7671321747275135	4.7671321747275135	0.09031157642327384	0.07864068618950978	0.028323195374525486	9.52060174164602	7.146085864009169	1.0472424897291073	0	0	0	63339651135730295e-22	0	0	0.0006677392566613536	0	-44241519363430704e-22
16.8	4.7671321747275135	4.7671321747275135	4.7671321747275135	0.09031157642327214	0.07864068618951144	0.028323195374525625	9.520601741646063	7.146085864009132	1.0472424897291062	0	0	0	63339730084996005e-22	0	0	0.0006677390473621514	0	-4424099706591758e-21
16.9	4.7671321747275135	4.7671321747275135	4.7671321747275135	0.0903115764232786	0.07864068618950529	0.028323195374524886	9.520601741645892	7.146085864009274	1.0472424897291128	0	0	0	63339331892931704e-22	0	0	0.0006677401024806061	0	-4424384088876909e-21
17	4.7671321747275135	4.7671321747275135	4.7671321747275135	0.09031157642326836	0.07864068618951509	0.028323195374526034	9.520601741646166	7.146085864009049	1.0472424897291024	0	0	0	6333995024010324e-21	0	0	0.0006677384639432793	0	-4423944843330545e-21
17.1	4.767132174727513	4.767132174727513	4.767132174727513	0.09031157642327436	0.07864068618950942	0.028323195374525306	9.520601741646004	7.146085864009178	1.0472424897291088	0	0	0	63339560251201456e-22	0	0	0.0006677394972485277	0	-4424226490279001e-21
17.2	4.7671321747275135	4.7671321747275135	4.7671321747275135	0.09031157642328784	0.07864068618949671	0.028323195374523737	9.520601741645645	7.146085864009471	1.0472424897291235	0	0	0	6333872095675274e-21	0	0	0.0006677417211474524	0	-4424827545463821e-21
17.3	4.7671321747275135	4.7671321747275135	4.7671321747275135	0.09031157642328015	0.078640686189504	0.02832319537452463	9.52060174164585	7.1460858640093035	1.0472424897291153	0	0	0	63339198260511745e-22	0	0	0.0006677404564170381	0	-4424486010868652e-21
17.4	4.7671321747275135	4.7671321747275135	4.7671321747275135	0.09031157642328036	0.07864068618950376	0.02832319537452453	9.520601741645844	7.146085864009309	1.0472424897291162	0	0	0	6333914752078631e-21	0	0	0.0006677405907428484	0	-442452726008173e-20
17.5	4.7671321747275135	4.7671321747275135	4.7671321747275135	0.09031157642330759	0.07864068618947793	0.028323195374521236	9.520601741645118	7.146085864009903	1.0472424897291466	0	0	0	6333739136701178e-21	0	0	0.0006677452438914036	0	-4425792051274604e-21
17.6	4.7671321747275135	4.7671321747275135	4.7671321747275135	0.09031157642331682	0.07864068618946916	0.028323195374520133	9.520601741644873	7.146085864010105	1.0472424897291568	0	0	0	6333680017049472e-21	0	0	0.0006677468103556554	0	-4426217206177486e-21
17.7	4.767132174727514	4.767132174727514	4.767132174727514	0.09031157642328747	0.07864068618949703	0.028323195374523626	9.520601741645656	7.146085864009463	1.0472424897291244	0	0	0	6333866904286424e-21	0	0	0.00066774185846585	0	-4424874462258553e-21
17.8	4.7671321747275135	4.7671321747275135	4.7671321747275135	0.09031157642330412	0.07864068618948133	0.028323195374521475	9.520601741645212	7.146085864009823	1.0472424897291444	0	0	0	6333753207146739e-21	0	0	0.0006677448708096439	0	-4425701643685535e-21
17.9	4.7671321747275135	4.7671321747275135	4.7671321747275135	0.09031157642332487	0.07864068618946175	0.02832319537451888	9.520601741644658	7.146085864010273	1.0472424897291683	0	0	0	6333615510216367e-21	0	0	0.0006677485191380547	0	-44266984033208685e-22
18	4.7671321747275135	4.7671321747275135	4.7671321747275135	0.09031157642329408	0.07864068618949081	0.02832319537452269	9.520601741645478	7.146085864009606	1.0472424897291333	0	0	0	6333818043430919e-21	0	0	0.0006677431529025109	0	-4425234253047102e-21
18.1	4.767132174727513	4.767132174727513	4.767132174727513	0.09031157642328612	0.0786406861894985	0.028323195374523602	9.52060174164569	7.146085864009428	1.0472424897291246	0	0	0	633386689289399e-20	0	0	0.0006677418584849686	0	-442488611819295e-20
18.2	4.7671321747275135	4.7671321747275135	4.7671321747275135	0.09031157642329411	0.07864068618949108	0.02832319537452255	9.520601741645478	7.1460858640096	1.0472424897291346	0	0	0	6333811226569273e-21	0	0	0.0006677433332978062	0	-4425292583277994e-21
18.3	4.7671321747275135	4.7671321747275135	4.7671321747275135	0.09031157642327498	0.07864068618950906	0.028323195374524976	9.520601741645988	7.146085864009186	1.0472424897291117	0	0	0	6333940050128308e-21	0	0	0.0006677399201334412	0	-4424357578486457e-21
18.4	4.7671321747275135	4.7671321747275135	4.7671321747275135	0.0903115764232723	0.0786406861895116	0.028323195374525264	9.520601741646061	7.1460858640091285	1.0472424897291093	0	0	0	63339555190408125e-22	0	0	0.0006677395102171875	0	-4424248129178996e-21
18.5	4.7671321747275135	4.7671321747275135	4.7671321747275135	0.0903115764232753	0.0786406861895088	0.028323195374524858	9.520601741645981	7.1460858640091915	1.0472424897291128	0	0	0	633393375795971e-20	0	0	0.0006677400867306844	0	-4424407843925624e-21
18.6	4.7671321747275135	4.7671321747275135	4.7671321747275135	0.09031157642326522	0.07864068618951825	0.028323195374526156	9.520601741646251	7.146085864008976	1.0472424897291008	0	0	0	6334003053819748e-21	0	0	0.0006677382507862372	0	-44239032139289036e-22
18.7	4.7671321747275135	4.7671321747275135	4.7671321747275135	0.09031157642327052	0.07864068618951334	0.028323195374525375	9.520601741646107	7.146085864009088	1.0472424897291082	0	0	0	6333963590493168e-21	0	0	0.0006677392962615469	0	-4424193753522e-18
18.8	4.7671321747275135	4.7671321747275135	4.7671321747275135	0.09031157642327635	0.07864068618950795	0.028323195374524563	9.520601741645953	7.146085864009211	1.0472424897291157	0	0	0	6333921682291487e-21	0	0	0.000667740406539708	0	-4424500969395796e-21
18.9	4.767132174727514	4.767132174727514	4.767132174727514	0.090311576423267	0.07864068618951667	0.028323195374525843	9.520601741646201	7.146085864009011	1.047242489729104	0	0	0	6333988111403156e-21	0	0	0.0006677386466012178	0	-4424015035939706e-21
19	4.7671321747275135	4.7671321747275135	4.7671321747275135	0.09031157642327806	0.07864068618950633	0.02832319537452424	9.520601741645907	7.146085864009248	1.047242489729119	0	0	0	6333904861083821e-21	0	0	0.0006677408520744583	0	-4424628839072034e-21
19.1	4.7671321747275135	4.7671321747275135	4.7671321747275135	0.09031157642329529	0.0786406861894902	0.028323195374521784	9.520601741645445	7.14608586400962	1.0472424897291417	0	0	0	63337773739617485e-22	0	0	0.0006677442295305161	0	-4425566411422127e-21
19.2	4.7671321747275135	4.7671321747275135	4.7671321747275135	0.09031157642328887	0.07864068618949617	0.028323195374522703	9.520601741645615	7.146085864009483	1.0472424897291333	0	0	0	6333824845770265e-21	0	0	0.0006677429718839266	0	-4425217243759912e-21
19.3	4.767132174727513	4.767132174727513	4.767132174727513	0.09031157642328173	0.07864068618950293	0.02832319537452363	9.520601741645805	7.146085864009328	1.0472424897291246	0	0	0	6333873815002096e-21	0	0	0.000667741674473523	0	-4424860857246035e-21
19.4	4.7671321747275135	4.7671321747275135	4.7671321747275135	0.09031157642330921	0.07864068618947748	0.028323195374519577	9.520601741645077	7.146085864009913	1.0472424897291623	0	0	0	6333664601898541e-21	0	0	0.0006677472168880563	0	-4426406334290106e-21
19.5	4.7671321747275135	4.7671321747275135	4.7671321747275135	0.0903115764233209	0.07864068618946664	0.02832319537451787	9.520601741644764	7.146085864010161	1.047242489729178	0	0	0	6333576226659739e-21	0	0	0.0006677495581170593	0	-4427058471544324e-21
19.6	4.7671321747275135	4.7671321747275135	4.7671321747275135	0.09031157642328777	0.07864068618949742	0.0283231953745227	9.520601741645649	7.146085864009454	1.0472424897291333	0	0	0	63338257974753885e-22	0	0	0.000667742946485187	0	-4425217813156774e-21
19.7	4.767132174727513	4.767132174727513	4.767132174727513	0.09031157642329248	0.07864068618949323	0.028323195374521923	9.52060174164552	7.14608586400955	1.0472424897291404	0	0	0	6333784651999295e-21	0	0	0.0006677440363752777	0	-4425526851458703e-21
19.8	4.7671321747275135	4.7671321747275135	4.7671321747275135	0.09031157642330236	0.0786406861894842	0.028323195374520438	9.520601741645258	7.146085864009759	1.0472424897291541	0	0	0	6333707045217406e-21	0	0	0.0006677460922532957	0	-4426102564126052e-21
19.9	4.7671321747275135	4.7671321747275135	4.7671321747275135	0.09031157642327778	0.07864068618950684	0.028323195374524088	9.520601741645914	7.146085864009239	1.0472424897291204	0	0	0	6333896834820069e-21	0	0	0.0006677410644609014	0	-4424698099369583e-21
20	4.7671321747275135	4.7671321747275135	4.7671321747275135	0.09031157642327464	0.07864068618950978	0.028323195374524494	9.520601741645995	7.14608586400917	1.0472424897291164	0	0	0	6333918080748187e-21	0	0	0.0006677405015633667	0	-4424543445344664e-21
20.1	4.7671321747275135	4.7671321747275135	4.7671321747275135	0.09031157642327557	0.07864068618950895	0.028323195374524324	9.520601741645972	7.146085864009189	1.0472424897291182	0	0	0	6333909518292806e-21	0	0	0.0006677407283673625	0	-44246079181231765e-22
20.2	4.7671321747275135	4.7671321747275135	4.7671321747275135	0.09031157642326464	0.07864068618951899	0.028323195374525982	9.520601741646262	7.146085864008957	1.0472424897291028	0	0	0	6333995602214409e-21	0	0	0.0006677384479172562	0	-4423969514723531e-21
20.3	4.7671321747275135	4.7671321747275135	4.7671321747275135	0.09031157642326791	0.07864068618951597	0.028323195374525437	9.520601741646175	7.146085864009028	1.0472424897291077	0	0	0	633396761695257e-20	0	0	0.0006677391892265369	0	-44241790425893155e-22
20.4	4.7671321747275135	4.7671321747275135	4.7671321747275135	0.09031157642326892	0.07864068618951507	0.028323195374525278	9.52060174164615	7.1460858640090485	1.0472424897291093	0	0	0	6333959232715002e-21	0	0	0.0006677394113211798	0	-4424241723445048e-21
20.5	4.7671321747275135	4.7671321747275135	4.7671321747275135	0.0903115764232635	0.07864068618952007	0.028323195374526114	9.520601741646294	7.146085864008932	1.0472424897291015	0	0	0	6334002281710385e-21	0	0	0.0006677382709192922	0	-4423922076237827e-21
20.6	4.7671321747275135	4.7671321747275135	4.7671321747275135	0.09031157642327327	0.07864068618951127	0.028323195374524556	9.520601741646033	7.146085864009135	1.047242489729116	0	0	0	6333920195036193e-21	0	0	0.0006677404453602315	0	-442453564776288e-20
20.7	4.7671321747275135	4.7671321747275135	4.7671321747275135	0.09031157642328029	0.07864068618950491	0.028323195374523446	9.520601741645846	7.146085864009282	1.0472424897291264	0	0	0	63338617217561455e-22	0	0	0.000667741994303622	0	-4424972259809769e-21
20.8	4.7671321747275135	4.7671321747275135	4.7671321747275135	0.09031157642326935	0.07864068618951484	0.02832319537452517	9.520601741646137	7.146085864009054	1.04724248972911	0	0	0	6333952240687043e-21	0	0	0.0006677395964681349	0	-4424296778350469e-21
20.9	4.7671321747275135	4.7671321747275135	4.7671321747275135	0.09031157642328222	0.0786406861895032	0.028323195374523047	9.520601741645796	7.146085864009321	1.0472424897291297	0	0	0	6333838952526568e-21	0	0	0.0006677425973510699	0	-4425146498452215e-21
21	4.7671321747275135	4.7671321747275135	4.7671321747275135	0.09031157642330488	0.07864068618948268	0.028323195374519345	9.520601741645192	7.146085864009794	1.0472424897291641	0	0	0	63336433563263965e-22	0	0	0.0006677477785506907	0	-4426610964936101e-21
21.1	4.7671321747275135	4.7671321747275135	4.7671321747275135	0.09031157642330145	0.07864068618948578	0.02832319537451991	9.520601741645281	7.146085864009723	1.0472424897291588	0	0	0	6333673048122291e-21	0	0	0.0006677469920400923	0	-4426388522263521e-21
21.2	4.7671321747275135	4.7671321747275135	4.7671321747275135	0.09031157642328207	0.0786406861895034	0.02832319537452301	9.520601741645796	7.146085864009317	1.04724248972913	0	0	0	6333836695715069e-21	0	0	0.0006677426570782148	0	-4425165605672399e-21
21.3	4.7671321747275135	4.7671321747275135	4.7671321747275135	0.09031157642330129	0.07864068618948628	0.028323195374519744	9.520601741645287	7.14608586400971	1.0472424897291606	0	0	0	6333664222513634e-21	0	0	0.0006677472256470195	0	-4426461844703923e-21
21.4	4.7671321747275135	4.7671321747275135	4.7671321747275135	0.09031157642330952	0.07864068618947889	0.028323195374518356	9.520601741645068	7.146085864009881	1.0472424897291734	0	0	0	6333590998158011e-21	0	0	0.0006677491652697956	0	-442701159239408e-20
21.5	4.7671321747275135	4.7671321747275135	4.7671321747275135	0.09031157642328017	0.07864068618950526	0.028323195374523245	9.520601741645848	7.146085864009274	1.047242489729128	0	0	0	6333849124850102e-21	0	0	0.0006677423277705208	0	-4425075383898905e-21
21.6	4.7671321747275135	4.7671321747275135	4.7671321747275135	0.09031157642327962	0.07864068618950591	0.028323195374523272	9.520601741645864	7.146085864009259	1.0472424897291277	0	0	0	6333850225762988e-21	0	0	0.0006677422985439125	0	-4425069788059956e-21
21.7	4.7671321747275135	4.7671321747275135	4.7671321747275135	0.09031157642327974	0.07864068618950584	0.028323195374523234	9.520601741645859	7.14608586400926	1.0472424897291281	0	0	0	633384807443356e-20	0	0	0.0006677423555120869	0	-442508668692839e-20
21.8	4.767132174727514	4.767132174727514	4.767132174727514	0.0903115764232659	0.07864068618951817	0.028323195374525573	9.520601741646228	7.1460858640089775	1.0472424897291064	0	0	0	6333971849869246e-21	0	0	0.0006677390768728985	0	-4424156636808435e-21
21.9	4.7671321747275135	4.7671321747275135	4.7671321747275135	0.09031157642326729	0.078640686189517	0.028323195374525295	9.52060174164619	7.146085864009005	1.047242489729109	0	0	0	6333957354787323e-21	0	0	0.0006677394607942051	0	-4424266915059158e-21
22	4.7671321747275135	4.7671321747275135	4.7671321747275135	0.09031157642326512	0.07864068618951894	0.028323195374525663	9.52060174164625	7.14608586400896	1.0472424897291055	0	0	0	63339771606555146e-22	0	0	0.0006677389361673946	0	-4424117959335704e-21
22.1	4.7671321747275135	4.7671321747275135	4.7671321747275135	0.09031157642326194	0.07864068618952184	0.02832319537452621	9.520601741646335	7.146085864008893	1.0472424897291006	0	0	0	6334005628848971e-21	0	0	0.0006677381820791188	0	-4423904256032765e-21
22.2	4.7671321747275135	4.7671321747275135	4.7671321747275135	0.090311576423268	0.07864068618951663	0.028323195374525132	9.520601741646175	7.146085864009012	1.0472424897291104	0	0	0	63339480603508265e-22	0	0	0.0006677397069308428	0	-4424339177791227e-21
22.3	4.7671321747275135	4.7671321747275135	4.7671321747275135	0.09031157642326833	0.07864068618951636	0.028323195374525073	9.520601741646168	7.146085864009018	1.0472424897291108	0	0	0	633394495070407e-20	0	0	0.0006677397892973766	0	-4424362685489562e-21
22.4	4.7671321747275135	4.7671321747275135	4.7671321747275135	0.09031157642326487	0.07864068618951943	0.02832319537452565	9.52060174164626	7.146085864008948	1.0472424897291057	0	0	0	6333976056572493e-21	0	0	0.0006677389653502484	0	-442412878766043e-20
22.5	4.7671321747275135	4.7671321747275135	4.7671321747275135	0.09031157642327933	0.0786406861895071	0.028323195374522995	9.520601741645873	7.1460858640092315	1.0472424897291304	0	0	0	63338361969753625e-22	0	0	0.0006677426698603694	0	-4425186914980671e-21
22.6	4.7671321747275135	4.7671321747275135	4.7671321747275135	0.0903115764232903	0.07864068618949771	0.028323195374521	9.520601741645583	7.146085864009447	1.047242489729149	0	0	0	633373074216223e-20	0	0	0.0006677454630885769	0	-4425984357946348e-21
22.7	4.767132174727513	4.767132174727513	4.767132174727513	0.09031157642327631	0.07864068618950966	0.028323195374523543	9.520601741645953	7.146085864009173	1.0472424897291255	0	0	0	6333865080860714e-21	0	0	0.0006677419048005954	0	-4424968498868367e-21
22.8	4.7671321747275135	4.7671321747275135	4.7671321747275135	0.0903115764232832	0.07864068618950393	0.028323195374522155	9.52060174164577	7.146085864009304	1.0472424897291384	0	0	0	6333792500522257e-21	0	0	0.000667743827192789	0	-4425520402255263e-21
22.9	4.7671321747275135	4.7671321747275135	4.7671321747275135	0.09031157642330793	0.07864068618948296	0.02832319537451747	9.52060174164511	7.1460858640097875	1.0472424897291817	0	0	0	6333546313190609e-21	0	0	0.0006677503479701428	0	-442738590122075e-20
23	4.7671321747275135	4.7671321747275135	4.7671321747275135	0.090311576423307	0.07864068618948372	0.028323195374517652	9.520601741645136	7.146085864009769	1.04724248972918	0	0	0	6333555671123564e-21	0	0	0.0006677501001078396	0	-4427314916435553e-21
23.1	4.7671321747275135	4.7671321747275135	4.7671321747275135	0.0903115764232803	0.07864068618950648	0.028323195374522627	9.520601741645844	7.146085864009247	1.0472424897291337	0	0	0	6333817688576535e-21	0	0	0.0006677431599961363	0	-4425331134389776e-21
23.2	4.7671321747275135	4.7671321747275135	4.7671321747275135	0.09031157642328771	0.07864068618950035	0.02832319537452111	9.520601741645647	7.146085864009387	1.0472424897291477	0	0	0	6333738503966358e-21	0	0	0.0006677452572993252	0	-4425933767464167e-21
23.3	4.7671321747275135	4.7671321747275135	4.7671321747275135	0.09031157642328748	0.07864068618950057	0.02832319537452114	9.520601741645654	7.146085864009382	1.0472424897291472	0	0	0	6333740049474974e-21	0	0	0.0006677452163537526	0	-44259224430602745e-22
23.4	4.7671321747275135	4.7671321747275135	4.7671321747275135	0.09031157642326901	0.07864068618951615	0.02832319537452468	9.520601741646146	7.146085864009023	1.0472424897291144	0	0	0	6333926239754604e-21	0	0	0.0006677402847501528	0	-442451040947463e-20
23.5	4.7671321747275135	4.7671321747275135	4.7671321747275135	0.09031157642326922	0.07864068618951606	0.028323195374524587	9.520601741646143	7.1460858640090255	1.0472424897291155	0	0	0	6333921449862384e-21	0	0	0.0006677404115916572	0	-4424547887232714e-21
23.6	4.7671321747275135	4.7671321747275135	4.7671321747275135	0.0903115764232647	0.07864068618951986	0.028323195374525472	9.520601741646262	7.1460858640089375	1.0472424897291073	0	0	0	6333967735445555e-21	0	0	0.0006677391856385764	0	-4424196513408105e-21
23.7	4.7671321747275135	4.7671321747275135	4.7671321747275135	0.09031157642326124	0.07864068618952276	0.028323195374526128	9.520601741646354	7.146085864008871	1.0472424897291013	0	0	0	6334002452734877e-21	0	0	0.0006677382660822899	0	-4423933344873086e-21
23.8	4.7671321747275135	4.7671321747275135	4.7671321747275135	0.09031157642326444	0.0786406861895201	0.028323195374525448	9.520601741646269	7.146085864008932	1.0472424897291077	0	0	0	63339674065841524e-22	0	0	0.0006677391943190319	0	-4424200253857599e-21
23.9	4.7671321747275135	4.7671321747275135	4.7671321747275135	0.09031157642326111	0.0786406861895229	0.028323195374526128	9.520601741646356	7.146085864008869	1.0472424897291013	0	0	0	6334002773691999e-21	0	0	0.0006677382575725966	0	-4423931270406228e-21
24	4.7671321747275135	4.7671321747275135	4.7671321747275135	0.09031157642325603	0.07864068618952712	0.028323195374527165	9.520601741646493	7.146085864008771	1.0472424897290915	0	0	0	6334056817123897e-21	0	0	0.0006677368261584108	0	-4423520232384138e-21
