0	4.7671321747275135	4.7671321747275135	4.7671321747275135	0.09031157642325327	0.07864068618952942	0.028323195374527724	9.520601741646566	7.146085864008718	1.0472424897290866	0	0	0	0	0	0	0	0	0
0.1	4.7671321747275135	4.7671321747275135	4.7671321747275135	0.09031157642325327	0.07864068618952942	0.028323195374527724	9.520601741646566	7.146085864008718	1.0472424897290866	0	0	0	854599425167271e-20	50.93645375050104	-0.029342163292308366	33368756938772976e-21	530.7865637548826	-0.0611939226730155
0.2	4.7671321747275135	4.7671321747275135	4.7671321747275135	0.09031157642325328	0.07864068618952944	0.028323195374527724	9.520601741646567	7.146085864008718	1.0472424897290866	0	0	0	0.00015808576893257644	68.84745670926974	-0.14126321617030138	0.0012927055094073025	1497.0555514787345	-0.6218843499318187
0.3	4.767132174727513	4.767132174727513	4.767132174727513	0.09031157642325327	0.07864068618952944	0.028323195374527724	9.520601741646564	7.146085864008718	1.0472424897290866	0	0	0	0.0007145887466583105	75.14559998207325	-0.29954754638941367	0.00912000519522333	2468.1275324742955	-2.0602743314017706
0.4	4.7671321747275135	4.7671321747275135	4.7671321747275135	0.09031157642325327	0.07864068618952944	0.028323195374527724	9.520601741646566	7.146085864008718	1.0472424897290866	0	0	0	0.0018440232213195083	77.36041996688593	-0.46439728988739093	0.03244288523639999	3320.778506786166	-4.379793867535816
0.5	4.7671321747275135	4.7671321747275135	4.7671321747275135	0.09031157642325327	0.07864068618952944	0.028323195374527724	9.520601741646566	7.146085864008719	1.0472424897290868	0	0	0	0.0035403708081545317	78.13911252823455	-0.615318631288399	0.07999610748263372	4034.5384365374016	-7.374107188609946
0.6	4.7671321747275135	4.7671321747275135	4.7671321747275135	0.09031157642325327	0.07864068618952942	0.028323195374527724	9.520601741646566	7.146085864008718	1.0472424897290866	0	0	0	0.0056848579457987785	78.41283863031616	-0.7452558097873182	0.15742670576644663	4620.704410932304	-10.785623946856884
0.7	4.767132174727514	4.767132174727514	4.767132174727514	0.09031157642325327	0.07864068618952944	0.028323195374527724	9.520601741646566	7.146085864008718	1.0472424897290866	0	0	0	0.008119027974673083	78.50909634157898	-0.8537543570754694	0.2664124583776494	5098.232980397989	-14.383285932945952
0.8	4.7671321747275135	4.7671321747275135	4.7671321747275135	0.09031157642325326	0.07864068618952944	0.028323195374527724	9.520601741646566	7.146085864008718	1.0472424897290866	0	0	0	0.010691483272984572	78.54296738225574	-0.9429675801326095	0.4051534773569702	5485.925598829386	-17.987873696423502
0.9	4.7671321747275135	4.7671321747275135	4.7671321747275135	0.09031157642325327	0.07864068618952944	0.028323195374527724	9.520601741646566	7.146085864008718	1.0472424897290866	0	0	0	0.013278768071357267	78.55486932281893	-1.01576012545181	0.5694244447378427	5800.213297447825	-21.47278648686341
1	4.7671321747275135	4.7671321747275135	4.7671321747275135	0.09031157642325326	0.07864068618952944	0.028323195374527724	9.520601741646566	7.146085864008718	1.0472424897290866	0	0	0	0.015790003014407056	78.55905378309612	-1.0749276024081353	0.7536697644578709	6054.829105916569	-24.755620467146404
1.1	4.7671321747275135	4.7671321747275135	4.7671321747275135	0.09031157642325327	0.07864068618952944	0.028323195374527724	9.520601741646566	7.146085864008718	1.0472424897290866	0	0	0	0.018163902458089732	78.56053088070693	-1.1229322052627433	0.9518823212836154	6261.050829313758	-27.78808904115772
1.2	4.7671321747275135	4.7671321747275135	4.7671321747275135	0.09031157642325326	0.07864068618952944	0.028323195374527724	9.520601741646566	7.146085864008718	1.0472424897290866	0	0	0	0.020363315115065533	78.56105478240575	-1.1618470402298027	1.1582251793356027	6428.06240213804	-30.547037240627592
1.3	4.7671321747275135	4.7671321747275135	4.7671321747275135	0.09031157642325327	0.07864068618952944	0.028323195374527724	9.520601741646566	7.146085864008718	1.0472424897290866	0	0	0	0.022369554473060414	78.56123746462885	-1.19337674225979	1.367440154038801	6563.295186458126	-33.02714125798468
1.4	4.7671321747275135	4.7671321747275135	4.7671321747275135	0.09031157642325326	0.07864068618952944	0.028323195374527724	9.520601741646566	7.146085864008718	1.0472424897290866	0	0	0	0.024176779082212566	78.56130157729301	-1.2189178748158154	1.5750327748415152	6672.791937072956	-35.23469843294158
1.5	4.7671321747275135	4.7671321747275135	4.7671321747275135	0.09031157642325326	0.07864068618952944	0.028323195374527724	9.520601741646566	7.146085864008718	1.0472424897290866	0	0	0	0.025788063430882364	78.56132582627174	-1.2396141608632845	1.7773073672394324	6761.482607223472	-37.18358672593259
1.6	4.7671321747275135	4.7671321747275135	4.7671321747275135	0.09031157642325326	0.07864068618952944	0.028323195374527724	9.520601741646564	7.146085864008718	1.0472424897290866	0	0	0	0.027212885693730534	78.56133397659073	-1.2563727672410379	1.9714909370456895	6833.26987347548	-38.892553233906966
1.7	4.7671321747275135	4.7671321747275135	4.7671321747275135	0.09031157642325327	0.07864068618952942	0.028323195374527724	9.520601741646566	7.146085864008718	1.0472424897290864	0	0	0	0.028463720834674085	78.56133723837915	-1.269955202841041	2.1554465199873016	6891.427592926336	-40.38228061670974
1.8	4.7671321747275135	4.7671321747275135	4.7671321747275135	0.09031157642325327	0.07864068618952942	0.028323195374527724	9.520601741646566	7.146085864008718	1.0472424897290864	0	0	0	0.029555354157387796	78.56133838293124	-1.2809521818678626	2.327844245543067	6938.493816193725	-41.67439226888007
1.9	4.7671321747275135	4.7671321747275135	4.7671321747275135	0.09031157642325328	0.07864068618952944	0.028323195374527724	9.520601741646566	7.146085864008718	1.0472424897290864	0	0	0	0.030503079530131313	78.56133888330565	-1.2898672099082722	2.4877867802842832	6976.631482019361	-42.79025457652944
2	4.7671321747275135	4.7671321747275135	4.7671321747275135	0.0903115764232533	0.07864068618952945	0.028323195374527727	9.520601741646566	7.146085864008718	1.0472424897290864	0	0	0	0.03132211288240531	78.56133905640833	-1.297083216318832	2.6349792871086346	7007.485069273917	-43.75002490173137
2.1	4.7671321747275135	4.7671321747275135	4.7671321747275135	0.09031157642325328	0.07864068618952945	0.028323195374527724	9.520601741646566	7.146085864008718	1.0472424897290864	0	0	0	0.032027285428672544	78.56133915966089	-1.3029362651224108	2.769357921632988	7032.497630123016	-44.573003547960475
2.2	4.7671321747275135	4.7671321747275135	4.7671321747275135	0.09031157642325328	0.07864068618952945	0.028323195374527724	9.520601741646566	7.146085864008718	1.0472424897290864	0	0	0	0.032632067982912315	78.561339183883	-1.307672307480782	2.8912754324426655	7052.724907875196	-45.27616660212961
2.3	4.7671321747275135	4.7671321747275135	4.7671321747275135	0.09031157642325327	0.07864068618952946	0.028323195374527724	9.520601741646566	7.146085864008719	1.0472424897290864	0	0	0	0.03314939864069134	78.56133921427623	-1.3115141314499767	3.0011845471669787	7069.123123020518	-45.875693001384576
2.4	4.7671321747275135	4.7671321747275135	4.7671321747275135	0.09031157642325328	0.07864068618952948	0.028323195374527724	9.520601741646566	7.146085864008718	1.0472424897290864	0	0	0	0.03359050751961275	78.56133921865931	-1.3146254919614717	3.099752611057138	7082.394827720697	-46.38534895786024
2.5	4.767132174727513	4.767132174727513	4.767132174727513	0.09031157642325327	0.07864068618952946	0.028323195374527724	9.520601741646566	7.146085864008718	1.0472424897290864	0	0	0	0.03396564443862575	78.56133922582502	-1.3171446488229572	3.1877194211213884	7093.133049111967	-46.817594155908786
2.6	4.7671321747275135	4.7671321747275135	4.7671321747275135	0.09031157642325324	0.07864068618952941	0.028323195374527724	9.520601741646566	7.146085864008719	1.0472424897290864	0	0	0	0.034284233020119265	78.56133922936985	-1.3191900120373241	3.2658692220943015	7101.845542928323	-47.18380255204325
2.7	4.7671321747275135	4.7671321747275135	4.7671321747275135	0.09031157642325323	0.0786406861895294	0.028323195374527724	9.520601741646566	7.14608586400872	1.0472424897290864	0	0	0	0.034553853464148736	78.56133922795617	-1.320844076111978	3.3350179720790294	7108.885820577496	-47.493003859602304
2.8	4.7671321747275135	4.7671321747275135	4.7671321747275135	0.09031157642325324	0.07864068618952941	0.028323195374527724	9.520601741646566	7.146085864008719	1.0472424897290864	0	0	0	0.03478180530120394	78.5613392319027	-1.3221850467391876	3.39597737409849	7114.588981760498	-47.753881892124284
2.9	4.7671321747275135	4.7671321747275135	4.7671321747275135	0.09031157642325324	0.07864068618952937	0.028323195374527724	9.520601741646566	7.14608586400872	1.0472424897290864	0	0	0	0.034974333385422586	78.56133923084764	-1.323274034295904	3.4495409593642634	7119.216735792685	-47.97381157476705
3	4.7671321747275135	4.7671321747275135	4.7671321747275135	0.09031157642325319	0.07864068618952932	0.028323195374527724	9.520601741646567	7.146085864008722	1.0472424897290864	0	0	0	0.03513633560506037	78.56133922825742	-1.324154084449915	3.496437528314576	7122.953277030254	-48.15853141646365
3.1	4.7671321747275135	4.7671321747275135	4.7671321747275135	0.09031157642325323	0.07864068618952938	0.028323195374527727	9.520601741646567	7.146085864008721	1.0472424897290864	0	0	0	0.0352726144561232	78.56133923150287	-1.3248673119134127	3.5373875990813586	7125.978809286823	-48.313667292361366
3.2	4.7671321747275135	4.7671321747275135	4.7671321747275135	0.09031157642325313	0.0786406861895293	0.02832319537452773	9.52060174164657	7.146085864008722	1.0472424897290864	0	0	0	0.03538731227769983	78.56133922787323	-1.3254475413676063	3.5730696837293037	7128.437977840459	-48.4440483755724
3.3	4.7671321747275135	4.7671321747275135	4.7671321747275135	0.09031157642325298	0.07864068618952917	0.028323195374527738	9.520601741646573	7.146085864008724	1.0472424897290864	0	0	0	0.03548342302405191	78.56133922020807	-1.3259166100544202	3.6040512417716104	7130.42404711294	-48.55314059030979
3.4	4.7671321747275135	4.7671321747275135	4.7671321747275135	0.09031157642325299	0.07864068618952919	0.02832319537452774	9.520601741646573	7.146085864008724	1.0472424897290864	0	0	0	0.03556382653227586	78.56133922035184	-1.3262955235973322	3.6308830851220995	7132.026723603334	-48.644277741201265
3.5	4.7671321747275135	4.7671321747275135	4.7671321747275135	0.09031157642325298	0.07864068618952916	0.028323195374527734	9.520601741646574	7.146085864008724	1.0472424897290864	0	0	0	0.03563129840161627	78.56133922008878	-1.3266041561643431	3.6541066584636566	7133.330868819284	-48.72066957859937
3.6	4.7671321747275135	4.7671321747275135	4.7671321747275135	0.09031157642325235	0.07864068618952864	0.028323195374527748	9.52060174164659	7.146085864008737	1.0472424897290864	0	0	0	0.035687784960501935	78.56133918832927	-1.326854798392062	3.6741575976974583	7134.388877898607	-48.78455156264125
3.7	4.7671321747275135	4.7671321747275135	4.7671321747275135	0.09031157642325179	0.07864068618952813	0.028323195374527762	9.520601741646606	7.146085864008748	1.0472424897290864	0	0	0	0.03573484797612214	78.5613391580217	-1.3270569982906881	3.6914053892340135	7135.241408856177	-48.83771423833094
3.8	4.7671321747275135	4.7671321747275135	4.7671321747275135	0.09031157642325192	0.07864068618952826	0.02832319537452775	9.520601741646603	7.146085864008746	1.0472424897290864	0	0	0	0.0357740478708238	78.56133916559344	-1.3272203280370896	3.7062185432227577	7135.929223381386	-48.88194689551444
3.9	4.7671321747275135	4.7671321747275135	4.7671321747275135	0.09031157642325133	0.07864068618952774	0.028323195374527856	9.520601741646619	7.146085864008757	1.0472424897290855	0	0	0	0.0358068661812715	78.56133913392598	-1.3273536790982017	3.7189545652853435	7136.4902155380405	-48.91894748563525
4	4.7671321747275135	4.7671321747275135	4.7671321747275135	0.09031157642324666	0.07864068618952376	0.028323195374528282	9.520601741646743	7.146085864008849	1.0472424897290817	0	0	0	0.03583426057111451	78.56133888999679	-1.3274620611196541	3.729878116738217	7136.94572644396	-48.94980757643801
4.1	4.7671321747275135	4.7671321747275135	4.7671321747275135	0.09031157642324181	0.07864068618951964	0.0283231953745287	9.520601741646873	7.146085864008943	1.0472424897290786	0	0	0	0.0358569976172076	78.56133863682935	-1.327549466715352	3.739207649987834	7137.312614908717	-48.9753976690886
4.2	4.7671321747275135	4.7671321747275135	4.7671321747275135	0.09031157642324103	0.07864068618951897	0.02832319537452875	9.520601741646894	7.146085864008959	1.0472424897290782	0	0	0	0.035875845224634856	78.56133859597375	-1.3276199160849178	3.747161303781855	7137.6078509030995	-48.99658980736828
4.3	4.767132174727513	4.767132174727513	4.767132174727513	0.0903115764232432	0.07864068618952083	0.028323195374528758	9.520601741646834	7.146085864008915	1.0472424897290777	0	0	0	0.03589156022218683	78.56133871060507	-1.3276773367317194	3.7539559064357935	7137.84815614558	-49.01424703881571
4.4	4.7671321747275135	4.7671321747275135	4.7671321747275135	0.09031157642320092	0.07864068618948472	0.028323195374534826	9.520601741647962	7.146085864009747	1.0472424897290251	0	0	0	0.03590465815241958	78.5613365031647	-1.3277239790368072	3.759762787775213	7138.044363158893	-49.02898715733945
4.5	4.7671321747275135	4.7671321747275135	4.7671321747275135	0.0903115764231365	0.07864068618942964	0.028323195374543746	9.520601741649676	7.146085864011012	1.047242489728948	0	0	0	0.03591550026816405	78.56133313805056	-1.327761508366719	3.76470003623406	7138.202853098049	-49.041200933625014
4.6	4.7671321747275135	4.7671321747275135	4.7671321747275135	0.09031157642309352	0.0786406861893929	0.028323195374549543	9.520601741650824	7.146085864011856	1.047242489728898	0	0	0	0.03592445836529214	78.56133089284708	-1.3277917579827558	3.768883041019421	7138.330131376837	-49.05127622885818
4.7	4.7671321747275135	4.7671321747275135	4.7671321747275135	0.0903115764231156	0.07864068618941174	0.028323195374546247	9.520601741650232	7.1460858640114235	1.0472424897289268	0	0	0	0.03593190423967574	78.5613320451387	-1.3278165611462185	3.772427191338382	7138.432703409044	-49.05960090422476
4.8	4.7671321747275135	4.7671321747275135	4.7671321747275135	0.09031157642318341	0.07864068618946979	0.028323195374537716	9.520601741648427	7.146085864010088	1.047242489729	0	0	0	0.03593813941292395	78.56133559212776	-1.3278371753511657	3.7754423298366024	7138.516565812639	-49.06653813371763
4.9	4.7671321747275135	4.7671321747275135	4.7671321747275135	0.09031157642315532	0.07864068618944622	0.028323195374545144	9.520601741649175	7.146085864010631	1.0472424897289334	0	0	0	0.035943244266394635	78.5613341498387	-1.3278533087383713	3.7780001873138933	7138.584703968381	-49.07229566507376
5	4.7671321747275135	4.7671321747275135	4.7671321747275135	0.090311576423135	0.07864068618942903	0.028323195374549456	9.520601741649715	7.1460858640110265	1.047242489728895	0	0	0	0.03594747349158147	78.56133309830535	-1.3278664057390117	3.780162000935517	7138.639709827846	-49.07705121692377
5.1	4.7671321747275135	4.7671321747275135	4.7671321747275135	0.09031157642319125	0.07864068618947684	0.028323195374539437	9.520601741648218	7.146085864009926	1.0472424897289832	0	0	0	0.03595104297162985	78.56133602133598	-1.3278776112947186	3.781989881855906	7138.684247990695	-49.080985925824685
5.2	4.7671321747275135	4.7671321747275135	4.7671321747275135	0.09031157642317135	0.07864068618946042	0.02832319537454615	9.520601741648745	7.1460858640103035	1.0472424897289223	0	0	0	0.035953923120571905	78.56133501396889	-1.3278861330351168	3.7835370044924237	7138.720439847804	-49.08424856649405
5.3	4.7671321747275135	4.7671321747275135	4.7671321747275135	0.09031157642314863	0.07864068618944138	0.02832319537455203	9.520601741649351	7.146085864010742	1.0472424897288695	0	0	0	0.03595630043063487	78.56133384730494	-1.3278929934345203	3.784841076954853	7138.749666332648	-49.08694040088469
5.4	4.7671321747275135	4.7671321747275135	4.7671321747275135	0.09031157642319743	0.07864068618948244	0.02832319537454082	9.520601741648052	7.146085864009798	1.0472424897289696	0	0	0	0.03595835047937309	78.56133636172311	-1.327899178873456	3.7859394920151708	7138.773283430168	-49.089161339762946
5.5	4.7671321747275135	4.7671321747275135	4.7671321747275135	0.09031157642318474	0.0786406861894722	0.02832319537454629	9.52060174164839	7.1460858640100335	1.0472424897289196	0	0	0	0.035959965180775204	78.5613357365414	-1.3279036719625832	3.786868100123892	7138.792505282923	-49.091003461764
5.6	4.7671321747275135	4.7671321747275135	4.7671321747275135	0.0903115764231612	0.0786406861894527	0.028323195374553495	9.520601741649015	7.146085864010482	1.0472424897288546	0	0	0	0.03596128357084636	78.56133454300547	-1.3279071947239045	3.787649247209617	7138.808040642753	-49.092522467890895
5.7	4.7671321747275135	4.7671321747275135	4.7671321747275135	0.09031157642320217	0.07864068618948686	0.02832319537454203	9.520601741647926	7.146085864009698	1.0472424897289578	0	0	0	0.035962470846065145	78.56133663176989	-1.327910681882367	3.78830427651389	7138.820558510448	-49.09377127284642
5.8	4.7671321747275135	4.7671321747275135	4.7671321747275135	0.09031157642319584	0.07864068618948201	0.028323195374545813	9.520601741648093	7.146085864009809	1.0472424897289228	0	0	0	0.035963372045462565	78.56133633721845	-1.3279130588047983	3.788857820302988	7138.830765033668	-49.094807882570535
5.9	4.7671321747275135	4.7671321747275135	4.7671321747275135	0.09031157642317268	0.07864068618946306	0.028323195374553974	9.52060174164871	7.146085864010245	1.0472424897288486	0	0	0	0.035964086338284365	78.56133517825693	-1.3279147960190805	3.789322993343226	7138.83902815476	-49.095663002320485
6	4.7671321747275135	4.7671321747275135	4.7671321747275135	0.09031157642320582	0.07864068618949034	0.028323195374543125	9.520601741647829	7.146085864009619	1.047242489728947	0	0	0	0.03596478351825438	78.56133684668293	-1.327916814176744	3.7897108665085715	7138.845659521875	-49.0963626616579
6.1	4.7671321747275135	4.7671321747275135	4.7671321747275135	0.09031157642320506	0.0786406861894901	0.028323195374544953	9.520601741647848	7.146085864009623	1.0472424897289299	0	0	0	0.03596528764354397	78.56133683373763	-1.3279180956304293	3.790038732090674	7138.851075943601	-49.09694407139615
6.2	4.7671321747275135	4.7671321747275135	4.7671321747275135	0.09031157642318306	0.07864068618947237	0.02832319537455368	9.520601741648433	7.146085864010032	1.0472424897288506	0	0	0	0.035965657969673305	78.5613357503193	-1.3279188806995608	3.790314464848971	7138.855475446896	-49.09742468077978
6.3	4.7671321747275135	4.7671321747275135	4.7671321747275135	0.09031157642320865	0.07864068618949314	0.028323195374544138	9.520601741647752	7.146085864009553	1.0472424897289372	0	0	0	0.035966074556183156	78.56133702036267	-1.3279200796566437	3.7905426454110547	7138.8589865255035	-49.097815356837316
6.4	4.7671321747275135	4.7671321747275135	4.7671321747275135	0.09031157642321348	0.07864068618949743	0.028323195374543537	9.520601741647624	7.146085864009454	1.0472424897289425	0	0	0	0.035966364981936935	78.56133728257089	-1.3279208209763664	3.790735531775896	7138.8618562675265	-49.09814014439166
6.5	4.7671321747275135	4.7671321747275135	4.7671321747275135	0.09031157642319433	0.07864068618948229	0.028323195374552013	9.520601741648134	7.1460858640098035	1.047242489728865	0	0	0	0.035966543455628386	78.5613363564278	-1.3279211192423837	3.79089837111723	7138.864201001811	-49.09840994690996
6.6	4.7671321747275135	4.7671321747275135	4.7671321747275135	0.09031157642321291	0.07864068618949714	0.028323195374544294	9.52060174164764	7.146085864009462	1.0472424897289352	0	0	0	0.035966795891715135	78.56133726362307	-1.327921842619818	3.7910318297243784	7138.86605956455	-49.09862747126947
6.7	4.767132174727514	4.767132174727514	4.767132174727514	0.09031157642322152	0.07864068618950427	0.02832319537454159	9.52060174164741	7.146085864009298	1.04724248972896	0	0	0	0.03596697353944376	78.56133770044858	-1.327922318744659	3.791144473684754	7138.867576368648	-49.09880804512228
6.8	4.7671321747275135	4.7671321747275135	4.7671321747275135	0.09031157642320647	0.07864068618949259	0.028323195374548905	9.52060174164781	7.1460858640095655	1.047242489728893	0	0	0	0.035967050184651	78.56133698774075	-1.3279223909373532	3.791240320495421	7138.86882668783	-49.09895931610682
6.9	4.7671321747275135	4.7671321747275135	4.7671321747275135	0.0903115764232196	0.0786406861895029	0.028323195374542934	9.52060174164746	7.146085864009329	1.0472424897289476	0	0	0	0.03596720571580793	78.56133761768774	-1.3279228351471983	3.7913179466502758	7138.869810065511	-49.09908008898414
7	4.7671321747275135	4.7671321747275135	4.7671321747275135	0.09031157642322804	0.07864068618950978	0.028323195374539704	9.520601741647235	7.14608586400917	1.047242489728977	0	0	0	0.03596731713452152	78.56133803722241	-1.3279231473646682	3.7913833573633213	7138.870611108452	-49.099180169447195
7.1	4.7671321747275135	4.7671321747275135	4.7671321747275135	0.09031157642321573	0.0786406861895004	0.02832319537454618	9.520601741647564	7.146085864009386	1.0472424897289174	0	0	0	0.035967337628209986	78.56133746503271	-1.3279231064098904	3.7914397400699404	7138.871279535881	-49.09926507635944
7.2	4.7671321747275135	4.7671321747275135	4.7671321747275135	0.09031157642322472	0.07864068618950736	0.028323195374541726	9.520601741647324	7.146085864009226	1.047242489728958	0	0	0	0.03596743491413813	78.56133789001647	-1.327923382559177	3.7914846504208493	7138.871799537436	-49.09933194291069
7.3	4.7671321747275135	4.7671321747275135	4.7671321747275135	0.09031157642323223	0.07864068618951338	0.02832319537453849	9.520601741647123	7.146085864009088	1.0472424897289876	0	0	0	0.03596750815080254	78.56133825662639	-1.327923597888562	3.7915223808485954	7138.872221562551	-49.09938716566672
7.4	4.7671321747275135	4.7671321747275135	4.7671321747275135	0.0903115764232207	0.07864068618950483	0.028323195374544925	9.520601741647432	7.146085864009285	1.0472424897289285	0	0	0	0.03596749254892699	78.56133773210205	-1.3279234835340814	3.791555770070042	7138.872581623782	-49.09943516685501
7.5	4.7671321747275135	4.7671321747275135	4.7671321747275135	0.09031157642322572	0.07864068618950859	0.028323195374542275	9.520601741647297	7.146085864009198	1.0472424897289527	0	0	0	0.03596754936207613	78.56133796395451	-1.3279236388936226	3.7915817436264385	7138.872857513118	-49.099472248693374
7.6	4.7671321747275135	4.7671321747275135	4.7671321747275135	0.09031157642323458	0.0786406861895155	0.028323195374537938	9.520601741647063	7.14608586400904	1.0472424897289927	0	0	0	0.03596761181905648	78.56133838391752	-1.3279238369429955	3.791603034290497	7138.873076392368	-49.09950215432489
7.7	4.7671321747275135	4.7671321747275135	4.7671321747275135	0.09031157642322324	0.07864068618950731	0.028323195374544655	9.520601741647365	7.146085864009227	1.047242489728931	0	0	0	0.03596757187751651	78.56133788113524	-1.3279236753903134	3.791623122749658	7138.873272796559	-49.099529679319375
7.8	4.7671321747275135	4.7671321747275135	4.7671321747275135	0.09031157642322422	0.07864068618950805	0.028323195374544113	9.520601741647338	7.14608586400921	1.0472424897289359	0	0	0	0.03596759555375793	78.56133792701478	-1.32792373053303	3.7916383369528344	7138.87342103175	-49.09955050804132
7.9	4.7671321747275135	4.7671321747275135	4.7671321747275135	0.09031157642323612	0.07864068618951693	0.028323195374537605	9.520601741647024	7.146085864009007	1.0472424897289956	0	0	0	0.035967667902401024	78.56133847040351	-1.327923966298961	3.791649658592006	7138.873529839352	-49.09956590389263
8	4.7671321747275135	4.7671321747275135	4.7671321747275135	0.09031157642322615	0.07864068618950996	0.028323195374543832	9.520601741647287	7.146085864009167	1.047242489728938	0	0	0	0.03596761842104876	78.56133804410521	-1.3279237995507478	3.7916619140794627	7138.873637827291	-49.09958185998385
8.1	4.7671321747275135	4.7671321747275135	4.7671321747275135	0.090311576423224	0.07864068618950845	0.028323195374545165	9.520601741647344	7.146085864009202	1.0472424897289259	0	0	0	0.035967615779033214	78.56133795139084	-1.3279237788484646	3.791671084217897	7138.873719234179	-49.09959385763095
8.2	4.7671321747275135	4.7671321747275135	4.7671321747275135	0.0903115764232376	0.07864068618951828	0.02832319537453717	9.520601741646985	7.146085864008977	1.0472424897289996	0	0	0	0.035967699662287314	78.56133855275228	-1.3279240442329003	3.7916764854362284	7138.873769784468	-49.09960112329298
8.3	4.7671321747275135	4.7671321747275135	4.7671321747275135	0.09031157642323044	0.07864068618951343	0.028323195374541907	9.520601741647175	7.146085864009087	1.0472424897289558	0	0	0	0.0359676558049725	78.56133825868808	-1.3279239123988438	3.791683923930422	7138.873828694115	-49.0996103129701
8.4	4.7671321747275135	4.7671321747275135	4.7671321747275135	0.09031157642322694	0.07864068618951102	0.028323195374544155	9.520601741647265	7.146085864009144	1.0472424897289352	0	0	0	0.03596763823929758	78.56133811155304	-1.3279238540927996	3.791689599797305	7138.8738741796205	-49.0996173764371
8.5	4.7671321747275135	4.7671321747275135	4.7671321747275135	0.09031157642323956	0.07864068618951989	0.028323195374536342	9.520601741646932	7.146085864008939	1.047242489729007	0	0	0	0.035967721265583695	78.56133865367329	-1.32792410481381	3.791691781816732	7138.873895886252	-49.09962042642794
8.6	4.7671321747275135	4.7671321747275135	4.7671321747275135	0.09031157642323466	0.07864068618951671	0.02832319537453982	9.520601741647061	7.146085864009013	1.047242489728975	0	0	0	0.03596768558392788	78.56133845965552	-1.3279240070215745	3.791696316446649	7138.873928040295	-49.09962573249326
8.7	4.7671321747275135	4.7671321747275135	4.7671321747275135	0.09031157642323087	0.07864068618951418	0.028323195374542354	9.520601741647162	7.146085864009071	1.0472424897289516	0	0	0	0.03596766127597024	78.56133830544283	-1.3279239356598913	3.791699934085893	7138.873953944621	-49.09962999333381
8.8	4.7671321747275135	4.7671321747275135	4.7671321747275135	0.0903115764232415	0.07864068618952144	0.02832319537453545	9.520601741646882	7.146085864008904	1.0472424897290153	0	0	0	0.03596773646648573	78.5613387490298	-1.327924151958034	3.791700456326193	7138.87396188574	-49.0996309546869
8.9	4.7671321747275135	4.7671321747275135	4.7671321747275135	0.09031157642323735	0.07864068618951887	0.02832319537453848	9.52060174164699	7.146085864008963	1.0472424897289871	0	0	0	0.035967702714552775	78.56133859253137	-1.3279240655234348	3.7917033951755212	7138.873980190546	-49.09963418199339
9	4.7671321747275135	4.7671321747275135	4.7671321747275135	0.090311576423233	0.07864068618951606	0.028323195374541494	9.520601741647106	7.146085864009028	1.0472424897289594	0	0	0	0.03596767052798389	78.56133842041824	-1.3279239777269873	3.7917059367620705	7138.873996020468	-49.09963697892636
9.1	4.767132174727514	4.767132174727514	4.767132174727514	0.09031157642324233	0.07864068618952222	0.02832319537453517	9.520601741646857	7.146085864008885	1.0472424897290178	0	0	0	0.03596774157697107	78.5613387975947	-1.3279241721891473	3.791705497885733	7138.873996976719	-49.09963681229424
9.2	4.767132174727514	4.767132174727514	4.767132174727514	0.09031157642323867	0.07864068618952005	0.02832319537453796	9.520601741646955	7.146085864008936	1.0472424897289923	0	0	0	0.03596770826733986	78.5613386639675	-1.3279240919232245	3.791707540511887	7138.874007859976	-49.099638892611665
9.3	4.7671321747275135	4.7671321747275135	4.7671321747275135	0.09031157642323312	0.07864068618951657	0.028323195374541928	9.520601741647102	7.146085864009015	1.0472424897289554	0	0	0	0.03596766272325069	78.56133845025775	-1.32792397451073	3.791709698064166	7138.874019079183	-49.09964107160642
9.4	4.7671321747275135	4.7671321747275135	4.7671321747275135	0.09031157642324178	0.0786406861895221	0.02832319537453582	9.520601741646873	7.146085864008888	1.0472424897290118	0	0	0	0.03596773383703191	78.5613387883451	-1.3279241594571503	3.791708645611626	7138.874016415016	-49.099640258999806
9.5	4.7671321747275135	4.7671321747275135	4.7671321747275135	0.09031157642323973	0.07864068618952096	0.028323195374537563	9.520601741646926	7.1460858640089135	1.0472424897289958	0	0	0	0.03596771099573703	78.56133871931243	-1.3279241102817319	3.7917099099252205	7138.874022150407	-49.099641450736165
9.6	4.7671321747275135	4.7671321747275135	4.7671321747275135	0.09031157642323309	0.07864068618951686	0.028323195374542504	9.520601741647102	7.146085864009008	1.0472424897289498	0	0	0	0.03596765140520853	78.56133847045606	-1.3279239643028204	3.7917120170436593	7138.874031221754	-49.0996434025774
9.7	4.7671321747275135	4.7671321747275135	4.7671321747275135	0.09031157642324035	0.07864068618952137	0.028323195374537185	9.52060174164691	7.146085864008905	1.0472424897289991	0	0	0	0.03596771575438029	78.56133874521277	-1.3279241236741626	3.791710791813531	7138.874027615993	-49.099642421872126
9.8	4.7671321747275135	4.7671321747275135	4.7671321747275135	0.0903115764232412	0.07864068618952211	0.028323195374536737	9.520601741646887	7.146085864008888	1.0472424897290031	0	0	0	0.03596771854942449	78.56133878885856	-1.32792413905568	3.791711098398147	7138.874028815149	-49.099642685249165
9.9	4.7671321747275135	4.7671321747275135	4.7671321747275135	0.0903115764232346	0.07864068618951826	0.02832319537454176	9.520601741647063	7.146085864008975	1.0472424897289567	0	0	0	0.03596765517772775	78.56133855263495	-1.3279239913431322	3.7917130675215436	7138.874036025625	-49.09964438282672
10	4.7671321747275135	4.7671321747275135	4.7671321747275135	0.09031157642323963	0.07864068618952127	0.028323195374537966	9.520601741646928	7.146085864008906	1.0472424897289918	0	0	0	0.03596770272292954	78.56133873681529	-1.3279241040725882	3.791712082479834	7138.874033230256	-49.09964361085366
10.1	4.7671321747275135	4.7671321747275135	4.7671321747275135	0.090311576423243	0.0786406861895234	0.028323195374535596	9.52060174164684	7.146085864008858	1.0472424897290138	0	0	0	0.03596773001804827	78.56133886555772	-1.3279241751374005	3.791711584111709	7138.87403143971	-49.099643176368
10.2	4.7671321747275135	4.7671321747275135	4.7671321747275135	0.09031157642323756	0.07864068618952037	0.028323195374539915	9.520601741646983	7.146085864008926	1.0472424897289738	0	0	0	0.03596767311070292	78.5613386754199	-1.32792404861975	3.7917132500530286	7138.874036756219	-49.099644529123374
10.3	4.7671321747275135	4.7671321747275135	4.7671321747275135	0.09031157642324066	0.07864068618952215	0.028323195374537518	9.520601741646901	7.146085864008886	1.0472424897289963	0	0	0	0.03596770411866713	78.56133878557273	-1.3279241193803641	3.791712584599967	7138.874034987785	-49.099644023052846
10.4	4.7671321747275135	4.7671321747275135	4.7671321747275135	0.09031157642324457	0.07864068618952452	0.028323195374534534	9.520601741646797	7.146085864008831	1.0472424897290238	0	0	0	0.03596774076436379	78.56133893177369	-1.3279242075955493	3.791711747698741	7138.874032247456	-49.09964332921517
10.5	4.7671321747275135	4.7671321747275135	4.7671321747275135	0.09031157642323982	0.07864068618952194	0.02832319537453836	9.52060174164692	7.14608586400889	1.0472424897289885	0	0	0	0.035967688178767714	78.56133877196349	-1.327924095321496	3.791713224721252	7138.8740364236155	-49.09964446843455
10.6	4.7671321747275135	4.7671321747275135	4.7671321747275135	0.09031157642324142	0.07864068618952283	0.0283231953745371	9.520601741646878	7.14608586400887	1.047242489729	0	0	0	0.03596770501243413	78.56133882722642	-1.327924132430648	3.791712866280535	7138.874035558811	-49.099644206474004
10.7	4.7671321747275135	4.7671321747275135	4.7671321747275135	0.0903115764232455	0.07864068618952517	0.02832319537453392	9.52060174164677	7.146085864008816	1.0472424897290293	0	0	0	0.0359677461526335	78.56133897303643	-1.3279242263668878	3.7917118581453564	7138.874032536206	-49.09964340418557
10.8	4.7671321747275135	4.7671321747275135	4.7671321747275135	0.09031157642324071	0.07864068618952266	0.028323195374537837	9.520601741646898	7.1460858640088745	1.047242489728993	0	0	0	0.035967690586807	78.56133881771005	-1.3279241118877072	3.791713370660283	7138.874036373748	-49.099644519083526
10.9	4.7671321747275135	4.7671321747275135	4.7671321747275135	0.0903115764232407	0.07864068618952268	0.028323195374537848	9.520601741646898	7.146085864008874	1.0472424897289927	0	0	0	0.03596769040339383	78.56133881815528	-1.3279241117907414	3.791713421834927	7138.874036578888	-49.09964456474987
11	4.7671321747275135	4.7671321747275135	4.7671321747275135	0.09031157642324579	0.07864068618952545	0.028323195374533802	9.520601741646763	7.14608586400881	1.0472424897290302	0	0	0	0.035967745349903636	78.56133899024641	-1.3279242305934988	3.791712021294345	7138.874032797647	-49.09964350169615
11.1	4.7671321747275135	4.7671321747275135	4.7671321747275135	0.09031157642324102	0.07864068618952302	0.028323195374537844	9.52060174164689	7.146085864008866	1.0472424897289927	0	0	0	0.03596768593828063	78.56133883846557	-1.3279241126789982	3.791713611023356	7138.874036428915	-49.09964462393859
11.2	4.767132174727513	4.767132174727513	4.767132174727513	0.09031157642323921	0.07864068618952208	0.028323195374539357	9.520601741646939	7.146085864008887	1.0472424897289787	0	0	0	0.035967664000906535	78.56133878027207	-1.3279240684702855	3.7917142122348335	7138.874037881199	-49.09964505788866
11.3	4.767132174727514	4.767132174727514	4.767132174727514	0.09031157642324568	0.0786406861895255	0.028323195374534028	9.52060174164677	7.1460858640088105	1.0472424897290282	0	0	0	0.035967739750433776	78.56133899174263	-1.3279242243819884	3.791712248415656	7138.874033112238	-49.09964363421027
11.4	4.7671321747275135	4.7671321747275135	4.7671321747275135	0.09031157642324177	0.07864068618952363	0.028323195374537338	9.520601741646871	7.146085864008852	1.0472424897289978	0	0	0	0.035967688767662286	78.56133887567631	-1.3279241278083507	3.7917136042716004	7138.874035855699	-49.099644545584404
11.5	4.7671321747275135	4.7671321747275135	4.7671321747275135	0.09031157642323853	0.07864068618952204	0.028323195374540047	9.520601741646956	7.146085864008889	1.0472424897289725	0	0	0	0.035967648155041186	78.56133877641808	-1.327924048704714	3.791714684329	7138.874038198212	-49.099645291891434
11.6	4.7671321747275135	4.7671321747275135	4.7671321747275135	0.09031157642324543	0.07864068618952551	0.0283231953745343	9.520601741646775	7.14608586400881	1.047242489729026	0	0	0	0.03596773315014596	78.5613389918908	-1.3279242167169116	3.791712467210995	7138.874033293581	-49.09964374658928
11.7	4.7671321747275135	4.7671321747275135	4.7671321747275135	0.09031157642324342	0.07864068618952463	0.028323195374536092	9.520601741646827	7.146085864008829	1.0472424897290094	0	0	0	0.035967703486509156	78.5613389360609	-1.3279241644429312	3.791713256608852	7138.874034616914	-49.0996442402034
11.8	4.7671321747275135	4.7671321747275135	4.7671321747275135	0.09031157642323998	0.078640686189523	0.02832319537453908	9.52060174164692	7.146085864008867	1.0472424897289818	0	0	0	0.03596765720691869	78.56133883232836	-1.327924077415834	3.7917144796083573	7138.874037033953	-49.099645053939305
11.9	4.7671321747275135	4.7671321747275135	4.7671321747275135	0.0903115764232459	0.07864068618952584	0.02832319537453402	9.520601741646763	7.146085864008802	1.0472424897290282	0	0	0	0.03596773446353382	78.56133901252628	-1.3279242249871963	3.79171245900033	7138.874032917521	-49.09964369261189
12	4.7671321747275135	4.7671321747275135	4.7671321747275135	0.09031157642324508	0.07864068618952559	0.028323195374534805	9.520601741646782	7.146085864008807	1.0472424897290211	0	0	0	0.03596772030951851	78.5613389940582	-1.3279242028966098	3.791712837131769	7138.874033363464	-49.09964390249176
12.1	4.7671321747275135	4.7671321747275135	4.7671321747275135	0.09031157642324181	0.07864068618952412	0.028323195374537643	9.520601741646871	7.14608586400884	1.0472424897289947	0	0	0	0.03596767514571734	78.56133890063323	-1.3279241206712236	3.7917140278352885	7138.874035528501	-49.09964466858985
12.2	4.7671321747275135	4.7671321747275135	4.7671321747275135	0.09031157642324658	0.07864068618952633	0.028323195374533518	9.520601741646743	7.146085864008789	1.047242489729033	0	0	0	0.03596773994507578	78.56133904050674	-1.3279242406146876	3.7917123302981612	7138.87403232668	-49.099643560315045
12.3	4.767132174727514	4.767132174727514	4.767132174727514	0.09031157642324612	0.07864068618952619	0.028323195374534014	9.520601741646754	7.146085864008794	1.0472424897290284	0	0	0	0.03596773007259848	78.56133903110202	-1.327924226503169	3.7917125935608897	7138.874032553861	-49.09964369404674
12.4	4.7671321747275135	4.7671321747275135	4.7671321747275135	0.09031157642324278	0.0786406861895247	0.02832319537453703	9.520601741646844	7.146085864008827	1.0472424897290007	0	0	0	0.03596768089098341	78.56133893623064	-1.3279241394076924	3.791713888293813	7138.8740347437015	-49.09964450364407
12.5	4.7671321747275135	4.7671321747275135	4.7671321747275135	0.09031157642324657	0.0786406861895264	0.02832319537453366	9.520601741646743	7.146085864008787	1.0472424897290318	0	0	0	0.03596773512471065	78.56133904459689	-1.3279242367477984	3.7917124658119916	7138.874032259708	-49.09964360318601
12.6	4.767132174727514	4.767132174727514	4.767132174727514	0.09031157642324658	0.07864068618952648	0.028323195374533747	9.520601741646743	7.146085864008787	1.047242489729031	0	0	0	0.03596773178149917	78.56133904831793	-1.32792423447702	3.7917125562132896	7138.874032180187	-49.099643625841395
12.7	4.7671321747275135	4.7671321747275135	4.7671321747275135	0.09031157642324263	0.07864068618952476	0.02832319537453736	9.52060174164685	7.146085864008826	1.0472424897289971	0	0	0	0.035967671337010856	78.56133893952696	-1.3279241302779936	3.7917141463549906	7138.8740346860795	-49.09964459302496
12.8	4.767132174727514	4.767132174727514	4.767132174727514	0.09031157642324514	0.07864068618952587	0.028323195374535093	9.520601741646782	7.146085864008801	1.047242489729018	0	0	0	0.03596770892084272	78.56133900912921	-1.3279241957572705	3.7917131598528653	7138.874033089826	-49.09964398694632
12.9	4.7671321747275135	4.7671321747275135	4.7671321747275135	0.09031157642324683	0.07864068618952665	0.02832319537453362	9.520601741646738	7.146085864008782	1.047242489729032	0	0	0	0.035967731638040935	78.56133905957758	-1.3279242384318826	3.7917125645175047	7138.8740319330755	-49.09964359227652
13	4.7671321747275135	4.7671321747275135	4.7671321747275135	0.09031157642324254	0.07864068618952483	0.028323195374537626	9.52060174164685	7.146085864008825	1.0472424897289947	0	0	0	0.03596766257094872	78.56133894439846	-1.3279241227830119	3.791714381412773	7138.874034583355	-49.09964466528253
13.1	4.7671321747275135	4.7671321747275135	4.7671321747275135	0.09031157642324318	0.07864068618952509	0.02832319537453706	9.520601741646836	7.1460858640088185	1.047242489729	0	0	0	0.035967672243695334	78.56133896133704	-1.3279241392686985	3.7917141278075484	7138.874034195883	-49.0996445129624
13.2	4.7671321747275135	4.7671321747275135	4.7671321747275135	0.09031157642324716	0.07864068618952684	0.028323195374533386	9.520601741646729	7.1460858640087785	1.0472424897290342	0	0	0	0.035967733560630794	78.56133907259687	-1.3279242453127826	3.7917125168087633	7138.874031639724	-49.09964353028633
13.3	4.7671321747275135	4.7671321747275135	4.7671321747275135	0.09031157642324347	0.0786406861895253	0.028323195374536814	9.520601741646827	7.146085864008815	1.0472424897290025	0	0	0	0.03596767226580637	78.56133897897763	-1.3279241459792528	3.791714129704254	7138.87403379334	-49.09964445191792
13.4	4.7671321747275135	4.7671321747275135	4.7671321747275135	0.09031157642324282	0.07864068618952502	0.028323195374537424	9.520601741646843	7.14608586400882	1.047242489728997	0	0	0	0.03596766135849488	78.56133896215863	-1.3279241282358922	3.791714416979253	7138.874034181161	-49.09964461678376
13.5	4.7671321747275135	4.7671321747275135	4.7671321747275135	0.09031157642324766	0.0786406861895271	0.028323195374532942	9.520601741646715	7.146085864008772	1.0472424897290382	0	0	0	0.035967739029551804	78.56133909061612	-1.3279242578581403	3.791712374854686	7138.874031229017	-49.09964341506134
13.6	4.7671321747275135	4.7671321747275135	4.7671321747275135	0.09031157642324505	0.07864068618952616	0.028323195374535395	9.520601741646784	7.1460858640087945	1.0472424897290156	0	0	0	0.03596769409293692	78.56133902825103	-1.3279241875096508	3.7917135577819017	7138.874032663616	-49.09964406779695
13.7	4.7671321747275135	4.7671321747275135	4.7671321747275135	0.09031157642324393	0.07864068618952573	0.02832319537453645	9.520601741646814	7.146085864008803	1.0472424897290058	0	0	0	0.03596767507885791	78.56133900065187	-1.3279241572698948	3.7917140583071753	7138.874033298804	-49.09964434846431
13.8	4.7671321747275135	4.7671321747275135	4.7671321747275135	0.09031157642324834	0.0786406861895275	0.028323195374532345	9.520601741646699	7.146085864008763	1.047242489729044	0	0	0	0.035967747929793854	78.5613391127852	-1.3279242756170362	3.791712142081402	7138.874030721485	-49.09964325108804
13.9	4.7671321747275135	4.7671321747275135	4.7671321747275135	0.09031157642324632	0.07864068618952676	0.02832319537453432	9.52060174164675	7.146085864008779	1.0472424897290256	0	0	0	0.03596771034429659	78.56133906442908	-1.3279242183184448	3.791713131783445	7138.874031833657	-49.09964378272907
14	4.7671321747275135	4.7671321747275135	4.7671321747275135	0.09031157642324487	0.07864068618952622	0.02832319537453568	9.520601741646788	7.146085864008792	1.047242489729013	0	0	0	0.03596768505499894	78.56133902972194	-1.327924178900879	3.7917137975302473	7138.874032631898	-49.09964414842029
14.1	4.7671321747275135	4.7671321747275135	4.7671321747275135	0.09031157642324873	0.0786406861895277	0.028323195374532	9.520601741646686	7.146085864008758	1.0472424897290469	0	0	0	0.03596775203161191	78.56133912601295	-1.3279242850307997	3.7917120351559146	7138.874030418465	-49.09964316411929
14.2	4.7671321747275135	4.7671321747275135	4.7671321747275135	0.09031157642324662	0.07864068618952702	0.02832319537453398	9.520601741646741	7.146085864008773	1.0472424897290287	0	0	0	0.035967713804808295	78.56133907964383	-1.3279242279870267	3.7917130419399396	7138.874031484989	-49.09964369335996
14.3	4.7671321747275135	4.7671321747275135	4.7671321747275135	0.09031157642324444	0.07864068618952626	0.028323195374536026	9.5206017416468	7.14608586400879	1.0472424897290096	0	0	0	0.03596767505195301	78.56133902923688	-1.327924168758131	3.791714062251809	7138.874032644221	-49.0996442428073
14.4	4.7671321747275135	4.7671321747275135	4.7671321747275135	0.09031157642324837	0.07864068618952769	0.02832319537453234	9.520601741646695	7.146085864008758	1.047242489729044	0	0	0	0.03596774414568915	78.56133912172828	-1.3279242754318366	3.791712243496086	7138.874030517822	-49.09964325333203
14.5	4.7671321747275135	4.7671321747275135	4.7671321747275135	0.09031157642324661	0.07864068618952713	0.028323195374533972	9.520601741646741	7.1460858640087705	1.0472424897290287	0	0	0	0.03596771152155106	78.56133908589709	-1.3279242283396318	3.7917131030497666	7138.874031341762	-49.09964369032587
14.6	4.7671321747275135	4.7671321747275135	4.7671321747275135	0.0903115764232434	0.07864068618952606	0.02832319537453697	9.520601741646827	7.146085864008795	1.047242489729001	0	0	0	0.03596765356651507	78.56133901495961	-1.3279241416367433	3.7917146292872617	7138.874032972858	-49.09964449473448
14.7	4.7671321747275135	4.7671321747275135	4.7671321747275135	0.09031157642324711	0.07864068618952733	0.028323195374533486	9.520601741646729	7.146085864008766	1.047242489729033	0	0	0	0.03596772040287345	78.56133909835245	-1.3279242422856017	3.791712869367114	7138.874031055616	-49.09964356106549
14.8	4.7671321747275135	4.7671321747275135	4.7671321747275135	0.09031157642324696	0.07864068618952737	0.02832319537453365	9.520601741646734	7.146085864008766	1.0472424897290318	0	0	0	0.035967715615396814	78.5613390987344	-1.3279242377996658	3.791712996062864	7138.874031046752	-49.099643602804285
14.9	4.7671321747275135	4.7671321747275135	4.7671321747275135	0.09031157642324329	0.07864068618952622	0.028323195374537105	9.52060174164683	7.146085864008793	1.0472424897289998	0	0	0	0.03596764759888895	78.56133902088972	-1.3279241383795555	3.791714787775156	7138.8740328364	-49.09964452523999
15	4.7671321747275135	4.7671321747275135	4.7671321747275135	0.09031157642324585	0.07864068618952702	0.028323195374534704	9.520601741646765	7.146085864008773	1.047242489729022	0	0	0	0.035967694486656966	78.56133907585466	-1.3279242074675996	3.7917135527950703	7138.874031572737	-49.09964388427608
15.1	4.767132174727514	4.767132174727514	4.767132174727514	0.09031157642324772	0.07864068618952767	0.02832319537453297	9.520601741646715	7.146085864008758	1.047242489729038	0	0	0	0.035967727019626285	78.56133911853966	-1.3279242573735077	3.7917126963534544	7138.874030591605	-49.099643421350684
15.2	4.7671321747275135	4.7671321747275135	4.7671321747275135	0.0903115764232446	0.07864068618952674	0.028323195374535915	9.520601741646797	7.146085864008779	1.0472424897290107	0	0	0	0.035967667300105456	78.56133905496141	-1.3279241721538602	3.791714269968044	7138.87403205363	-49.09964421210746
15.3	4.7671321747275135	4.7671321747275135	4.7671321747275135	0.09031157642324598	0.07864068618952716	0.02832319537453462	9.52060174164676	7.14608586400877	1.0472424897290225	0	0	0	0.03596769306413733	78.56133908364123	-1.3279242094548394	3.791713591221706	7138.874031394386	-49.09964386602648
15.4	4.7671321747275135	4.7671321747275135	4.7671321747275135	0.09031157642324857	0.07864068618952802	0.02832319537453221	9.520601741646692	7.146085864008752	1.047242489729045	0	0	0	0.035967740531614834	78.56133913927852	-1.3279242794341803	3.791712340983772	7138.87403011502	-49.0996432167912
15.5	4.7671321747275135	4.7671321747275135	4.7671321747275135	0.09031157642324605	0.07864068618952731	0.028323195374534624	9.520601741646756	7.146085864008768	1.047242489729023	0	0	0	0.035967690850046787	78.56133908976214	-1.3279242100662745	3.791713650455552	7138.874031253095	-49.09964386051811
15.6	4.7671321747275135	4.7671321747275135	4.7671321747275135	0.09031157642324672	0.07864068618952749	0.028323195374534007	9.520601741646738	7.146085864008763	1.0472424897290284	0	0	0	0.03596770341666565	78.56133910316518	-1.3279242279983523	3.791713319341913	7138.874030944807	-49.09964369413755
15.7	4.7671321747275135	4.7671321747275135	4.7671321747275135	0.09031157642324908	0.07864068618952824	0.0283231953745317	9.520601741646676	7.146085864008746	1.0472424897290495	0	0	0	0.03596774956792391	78.56133915382665	-1.327924294527558	3.7917121033981944	7138.874029780086	-49.09964307683203
15.8	4.7671321747275135	4.7671321747275135	4.7671321747275135	0.09031157642324648	0.07864068618952756	0.02832319537453411	9.520601741646747	7.146085864008763	1.0472424897290271	0	0	0	0.03596769921508512	78.5613391062341	-1.3279242254173362	3.7917134307741107	7138.874030874168	-49.099643718165964
15.9	4.7671321747275135	4.7671321747275135	4.7671321747275135	0.09031157642324636	0.07864068618952752	0.028323195374534225	9.520601741646749	7.1460858640087634	1.0472424897290262	0	0	0	0.03596769670219141	78.56133910402667	-1.3279242220416225	3.791713497031022	7138.8740309248615	-49.09964374948244
16	4.767132174727514	4.767132174727514	4.767132174727514	0.09031157642324911	0.07864068618952831	0.02832319537453163	9.520601741646677	7.146085864008746	1.0472424897290502	0	0	0	0.03596774987588736	78.5613391583927	-1.3279242968935208	3.7917120957033172	7138.874029674963	-49.099643054891104
16.1	4.7671321747275135	4.7671321747275135	4.7671321747275135	0.0903115764232462	0.0786406861895276	0.028323195374534323	9.520601741646756	7.146085864008761	1.0472424897290253	0	0	0	0.03596769321055771	78.56133910773374	-1.3279242204699477	3.7917135898174816	7138.874030839558	-49.0996437641125
16.2	4.7671321747275135	4.7671321747275135	4.7671321747275135	0.0903115764232449	0.07864068618952728	0.02832319537453553	9.520601741646788	7.146085864008769	1.047242489729014	0	0	0	0.03596766792071242	78.56133908450781	-1.3279241860769704	3.791714256573145	7138.874031373485	-49.09964408326334
16.3	4.7671321747275135	4.7671321747275135	4.7671321747275135	0.09031157642324868	0.07864068618952827	0.02832319537453199	9.520601741646688	7.146085864008747	1.0472424897290469	0	0	0	0.035967741446413806	78.5613391541318	-1.3279242870298376	3.7917123182947443	7138.874029772815	-49.099643146410806
16.4	4.7671321747275135	4.7671321747275135	4.7671321747275135	0.09031157642324605	0.07864068618952773	0.028323195374534347	9.520601741646757	7.146085864008759	1.047242489729025	0	0	0	0.035967690334615394	78.56133911185375	-1.3279242196866923	3.7917136663305406	7138.874030744692	-49.099643771439354
16.5	4.7671321747275135	4.7671321747275135	4.7671321747275135	0.0903115764232435	0.07864068618952716	0.02832319537453667	9.520601741646825	7.146085864008772	1.0472424897290031	0	0	0	0.03596764074046154	78.56133906876603	-1.3279241533858759	3.7917149741256795	7138.87403173521	-49.09964438677449
16.6	4.767132174727514	4.767132174727514	4.767132174727514	0.09031157642324787	0.07864068618952817	0.02832319537453268	9.520601741646711	7.146085864008748	1.0472424897290402	0	0	0	0.03596772545568754	78.56133914378643	-1.3279242672976788	3.7917127403350674	7138.874030010551	-49.099643329621316
16.7	4.7671321747275135	4.7671321747275135	4.7671321747275135	0.09031157642324683	0.07864068618952798	0.028323195374533656	9.52060174164674	7.146085864008753	1.0472424897290316	0	0	0	0.03596770320911852	78.56133912873162	-1.3279242395802409	3.791713327436844	7138.874030356648	-49.09964358693024
16.8	4.7671321747275135	4.7671321747275135	4.7671321747275135	0.09031157642324399	0.07864068618952737	0.028323195374536286	9.520601741646814	7.146085864008767	1.0472424897290067	0	0	0	0.03596764604146122	78.56133908202874	-1.3279241645632052	3.791714835269825	7138.874031430255	-49.099644283193854
16.9	4.7671321747275135	4.7671321747275135	4.7671321747275135	0.09031157642324768	0.07864068618952819	0.028323195374532883	9.520601741646717	7.146085864008748	1.0472424897290384	0	0	0	0.035967719420213935	78.56133914339662	-1.3279242615212028	3.7917129000183003	7138.874030019301	-49.09964338332278
17	4.7671321747275135	4.7671321747275135	4.7671321747275135	0.09031157642324789	0.07864068618952824	0.02832319537453265	9.52060174164671	7.146085864008745	1.0472424897290407	0	0	0	0.03596772306764048	78.56133914984936	-1.3279242679647003	3.7917128041753276	7138.874029870805	-49.099643323565644
17.1	4.7671321747275135	4.7671321747275135	4.7671321747275135	0.0903115764232454	0.0786406861895277	0.02832319537453491	9.520601741646777	7.146085864008758	1.0472424897290196	0	0	0	0.03596767308152865	78.56133911142943	-1.32792420352909	3.7917141228300557	7138.874030753972	-49.0996439216319
17.2	4.7671321747275135	4.7671321747275135	4.7671321747275135	0.09031157642324822	0.07864068618952831	0.028323195374532338	9.520601741646699	7.146085864008745	1.0472424897290435	0	0	0	0.03596772956292451	78.56133915625847	-1.3279242770082331	3.7917126329589355	7138.874029723412	-49.09964323960703
17.3	4.7671321747275135	4.7671321747275135	4.7671321747275135	0.09031157642324862	0.07864068618952844	0.02832319537453191	9.52060174164669	7.146085864008742	1.0472424897290475	0	0	0	0.0359677377992924	78.56133916548478	-1.327924289049205	3.7917124159932096	7138.874029511463	-49.09964312798456
17.4	4.7671321747275135	4.7671321747275135	4.7671321747275135	0.09031157642324622	0.07864068618952795	0.02832319537453404	9.520601741646752	7.146085864008753	1.0472424897290276	0	0	0	0.035967689770076645	78.56133913040233	-1.3279242280584256	3.7917136832386364	7138.874030318162	-49.09964369424436
17.5	4.7671321747275135	4.7671321747275135	4.7671321747275135	0.09031157642324832	0.07864068618952838	0.028323195374532147	9.520601741646697	7.146085864008742	1.0472424897290453	0	0	0	0.035967731931916595	78.56133916214742	-1.3279242820575716	3.791712570905108	7138.874029588432	-49.09964319297626
17.6	4.7671321747275135	4.7671321747275135	4.7671321747275135	0.09031157642324884	0.07864068618952856	0.02832319537453168	9.520601741646683	7.146085864008737	1.0472424897290498	0	0	0	0.03596774173415712	78.5613391719138	-1.3279242958145714	3.791712312566795	7138.874029363973	-49.09964306523833
17.7	4.7671321747275135	4.7671321747275135	4.7671321747275135	0.09031157642324604	0.07864068618952808	0.028323195374534205	9.52060174164676	7.146085864008749	1.0472424897290262	0	0	0	0.035967684241185675	78.56133913184142	-1.3279242237947029	3.7917138297382893	7138.874030285284	-49.099643733776276
17.8	4.7671321747275135	4.7671321747275135	4.7671321747275135	0.09031157642324711	0.07864068618952828	0.028323195374533268	9.52060174164673	7.146085864008745	1.0472424897290349	0	0	0	0.03596770540145282	78.56133914696751	-1.3279242504937119	3.791713271400369	7138.874029937482	-49.0996434859418
17.9	4.7671321747275135	4.7671321747275135	4.7671321747275135	0.09031157642324872	0.07864068618952862	0.028323195374531755	9.520601741646688	7.146085864008738	1.047242489729049	0	0	0	0.03596773901537969	78.56133917292308	-1.3279242938668738	3.7917123846689833	7138.874029340586	-49.09964308337967
18	4.7671321747275135	4.7671321747275135	4.7671321747275135	0.09031157642324525	0.078640686189528	0.028323195374534756	9.520601741646779	7.146085864008751	1.0472424897290211	0	0	0	0.035967669912260525	78.56133912729453	-1.3279242085635725	3.791714208502379	7138.874030389397	-49.099643875334614
18.1	4.767132174727514	4.767132174727514	4.767132174727514	0.09031157642324478	0.07864068618952792	0.02832319537453516	9.520601741646791	7.146085864008754	1.0472424897290176	0	0	0	0.035967660662408585	78.56133912113017	-1.3279241971142166	3.79171445262273	7138.874030531052	-49.099643981633776
18.2	4.7671321747275135	4.7671321747275135	4.7671321747275135	0.09031157642324848	0.0786406861895286	0.02832319537453193	9.520601741646693	7.146085864008738	1.0472424897290475	0	0	0	0.03596773414205012	78.56133917211326	-1.3279242890652432	3.7917125135607805	7138.874029359015	-49.0996431280079
18.3	4.7671321747275135	4.7671321747275135	4.7671321747275135	0.09031157642324555	0.07864068618952812	0.028323195374534503	9.52060174164677	7.146085864008748	1.0472424897290236	0	0	0	0.03596767372124959	78.56133913492067	-1.3279242158821905	3.7917141085558725	7138.874030214044	-49.099643807410686
18.4	4.7671321747275135	4.7671321747275135	4.7671321747275135	0.09031157642324389	0.07864068618952784	0.028323195374535957	9.520601741646814	7.146085864008755	1.04724248972901	0	0	0	0.035967639805695464	78.5613391133893	-1.327924174466125	3.7917150037866505	7138.874030709036	-49.09964419188555
18.5	4.7671321747275135	4.7671321747275135	4.7671321747275135	0.09031157642324837	0.07864068618952862	0.02832319537453203	9.520601741646697	7.146085864008737	1.0472424897290467	0	0	0	0.03596773082116793	78.56133917259666	-1.3279242863410408	3.7917126015163554	7138.874029347953	-49.09964315326783
18.6	4.7671321747275135	4.7671321747275135	4.7671321747275135	0.09031157642324684	0.07864068618952838	0.028323195374533417	9.520601741646738	7.146085864008743	1.0472424897290336	0	0	0	0.03596769766336263	78.56133915432244	-1.327924247297022	3.7917134770706546	7138.874029768183	-49.099643515786006
18.7	4.7671321747275135	4.7671321747275135	4.7671321747275135	0.09031157642324504	0.07864068618952809	0.028323195374535034	9.520601741646784	7.146085864008749	1.0472424897290187	0	0	0	0.035967659748696784	78.56133913158533	-1.3279242016945139	3.7917144780178167	7138.874030290996	-49.09964393918783
18.8	4.7671321747275135	4.7671321747275135	4.7671321747275135	0.09031157642324888	0.07864068618952873	0.028323195374531606	9.520601741646683	7.146085864008735	1.0472424897290507	0	0	0	0.03596773995098258	78.56133918112616	-1.327924298910716	3.7917123608431473	7138.8740291521335	-49.099643036663856
18.9	4.7671321747275135	4.7671321747275135	4.7671321747275135	0.09031157642324797	0.07864068618952864	0.028323195374532373	9.520601741646708	7.146085864008737	1.0472424897290433	0	0	0	0.03596772060072009	78.5613391716764	-1.3279242767629815	3.7917128719387208	7138.874029369552	-49.09964324234192
19	4.7671321747275135	4.7671321747275135	4.7671321747275135	0.09031157642324628	0.07864068618952842	0.028323195374533858	9.520601741646752	7.146085864008741	1.0472424897290298	0	0	0	0.03596768497408124	78.56133915136402	-1.3279242344640039	3.7917138126022674	7138.874029836648	-49.099643635088015
19.1	4.7671321747275135	4.7671321747275135	4.7671321747275135	0.0903115764232494	0.07864068618952888	0.028323195374531106	9.520601741646669	7.1460858640087315	1.0472424897290553	0	0	0	0.03596775034307012	78.56133918981676	-1.3279243126942222	3.7917120867735963	7138.87402895255	-49.09964290878732
19.2	4.767132174727514	4.767132174727514	4.767132174727514	0.0903115764232484	0.07864068618952876	0.028323195374531953	9.520601741646697	7.146085864008734	1.0472424897290473	0	0	0	0.0359677293330009	78.56133917969497	-1.3279242887101907	3.791712641748626	7138.874029185278	-49.09964313147517
19.3	4.7671321747275135	4.7671321747275135	4.7671321747275135	0.09031157642324632	0.07864068618952846	0.028323195374533747	9.520601741646752	7.146085864008741	1.0472424897290307	0	0	0	0.03596768600755054	78.56133915601505	-1.327924237796281	3.7917137858303644	7138.874029729733	-49.0996436041787
19.4	4.7671321747275135	4.7671321747275135	4.7671321747275135	0.0903115764232491	0.07864068618952885	0.028323195374531325	9.520601741646677	7.146085864008732	1.047242489729053	0	0	0	0.0359677443471799	78.56133918859882	-1.3279243067148196	3.7917122453810292	7138.874028980579	-49.099642964303015
19.5	4.7671321747275135	4.7671321747275135	4.7671321747275135	0.09031157642324827	0.07864068618952877	0.028323195374532043	9.520601741646699	7.146085864008734	1.0472424897290464	0	0	0	0.03596772617805243	78.56133918062446	-1.327924286394618	3.7917127253704743	7138.874029164215	-49.09964315301272
19.6	4.7671321747275135	4.7671321747275135	4.7671321747275135	0.09031157642324532	0.07864068618952838	0.028323195374534586	9.520601741646775	7.146085864008743	1.0472424897290227	0	0	0	0.03596766391662523	78.56133914811159	-1.3279242140320193	3.791714369624066	7138.874029912154	-49.09964382491589
19.7	4.7671321747275135	4.7671321747275135	4.7671321747275135	0.09031157642324746	0.07864068618952864	0.02832319537453273	9.520601741646718	7.146085864008736	1.0472424897290398	0	0	0	0.03596770905103158	78.56133917200322	-1.327924266656492	3.7917131777120328	7138.874029363015	-49.099643336315204
19.8	4.7671321747275135	4.7671321747275135	4.7671321747275135	0.09031157642324819	0.07864068618952878	0.028323195374532078	9.520601741646699	7.146085864008733	1.0472424897290462	0	0	0	0.03596772432916156	78.56133918193767	-1.3279242854567508	3.7917127744770838	7138.874029134509	-49.099643161822975
19.9	4.7671321747275135	4.7671321747275135	4.7671321747275135	0.09031157642324462	0.07864068618952837	0.028323195374535155	9.520601741646793	7.146085864008742	1.0472424897290176	0	0	0	0.03596764873526717	78.56133914453036	-1.327924198708443	3.7917147710909	7138.874029994438	-49.099643967364194
20	4.7671321747275135	4.7671321747275135	4.7671321747275135	0.09031157642324517	0.07864068618952844	0.028323195374534697	9.520601741646779	7.14608586400874	1.047242489729022	0	0	0	0.03596765996278529	78.56133915022812	-1.3279242116655783	3.7917144745575713	7138.874029863377	-49.09964384706349
20.1	4.7671321747275135	4.7671321747275135	4.7671321747275135	0.0903115764232484	0.07864068618952884	0.028323195374531897	9.520601741646693	7.1460858640087315	1.047242489729048	0	0	0	0.0359677279826416	78.561339185718	-1.3279242907063733	3.791712678211936	7138.874029047472	-49.09964311312007
20.2	4.7671321747275135	4.7671321747275135	4.7671321747275135	0.09031157642324554	0.07864068618952849	0.028323195374534336	9.520601741646772	7.1460858640087395	1.0472424897290251	0	0	0	0.03596766694056129	78.56133915743487	-1.3279242217064295	3.7917142907155905	7138.874029697847	-49.099643753795114
20.3	4.7671321747275135	4.7671321747275135	4.7671321747275135	0.09031157642324507	0.07864068618952845	0.02832319537453472	9.520601741646784	7.14608586400874	1.0472424897290216	0	0	0	0.035967657212360005	78.56133915291788	-1.327924210705344	3.791714547696347	7138.874029801691	-49.09964385593628
20.4	4.7671321747275135	4.7671321747275135	4.7671321747275135	0.09031157642324891	0.0786406861895289	0.028323195374531436	9.520601741646681	7.146085864008731	1.047242489729052	0	0	0	0.03596773837594112	78.56133919270555	-1.3279243036334216	3.791712403921775	7138.874028886752	-49.09964299304733
20.5	4.7671321747275135	4.7671321747275135	4.7671321747275135	0.09031157642324704	0.07864068618952869	0.028323195374532987	9.520601741646729	7.146085864008735	1.0472424897290376	0	0	0	0.0359676985988074	78.5613391755494	-1.3279242593619354	3.791713454836957	7138.87402928109	-49.09964340407482
20.6	4.7671321747275135	4.7671321747275135	4.7671321747275135	0.0903115764232464	0.0786406861895286	0.028323195374533528	9.520601741646745	7.146085864008738	1.0472424897290327	0	0	0	0.035967685003101726	78.56133916952497	-1.3279242441420822	3.791713814013924	7138.874029419525	-49.09964354535564
20.7	4.7671321747275135	4.7671321747275135	4.7671321747275135	0.09031157642324959	0.07864068618952899	0.028323195374530832	9.520601741646662	7.146085864008728	1.0472424897290578	0	0	0	0.035967752569092126	78.56133920114958	-1.3279243206905675	3.7917120292115123	7138.874028692336	-49.099642834560576
20.8	4.7671321747275135	4.7671321747275135	4.7671321747275135	0.09031157642324793	0.07864068618952882	0.028323195374532237	9.520601741646706	7.1460858640087315	1.0472424897290444	0	0	0	0.0359677162226002	78.56133918612315	-1.3279242805986617	3.7917129895810056	7138.8740290377045	-49.09964320679894
20.9	4.7671321747275135	4.7671321747275135	4.7671321747275135	0.09031157642324703	0.07864068618952876	0.028323195374533004	9.52060174164673	7.146085864008733	1.0472424897290376	0	0	0	0.035967696518556524	78.56133917765749	-1.3279242586891686	3.791713510174154	7138.874029232293	-49.09964341020809
21	4.7671321747275135	4.7671321747275135	4.7671321747275135	0.09031157642324984	0.07864068618952907	0.02832319537453063	9.520601741646656	7.146085864008726	1.0472424897290598	0	0	0	0.03596775663034348	78.5613392044941	-1.327924326086082	3.791711922114847	7138.8740286153015	-49.099642784400984
21.1	4.7671321747275135	4.7671321747275135	4.7671321747275135	0.090311576423248	0.07864068618952891	0.028323195374532296	9.520601741646706	7.146085864008731	1.0472424897290442	0	0	0	0.0359677136411061	78.56133918731817	-1.3279242790110768	3.7917130580672826	7138.874029010099	-49.09964322154127
21.2	4.7671321747275135	4.7671321747275135	4.7671321747275135	0.0903115764232463	0.07864068618952873	0.02832319537453379	9.52060174164675	7.146085864008734	1.0472424897290302	0	0	0	0.03596767545314802	78.5613391714698	-1.3279242368638378	3.7917140670769274	7138.874029374339	-49.09964361291322
21.3	4.7671321747275135	4.7671321747275135	4.7671321747275135	0.09031157642324936	0.07864068618952905	0.028323195374531124	9.52060174164667	7.146085864008727	1.047242489729055	0	0	0	0.03596774372435915	78.56133920033061	-1.3279243125074913	3.7917122632578932	7138.8740287107075	-49.099642910511086
21.4	4.7671321747275135	4.7671321747275135	4.7671321747275135	0.09031157642324766	0.07864068618952892	0.028323195374532553	9.520601741646715	7.14608586400873	1.047242489729042	0	0	0	0.03596770564274668	78.56133918617965	-1.3279242714146091	3.7917132696597515	7138.874029035909	-49.0996432921132
21.5	4.7671321747275135	4.7671321747275135	4.7671321747275135	0.09031157642324475	0.0786406861895287	0.028323195374535044	9.520601741646791	7.146085864008736	1.047242489729019	0	0	0	0.035967640434094186	78.56133916032351	-1.3279242001304326	3.7917149927692844	7138.87402963023	-49.099643954059154
21.6	4.7671321747275135	4.7671321747275135	4.7671321747275135	0.09031157642324772	0.07864068618952894	0.028323195374532484	9.520601741646713	7.146085864008729	1.0472424897290424	0	0	0	0.035967706983811645	78.56133918699612	-1.3279242730398992	3.7917132342694946	7138.874029016958	-49.0996432770259
21.7	4.7671321747275135	4.7671321747275135	4.7671321747275135	0.0903115764232479	0.07864068618952898	0.028323195374532296	9.520601741646711	7.14608586400873	1.0472424897290442	0	0	0	0.03596771118597145	78.56133919022305	-1.3279242785246783	3.7917131234369044	7138.874028942729	-49.099643226085924
21.8	4.7671321747275135	4.7671321747275135	4.7671321747275135	0.09031157642324457	0.07864068618952871	0.028323195374535093	9.520601741646797	7.146085864008736	1.0472424897290185	0	0	0	0.035967637601237175	78.56133916255607	-1.3279241989495314	3.7917150680722056	7138.874029578784	-49.09964396500037
21.9	4.7671321747275135	4.7671321747275135	4.7671321747275135	0.0903115764232463	0.07864068618952887	0.02832319537453362	9.52060174164675	7.1460858640087315	1.0472424897290322	0	0	0	0.035967676325633656	78.5613391774012	-1.327924240988633	3.7917140447212634	7138.874029237567	-49.099643574611186
22	4.7671321747275135	4.7671321747275135	4.7671321747275135	0.09031157642324857	0.07864068618952903	0.028323195374531672	9.520601741646692	7.146085864008727	1.04724248972905	0	0	0	0.03596772676085582	78.56133919773683	-1.3279242963181488	3.791712712040225	7138.874028770166	-49.09964306083035
22.1	4.7671321747275135	4.7671321747275135	4.7671321747275135	0.0903115764232461	0.07864068618952881	0.028323195374533733	9.520601741646757	7.146085864008732	1.0472424897290311	0	0	0	0.03596767190424502	78.56133917830691	-1.3279242376862777	3.791714161918995	7138.874029216927	-49.099643605303974
22.2	4.7671321747275135	4.7671321747275135	4.7671321747275135	0.09031157642324705	0.0786406861895289	0.028323195374532935	9.520601741646733	7.1460858640087315	1.0472424897290384	0	0	0	0.03596769297531144	78.56133918611398	-1.3279242604047838	3.791713605056873	7138.874029037424	-49.09964339433846
22.3	4.7671321747275135	4.7671321747275135	4.7671321747275135	0.09031157642324938	0.0786406861895291	0.028323195374530954	9.520601741646669	7.146085864008727	1.0472424897290566	0	0	0	0.03596774518715449	78.56133920597885	-1.3279243170033415	3.7917122252697273	7138.874028580791	-49.09964286876826
22.4	4.7671321747275135	4.7671321747275135	4.7671321747275135	0.0903115764232474	0.07864068618952891	0.028323195374532588	9.52060174164672	7.1460858640087315	1.0472424897290415	0	0	0	0.03596770206650478	78.56133919142661	-1.3279242713374704	3.7917133650526376	7138.8740289155485	-49.099643292854175
22.5	4.7671321747275135	4.7671321747275135	4.7671321747275135	0.09031157642324794	0.07864068618952896	0.028323195374532144	9.52060174164671	7.14608586400873	1.0472424897290458	0	0	0	0.03596771388640679	78.56133919565971	-1.3279242839966212	3.791713052656434	7138.874028818293	-49.099643175307484
22.6	4.7671321747275135	4.7671321747275135	4.7671321747275135	0.09031157642324986	0.07864068618952912	0.028323195374530583	9.520601741646658	7.146085864008726	1.0472424897290602	0	0	0	0.035967754830270884	78.56133921065862	-1.327924328041072	3.7917119705611495	7138.874028473428	-49.099642766281946
22.7	4.7671321747275135	4.7671321747275135	4.7671321747275135	0.09031157642324768	0.07864068618952891	0.028323195374532394	9.520601741646713	7.146085864008731	1.0472424897290433	0	0	0	0.03596770598666674	78.5613391947195	-1.3279242766262376	3.791713261673312	7138.87402883998	-49.09964324369793
22.8	4.7671321747275135	4.7671321747275135	4.7671321747275135	0.0903115764232475	0.0786406861895289	0.028323195374532553	9.520601741646718	7.146085864008731	1.0472424897290418	0	0	0	0.03596770167740422	78.56133919333101	-1.3279242721000013	3.791713375579134	7138.874028872003	-49.099643285704445
22.9	4.7671321747275135	4.7671321747275135	4.7671321747275135	0.09031157642324976	0.0786406861895291	0.028323195374530687	9.52060174164666	7.146085864008727	1.047242489729059	0	0	0	0.03596775145821985	78.56133921057247	-1.3279243250843962	3.7917120598095866	7138.874028475616	-49.099642793708206
23	4.7671321747275135	4.7671321747275135	4.7671321747275135	0.0903115764232471	0.07864068618952887	0.02832319537453294	9.520601741646729	7.146085864008732	1.0472424897290382	0	0	0	0.03596769041037248	78.56133919147331	-1.3279242613202231	3.7917136736354715	7138.874028914686	-49.09964338593159
23.1	4.7671321747275135	4.7671321747275135	4.7671321747275135	0.0903115764232456	0.07864068618952873	0.02832319537453419	9.520601741646766	7.146085864008736	1.0472424897290264	0	0	0	0.035967656621396046	78.56133918068194	-1.3279242258968103	3.7917145668316086	7138.874029162764	-49.099643714943994
23.2	4.7671321747275135	4.7671321747275135	4.7671321747275135	0.09031157642324905	0.07864068618952903	0.028323195374531263	9.520601741646676	7.146085864008729	1.0472424897290535	0	0	0	0.03596773529059751	78.5613392062358	-1.3279243086259283	3.791712487294596	7138.87402857529	-49.09964294667512
23.3	4.767132174727513	4.767132174727513	4.767132174727513	0.09031157642324686	0.07864068618952881	0.02832319537453311	9.520601741646733	7.146085864008732	1.0472424897290362	0	0	0	0.03596768542769994	78.56133919171572	-1.327924257194888	3.7917138056021384	7138.874028909161	-49.09964342431799
23.4	4.7671321747275135	4.7671321747275135	4.7671321747275135	0.09031157642324407	0.07864068618952855	0.028323195374535464	9.520601741646807	7.146085864008739	1.0472424897290147	0	0	0	0.03596762202034924	78.56133917238158	-1.3279241912714121	3.7917154818872754	7138.874029353679	-49.099644036542486
23.5	4.7671321747275135	4.7671321747275135	4.7671321747275135	0.09031157642324784	0.07864068618952892	0.028323195374532296	9.520601741646708	7.146085864008731	1.047242489729044	0	0	0	0.035967707499140134	78.56133919875208	-1.3279242803235816	3.79171322215704	7138.874028747331	-49.099643209532005
23.6	4.7671321747275135	4.7671321747275135	4.7671321747275135	0.09031157642324768	0.07864068618952891	0.02832319537453239	9.520601741646713	7.14608586400873	1.0472424897290433	0	0	0	0.0359677046001508	78.56133919906524	-1.3279242780253244	3.7917132989499036	7138.874028739879	-49.09964323091013
23.7	4.7671321747275135	4.7671321747275135	4.7671321747275135	0.09031157642324494	0.07864068618952864	0.028323195374534656	9.520601741646784	7.146085864008736	1.0472424897290225	0	0	0	0.03596764317005264	78.56133918129512	-1.3279242147330073	3.7917149230817206	7138.874029148174	-49.099643818734975
23.8	4.7671321747275135	4.7671321747275135	4.7671321747275135	0.0903115764232479	0.07864068618952892	0.028323195374532185	9.520601741646706	7.146085864008731	1.047242489729045	0	0	0	0.03596770992756016	78.56133920100793	-1.3279242837543428	3.7917131581668557	7138.874028694967	-49.099643177743026
23.9	4.7671321747275135	4.7671321747275135	4.7671321747275135	0.09031157642325104	0.07864068618952924	0.028323195374529576	9.520601741646624	7.146085864008724	1.0472424897290695	0	0	0	0.03596778079635817	78.56133922211404	-1.3279243571432848	3.7917112845637737	7138.874028209878	-49.09964249619929
24	4.7671321747275135	4.7671321747275135	4.7671321747275135	0.09031157642325204	0.07864068618952932	0.028323195374528758	9.520601741646598	7.146085864008722	1.047242489729077	0	0	0	0.03596780301221045	78.5613392287864	-1.3279243801803287	3.79171069721621	7138.874028056537	-49.099642282248055
