0	4.7671321747275135	4.7671321747275135	4.7671321747275135	0.09031157642325327	0.07864068618952942	0.028323195374527724	9.520601741646566	7.146085864008718	1.0472424897290866	0	0	0	0	0	0	0	0	0
0.1	4.7671321747275135	4.7671321747275135	4.7671321747275135	0.09031157642325327	0.07864068618952942	0.028323195374527724	9.520601741646566	7.146085864008718	1.0472424897290866	0	0	0	0.00032521112285920686	0.0002832663100823423	0.00010164841993996526	0.003932054151413495	0.0029517880169621616	0.0004318006276517202
0.2	4.7671321747275135	4.7671321747275135	4.7671321747275135	0.09031157642325327	0.07864068618952944	0.028323195374527724	9.520601741646566	7.146085864008718	1.0472424897290866	0	0	0	0.0004392443664818582	0.00038287442652378017	0.00013610208987469236	0.011086004580224315	0.008325326050871768	0.0012121599804207745
0.3	4.7671321747275135	4.7671321747275135	4.7671321747275135	0.09031157642325327	0.07864068618952942	0.028323195374527724	9.520601741646566	7.146085864008718	1.0472424897290866	0	0	0	0.00047896347357767355	0.0004178971022889005	0.00014670674294613596	0.018267717589216973	0.013725671125511388	0.001985305881421215
0.4	4.7671321747275135	4.7671321747275135	4.7671321747275135	0.09031157642325327	0.07864068618952944	0.028323195374527724	9.520601741646566	7.146085864008718	1.0472424897290866	0	0	0	0.0004925921291903317	0.0004302129996385576	0.00014905121179462967	0.02456413109834938	0.01846742502195146	0.0026507577306688498
0.5	4.7671321747275135	4.7671321747275135	4.7671321747275135	0.09031157642325327	0.07864068618952944	0.028323195374527724	9.520601741646566	7.146085864008718	1.0472424897290866	0	0	0	0.0004971045109368049	0.0004345454799710123	0.00014869861771860284	0.02982556095101148	0.022436734707176827	0.0031944583032624016
0.6	4.7671321747275135	4.7671321747275135	4.7671321747275135	0.09031157642325327	0.07864068618952944	0.028323195374527724	9.520601741646566	7.146085864008718	1.0472424897290866	0	0	0	0.0004984620735806747	0.0004360672185491565	0.0001476011655709683	0.03413825891984581	0.025696516092356417	0.0036289038723539553
0.7	4.7671321747275135	4.7671321747275135	4.7671321747275135	0.09031157642325327	0.07864068618952944	0.028323195374527724	9.520601741646566	7.146085864008718	1.0472424897290866	0	0	0	0.0004987589584649029	0.00043660220005854587	0.0001464212605703989	0.03764474998680517	0.02835214351737467	0.003972472617714288
0.8	4.7671321747275135	4.7671321747275135	4.7671321747275135	0.09031157642325326	0.07864068618952944	0.028323195374527724	9.520601741646566	7.146085864008718	1.0472424897290866	0	0	0	0.0004987214675991493	0.0004367905637319538	0.00014536176428324205	0.04048598984977969	0.03050820222096512	0.004242767038677543
0.9	4.7671321747275135	4.7671321747275135	4.7671321747275135	0.09031157642325327	0.07864068618952944	0.028323195374527724	9.520601741646566	7.146085864008718	1.0472424897290866	0	0	0	0.0004985965286285075	0.0004368567102981783	0.00014446680422819456	0.04278486832525316	0.03225610238403853	0.004454788170289323
1	4.7671321747275135	4.7671321747275135	4.7671321747275135	0.09031157642325326	0.07864068618952942	0.02832319537452772	9.520601741646566	7.146085864008718	1.0472424897290866	0	0	0	0.0004984646687538688	0.0004368795489193439	0.00014372921409078497	0.04464344732409828	0.033671941815359686	0.004620722295149347
1.1	4.7671321747275135	4.7671321747275135	4.7671321747275135	0.09031157642325327	0.07864068618952942	0.028323195374527724	9.520601741646566	7.146085864008718	1.0472424897290866	0	0	0	0.0004983500964968056	0.00043688779325759704	0.00014312766363073606	0.046146462225929455	0.03481903879319166	0.004750473621763872
1.2	4.7671321747275135	4.7671321747275135	4.7671321747275135	0.09031157642325327	0.07864068618952942	0.028323195374527724	9.520601741646566	7.146085864008718	1.0472424897290866	0	0	0	0.0004982564219889086	0.00043689067244333636	0.00014263952711906323	0.04736080878855627	0.03574751350418566	0.004851653272866138
1.3	4.7671321747275135	4.7671321747275135	4.7671321747275135	0.09031157642325327	0.07864068618952941	0.028323195374527724	9.520601741646566	7.146085864008718	1.0472424897290864	0	0	0	0.0004981820303161468	0.00043689189253935245	0.00014224391118247993	0.04834296797055472	0.036499761318765526	0.00493056165149435
1.4	4.7671321747275135	4.7671321747275135	4.7671321747275135	0.09031157642325327	0.07864068618952942	0.02832319537452772	9.520601741646566	7.146085864008718	1.0472424897290864	0	0	0	0.0004981235078609668	0.0004368923407667912	0.00014192381486368097	0.049136444448729694	0.03710853088445649	0.004991897808343696
1.5	4.7671321747275135	4.7671321747275135	4.7671321747275135	0.09031157642325327	0.07864068618952942	0.028323195374527724	9.520601741646566	7.146085864008718	1.0472424897290864	0	0	0	0.0004980777461500348	0.00043689255214018034	0.0001416646009529313	0.04977838956387255	0.03760183381626999	0.0050395971672676804
1.6	4.767132174727513	4.767132174727513	4.767132174727513	0.09031157642325328	0.07864068618952942	0.028323195374527724	9.520601741646566	7.146085864008719	1.0472424897290864	0	0	0	0.0004980421312100282	0.0004368926264479464	0.00014145503440117813	0.050296927337666386	0.038000937030814363	0.005076531226260297
1.7	4.767132174727513	4.767132174727513	4.767132174727513	0.09031157642325327	0.07864068618952941	0.028323195374527724	9.520601741646566	7.146085864008719	1.0472424897290864	0	0	0	0.0004980144378855613	0.00043689266927193304	0.0001412852881667234	0.0507166570264832	0.03832446664761091	0.005105167278717018
1.8	4.7671321747275135	4.7671321747275135	4.7671321747275135	0.09031157642325327	0.07864068618952941	0.028323195374527724	9.520601741646566	7.14608586400872	1.0472424897290864	0	0	0	0.0004979930160673516	0.00043689268010551225	0.0001411481202046553	0.051055597448755784	0.03858610801808592	0.00512723506236893
1.9	4.7671321747275135	4.7671321747275135	4.7671321747275135	0.09031157642325327	0.07864068618952942	0.028323195374527724	9.520601741646566	7.14608586400872	1.0472424897290864	0	0	0	0.0004979764346099681	0.00043689269221758824	0.00014103699805830504	0.051330028130536436	0.038798237187447654	0.005144274801279381
2	4.7671321747275135	4.7671321747275135	4.7671321747275135	0.09031157642325328	0.0786406861895294	0.028323195374527724	9.520601741646566	7.14608586400872	1.0472424897290864	0	0	0	0.000497963659043108	0.0004368926939941149	0.00014094714902154778	0.05155179223686178	0.03896988428764087	0.005157354331417239
2.1	4.7671321747275135	4.7671321747275135	4.7671321747275135	0.09031157642325327	0.07864068618952942	0.028323195374527724	9.520601741646566	7.146085864008721	1.0472424897290864	0	0	0	0.0004979538452374934	0.00043689269709474166	0.0001408744807845137	0.05173105893021264	0.039108813125769776	0.005167369620393091
2.2	4.7671321747275135	4.7671321747275135	4.7671321747275135	0.09031157642325328	0.0786406861895294	0.028323195374527724	9.520601741646566	7.14608586400872	1.0472424897290864	0	0	0	0.0004979462957166905	0.00043689269821337517	0.00014081557824094227	0.05187629703258262	0.03922150002194958	0.0051750444891774695
2.3	4.7671321747275135	4.7671321747275135	4.7671321747275135	0.09031157642325331	0.07864068618952935	0.028323195374527724	9.520601741646566	7.146085864008721	1.0472424897290864	0	0	0	0.0004979405460851301	0.00043689269784793545	0.00014076801856084515	0.05199350942943121	0.03931254875985008	0.00518086279410519
2.4	4.7671321747275135	4.7671321747275135	4.7671321747275135	0.09031157642325328	0.07864068618952941	0.028323195374527724	9.520601741646566	7.14608586400872	1.0472424897290864	0	0	0	0.0004979361596956531	0.0004368926993465755	0.00014072949148186438	0.052088421983451004	0.03938635201210715	0.00518528278142862
2.5	4.7671321747275135	4.7671321747275135	4.7671321747275135	0.0903115764232533	0.07864068618952935	0.028323195374527724	9.520601741646566	7.14608586400872	1.0472424897290864	0	0	0	0.00049793282031067	0.0004368926988583593	0.0001406982681827456	0.05216531012932663	0.039446197737660595	0.00518862803653316
2.6	4.7671321747275135	4.7671321747275135	4.7671321747275135	0.09031157642325333	0.07864068618952932	0.028323195374527724	9.520601741646566	7.146085864008721	1.0472424897290864	0	0	0	0.0004979303123849426	0.000436892698178699	0.00014067307545729822	0.052227322972776734	0.03949451293350356	0.00519112366668817
2.7	4.7671321747275135	4.7671321747275135	4.7671321747275135	0.0903115764232533	0.07864068618952937	0.028323195374527724	9.520601741646566	7.146085864008719	1.0472424897290864	0	0	0	0.0004979284252885759	0.000436892699343457	0.00014065266426433078	0.052277550088174335	0.03953367889024506	0.005192989958413204
2.8	4.7671321747275135	4.7671321747275135	4.7671321747275135	0.0903115764232533	0.07864068618952928	0.028323195374527727	9.520601741646566	7.146085864008721	1.0472424897290864	0	0	0	0.0004979270042593513	0.0004368926979090907	0.00014063609664877216	0.05231830561115179	0.0395654833406831	0.005194381306174557
2.9	4.7671321747275135	4.7671321747275135	4.7671321747275135	0.09031157642325331	0.07864068618952919	0.028323195374527734	9.520601741646566	7.1460858640087235	1.0472424897290864	0	0	0	0.000497925956647987	0.0004368926958262271	0.0001406227315200375	0.05235117244345164	0.03959115197309193	0.005195395012779526
3	4.7671321747275135	4.7671321747275135	4.7671321747275135	0.0903115764232533	0.07864068618952923	0.02832319537452773	9.520601741646566	7.146085864008723	1.0472424897290864	0	0	0	0.0004979251929946379	0.00043689269680577387	0.00014061193787153977	0.052377709722111795	0.0396118919211626	0.00519612715184767
3.1	4.7671321747275135	4.7671321747275135	4.7671321747275135	0.09031157642325333	0.07864068618952916	0.028323195374527745	9.520601741646566	7.146085864008724	1.0472424897290864	0	0	0	0.0004979246255128271	0.00043689269460936377	0.00014060315042657722	0.05239930949747456	0.039628782001695464	0.005196660531579426
3.2	4.7671321747275135	4.7671321747275135	4.7671321747275135	0.09031157642325341	0.07864068618952874	0.02832319537452777	9.520601741646562	7.146085864008733	1.047242489729086	0	0	0	0.0004979242081092916	0.00043689268463339764	0.00014059603687915475	0.05241678802220509	0.0396424570362147	0.005197036662943501
3.3	4.7671321747275135	4.7671321747275135	4.7671321747275135	0.09031157642325348	0.07864068618952846	0.028323195374527786	9.520601741646562	7.14608586400874	1.0472424897290857	0	0	0	0.0004979239172123672	0.00043689267747761386	0.00014059031015098373	0.052430856390361776	0.039653470011043225	0.005197291347397788
3.4	4.7671321747275135	4.7671321747275135	4.7671321747275135	0.09031157642325341	0.07864068618952871	0.028323195374527776	9.520601741646562	7.146085864008734	1.047242489729086	0	0	0	0.0004979237292860584	0.0004368926837907625	0.00014058568309504083	0.05244222588790684	0.03966237405799386	0.005197460406257212
3.5	4.7671321747275135	4.7671321747275135	4.7671321747275135	0.09031157642325373	0.07864068618952717	0.028323195374527856	9.520601741646553	7.146085864008768	1.0472424897290853	0	0	0	0.0004979235529350578	0.0004368926467460393	0.00014058190175939434	0.05245150877030303	0.03966964588856756	0.005197572688163099
3.6	4.7671321747275135	4.7671321747275135	4.7671321747275135	0.09031157642325464	0.07864068618952286	0.0283231953745281	9.52060174164653	7.146085864008869	1.047242489729083	0	0	0	0.000497923350316445	0.0004368925429320112	0.00014057883085598187	0.052459030439595954	0.03967553979850578	0.005197639928029274
3.7	4.7671321747275135	4.7671321747275135	4.7671321747275135	0.09031157642325546	0.07864068618951897	0.028323195374528314	9.520601741646507	7.146085864008959	1.0472424897290813	0	0	0	0.0004979231960645846	0.0004368924498192123	0.00014057636011727276	0.05246507876044596	0.039680280533376806	0.005197672921518774
3.8	4.7671321747275135	4.7671321747275135	4.7671321747275135	0.0903115764232555	0.07864068618951876	0.028323195374528317	9.520601741646505	7.146085864008962	1.0472424897290813	0	0	0	0.0004979231649188936	0.00043689244497658594	0.00014057437926852669	0.05246994163950319	0.03968409287082996	0.005197682468191494
3.9	4.7671321747275135	4.7671321747275135	4.7671321747275135	0.09031157642325613	0.07864068618951557	0.028323195374528674	9.520601741646487	7.146085864009036	1.047242489729078	0	0	0	0.0004979230705972484	0.0004368923687724301	0.0001405727700237572	0.052473908883756276	0.03968720311881554	0.005197679148261622
4	4.7671321747275135	4.7671321747275135	4.7671321747275135	0.09031157642327473	0.0786406861894247	0.02832319537453572	9.520601741645992	7.146085864011125	1.0472424897290156	0	0	0	0.0004979206764150075	0.0004368901954836856	0.00014057137494039585	0.05247721613351094	0.03968979581378099	0.005197668482292406
4.1	4.7671321747275135	4.7671321747275135	4.7671321747275135	0.09031157642330388	0.07864068618928216	0.028323195374546653	9.520601741645212	7.1460858640144025	1.0472424897289188	0	0	0	0.0004979169280466034	0.0004368867856969641	0.00014057018186648546	0.05247993746898582	0.03969192909226873	0.005197651982071177
4.2	4.7671321747275135	4.7671321747275135	4.7671321747275135	0.09031157642332922	0.07864068618915837	0.02832319537455607	9.520601741644533	7.146085864017248	1.0472424897288355	0	0	0	0.0004979136790274942	0.00043688382440100015	0.00014056921165344873	0.05248212542426192	0.03969364413962555	0.005197631200994984
4.3	4.7671321747275135	4.7671321747275135	4.7671321747275135	0.09031157642333634	0.07864068618912376	0.028323195374558564	9.520601741644343	7.146085864018044	1.0472424897288135	0	0	0	0.0004979127828931381	0.0004368829965845284	0.0001405684851527083	0.05248383253342022	0.03969498214119824	0.005197607692460869
4.4	4.7671321747275135	4.7671321747275135	4.7671321747275135	0.0903115764233108	0.07864068618924877	0.028323195374548738	9.520601741645027	7.14608586401517	1.0472424897289005	0	0	0	0.000497916093178993	0.0004368859872362834	0.00014056802321568682	0.05248511133054171	0.03969598428233356	0.005197583009865875
4.5	4.7671321747275135	4.7671321747275135	4.7671321747275135	0.09031157642327715	0.07864068618941268	0.028323195374536602	9.520601741645928	7.146085864011401	1.0472424897290078	0	0	0	0.0004979204282846271	0.00043688990807795147	0.000140567739118279	0.05248612305472212	0.039696776871729504	0.005197559258946748
4.6	4.7671321747275135	4.7671321747275135	4.7671321747275135	0.0903115764232718	0.07864068618943783	0.028323195374535644	9.52060174164607	7.146085864010824	1.0472424897290158	0	0	0	0.000497921108186728	0.00043689050980417674	0.00014056745676525263	0.05248701771278494	0.039697477442205406	0.005197537903353348
4.7	4.7671321747275135	4.7671321747275135	4.7671321747275135	0.09031157642326273	0.07864068618948267	0.028323195374531804	9.520601741646313	7.146085864009795	1.04724248972905	0	0	0	0.000497922304091072	0.0004368915822372538	0.00014056716833763205	0.05248772522483672	0.03969803119901579	0.0051975187565518124
4.8	4.7671321747275135	4.7671321747275135	4.7671321747275135	0.0903115764232587	0.0786406861895025	0.028323195374530288	9.520601741646422	7.146085864009338	1.0472424897290633	0	0	0	0.0004979228400459715	0.0004368920566925061	0.00014056694286743087	0.05248831060357509	0.039698489135401506	0.0051975013297899395
4.9	4.7671321747275135	4.7671321747275135	4.7671321747275135	0.09031157642325743	0.07864068618950867	0.028323195374529833	9.520601741646455	7.146085864009196	1.0472424897290673	0	0	0	0.0004979230150937907	0.0004368922042566514	0.00014056675231951534	0.05248879105200628	0.03969886478362327	0.005197485771501256
5	4.767132174727513	4.767132174727513	4.767132174727513	0.09031157642325502	0.07864068618952064	0.028323195374528626	9.52060174164652	7.14608586400892	1.0472424897290782	0	0	0	0.0004979233423734507	0.0004368924912034476	0.00014056658380160586	0.05248917607220197	0.039699165628908635	0.005197472046432317
5.1	4.7671321747275135	4.7671321747275135	4.7671321747275135	0.09031157642325467	0.07864068618952241	0.028323195374528508	9.520601741646532	7.14608586400888	1.0472424897290793	0	0	0	0.0004979233994721213	0.00043689253404918305	0.00014056645772790512	0.05248949329825839	0.039699413339054315	0.005197459845082003
5.2	4.7671321747275135	4.7671321747275135	4.7671321747275135	0.09031157642325396	0.07864068618952595	0.028323195374528116	9.520601741646548	7.146085864008799	1.047242489729083	0	0	0	0.0004979235010651279	0.00043689261809737686	0.00014056634735412936	0.0524897489122726	0.03969961279202044	0.005197449218862476
5.3	4.7671321747275135	4.7671321747275135	4.7671321747275135	0.09031157642325366	0.07864068618952737	0.02832319537452797	9.520601741646557	7.146085864008767	1.0472424897290844	0	0	0	0.0004979235461279515	0.00043689265194689076	0.00014056626122806398	0.05248995725410422	0.03969977522973422	0.005197439924881689
5.4	4.7671321747275135	4.7671321747275135	4.7671321747275135	0.09031157642325356	0.0786406861895279	0.028323195374527918	9.52060174164656	7.1460858640087555	1.0472424897290848	0	0	0	0.0004979235663181128	0.0004368926640853355	0.000140566191974461	0.052490126292170945	0.03969990690993785	0.005197431860494567
5.5	4.7671321747275135	4.7671321747275135	4.7671321747275135	0.09031157642325338	0.07864068618952878	0.02832319537452781	9.520601741646564	7.146085864008735	1.0472424897290857	0	0	0	0.0004979235956417657	0.00043689268526712536	0.00014056613396877881	0.052490263196823345	0.03970001346074186	0.005197424910460233
5.6	4.7671321747275135	4.7671321747275135	4.7671321747275135	0.09031157642325337	0.0786406861895289	0.028323195374527797	9.520601741646566	7.146085864008732	1.0472424897290857	0	0	0	0.0004979236041157029	0.0004368926883335579	0.00014056608885110414	0.052490374454962685	0.039700099964993095	0.005197418915896276
5.7	4.7671321747275135	4.7671321747275135	4.7671321747275135	0.09031157642325331	0.07864068618952916	0.02832319537452776	9.520601741646566	7.146085864008724	1.0472424897290862	0	0	0	0.0004979236157974701	0.00043689269489764873	0.00014056605133225313	0.052490464535669405	0.03970016993035303	0.005197413784790277
5.8	4.7671321747275135	4.7671321747275135	4.7671321747275135	0.09031157642325327	0.07864068618952924	0.028323195374527738	9.520601741646567	7.1460858640087235	1.047242489729086	0	0	0	0.0004979236222375975	0.0004368926973085302	0.00014056602142035205	0.05249053770038591	0.03970022669406069	0.005197409393597915
5.9	4.7671321747275135	4.7671321747275135	4.7671321747275135	0.09031157642325328	0.07864068618952928	0.028323195374527734	9.520601741646567	7.146085864008723	1.0472424897290862	0	0	0	0.0004979236265787724	0.0004368926983117186	0.00014056599729752754	0.05249059695601992	0.03970027261174334	0.005197405651345291
6	4.7671321747275135	4.7671321747275135	4.7671321747275135	0.09031157642325024	0.07864068618949968	0.02832319537452896	9.520601741646647	7.146085864009403	1.0472424897290764	0	0	0	0.0004979230327823961	0.0004368921673336824	0.000140566112619144	0.05249066101442021	0.03970032210359959	0.005197401227820245
6.1	4.7671321747275135	4.7671321747275135	4.7671321747275135	0.09031157642324208	0.07864068618941973	0.028323195374532265	9.520601741646864	7.146085864011241	1.0472424897290502	0	0	0	0.000497921422987081	0.0004368907323526609	0.0001405664608694569	0.05249074264654956	0.03970038500628688	0.005197395191726143
6.2	4.7671321747275135	4.7671321747275135	4.7671321747275135	0.09031157642323066	0.07864068618930789	0.02832319537453688	9.520601741647168	7.146085864013812	1.0472424897290133	0	0	0	0.0004979191704396283	0.0004368887255247076	0.00014056695708805693	0.05249083317195634	0.03970045466518485	0.005197388261614012
6.3	4.767132174727513	4.767132174727513	4.767132174727513	0.0903115764232179	0.07864068618918273	0.028323195374542035	9.520601741647507	7.1460858640166895	1.0472424897289718	0	0	0	0.0004979166487874506	0.0004368864793624724	0.00014056751622416907	0.05249092389948268	0.03970052441744474	0.005197381156866491
6.4	4.7671321747275135	4.7671321747275135	4.7671321747275135	0.09031157642320566	0.07864068618906275	0.028323195374546948	9.520601741647834	7.146085864019447	1.047242489728933	0	0	0	0.0004979142316779604	0.00043688432637860574	0.00014056805322701832	0.05249100613797072	0.03970058760021781	0.0051973745968662225
6.5	4.7671321747275135	4.7671321747275135	4.7671321747275135	0.09031157642319584	0.0786406861889665	0.02832319537455085	9.520601741648093	7.14608586402166	1.0472424897289019	0	0	0	0.0004979122927585701	0.00043688259908575744	0.00014056848304582964	0.05249107119626256	0.0397006375506553	0.005197369300995846
6.6	4.7671321747275135	4.7671321747275135	4.7671321747275135	0.09031157642319033	0.0786406861889125	0.02832319537455298	9.52060174164824	7.1460858640229015	1.0472424897288848	0	0	0	0.0004979112056766924	0.00043688162999657777	0.00014056872062982812	0.05249111038320033	0.03970066760590849	0.005197365988638
6.7	4.7671321747275135	4.7671321747275135	4.7671321747275135	0.09031157642319103	0.07864068618891927	0.02832319537455254	9.52060174164822	7.146085864022745	1.0472424897288888	0	0	0	0.0004979113440797398	0.00043688175162371685	0.0001405686809282387	0.05249111500762616	0.0397006711031286	0.0051973653791753316
6.8	4.767132174727514	4.767132174727514	4.767132174727514	0.09031157642319983	0.07864068618900537	0.028323195374548783	9.520601741647987	7.146085864020766	1.0472424897289188	0	0	0	0.0004979130816151247	0.0004368832964798247	0.00014056827889028637	0.052491076378382184	0.03970064137946691	0.005197368191990475
6.9	4.7671321747275135	4.7671321747275135	4.7671321747275135	0.09031157642321862	0.07864068618918929	0.02832319537454092	9.52060174164749	7.146085864016538	1.047242489728982	0	0	0	0.0004979167919302596	0.00043688659707755145	0.0001405674294651961	0.052490985804310504	0.03970057177207466	0.005197375146466073
7	4.7671321747275135	4.7671321747275135	4.7671321747275135	0.09031157642323999	0.07864068618939912	0.028323195374532414	9.520601741646919	7.146085864011715	1.04724248972905	0	0	0	0.0004979210212382394	0.000436890362205809	0.00014056647739912458	0.05249088216860443	0.03970049210408947	0.005197383120395444
7.1	4.7671321747275135	4.7671321747275135	4.7671321747275135	0.09031157642324626	0.07864068618946136	0.028323195374530718	9.520601741646752	7.146085864010283	1.0472424897290622	0	0	0	0.0004979222709244217	0.0004368914792872941	0.00014056622292712187	0.05249085630691246	0.03970047211918904	0.005197384941822334
7.2	4.7671321747275135	4.7671321747275135	4.7671321747275135	0.09031157642325033	0.0786406861895008	0.028323195374528983	9.520601741646644	7.146085864009376	1.0472424897290764	0	0	0	0.0004979230674361965	0.0004368921870965059	0.00014056603718837172	0.052490841115061276	0.03970046046028587	0.005197386229630317
7.3	4.7671321747275135	4.7671321747275135	4.7671321747275135	0.09031157642325184	0.07864068618951554	0.028323195374528418	9.520601741646605	7.146085864009038	1.047242489729081	0	0	0	0.0004979233646196115	0.0004368924516595702	0.00014056597014599554	0.05249083807850219	0.03970045811431736	0.005197386512185624
7.4	4.7671321747275135	4.7671321747275135	4.7671321747275135	0.0903115764232526	0.07864068618952309	0.028323195374528053	9.520601741646583	7.146085864008865	1.0472424897290842	0	0	0	0.0004979235174599892	0.0004368925870810233	0.00014056593222060352	0.052490837961818776	0.0397004580254202	0.005197386584394819
7.5	4.7671321747275135	4.7671321747275135	4.7671321747275135	0.09031157642325296	0.0786406861895266	0.028323195374527894	9.520601741646573	7.146085864008784	1.0472424897290853	0	0	0	0.000497923588495926	0.0004368926499654306	0.00014056591411991647	0.05249083927705055	0.039700459030146504	0.0051973865200998
7.6	4.7671321747275135	4.7671321747275135	4.7671321747275135	0.09031157642325313	0.07864068618952802	0.02832319537452782	9.520601741646571	7.146085864008751	1.047242489729086	0	0	0	0.0004979236176288297	0.000436892675637003	0.00014056590600716685	0.05249084109952931	0.039700460422688245	0.005197386401573591
7.7	4.7671321747275135	4.7671321747275135	4.7671321747275135	0.0903115764232532	0.07864068618952882	0.02832319537452776	9.520601741646567	7.146085864008732	1.0472424897290862	0	0	0	0.0004979236345484996	0.0004368926904752636	0.0001405659008822891	0.05249084275786484	0.039700461688542014	0.0051973862860968025
7.8	4.7671321747275135	4.7671321747275135	4.7671321747275135	0.09031157642325323	0.0786406861895291	0.02832319537452774	9.520601741646567	7.146085864008726	1.0472424897290864	0	0	0	0.000497923640193382	0.00043689269537080025	0.00014056589882325917	0.05249084431600553	0.039700462875925144	0.005197386168544761
7.9	4.767132174727514	4.767132174727514	4.767132174727514	0.09031157642325326	0.07864068618952931	0.028323195374527734	9.520601741646566	7.146085864008722	1.0472424897290864	0	0	0	0.0004979236442185966	0.00043689269882998165	0.00014056589719949053	0.052490845595904785	0.03970046385014433	0.005197386068615794
8	4.7671321747275135	4.7671321747275135	4.7671321747275135	0.09031157642325327	0.07864068618952935	0.028323195374527727	9.520601741646566	7.146085864008721	1.0472424897290864	0	0	0	0.0004979236454028169	0.00043689269980533367	0.00014056589646938063	0.05249084668822034	0.039700464680097705	0.005197385978968461
8.1	4.7671321747275135	4.7671321747275135	4.7671321747275135	0.09031157642325327	0.0786406861895294	0.028323195374527724	9.520601741646566	7.146085864008719	1.0472424897290864	0	0	0	0.0004979236463521999	0.00043689270057813145	0.00014056589585153151	0.05249084757540098	0.03970046535321039	0.005197385903741615
8.2	4.7671321747275135	4.7671321747275135	4.7671321747275135	0.09031157642325327	0.07864068618952942	0.028323195374527724	9.520601741646566	7.146085864008718	1.0472424897290864	0	0	0	0.0004979236466504059	0.0004368927007906082	0.00014056589549206287	0.05249084830702716	0.03970046590730488	0.005197385839275816
8.3	4.767132174727513	4.767132174727513	4.767132174727513	0.09031157642325692	0.07864068618949666	0.028323195374524365	9.520601741646468	7.146085864009471	1.0472424897291193	0	0	0	0.0004979234249936648	0.0004368925099155067	0.00014056597348304718	0.05249085477710094	0.039700470728711156	0.00519738507451356
8.4	4.7671321747275135	4.7671321747275135	4.7671321747275135	0.09031157642327324	0.07864068618935037	0.028323195374509374	9.52060174164604	7.146085864012836	1.047242489729266	0	0	0	0.0004979224346896846	0.0004368916572683193	0.00014056632267231127	0.05249088148286536	0.03970049060520614	0.005197381857294393
8.5	4.7671321747275135	4.7671321747275135	4.7671321747275135	0.09031157642330012	0.07864068618910953	0.028323195374484685	9.520601741645327	7.146085864018372	1.0472424897295078	0	0	0	0.0004979208043570549	0.0004368902535672931	0.00014056689761697566	0.05249092502870016	0.03970052301069257	0.0051973765992521
8.6	4.7671321747275135	4.7671321747275135	4.7671321747275135	0.09031157642333475	0.07864068618879916	0.028323195374452857	9.52060174164441	7.146085864025507	1.0472424897298191	0	0	0	0.0004979187033351545	0.0004368884445892411	0.0001405676385067387	0.052490980940453145	0.039700564616552594	0.005197369842463217
8.7	4.7671321747275135	4.7671321747275135	4.7671321747275135	0.09031157642337433	0.07864068618844429	0.02832319537441645	9.520601741643366	7.146085864033665	1.0472424897301753	0	0	0	0.0004979163009633624	0.00043688637611097704	0.00014056848553129872	0.05249104474397211	0.03970061209416833	0.005197362129004284
8.8	4.7671321747275135	4.7671321747275135	4.7671321747275135	0.09031157642341611	0.0786406861880699	0.028323195374378028	9.520601741642263	7.1460858640422735	1.0472424897305517	0	0	0	0.0004979137665810572	0.0004368841939093142	0.0001405693788803541	0.05249111196510485	0.039700662114921924	0.005197354000951838
8.9	4.767132174727514	4.767132174727514	4.767132174727514	0.09031157642345726	0.078640686187701	0.02832319537434014	9.520601741641176	7.146085864050754	1.0472424897309225	0	0	0	0.0004979112695276178	0.000436882043761066	0.0001405702587436031	0.052491178129699154	0.03970071135019551	0.005197346000382417
9	4.7671321747275135	4.7671321747275135	4.7671321747275135	0.09031157642349498	0.0786406861873626	0.02832319537430535	9.520601741640178	7.146085864058533	1.0472424897312629	0	0	0	0.0004979089791424229	0.0004368800714430458	0.00014057106531074415	0.05249123876360282	0.03970075647137123	0.005197338669372558
9.1	4.7671321747275135	4.7671321747275135	4.7671321747275135	0.09031157642352654	0.07864068618707974	0.028323195374276217	9.520601741639343	7.146085864065037	1.047242489731548	0	0	0	0.0004979070647648514	0.0004368784227320671	0.0001405717387714755	0.05249128939266366	0.039700794149831214	0.0051973325499988
9.2	4.7671321747275135	4.7671321747275135	4.7671321747275135	0.09031157642354908	0.0786406861868774	0.0283231953742553	9.52060174163875	7.146085864069687	1.0472424897317527	0	0	0	0.0004979056957342821	0.00043687724340494335	0.00014057221931549553	0.05249132554272945	0.0397008210569576	0.005197328184337681
9.3	4.7671321747275135	4.7671321747275135	4.7671321747275135	0.09031157642355982	0.07864068618678062	0.028323195374245155	9.520601741638465	7.146085864071914	1.047242489731852	0	0	0	0.0004979050413900937	0.0004368766792384878	0.00014057244713250254	0.052491342739648	0.039700833864132534	0.005197326114465738
9.4	4.7671321747275135	4.7671321747275135	4.7671321747275135	0.09031157642355601	0.07864068618681437	0.028323195374248343	9.520601741638567	7.1460858640711376	1.0472424897318207	0	0	0	0.0004979052710716652	0.0004368768760095139	0.00014057236241219492	0.052491336509267086	0.03970082924273815	0.005197326882459508
9.5	4.7671321747275135	4.7671321747275135	4.7671321747275135	0.09031157642353481	0.07864068618700369	0.02832319537426742	9.520601741639128	7.146085864066785	1.047242489731634	0	0	0	0.0004979065541183752	0.0004368779794948351	0.00014057190534427097	0.052491302377434525	0.039700803864156566	0.005197331030395532
9.6	4.7671321747275135	4.7671321747275135	4.7671321747275135	0.09031157642349347	0.07864068618737359	0.028323195374304947	9.520601741640219	7.14608586405828	1.0472424897312664	0	0	0	0.0004979090598696027	0.0004368801354712647	0.00014057101611842903	0.0524912358699981	0.039700754399769944	0.005197339100350345
9.7	4.7671321747275135	4.7671321747275135	4.7671321747275135	0.09031157642342917	0.07864068618794906	0.028323195374363484	9.520601741641922	7.146085864045051	1.0472424897306938	0	0	0	0.0004979129576647263	0.00043688348971561626	0.00014056963492436745	0.05249113251280562	0.039700677520960403	0.0051973516344004855
9.8	4.7671321747275135	4.7671321747275135	4.7671321747275135	0.09031157642333992	0.07864068618874792	0.02832319537444491	9.520601741644281	7.146085864026683	1.0472424897298964	0	0	0	0.0004979183677363606	0.00043688814598586643	0.0001405677202051367	0.05249098913577018	0.03970057086378664	0.005197369008712158
9.9	4.767132174727513	4.767132174727513	4.767132174727513	0.09031157642330351	0.07864068618908245	0.02832319537448438	9.520601741645239	7.1460858640189935	1.0472424897295123	0	0	0	0.0004979206092461083	0.00043689009581373184	0.00014056700042659636	0.052490930030231066	0.03970052644431993	0.005197375515559185
10	4.7671321747275135	4.7671321747275135	4.7671321747275135	0.09031157642331104	0.07864068618902437	0.028323195374484196	9.52060174164504	7.14608586402033	1.0472424897295165	0	0	0	0.0004979201904200599	0.00043688975722533277	0.00014056722724836447	0.052490941574718744	0.03970053455791432	0.005197373429472978
10.1	4.7671321747275135	4.7671321747275135	4.7671321747275135	0.09031157642328524	0.07864068618924992	0.028323195374503625	9.520601741645722	7.146085864015145	1.0472424897293249	0	0	0	0.0004979217342524038	0.000436891071865848	0.0001405666319111443	0.052490900871001486	0.03970050460075989	0.005197378842136082
10.2	4.767132174727513	4.767132174727513	4.767132174727513	0.09031157642327707	0.07864068618932489	0.028323195374512715	9.520601741645939	7.146085864013421	1.0472424897292363	0	0	0	0.0004979222337893522	0.0004368915087366123	0.00014056647503938297	0.05249088785972835	0.03970049477334137	0.005197380255213507
10.3	4.7671321747275135	4.7671321747275135	4.7671321747275135	0.0903115764232793	0.0786406861893081	0.028323195374513124	9.52060174164588	7.146085864013807	1.0472424897292332	0	0	0	0.0004979221095966678	0.0004368914108245458	0.00014056654807444494	0.05249089138103376	0.039700497199149455	0.005197379579281232
10.4	4.7671321747275135	4.7671321747275135	4.7671321747275135	0.09031157642326565	0.07864068618942421	0.02832319537452087	9.52060174164624	7.146085864011138	1.0472424897291557	0	0	0	0.0004979229155679605	0.0004368920876042579	0.00014056620660971738	0.05249087014170789	0.03970048178156318	0.00519738269059705
10.5	4.7671321747275135	4.7671321747275135	4.7671321747275135	0.09031157642326475	0.07864068618943332	0.028323195374522873	9.520601741646264	7.146085864010928	1.0472424897291364	0	0	0	0.0004979229712351914	0.0004368921408411852	0.00014056620127231333	0.052490868805907274	0.039700480672453436	0.005197382730859981
10.6	4.7671321747275135	4.7671321747275135	4.7671321747275135	0.09031157642326407	0.07864068618943942	0.02832319537452357	9.52060174164628	7.146085864010788	1.0472424897291295	0	0	0	0.0004979230120402502	0.00043689217639117616	0.0001405661877760577	0.05249086784011091	0.03970047994793075	0.005197382849529215
10.7	4.7671321747275135	4.7671321747275135	4.7671321747275135	0.09031157642325839	0.07864068618948698	0.02832319537452594	9.52060174164643	7.146085864009694	1.0472424897291053	0	0	0	0.0004979233465888079	0.0004368924536265188	0.00014056603535562105	0.05249085904775717	0.03970047364953053	0.005197384239717742
10.8	4.7671321747275135	4.7671321747275135	4.7671321747275135	0.0903115764232588	0.07864068618948426	0.02832319537452644	9.52060174164642	7.146085864009756	1.0472424897291004	0	0	0	0.0004979233236031555	0.00043689243781100157	0.0001405660540170679	0.05249085973529613	0.039700474074060244	0.005197384064400772
10.9	4.7671321747275135	4.7671321747275135	4.7671321747275135	0.09031157642325725	0.07864068618949692	0.028323195374526842	9.520601741646459	7.146085864009465	1.0472424897290962	0	0	0	0.0004979234140272162	0.000436892511569746	0.00014056600994435562	0.052490857396891875	0.03970047242760119	0.005197384465489152
11	4.7671321747275135	4.7671321747275135	4.7671321747275135	0.09031157642325553	0.07864068618951105	0.028323195374527398	9.520601741646507	7.146085864009141	1.0472424897290906	0	0	0	0.0004979235143526059	0.00043689259397823945	0.00014056596216083364	0.05249085478326271	0.039700470573004375	0.0051973849006148555
11.1	4.7671321747275135	4.7671321747275135	4.7671321747275135	0.09031157642325584	0.07864068618950865	0.028323195374527592	9.520601741646498	7.146085864009197	1.0472424897290888	0	0	0	0.0004979234956352103	0.0004368925801115764	0.00014056597454019954	0.05249085532155897	0.03970047092412934	0.005197384784654837
11.2	4.767132174727514	4.767132174727514	4.767132174727514	0.09031157642325469	0.07864068618951782	0.02832319537452765	9.520601741646528	7.146085864008987	1.047242489729088	0	0	0	0.0004979235624565751	0.0004368926334151811	0.0001405659391158309	0.052490853581048755	0.03970046972484313	0.005197385108021403
11.3	4.7671321747275135	4.7671321747275135	4.7671321747275135	0.0903115764232543	0.07864068618952103	0.028323195374527783	9.520601741646539	7.146085864008912	1.0472424897290866	0	0	0	0.0004979235851499043	0.0004368926521487137	0.00014056592838828267	0.05249085300566186	0.03970046931538648	0.005197385204763284
11.4	4.7671321747275135	4.7671321747275135	4.7671321747275135	0.0903115764232544	0.07864068618952032	0.028323195374527856	9.520601741646537	7.146085864008929	1.047242489729086	0	0	0	0.0004979235792510719	0.00043689264789510375	0.00014056593246819735	0.0524908531843445	0.03970046943033179	0.005197385165924748
11.5	4.7671321747275135	4.7671321747275135	4.7671321747275135	0.09031157642325739	0.07864068618949507	0.028323195374528945	9.520601741646455	7.146085864009509	1.0472424897290766	0	0	0	0.000497923385306908	0.00043689250109775	0.00014056605099893815	0.05249085834890501	0.039700472819161906	0.005197384074181067
11.6	4.7671321747275135	4.7671321747275135	4.7671321747275135	0.09031157642327595	0.07864068618933878	0.028323195374535	9.520601741645962	7.146085864013102	1.0472424897290267	0	0	0	0.0004979221897707455	0.00043689159174931634	0.00014056677321452687	0.052490890090150184	0.03970049373662394	0.005197377429079247
11.7	4.767132174727513	4.767132174727513	4.767132174727513	0.0903115764233016	0.07864068618912276	0.02832319537454325	9.520601741645274	7.146085864018067	1.0472424897289587	0	0	0	0.0004979205384435267	0.0004368903349436954	0.00014056776932368082	0.052490933924419385	0.03970052264000166	0.005197368264618458
11.8	4.7671321747275135	4.7671321747275135	4.7671321747275135	0.09031157642332348	0.07864068618893873	0.028323195374550168	9.52060174164469	7.1460858640223	1.0472424897289019	0	0	0	0.0004979191324766388	0.00043688926418791464	0.0001405686161591526	0.05249097124531958	0.039700547264221904	0.0051973604737492
11.9	4.7671321747275135	4.7671321747275135	4.7671321747275135	0.09031157642333067	0.07864068618887837	0.028323195374552232	9.5206017416445	7.1460858640236875	1.0472424897288852	0	0	0	0.0004979186730214683	0.00043688891298900164	0.00014056889055369463	0.052490983446457785	0.03970055534421146	0.005197357949421974
12	4.7671321747275135	4.7671321747275135	4.7671321747275135	0.09031157642331228	0.07864068618903337	0.02832319537454592	9.520601741644992	7.146085864020123	1.0472424897289374	0	0	0	0.0004979198612294023	0.00043688981485398397	0.00014056816934005946	0.05249095192144097	0.03970053461489718	0.005197364584587276
12.1	4.7671321747275135	4.7671321747275135	4.7671321747275135	0.09031157642327858	0.07864068618931636	0.028323195374535617	9.520601741645889	7.146085864013617	1.0472424897290216	0	0	0	0.0004979220200248691	0.00043689146128067475	0.0001405668728067249	0.05249089463592003	0.039700496767149554	0.005197376510594525
12.2	4.7671321747275135	4.7671321747275135	4.7671321747275135	0.09031157642327473	0.07864068618934716	0.028323195374536928	9.520601741645992	7.146085864012908	1.047242489729008	0	0	0	0.0004979222340509454	0.0004368916405604088	0.00014056677212214956	0.052490888953809274	0.03970049264866696	0.005197377431256714
12.3	4.7671321747275135	4.7671321747275135	4.7671321747275135	0.09031157642326952	0.07864068618939103	0.02832319537453517	9.52060174164613	7.1460858640119005	1.0472424897290227	0	0	0	0.0004979225703335484	0.0004368918957598118	0.000140566568306666	0.05249088003327539	0.0397004867841639	0.005197379306168214
12.4	4.7671321747275135	4.7671321747275135	4.7671321747275135	0.09031157642326124	0.07864068618946123	0.028323195374531797	9.520601741646352	7.146085864010287	1.047242489729051	0	0	0	0.0004979231128223755	0.0004368923042174608	0.00014056623305275153	0.05249086564150034	0.0397004773957364	0.005197382391575709
12.5	4.7671321747275135	4.7671321747275135	4.7671321747275135	0.09031157642326118	0.07864068618946116	0.028323195374532602	9.520601741646352	7.146085864010288	1.0472424897290438	0	0	0	0.0004979231050538453	0.00043689230385550015	0.00014056624671351912	0.05249086584782044	0.03970047740575374	0.005197382264029179
12.6	4.7671321747275135	4.7671321747275135	4.7671321747275135	0.09031157642325752	0.07864068618949295	0.028323195374530343	9.520601741646452	7.1460858640095575	1.0472424897290635	0	0	0	0.0004979233574247794	0.000436892488787183	0.00014056608269242572	0.05249085915501747	0.03970047315551015	0.0051973837749752115
12.7	4.7671321747275135	4.7671321747275135	4.7671321747275135	0.09031157642325607	0.07864068618950491	0.028323195374529757	9.520601741646491	7.146085864009281	1.0472424897290684	0	0	0	0.000497923449850683	0.00043689255851858926	0.00014056602557469772	0.05249085670403729	0.03970047155348456	0.005197384300537235
12.8	4.7671321747275135	4.7671321747275135	4.7671321747275135	0.09031157642325593	0.0786406861895059	0.028323195374529837	9.520601741646495	7.14608586400926	1.0472424897290675	0	0	0	0.0004979234562876825	0.0004368925643696903	0.00014056602310991503	0.05249085653407955	0.03970047141986646	0.005197384322828983
12.9	4.7671321747275135	4.7671321747275135	4.7671321747275135	0.09031157642325445	0.07864068618951892	0.028323195374528685	9.520601741646534	7.14608586400896	1.0472424897290777	0	0	0	0.0004979235617679314	0.0004368926399893606	0.00014056595201674123	0.05249085373757227	0.039700469682085196	0.005197384978153097
13	4.7671321747275135	4.7671321747275135	4.7671321747275135	0.09031157642325434	0.07864068618952012	0.02832319537452869	9.520601741646535	7.146085864008931	1.0472424897290775	0	0	0	0.0004979235702793941	0.00043689264699487085	0.00014056594753786964	0.05249085351233277	0.039700469521619014	0.005197385019147635
13.1	4.7671321747275135	4.7671321747275135	4.7671321747275135	0.09031157642325405	0.07864068618952276	0.028323195374528435	9.520601741646544	7.146085864008872	1.04724248972908	0	0	0	0.0004979235919425816	0.00043689266233168226	0.00014056593268156422	0.05249085293849453	0.03970046916950016	0.005197385156088157
13.2	4.7671321747275135	4.7671321747275135	4.7671321747275135	0.09031157642325366	0.07864068618952601	0.02832319537452811	9.520601741646553	7.146085864008796	1.0472424897290826	0	0	0	0.0004979236185220792	0.0004368926811243339	0.0001405659143844941	0.052490852234179014	0.03970046873784025	0.005197385324781696
13.3	4.7671321747275135	4.7671321747275135	4.7671321747275135	0.09031157642325366	0.078640686189526	0.028323195374528147	9.520601741646555	7.146085864008797	1.0472424897290824	0	0	0	0.0004979236178703577	0.00043689268096079885	0.00014056591522013657	0.05249085225179232	0.039700468741913277	0.005197385316962329
13.4	4.767132174727514	4.767132174727514	4.767132174727514	0.09031157642325345	0.07864068618952767	0.028323195374527942	9.52060174164656	7.146085864008758	1.0472424897290842	0	0	0	0.0004979236321762528	0.00043689269074874485	0.0001405659049532781	0.05249085187286791	0.03970046851714025	0.005197385411684274
13.5	4.7671321747275135	4.7671321747275135	4.7671321747275135	0.0903115764232534	0.07864068618952816	0.028323195374527883	9.520601741646564	7.146085864008746	1.0472424897290846	0	0	0	0.0004979236364665346	0.0004368926938028472	0.00014056590201652917	0.05249085175937097	0.039700468447131765	0.0051973854387340115
13.6	4.7671321747275135	4.7671321747275135	4.7671321747275135	0.09031157642325338	0.07864068618952824	0.028323195374527876	9.520601741646564	7.146085864008744	1.0472424897290848	0	0	0	0.000497923637087327	0.0004368926942797242	0.00014056590163510243	0.05249085174312255	0.039700468436334374	0.005197385442217134
13.7	4.7671321747275135	4.7671321747275135	4.7671321747275135	0.09031157642325706	0.07864068618949188	0.028323195374533358	9.520601741646464	7.1460858640095815	1.0472424897290353	0	0	0	0.0004979233188206366	0.0004368924894815569	0.00014056614508997056	0.052490860177475514	0.03970047314482088	0.0051973831926215835
13.8	4.7671321747275135	4.7671321747275135	4.7671321747275135	0.09031157642327049	0.07864068618935868	0.02832319537455337	9.520601741646102	7.146085864012643	1.0472424897288541	0	0	0	0.0004979221541570639	0.0004368917395290754	0.0001405670354131212	0.05249089104171147	0.03970049038649202	0.005197374965926866
13.9	4.767132174727513	4.767132174727513	4.767132174727513	0.09031157642328938	0.07864068618917135	0.028323195374581497	9.52060174164559	7.146085864016949	1.047242489728599	0	0	0	0.0004979205161518924	0.0004368906845557703	0.0001405682873340713	0.05249093444973027	0.03970051464063302	0.005197363398075179
14	4.7671321747275135	4.7671321747275135	4.7671321747275135	0.09031157642330907	0.07864068618897606	0.02832319537461078	9.520601741645057	7.1460858640214395	1.047242489728334	0	0	0	0.0004979188090712326	0.0004368895848021558	0.0001405695917340237	0.05249097968832906	0.03970053992426445	0.005197351345367799
14.1	4.7671321747275135	4.7671321747275135	4.7671321747275135	0.09031157642332494	0.07864068618881903	0.028323195374634257	9.520601741644631	7.14608586402505	1.0472424897281214	0	0	0	0.0004979174371811951	0.0004368887005087462	0.00014057063949418123	0.05249101604430497	0.03970056025440685	0.005197341664105999
14.2	4.7671321747275135	4.7671321747275135	4.7671321747275135	0.0903115764233323	0.07864068618874646	0.028323195374644988	9.520601741644432	7.146085864026717	1.0472424897280241	0	0	0	0.0004979168047478904	0.00043688829191605564	0.0001405711214957467	0.052491032804455134	0.039700569648080775	0.005197337210591053
14.3	4.7671321747275135	4.7671321747275135	4.7671321747275135	0.0903115764233265	0.0786406861888046	0.028323195374636005	9.520601741644589	7.146085864025381	1.0472424897281056	0	0	0	0.0004979173160374291	0.0004368886192645986	0.00014057072861992293	0.05249101925557668	0.03970056212230677	0.005197340841124236
14.4	4.7671321747275135	4.7671321747275135	4.7671321747275135	0.0903115764233029	0.07864068618903963	0.02832319537460036	9.520601741645226	7.146085864019978	1.0472424897284287	0	0	0	0.0004979193753159219	0.00043688994279488923	0.00014056915174791274	0.05249096468446674	0.039700531694105395	0.005197355412006824
14.5	4.7671321747275135	4.7671321747275135	4.7671321747275135	0.09031157642327296	0.07864068618933556	0.028323195374556256	9.520601741646034	7.146085864013174	1.0472424897288282	0	0	0	0.0004979219587991008	0.0004368916092557486	0.0001405671797384862	0.05249089622041001	0.039700493381856515	0.005197373633084325
14.6	4.7671321747275135	4.7671321747275135	4.7671321747275135	0.09031157642326544	0.07864068618940612	0.02832319537454709	9.520601741646237	7.146085864011552	1.0472424897289108	0	0	0	0.0004979225585516082	0.0004368920067536319	0.0001405667330134483	0.052490880324020994	0.03970048424332066	0.005197377758940373
14.7	4.7671321747275135	4.7671321747275135	4.7671321747275135	0.09031157642325931	0.0786406861894678	0.028323195374537494	9.520601741646404	7.146085864010134	1.0472424897289978	0	0	0	0.0004979231019622282	0.0004368923539891521	0.00014056631500872837	0.0524908659240322	0.03970047626032233	0.005197381621777056
14.8	4.7671321747275135	4.7671321747275135	4.7671321747275135	0.09031157642325627	0.078640686189498	0.028323195374532917	9.520601741646486	7.14608586400944	1.0472424897290395	0	0	0	0.0004979233666581172	0.0004368925241542791	0.00014056611233754604	0.05249085890957133	0.03970047234820187	0.005197383494528065
14.9	4.7671321747275135	4.7671321747275135	4.7671321747275135	0.0903115764232552	0.07864068618950891	0.028323195374531245	9.520601741646514	7.14608586400919	1.0472424897290546	0	0	0	0.0004979234625074148	0.00043689258560294193	0.0001405660388145308	0.05249085636959653	0.03970047093549534	0.005197384173928786
15	4.7671321747275135	4.7671321747275135	4.7671321747275135	0.09031157642325406	0.07864068618952091	0.028323195374529198	9.520601741646544	7.1460858640089135	1.0472424897290733	0	0	0	0.0004979235703980009	0.0004368926531528998	0.00014056595442293234	0.05249085351090559	0.03970046938251887	0.005197384954031553
15.1	4.7671321747275135	4.7671321747275135	4.7671321747275135	0.09031157642325384	0.07864068618952344	0.028323195374528834	9.520601741646551	7.146085864008856	1.0472424897290766	0	0	0	0.0004979235922160774	0.0004368926672337735	0.00014056593776127498	0.05249085293272427	0.03970046905880399	0.005197385107981512
15.2	4.7671321747275135	4.7671321747275135	4.7671321747275135	0.09031157642325349	0.07864068618952688	0.028323195374528192	9.52060174164656	7.146085864008777	1.0472424897290822	0	0	0	0.0004979236240227606	0.00043689268677769437	0.00014056591253888915	0.05249085209005159	0.03970046860949171	0.0051973853411892
15.3	4.7671321747275135	4.7671321747275135	4.7671321747275135	0.09031157642325342	0.07864068618952785	0.028323195374528026	9.520601741646562	7.146085864008754	1.047242489729084	0	0	0	0.00049792363289629	0.0004368926923542213	0.00014056590561483428	0.052490851854935634	0.03970046848129105	0.00519738540519045
15.4	4.7671321747275135	4.7671321747275135	4.7671321747275135	0.09031157642325335	0.07864068618952862	0.02832319537452788	9.520601741646566	7.146085864008737	1.047242489729085	0	0	0	0.0004979236396331391	0.00043689269645433835	0.0001405659002383303	0.05249085167646628	0.03970046838703226	0.0051973854549070215
15.5	4.7671321747275135	4.7671321747275135	4.7671321747275135	0.0903115764232533	0.07864068618952903	0.028323195374527807	9.520601741646566	7.146085864008728	1.047242489729086	0	0	0	0.0004979236435165088	0.0004368926988203404	0.0001405658971399161	0.05249085157359027	0.03970046833264092	0.005197385483557041
15.6	4.7671321747275135	4.7671321747275135	4.7671321747275135	0.09031157642325328	0.07864068618952916	0.02832319537452779	9.520601741646567	7.146085864008724	1.0472424897290862	0	0	0	0.0004979236446708154	0.000436892699528649	0.00014056589622370584	0.0524908515430131	0.039700468316358734	0.00519738549202784
15.7	4.7671321747275135	4.7671321747275135	4.7671321747275135	0.09031157642325327	0.07864068618952934	0.02832319537452775	9.520601741646567	7.146085864008722	1.0472424897290866	0	0	0	0.0004979236462004277	0.0004368927004365151	0.00014056589498262834	0.05249085150250046	0.039700468295487505	0.005197385503507932
15.8	4.7671321747275135	4.7671321747275135	4.7671321747275135	0.09031157642325326	0.07864068618952938	0.028323195374527734	9.520601741646567	7.146085864008719	1.0472424897290864	0	0	0	0.0004979236465084846	0.00043689270062542994	0.0001405658947377355	0.052490851494343356	0.03970046829114553	0.005197385505772527
15.9	4.7671321747275135	4.7671321747275135	4.7671321747275135	0.09031157642325675	0.0786406861895232	0.02832319537452994	9.520601741646473	7.146085864008862	1.0472424897290658	0	0	0	0.000497923526442115	0.00043689263340180874	0.00014056599535037706	0.052490854674111104	0.039700469836631294	0.005197384574576043
16	4.767132174727514	4.767132174727514	4.767132174727514	0.09031157642327797	0.07864068618948568	0.02832319537454333	9.520601741645903	7.1460858640097245	1.0472424897289414	0	0	0	0.000497922797093967	0.00043689222498197926	0.0001405666064734735	0.052490873989729576	0.039700479226287874	0.00519737891848068
16.1	4.7671321747275135	4.7671321747275135	4.7671321747275135	0.09031157642331407	0.07864068618942184	0.02832319537456611	9.520601741644937	7.146085864011192	1.0472424897287296	0	0	0	0.0004979215563800975	0.00043689153016608374	0.0001405676460396106	0.05249090684805437	0.03970049520024882	0.005197369297044553
16.2	4.7671321747275135	4.7671321747275135	4.7671321747275135	0.09031157642335996	0.07864068618934063	0.028323195374595076	9.520601741643706	7.146085864013058	1.0472424897284598	0	0	0	0.000497919978276938	0.0004368906463460299	0.00014056896824979058	0.05249094864160457	0.03970051551945417	0.005197357059677306
16.3	4.767132174727513	4.767132174727513	4.767132174727513	0.09031157642341062	0.07864068618925099	0.028323195374627047	9.520601741642349	7.1460858640151175	1.0472424897281625	0	0	0	0.0004979182367609206	0.0004368896709137259	0.0001405704273050156	0.05249099476289928	0.03970053794484399	0.005197343555788584
16.4	4.767132174727514	4.767132174727514	4.767132174727514	0.09031157642346098	0.07864068618916192	0.028323195374658827	9.520601741641	7.146085864017165	1.047242489727867	0	0	0	0.0004979165058084772	0.00043688870126107966	0.00014057187740628785	0.05249104060445756	0.039700560237358316	0.005197330134788029
16.5	4.7671321747275135	4.7671321747275135	4.7671321747275135	0.09031157642350601	0.07864068618908229	0.028323195374687218	9.520601741639794	7.146085864018995	1.0472424897276025	0	0	0	0.0004979149593960393	0.0004368878347799988	0.0001405731727546095	0.05249108155879849	0.039700580157937176	0.005197318146085283
16.6	4.7671321747275135	4.7671321747275135	4.7671321747275135	0.09031157642354061	0.0786406861890211	0.02832319537470903	9.520601741638869	7.146085864020401	1.0472424897273998	0	0	0	0.0004979137715000391	0.0004368871688623913	0.00014057416755098274	0.05249111301844114	0.039700595467520625	0.00519730893908999
16.7	4.7671321747275135	4.7671321747275135	4.7671321747275135	0.09031157642355975	0.0786406861889873	0.02832319537472107	9.520601741638355	7.146085864021178	1.0472424897272874	0	0	0	0.0004979131160969082	0.00043688680090016524	0.00014057471599640976	0.0524911303759046	0.0397006039270487	0.005197303863211794
16.8	4.7671321747275135	4.7671321747275135	4.7671321747275135	0.09031157642355837	0.07864068618898981	0.028323195374720143	9.52060174163839	7.14608586402112	1.0472424897272963	0	0	0	0.0004979131671630785	0.0004368868282852284	0.00014057467229189267	0.05249112902370794	0.039700603297461466	0.005197304267860338
16.9	4.7671321747275135	4.7671321747275135	4.7671321747275135	0.09031157642353144	0.0786406861890376	0.028323195374703052	9.520601741639116	7.14608586402002	1.047242489727455	0	0	0	0.000497914098674982	0.0004368873484094886	0.00014057389063843373	0.05249110435437025	0.03970059133969894	0.005197311502445263
17	4.7671321747275135	4.7671321747275135	4.7671321747275135	0.09031157642347384	0.07864068618913962	0.02832319537466661	9.52060174164066	7.146085864017675	1.047242489727794	0	0	0	0.0004979160846090504	0.00043688845866485395	0.0001405722252370351	0.052491051760410606	0.03970056581470119	0.005197326916376215
17.1	4.7671321747275135	4.7671321747275135	4.7671321747275135	0.0903115764233806	0.07864068618930481	0.028323195374607618	9.520601741643159	7.1460858640138785	1.047242489728343	0	0	0	0.0004979192989417154	0.0004368902564432321	0.00014056953028869897	0.052490966634348074	0.03970052448340824	0.005197351859062836
17.2	4.767132174727514	4.767132174727514	4.767132174727514	0.09031157642330324	0.0786406861894413	0.028323195374559067	9.520601741645233	7.146085864010742	1.0472424897287949	0	0	0	0.0004979219415442837	0.0004368917419544359	0.0001405673201633304	0.052490896648300915	0.03970049033120132	0.005197372313619067
17.3	4.7671321747275135	4.7671321747275135	4.7671321747275135	0.09031157642328534	0.07864068618947226	0.028323195374548284	9.52060174164571	7.14608586401003	1.047242489728895	0	0	0	0.0004979225243105454	0.0004368920787400173	0.00014056683953291235	0.05249088121289087	0.03970048258843193	0.005197376760678947
17.4	4.7671321747275135	4.7671321747275135	4.7671321747275135	0.09031157642326718	0.07864068618950464	0.028323195374536637	9.520601741646198	7.146085864009285	1.0472424897290036	0	0	0	0.000497923160544226	0.00043689243130150924	0.00014056630385129572	0.05249086436386585	0.039700474482971516	0.005197381718989594
17.5	4.7671321747275135	4.7671321747275135	4.7671321747275135	0.0903115764232609	0.0786406861895156	0.02832319537453274	9.520601741646365	7.146085864009034	1.0472424897290398	0	0	0	0.0004979233727805107	0.00043689255081773146	0.00014056612648039656	0.05249085874302178	0.03970047173526881	0.005197383360520087
17.6	4.767132174727514	4.767132174727514	4.767132174727514	0.09031157642325731	0.0786406861895221	0.0283231953745304	9.52060174164646	7.146085864008885	1.0472424897290618	0	0	0	0.0004979235011385699	0.00043689262142115187	0.00014056601806066276	0.05249085534386898	0.039700470112081936	0.005197384364121999
17.7	4.7671321747275135	4.7671321747275135	4.7671321747275135	0.09031157642325512	0.07864068618952604	0.028323195374528955	9.520601741646518	7.1460858640087945	1.047242489729075	0	0	0	0.0004979235793460605	0.00043689266430492414	0.00014056595189107653	0.05249085327281504	0.039700469126175274	0.005197384976648428
17.8	4.7671321747275135	4.7671321747275135	4.7671321747275135	0.09031157642325446	0.07864068618952721	0.02832319537452852	9.520601741646535	7.146085864008767	1.0472424897290789	0	0	0	0.0004979236026272055	0.000436892677172942	0.00014056593226717434	0.052490852656277925	0.03970046883033621	0.0051973851582932514
17.9	4.7671321747275135	4.7671321747275135	4.7671321747275135	0.09031157642325374	0.07864068618952856	0.028323195374528046	9.520601741646555	7.146085864008737	1.0472424897290833	0	0	0	0.000497923629430342	0.0004368926915276582	0.00014056590936288994	0.05249085194654761	0.03970046850031704	0.00519738537035583
18	4.7671321747275135	4.7671321747275135	4.7671321747275135	0.09031157642325358	0.07864068618952887	0.02832319537452794	9.52060174164656	7.146085864008731	1.0472424897290844	0	0	0	0.0004979236353102288	0.00043689269476547945	0.00014056590439621535	0.052490851790838684	0.03970046842587763	0.005197385416330832
18.1	4.7671321747275135	4.7671321747275135	4.7671321747275135	0.09031157642325341	0.0786406861895292	0.028323195374527817	9.520601741646566	7.1460858640087235	1.0472424897290857	0	0	0	0.0004979236422194906	0.0004368926984052531	0.0001405658984541936	0.0524908516078957	0.03970046834219786	0.005197385471352404
18.2	4.7671321747275135	4.7671321747275135	4.7671321747275135	0.09031157642325334	0.0786406861895293	0.028323195374527776	9.520601741646564	7.146085864008721	1.0472424897290862	0	0	0	0.0004979236443092298	0.000436892699527722	0.00014056589667025142	0.052490851552564124	0.039700468316390916	0.005197385487868699
18.3	4.767132174727514	4.767132174727514	4.767132174727514	0.0903115764232533	0.07864068618952937	0.028323195374527748	9.520601741646566	7.14608586400872	1.0472424897290862	0	0	0	0.0004979236457443078	0.0004368927002767585	0.00014056589543205995	0.05249085151457071	0.03970046829916969	0.005197385499334911
18.4	4.7671321747275135	4.7671321747275135	4.7671321747275135	0.0903115764232533	0.07864068618952941	0.028323195374527738	9.520601741646566	7.146085864008719	1.0472424897290864	0	0	0	0.0004979236465207026	0.00043689270068240156	0.0001405658947622569	0.05249085149401829	0.039700468289843346	0.005197385505537765
18.5	4.7671321747275135	4.7671321747275135	4.7671321747275135	0.0903115764232533	0.07864068618952941	0.02832319537452773	9.520601741646566	7.146085864008719	1.0472424897290864	0	0	0	0.0004979236467824923	0.00043689270081935045	0.00014056589453658103	0.05249085148708908	0.039700468286694095	0.0051973855076277034
18.6	4.7671321747275135	4.7671321747275135	4.7671321747275135	0.09031157642327706	0.07864068618951904	0.028323195374535492	9.520601741645931	7.146085864008958	1.047242489729013	0	0	0	0.0004979233126970224	0.00043689253781113534	0.00014056618925615478	0.05249086033136044	0.0397004720342856	0.005197382777234962
18.7	4.767132174727513	4.767132174727513	4.767132174727513	0.09031157642334142	0.07864068618949088	0.02832319537455655	9.520601741644208	7.146085864009604	1.0472424897288137	0	0	0	0.000497922406739113	0.0004368920957407327	0.00014056698844590706	0.05249088431486115	0.03970048219757432	0.005197375373244336
18.8	4.7671321747275135	4.7671321747275135	4.7671321747275135	0.09031157642343526	0.07864068618944989	0.028323195374587242	9.520601741641698	7.146085864010547	1.0472424897285233	0	0	0	0.0004979210866234439	0.0004368914515388057	0.00014056815296319586	0.0524909192624005	0.03970049700790854	0.005197364584727671
18.9	4.7671321747275135	4.7671321747275135	4.7671321747275135	0.09031157642354734	0.07864068618940091	0.028323195374623897	9.5206017416387	7.146085864011673	1.0472424897281767	0	0	0	0.0004979195100754718	0.0004368906821412759	0.00014056954365587252	0.05249096099850255	0.0397005146965156	0.005197351700844882
19	4.7671321747275135	4.7671321747275135	4.7671321747275135	0.09031157642366644	0.07864068618934886	0.028323195374662855	9.520601741635513	7.1460858640128695	1.0472424897278083	0	0	0	0.0004979178348206531	0.00043688986448406483	0.0001405710213717885	0.052491005347691286	0.039700533494622894	0.005197338010755882
19.1	4.7671321747275135	4.7671321747275135	4.7671321747275135	0.09031157642378138	0.07864068618929862	0.028323195374700457	9.52060174163244	7.146085864014023	1.0472424897274526	0	0	0	0.0004979162185844444	0.000436889075503094	0.00014057244695879514	0.05249104813449074	0.0397005516334578	0.0051973248036205864
19.2	4.7671321747275135	4.7671321747275135	4.7671321747275135	0.09031157642388095	0.07864068618925514	0.028323195374733046	9.520601741629777	7.146085864015023	1.0472424897271444	0	0	0	0.0004979148190923027	0.0004368883921342851	0.00014057368126474387	0.05249108518342495	0.03970056734424768	0.0051973133685989095
19.3	4.7671321747275135	4.7671321747275135	4.7671321747275135	0.09031157642395392	0.07864068618922325	0.028323195374756947	9.520601741627825	7.146085864015757	1.0472424897269184	0	0	0	0.0004979137940696839	0.00043688789131355953	0.0001405745851374861	0.0524911123190179	0.0397005788582199	0.005197304994850767
19.4	4.7671321747275135	4.7671321747275135	4.7671321747275135	0.09031157642398911	0.07864068618920789	0.028323195374768503	9.520601741626882	7.146085864016109	1.047242489726809	0	0	0	0.0004979133012420452	0.00043688764997683907	0.0001405750194248731	0.05249112536579366	0.039700584406601847	0.005197300971536072
19.5	4.7671321747275135	4.7671321747275135	4.7671321747275135	0.09031157642397533	0.07864068618921394	0.028323195374764052	9.52060174162725	7.14608586401597	1.047242489726851	0	0	0	0.0004979134983348427	0.00043688774506004497	0.00014057484497475642	0.05249112014827622	0.03970058222062089	0.0051973025878147405
19.6	4.7671321747275135	4.7671321747275135	4.7671321747275135	0.09031157642390135	0.07864068618924631	0.028323195374739932	9.520601741629228	7.146085864015226	1.0472424897270796	0	0	0	0.0004979145430735333	0.000436888253499099	0.00014057392263498733	0.0524910924909896	0.039700570531504394	0.005197311132846686
19.7	4.7671321747275135	4.7671321747275135	4.7671321747275135	0.09031157642375597	0.07864068618930989	0.02832319537469248	9.520601741633117	7.146085864013764	1.0472424897275283	0	0	0	0.0004979165931835735	0.0004368892522299227	0.00014057211325341733	0.05249103821845784	0.03970054757047974	0.005197327895791825
19.8	4.7671321747275135	4.7671321747275135	4.7671321747275135	0.09031157642352801	0.07864068618940959	0.028323195374618037	9.520601741639217	7.146085864011472	1.0472424897282326	0	0	0	0.0004979198063904198	0.0004368908181884375	0.00014056927767789774	0.052490953155204946	0.03970051156877431	0.00519735416581007
19.9	4.7671321747275135	4.7671321747275135	4.7671321747275135	0.09031157642336629	0.07864068618948009	0.02832319537456478	9.520601741643542	7.1460858640098515	1.0472424897287362	0	0	0	0.0004979220622438299	0.00043689192594616096	0.00014056729124943565	0.05249089343496848	0.0397004861011965	0.005197372568144288
20	4.7671321747275135	4.7671321747275135	4.7671321747275135	0.09031157642333393	0.07864068618949398	0.028323195374553686	9.520601741644407	7.146085864009532	1.047242489728841	0	0	0	0.0004979224902967388	0.00043689214452725624	0.0001405669186812534	0.052490882101905535	0.03970048107596953	0.005197376018807588
20.1	4.7671321747275135	4.7671321747275135	4.7671321747275135	0.09031157642328846	0.07864068618951398	0.028323195374539055	9.520601741645626	7.146085864009074	1.0472424897289794	0	0	0	0.0004979231426372646	0.0004368924582906049	0.0001405663409662193	0.05249086483296509	0.039700473862485305	0.0051973813714085645
20.2	4.7671321747275135	4.7671321747275135	4.7671321747275135	0.09031157642327427	0.07864068618952012	0.02832319537453438	9.520601741646004	7.146085864008932	1.0472424897290236	0	0	0	0.0004979233395825823	0.0004368925552798826	0.00014056616764556557	0.05249085961911507	0.03970047163268275	0.005197382977033322
20.3	4.767132174727514	4.767132174727514	4.767132174727514	0.09031157642326514	0.07864068618952415	0.02832319537453147	9.52060174164625	7.146085864008841	1.047242489729051	0	0	0	0.0004979234719538051	0.00043689261841725776	0.00014056605017460398	0.05249085611500218	0.0397004701811425	0.005197384065464762
20.4	4.7671321747275135	4.7671321747275135	4.7671321747275135	0.09031157642325884	0.07864068618952694	0.028323195374529472	9.520601741646418	7.146085864008775	1.04724248972907	0	0	0	0.0004979235643810826	0.0004368926623019283	0.00014056596803502277	0.05249085366830757	0.039700469172225805	0.005197384826552543
20.5	4.7671321747275135	4.7671321747275135	4.7671321747275135	0.09031157642325728	0.07864068618952762	0.02832319537452897	9.520601741646457	7.146085864008761	1.0472424897290749	0	0	0	0.0004979235866131634	0.00043689267308649255	0.00014056594838691172	0.05249085307976638	0.03970046892428602	0.005197385008586537
20.6	4.7671321747275135	4.7671321747275135	4.7671321747275135	0.09031157642325488	0.0786406861895287	0.028323195374528234	9.520601741646523	7.146085864008735	1.0472424897290817	0	0	0	0.0004979236227062842	0.0004368926897407294	0.00014056591609170517	0.052490852124381454	0.03970046854139991	0.005197385307870791
20.7	4.7671321747275135	4.7671321747275135	4.7671321747275135	0.09031157642325437	0.07864068618952895	0.028323195374528074	9.520601741646537	7.146085864008729	1.0472424897290833	0	0	0	0.0004979236301471707	0.0004368926933050247	0.00014056590949133797	0.05249085192740965	0.03970046845945512	0.005197385369024959
20.8	4.7671321747275135	4.7671321747275135	4.7671321747275135	0.0903115764232538	0.0786406861895292	0.02832319537452789	9.520601741646553	7.1460858640087235	1.0472424897290848	0	0	0	0.0004979236391323952	0.00043689269738122555	0.0001405659014222891	0.05249085168957932	0.039700468365741856	0.005197385443807495
20.9	4.7671321747275135	4.7671321747275135	4.7671321747275135	0.09031157642325359	0.07864068618952935	0.028323195374527814	9.520601741646557	7.14608586400872	1.0472424897290857	0	0	0	0.0004979236427314073	0.0004368926990378025	0.00014056589819968796	0.05249085159431316	0.039700468327656044	0.005197385473671797
21	4.7671321747275135	4.7671321747275135	4.7671321747275135	0.09031157642325348	0.07864068618952937	0.028323195374527776	9.52060174164656	7.146085864008718	1.047242489729086	0	0	0	0.0004979236443703716	0.00043689269978081037	0.00014056589672775143	0.0524908515509313	0.03970046831057314	0.0051973854873138044
21.1	4.7671321747275135	4.7671321747275135	4.7671321747275135	0.09031157642325335	0.07864068618952941	0.028323195374527745	9.520601741646564	7.146085864008718	1.0472424897290862	0	0	0	0.0004979236459920273	0.00043689270050203846	0.0001405658952654237	0.052490851508010306	0.03970046829399143	0.005197385500868313
21.2	4.7671321747275135	4.7671321747275135	4.7671321747275135	0.09031157642325335	0.07864068618952941	0.02832319537452774	9.520601741646562	7.146085864008719	1.0472424897290864	0	0	0	0.0004979236463151266	0.00043689270065097114	0.00014056589497614912	0.05249085149945896	0.03970046829056715	0.005197385503549477
21.3	4.767132174727514	4.767132174727514	4.767132174727514	0.09031157642327134	0.07864068618952237	0.028323195374530378	9.520601741646084	7.146085864008881	1.047242489729061	0	0	0	0.0004979234761167545	0.0004368926299626656	0.0001405660502933539	0.0524908560039191	0.039700469915705	0.00519738406354175
21.4	4.7671321747275135	4.7671321747275135	4.7671321747275135	0.09031157642335276	0.07864068618949052	0.02832319537454233	9.520601741643908	7.1460858640096125	1.0472424897289463	0	0	0	0.000497922705623777	0.00043689230989988205	0.00014056675339931386	0.05249087639574241	0.039700477274013365	0.0051973775447694106
21.5	4.7671321747275135	4.7671321747275135	4.7671321747275135	0.0903115764234827	0.07864068618943974	0.0283231953745614	9.520601741640439	7.1460858640107805	1.047242489728763	0	0	0	0.0004979214762609366	0.00043689179918286064	0.00014056787522890289	0.05249090893199199	0.03970048901550194	0.005197367143848311
21.6	4.7671321747275135	4.7671321747275135	4.7671321747275135	0.09031157642364217	0.07864068618937738	0.028323195374584817	9.52060174163618	7.146085864012213	1.0472424897285382	0	0	0	0.0004979199672927465	0.00043689117225047323	0.0001405692521866715	0.05249094886826568	0.03970050342880579	0.005197354377538539
21.7	4.7671321747275135	4.7671321747275135	4.7671321747275135	0.0903115764238123	0.07864068618931087	0.02832319537460981	9.520601741631637	7.1460858640137435	1.0472424897282981	0	0	0	0.0004979183579837208	0.00043689050354159194	0.0001405707206771703	0.05249099146016133	0.039700518802559974	0.005197340762600189
21.8	4.7671321747275135	4.7671321747275135	4.7671321747275135	0.09031157642397412	0.0786406861892476	0.028323195374633597	9.520601741627315	7.146085864015197	1.0472424897280697	0	0	0	0.0004979168275983725	0.00043688986749508877	0.00014057211710494984	0.05249103196327679	0.03970053342539956	0.005197327815793348
21.9	4.7671321747275135	4.7671321747275135	4.7671321747275135	0.0903115764241087	0.07864068618919501	0.028323195374653404	9.520601741623722	7.146085864016406	1.0472424897278794	0	0	0	0.0004979155554012155	0.00043688933854983545	0.00014057327787456067	0.05249106563320994	0.039700545585959625	0.005197317053878107
22	4.7671321747275135	4.7671321747275135	4.7671321747275135	0.09031157642419711	0.07864068618916045	0.028323195374666457	9.52060174162136	7.146085864017201	1.0472424897277541	0	0	0	0.0004979147206567637	0.00043688899114470426	0.00014057403939055335	0.052491087725558584	0.03970055357287521	0.005197309993614558
22.1	4.7671321747275135	4.7671321747275135	4.7671321747275135	0.0903115764242204	0.07864068618915136	0.02832319537466998	9.52060174162074	7.146085864017408	1.0472424897277202	0	0	0	0.0004979145026295304	0.000436888899718567	0.00014057423805747846	0.05249109349592062	0.0397005556747814	0.00519730815176279
22.2	4.7671321747275135	4.7671321747275135	4.7671321747275135	0.09031157642415964	0.07864068618917512	0.028323195374661204	9.520601741622361	7.146085864016863	1.0472424897278045	0	0	0	0.0004979150805840293	0.00043688913871029573	0.00014057371027988654	0.05249107819989387	0.03970055018031325	0.005197313045082896
22.3	4.7671321747275135	4.7671321747275135	4.7671321747275135	0.09031157642399593	0.07864068618923917	0.028323195374637337	9.520601741626734	7.146085864015391	1.0472424897280337	0	0	0	0.0004979166337847741	0.0004368897825587623	0.00014057229246232817	0.05249103709307621	0.03970053537810584	0.005197326190334964
22.4	4.7671321747275135	4.7671321747275135	4.7671321747275135	0.09031157642371028	0.07864068618935087	0.02832319537459562	9.520601741634364	7.1460858640128215	1.0472424897284345	0	0	0	0.0004979193414962782	0.00043689090570283874	0.0001405698210093539	0.05249096543106548	0.03970050955679422	0.005197349104279086
22.5	4.767132174727513	4.767132174727513	4.767132174727513	0.09031157642342756	0.07864068618946138	0.028323195374553856	9.520601741641913	7.146085864010281	1.0472424897288355	0	0	0	0.0004979220107871118	0.0004368920167761299	0.00014056738588117895	0.05249089478559642	0.039700484012991505	0.0051973716811403135
22.6	4.7671321747275135	4.7671321747275135	4.7671321747275135	0.0903115764233501	0.07864068618949156	0.02832319537454169	9.520601741643983	7.146085864009589	1.0472424897289523	0	0	0	0.0004979227250796549	0.00043689232017578137	0.00014056673624409047	0.052490875880655145	0.03970047703776994	0.00519737770366306
22.7	4.7671321747275135	4.7671321747275135	4.7671321747275135	0.09031157642329406	0.07864068618951348	0.02832319537453362	9.520601741645478	7.146085864009084	1.0472424897290298	0	0	0	0.0004979232590031126	0.00043689254064144506	0.00014056624864472223	0.052490861749957436	0.03970047196921924	0.005197382224486429
22.8	4.7671321747275135	4.7671321747275135	4.7671321747275135	0.09031157642327392	0.07864068618952134	0.02832319537453061	9.520601741646017	7.146085864008904	1.0472424897290586	0	0	0	0.0004979234484949258	0.0004368926197646061	0.00014056607586390005	0.05249085673484846	0.03970047015016209	0.005197383826373239
22.9	4.7671321747275135	4.7671321747275135	4.7671321747275135	0.09031157642326298	0.07864068618952562	0.028323195374529066	9.520601741646306	7.146085864008806	1.0472424897290735	0	0	0	0.0004979235535251145	0.00043689266282497885	0.00014056597985893585	0.05249085395516956	0.03970046916019511	0.005197384716515223
23	4.7671321747275135	4.7671321747275135	4.7671321747275135	0.0903115764232577	0.07864068618952771	0.02832319537452833	9.520601741646448	7.146085864008758	1.0472424897290808	0	0	0	0.0004979236042348944	0.00043689268362724593	0.00014056593350729178	0.05249085261311253	0.03970046868194538	0.005197385146278524
23.1	4.767132174727514	4.767132174727514	4.767132174727514	0.09031157642325562	0.07864068618952853	0.02832319537452804	9.520601741646503	7.14608586400874	1.0472424897290835	0	0	0	0.0004979236243916338	0.00043689269185682186	0.00014056591507321712	0.052490852079656515	0.03970046849274514	0.005197385317198371
23.2	4.7671321747275135	4.7671321747275135	4.7671321747275135	0.09031157642325424	0.07864068618952906	0.028323195374527852	9.52060174164654	7.146085864008727	1.0472424897290855	0	0	0	0.0004979236377602829	0.00043689269724776737	0.00014056590282662053	0.05249085172584824	0.03970046836880673	0.005197385430753298
23.3	4.7671321747275135	4.7671321747275135	4.7671321747275135	0.09031157642325384	0.07864068618952923	0.0283231953745278	9.520601741646551	7.1460858640087235	1.0472424897290857	0	0	0	0.0004979236416768345	0.00043689269884383824	0.00014056589924391674	0.05249085162219346	0.03970046833211279	0.005197385463972074
23.4	4.7671321747275135	4.7671321747275135	4.7671321747275135	0.09031157642325349	0.07864068618952937	0.028323195374527755	9.520601741646562	7.146085864008722	1.0472424897290864	0	0	0	0.0004979236450954896	0.0004368927002004533	0.0001405658961062442	0.05249085153172349	0.039700468300923046	0.0051973854930679525
23.5	4.7671321747275135	4.7671321747275135	4.7671321747275135	0.0903115764232534	0.0786406861895294	0.02832319537452774	9.520601741646562	7.146085864008721	1.0472424897290864	0	0	0	0.0004979236459703476	0.0004368927005544244	0.0001405658953052216	0.0524908515085724	0.03970046829278421	0.0051973855004959395
23.6	4.7671321747275135	4.7671321747275135	4.7671321747275135	0.09031157642325333	0.07864068618952941	0.02832319537452773	9.520601741646564	7.14608586400872	1.0472424897290864	0	0	0	0.0004979236467422796	0.00043689270085684823	0.0001405658945957207	0.052490851488147285	0.039700468285830626	0.00519738550707542
23.7	4.7671321747275135	4.7671321747275135	4.7671321747275135	0.09031157642325331	0.07864068618952941	0.02832319537452773	9.520601741646566	7.146085864008719	1.0472424897290864	0	0	0	0.0004979236469638069	0.000436892700945205	0.00014056589439250805	0.05249085148228621	0.03970046828379865	0.005197385508959645
23.8	4.7671321747275135	4.7671321747275135	4.7671321747275135	0.09031157642325328	0.07864068618952942	0.028323195374527727	9.520601741646566	7.14608586400872	1.0472424897290864	0	0	0	0.0004979236471186248	0.00043689270100538246	0.0001405658942501088	0.05249085147818963	0.039700468282415066	0.005197385510280227
23.9	4.7671321747275135	4.7671321747275135	4.7671321747275135	0.0903115764232533	0.0786406861895294	0.028323195374527727	9.520601741646566	7.14608586400872	1.0472424897290864	0	0	0	0.0004979236471575527	0.0004368927010211253	0.00014056589421447153	0.05249085147716295	0.03970046828205345	0.005197385510611245
24	4.7671321747275135	4.7671321747275135	4.7671321747275135	0.0903115764232533	0.07864068618952941	0.028323195374527724	9.520601741646566	7.14608586400872	1.0472424897290864	0	0	0	0.0004979236471791501	0.00043689270102952987	0.0001405658941946153	0.05249085147659478	0.03970046828186084	0.00519738551079578
