0	4.7671321747275135	4.7671321747275135	4.7671321747275135	0.09031157642325327	0.07864068618952942	0.028323195374527724	9.520601741646566	7.146085864008718	1.0472424897290866	0	0	0	0	0	0	0	0	0
0.1	4.7671321747275135	4.7671321747275135	4.7671321747275135	0.09031157642325327	0.07864068618952942	0.028323195374527724	9.520601741646566	7.146085864008718	1.0472424897290866	0	0	0	-5283917935942529e-21	-4602413214201551e-21	-16515479884579162e-22	-6388130779521933e-20	-4795561904430501e-20	-70151547790274944e-22
0.2	4.7671321747275135	4.7671321747275135	4.7671321747275135	0.09031157642325326	0.07864068618952942	0.02832319537452772	9.520601741646566	7.146085864008718	1.0472424897290866	0	0	0	-7136489278768415e-21	-6220635790672952e-21	-22112774415062726e-22	-0.00018011714544153009	-0.00013526369703734573	-19694272268807138e-21
0.3	4.7671321747275135	4.7671321747275135	4.7671321747275135	0.09031157642325327	0.07864068618952942	0.028323195374527724	9.520601741646566	7.146085864008718	1.0472424897290866	0	0	0	-7781861713763954e-21	-6789697986989446e-21	-2383589091389093e-21	-0.00029679896218431657	-0.00022300350284031853	-32255623030595683e-21
0.4	4.7671321747275135	4.7671321747275135	4.7671321747275135	0.09031157642325327	0.07864068618952942	0.028323195374527724	9.520601741646566	7.146085864008718	1.0472424897290866	0	0	0	-8003351602038398e-21	-6989850856423337e-21	-2421700956556108e-21	-0.0003990971156813143	-0.0003000430241132223	-43067248678529604e-21
0.5	4.7671321747275135	4.7671321747275135	4.7671321747275135	0.09031157642325327	0.07864068618952942	0.028323195374527724	9.520601741646566	7.146085864008718	1.0472424897290866	0	0	0	-8076542321186414e-21	-7060135091366307e-21	-2415931596354292e-21	-0.00048458326515510313	-0.00036453517576047945	-5190115753442581e-20
0.6	4.7671321747275135	4.7671321747275135	4.7671321747275135	0.09031157642325327	0.07864068618952945	0.028323195374527724	9.520601741646566	7.146085864008718	1.0472424897290866	0	0	0	-8098603875928692e-21	-7084863425753509e-21	-23981025500714092e-22	-0.0005546527868196435	-0.0004174976834505438	-5895971585317369e-20
0.7	4.7671321747275135	4.7671321747275135	4.7671321747275135	0.09031157642325326	0.07864068618952944	0.028323195374527724	9.520601741646566	7.146085864008718	1.0472424897290866	0	0	0	-810344755157783e-20	-70935729233834055e-22	-23789387365747573e-22	-0.0006116248465093601	-0.00046064521790943136	-6454193933598515e-20
0.8	4.7671321747275135	4.7671321747275135	4.7671321747275135	0.09031157642325326	0.07864068618952944	0.028323195374527724	9.520601741646566	7.146085864008718	1.0472424897290866	0	0	0	-8102828062667688e-21	-709662457518867e-20	-2361720545046747e-21	-0.0006577886737280967	-0.0004956763467352289	-6893367324544752e-20
0.9	4.7671321747275135	4.7671321747275135	4.7671321747275135	0.09031157642325327	0.07864068618952942	0.028323195374527724	9.520601741646566	7.146085864008718	1.0472424897290866	0	0	0	-8100766835075826e-21	-7097671660205291e-21	-2347171061850241e-21	-0.0006951327283168164	-0.0005240702004382841	-7237758772297623e-20
1	4.767132174727513	4.767132174727513	4.767132174727513	0.09031157642325326	0.07864068618952941	0.028323195374527724	9.520601741646566	7.146085864008718	1.0472424897290864	0	0	0	-8098631893147783e-21	-7098050925745043e-21	-23351837022814145e-22	-0.0007253478738357976	-0.0005470872711129953	-7507592055514517e-20
1.1	4.7671321747275135	4.7671321747275135	4.7671321747275135	0.09031157642325327	0.0786406861895294	0.028323195374527724	9.520601741646566	7.146085864008719	1.0472424897290864	0	0	0	-8096732369008005e-21	-70981501920292834e-22	-23254034102830937e-22	-0.0007497488028155156	-0.0005657104304064664	-771815997235208e-19
1.2	4.7671321747275135	4.7671321747275135	4.7671321747275135	0.09031157642325327	0.07864068618952942	0.028323195374527724	9.520601741646566	7.14608586400872	1.0472424897290864	0	0	0	-809524226980173e-20	-7098226247651811e-21	-23174770926139144e-22	-0.0007694968971452292	-0.0005808092129144563	-7882772851446738e-20
1.3	4.7671321747275135	4.7671321747275135	4.7671321747275135	0.09031157642325327	0.07864068618952938	0.028323195374527724	9.520601741646566	7.14608586400872	1.0472424897290864	0	0	0	-8094002812325614e-21	-7098219273604986e-21	-23110396258472215e-22	-0.0007854548128210105	-0.0005930315908526489	-8010980072188577e-20
1.4	4.7671321747275135	4.7671321747275135	4.7671321747275135	0.09031157642325327	0.07864068618952938	0.028323195374527724	9.520601741646566	7.14608586400872	1.0472424897290864	0	0	0	-809305929183954e-20	-7098231292580685e-21	-23058471236942527e-22	-0.000798330034896212	-0.000602910069134754	-8110432926526093e-20
1.5	4.7671321747275135	4.7671321747275135	4.7671321747275135	0.09031157642325327	0.0786406861895294	0.028323195374527724	9.520601741646566	7.146085864008719	1.0472424897290864	0	0	0	-8092349416542456e-21	-7098264277364058e-21	-2301645113993172e-21	-0.0008087646907365726	-0.0006109284923390785	-8187986241427477e-20
1.6	4.7671321747275135	4.7671321747275135	4.7671321747275135	0.09031157642325327	0.07864068618952941	0.028323195374527724	9.520601741646566	7.14608586400872	1.0472424897290864	0	0	0	-8091769741103574e-21	-70982645272899555e-22	-22982401950422183e-22	-0.0008171907604561806	-0.0006174137639016476	-8248008170393426e-20
1.7	4.767132174727514	4.767132174727514	4.767132174727514	0.09031157642325327	0.07864068618952941	0.028323195374527724	9.520601741646566	7.146085864008719	1.0472424897290864	0	0	0	-809133421291588e-20	-7098276996776927e-21	-22954898642380073e-22	-0.000824001173147425	-0.0006226634358161081	-8294433536319335e-20
1.8	4.7671321747275135	4.7671321747275135	4.7671321747275135	0.09031157642325327	0.07864068618952941	0.028323195374527724	9.520601741646566	7.146085864008719	1.0472424897290864	0	0	0	-8090986529787622e-21	-709827842085551e-20	-22932575580051492e-22	-0.0008295198180906881	-0.0006269232808746929	-8330413650733996e-20
1.9	4.7671321747275135	4.7671321747275135	4.7671321747275135	0.09031157642325326	0.0786406861895294	0.028323195374527724	9.520601741646566	7.146085864008719	1.0472424897290864	0	0	0	-8090711793948858e-21	-7098273201377649e-21	-22914537981338963e-22	-0.0008339712283335595	-0.0006303642602907529	-8358021199789099e-20
2	4.7671321747275135	4.7671321747275135	4.7671321747275135	0.09031157642325326	0.07864068618952942	0.028323195374527727	9.520601741646566	7.14608586400872	1.0472424897290864	0	0	0	-8090514078129531e-21	-7098281690987624e-21	-22899975471093018e-22	-0.0008375713370939126	-0.0006331508227989739	-8379241560726224e-20
2.1	4.7671321747275135	4.7671321747275135	4.7671321747275135	0.09031157642325324	0.07864068618952946	0.028323195374527724	9.520601741646566	7.146085864008717	1.0472424897290864	0	0	0	-8090349525117546e-21	-7098277734252699e-21	-2288813445280871e-21	-0.0008404916247767672	-0.0006354138748303379	-8395589004993274e-20
2.2	4.7671321747275135	4.7671321747275135	4.7671321747275135	0.09031157642325324	0.0786406861895295	0.02832319537452772	9.520601741646566	7.146085864008717	1.0472424897290864	0	0	0	-8090216515027577e-21	-70982681014685105e-22	-22878563036060603e-22	-0.0008428469275781891	-0.0006372413725518119	-840801537880623e-19
2.3	4.7671321747275135	4.7671321747275135	4.7671321747275135	0.09031157642325324	0.07864068618952948	0.02832319537452772	9.520601741646566	7.146085864008716	1.0472424897290864	0	0	0	-8090130918163579e-21	-70982748826910175e-22	-22870860733752774e-22	-0.0008447486769368767	-0.0006387186601179756	-8417444226981404e-20
2.4	4.7671321747275135	4.7671321747275135	4.7671321747275135	0.09031157642325334	0.07864068618952949	0.028323195374527713	9.520601741646564	7.146085864008716	1.0472424897290864	0	0	0	-8090048533208382e-21	-7098265107636017e-21	-22864576693791134e-22	-0.0008462951291062052	-0.0006399211101406716	-842466326534533e-19
2.5	4.7671321747275135	4.7671321747275135	4.7671321747275135	0.0903115764232535	0.0786406861895296	0.02832319537452769	9.520601741646558	7.146085864008715	1.0472424897290866	0	0	0	-8089955014372629e-21	-709822972142681e-20	-22859448327446644e-22	-0.0008475453641244248	-0.0006408942262989991	-8430103434513826e-20
2.6	4.7671321747275135	4.7671321747275135	4.7671321747275135	0.09031157642325358	0.07864068618952966	0.028323195374527682	9.520601741646555	7.146085864008714	1.0472424897290868	0	0	0	-8089895116190962e-21	-7098212329732733e-21	-22855334027663736e-22	-0.000848551415051633	-0.0006416780831138237	-8434143640237136e-20
2.7	4.7671321747275135	4.7671321747275135	4.7671321747275135	0.09031157642325345	0.07864068618952957	0.028323195374527696	9.52060174164656	7.146085864008715	1.0472424897290866	0	0	0	-8089899939297689e-21	-7098244178929379e-21	-22852077545988876e-22	-0.0008493653049600038	-0.0006423127535275358	-8437160893098327e-20
2.8	4.7671321747275135	4.7671321747275135	4.7671321747275135	0.09031157642325369	0.0786406861895297	0.028323195374527647	9.520601741646553	7.146085864008713	1.047242489729087	0	0	0	-8089804937244517e-21	-70981789088267704e-22	-22849335090632376e-22	-0.0008500300569202343	-0.0006428314973788995	-8439432735362053e-20
2.9	4.7671321747275135	4.7671321747275135	4.7671321747275135	0.09031157642325412	0.07864068618952993	0.028323195374527564	9.520601741646542	7.1460858640087075	1.0472424897290877	0	0	0	-8089662532955998e-21	-7098065369910084e-21	-22847047312713794e-22	-0.0008505682437944472	-0.0006432517989319903	-8441098562276572e-20
3	4.7671321747275135	4.7671321747275135	4.7671321747275135	0.09031157642325421	0.07864068618952998	0.028323195374527554	9.52060174164654	7.1460858640087075	1.0472424897290877	0	0	0	-8089620427539837e-21	-7098038498635337e-21	-22845263941829923e-22	-0.0008509997582008445	-0.0006435890451133701	-8442288541731963e-20
3.1	4.7671321747275135	4.7671321747275135	4.7671321747275135	0.09031157642325374	0.0786406861895297	0.028323195374527634	9.520601741646553	7.146085864008714	1.0472424897290868	0	0	0	-8089751528239219e-21	-70981654078095946e-22	-22843978315047876e-22	-0.0008513458280387205	-0.0006438596729824236	-8443133950181104e-20
3.2	4.767132174727513	4.767132174727513	4.767132174727513	0.09031157642325384	0.07864068618952977	0.028323195374527606	9.520601741646551	7.146085864008712	1.0472424897290873	0	0	0	-8089728879053191e-21	-709815052060265e-20	-22842868253037044e-22	-0.0008516300965409643	-0.0006440820859009637	-8443741321459788e-20
3.3	4.7671321747275135	4.7671321747275135	4.7671321747275135	0.09031157642325399	0.07864068618952988	0.028323195374527568	9.520601741646548	7.14608586400871	1.0472424897290875	0	0	0	-8089681865927577e-21	-7098111925939347e-21	-2284193262747539e-21	-0.0008518603108193766	-0.0006442622952433444	-8444160109761473e-20
3.4	4.7671321747275135	4.7671321747275135	4.7671321747275135	0.09031157642325366	0.07864068618952966	0.02832319537452764	9.520601741646557	7.146085864008715	1.047242489729087	0	0	0	-8089773317666982e-21	-7098197900043588e-21	-2284122370703675e-21	-0.0008520434088863109	-0.0006444056809522539	-8444435641077177e-20
3.5	4.7671321747275135	4.7671321747275135	4.7671321747275135	0.09031157642325367	0.07864068618952966	0.028323195374527602	9.520601741646557	7.146085864008714	1.0472424897290873	0	0	0	-8089760161510129e-21	-7098187835009668e-21	-22840650734679744e-22	-0.0008521942236440988	-0.0006445238264136356	-8444613267988319e-20
3.6	4.7671321747275135	4.7671321747275135	4.7671321747275135	0.09031157642325377	0.07864068618952968	0.02832319537452756	9.520601741646555	7.146085864008714	1.047242489729088	0	0	0	-8089726595253394e-21	-709815854569486e-20	-22840169902683994e-22	-0.0008523165919274139	-0.0006446197163676627	-8444718510888203e-20
3.7	4.7671321747275135	4.7671321747275135	4.7671321747275135	0.09031157642325352	0.07864068618952957	0.028323195374527634	9.52060174164656	7.146085864008716	1.0472424897290873	0	0	0	-8089795703486151e-21	-7098222163992626e-21	-22839767664846814e-22	-0.0008524131966785161	-0.0006446954330339391	-8444773197169867e-20
3.8	4.767132174727514	4.767132174727514	4.767132174727514	0.0903115764232536	0.07864068618952957	0.028323195374527613	9.520601741646558	7.146085864008716	1.0472424897290875	0	0	0	-808978779583916e-20	-7098215438492045e-21	-2283947599184553e-21	-0.00085249326438408	-0.0006447581970908214	-8444790274092508e-20
3.9	4.7671321747275135	4.7671321747275135	4.7671321747275135	0.0903115764232537	0.07864068618952962	0.02832319537452757	9.520601741646557	7.146085864008714	1.0472424897290875	0	0	0	-8089763173842185e-21	-7098193233162783e-21	-22839236351586066e-22	-0.0008525584050390002	-0.0006448092658107366	-8444783339976448e-20
4	4.7671321747275135	4.7671321747275135	4.7671321747275135	0.09031157642325349	0.07864068618952952	0.028323195374527637	9.52060174164656	7.146085864008716	1.047242489729087	0	0	0	-8089814956203605e-21	-70982402864594255e-22	-2283899608504437e-21	-0.0008526092922094581	-0.0006448491619397944	-844476492605605e-19
4.1	4.7671321747275135	4.7671321747275135	4.7671321747275135	0.09031157642325356	0.07864068618952952	0.028323195374527623	9.52060174164656	7.146085864008717	1.0472424897290873	0	0	0	-8089810073231784e-21	-70982358581746535e-22	-22838850686588043e-22	-0.0008526518300675636	-0.0006448825077820145	-8444732729677498e-20
4.2	4.7671321747275135	4.7671321747275135	4.7671321747275135	0.09031157642325369	0.07864068618952955	0.028323195374527592	9.520601741646558	7.146085864008716	1.0472424897290875	0	0	0	-8089791683619535e-21	-7098219039443273e-21	-22838738071528105e-22	-0.0008526865716907748	-0.0006449097399197823	-8444695123871964e-20
4.3	4.767132174727514	4.767132174727514	4.767132174727514	0.09031157642325349	0.07864068618952949	0.02832319537452765	9.520601741646562	7.146085864008717	1.047242489729087	0	0	0	-80898303101888e-19	-70982538242146674e-22	-22838585188494283e-22	-0.0008527133083293174	-0.0006449306971959049	-8444661164827639e-20
4.4	4.7671321747275135	4.7671321747275135	4.7671321747275135	0.09031157642325353	0.07864068618952948	0.02832319537452764	9.520601741646558	7.146085864008717	1.047242489729087	0	0	0	-8089827244086896e-21	-7098250963588369e-21	-22838515019013396e-22	-0.0008527359235696739	-0.0006449484146981359	-8444621970370034e-20
4.5	4.7671321747275135	4.7671321747275135	4.7671321747275135	0.09031157642325363	0.07864068618952949	0.02832319537452762	9.520601741646557	7.146085864008717	1.0472424897290873	0	0	0	-8089813351253507e-21	-7098238236258657e-21	-22838468409825063e-22	-0.0008527544973591616	-0.0006449629617540703	-8444583491555865e-20
4.6	4.767132174727513	4.767132174727513	4.767132174727513	0.09031157642325346	0.07864068618952945	0.028323195374527668	9.52060174164656	7.146085864008717	1.0472424897290868	0	0	0	-8089842105889408e-21	-7098263938823464e-21	-22838364421364713e-22	-0.0008527684900279421	-0.0006449739225995541	-8444553471026724e-20
4.7	4.767132174727513	4.767132174727513	4.767132174727513	0.09031157642325344	0.07864068618952946	0.028323195374527665	9.52060174164656	7.146085864008717	1.047242489729087	0	0	0	-8089840171625854e-21	-7098262137764496e-21	-22838332292860204e-22	-0.0008527805217923778	-0.0006449833366229326	-8444520790683699e-20
4.8	4.7671321747275135	4.7671321747275135	4.7671321747275135	0.09031157642325349	0.07864068618952945	0.028323195374527647	9.52060174164656	7.146085864008718	1.0472424897290873	0	0	0	-8089829602099585e-21	-7098252514826117e-21	-2283831913147489e-21	-0.000852790483591645	-0.0006449911267112961	-8444490106155048e-20
4.9	4.7671321747275135	4.7671321747275135	4.7671321747275135	0.09031157642325345	0.07864068618952944	0.028323195374527658	9.520601741646562	7.146085864008719	1.047242489729087	0	0	0	-808984032982887e-20	-7098262040936927e-21	-2283827192791168e-21	-0.0008527980493394516	-0.0006449970427800159	-8444466002771626e-20
5	4.7671321747275135	4.7671321747275135	4.7671321747275135	0.09031157642325384	0.07864068618952934	0.028323195374527467	9.520601741646551	7.146085864008721	1.0472424897290888	0	0	0	-808974874171595e-20	-7098180818539149e-21	-22838494519420226e-22	-0.0008528068755947982	-0.0006450038988110677	-844442108057733e-19
5.1	4.7671321747275135	4.7671321747275135	4.7671321747275135	0.09031157642325438	0.07864068618952924	0.0283231953745272	9.520601741646535	7.146085864008724	1.0472424897290915	0	0	0	-808962100527401e-20	-70980674331867655e-22	-2283880861722256e-21	-0.0008528154350125033	-0.0006450105313511372	-8444371074845645e-20
5.2	4.7671321747275135	4.7671321747275135	4.7671321747275135	0.09031157642325457	0.0786406861895292	0.028323195374527103	9.52060174164653	7.146085864008724	1.0472424897290922	0	0	0	-808957339922754e-20	-7098025027301241e-21	-22838912779514906e-22	-0.0008528208578716024	-0.0006450147459479989	-844434274653075e-19
5.3	4.7671321747275135	4.7671321747275135	4.7671321747275135	0.09031157642325399	0.07864068618952932	0.028323195374527384	9.520601741646544	7.146085864008722	1.0472424897290895	0	0	0	-8089707163133583e-21	-7098143455073158e-21	-22838547073859573e-22	-0.0008528206732441923	-0.0006450146525155335	-8444359122961428e-20
5.4	4.7671321747275135	4.7671321747275135	4.7671321747275135	0.09031157642325383	0.07864068618952935	0.02832319537452746	9.52060174164655	7.146085864008722	1.047242489729089	0	0	0	-8089745183512717e-21	-7098177911635649e-21	-2283847841106453e-21	-0.0008528224111439949	-0.0006450160010188234	-8444350938711068e-20
5.5	4.7671321747275135	4.7671321747275135	4.7671321747275135	0.09031157642325399	0.07864068618952931	0.028323195374527366	9.520601741646546	7.146085864008722	1.04724248972909	0	0	0	-8089703489959916e-21	-7098141672576436e-21	-2283861884388504e-21	-0.0008528257448140689	-0.0006450185637520768	-8444325999028805e-20
5.6	4.7671321747275135	4.7671321747275135	4.7671321747275135	0.09031157642325367	0.07864068618952937	0.028323195374527516	9.520601741646555	7.146085864008722	1.0472424897290886	0	0	0	-8089775494286048e-21	-7098204806218535e-21	-2283839335180482e-21	-0.0008528256322695171	-0.0006450185126147439	-8444335913455749e-20
5.7	4.7671321747275135	4.7671321747275135	4.7671321747275135	0.09031157642325364	0.0786406861895294	0.028323195374527554	9.520601741646555	7.146085864008721	1.0472424897290882	0	0	0	-8089791184738147e-21	-7098219169714082e-21	-22838366880446625e-22	-0.0008528266794276636	-0.0006450193189737049	-8444329291702151e-20
5.8	4.7671321747275135	4.7671321747275135	4.7671321747275135	0.09031157642325376	0.07864068618952938	0.028323195374527498	9.520601741646551	7.14608586400872	1.0472424897290886	0	0	0	-8089766219321574e-21	-70981977661620414e-22	-2283846182623941e-21	-0.0008528285282460297	-0.0006450207292029625	-8444313048732626e-20
5.9	4.7671321747275135	4.7671321747275135	4.7671321747275135	0.09031157642325355	0.0786406861895294	0.0283231953745276	9.520601741646558	7.14608586400872	1.0472424897290877	0	0	0	-8089815926913334e-21	-7098240826844253e-21	-22838285353472423e-22	-0.0008528281673539157	-0.0006450204829339351	-8444322600780488e-20
6	4.767132174727514	4.767132174727514	4.767132174727514	0.09031157642325353	0.07864068618952941	0.0283231953745276	9.52060174164656	7.14608586400872	1.0472424897290877	0	0	0	-8089820963845514e-21	-7098245652487096e-21	-22838282465266082e-22	-0.0008528288138780043	-0.0006450209754343735	-8444317335019603e-20
6.1	4.7671321747275135	4.7671321747275135	4.7671321747275135	0.09031157642325358	0.07864068618952942	0.028323195374527564	9.520601741646558	7.146085864008719	1.0472424897290877	0	0	0	-8089806537706247e-21	-709823347653388e-20	-228383434634339e-20	-0.0008528298289017158	-0.0006450217427749151	-8444307134855054e-20
6.2	4.7671321747275135	4.7671321747275135	4.7671321747275135	0.09031157642325344	0.07864068618952942	0.02832319537452764	9.520601741646562	7.146085864008719	1.0472424897290873	0	0	0	-8089840004988085e-21	-7098262075924009e-21	-22838211029084896e-22	-0.0008528294517195794	-0.0006450214802548165	-8444315278223588e-20
6.3	4.767132174727514	4.767132174727514	4.767132174727514	0.09031157642325342	0.0786406861895294	0.028323195374527634	9.520601741646564	7.14608586400872	1.047242489729087	0	0	0	-808984034465836e-20	-7098262709938355e-21	-22838219531446423e-22	-0.0008528298588215388	-0.0006450217860549341	-8444311173744485e-20
6.4	4.7671321747275135	4.7671321747275135	4.7671321747275135	0.09031157642325344	0.07864068618952935	0.028323195374527602	9.520601741646562	7.146085864008721	1.0472424897290873	0	0	0	-8089832398777005e-21	-7098256121534119e-21	-22838256445657764e-22	-0.0008528304067595444	-0.0006450221962765074	-8444305019492109e-20
6.5	4.7671321747275135	4.7671321747275135	4.7671321747275135	0.09031157642325335	0.0786406861895294	0.02832319537452766	9.520601741646564	7.14608586400872	1.0472424897290868	0	0	0	-8089854447492879e-21	-7098274680801938e-21	-2283816054324453e-21	-0.0008528300942979372	-0.0006450219793760953	-8444311438398211e-20
6.6	4.7671321747275135	4.7671321747275135	4.7671321747275135	0.09031157642325337	0.0786406861895294	0.028323195374527658	9.520601741646562	7.14608586400872	1.0472424897290866	0	0	0	-8089853014576643e-21	-7098273724993637e-21	-22838173184993704e-22	-0.0008528303543646926	-0.0006450221714379913	-8444308305441502e-20
6.7	4.7671321747275135	4.7671321747275135	4.7671321747275135	0.0903115764232534	0.0786406861895294	0.02832319537452765	9.520601741646562	7.146085864008719	1.0472424897290868	0	0	0	-8089848945398724e-21	-70982704191751205e-22	-22838193781685594e-22	-0.0008528306421678833	-0.00064502238480674	-8444304773963773e-20
6.8	4.7671321747275135	4.7671321747275135	4.7671321747275135	0.09031157642325333	0.07864068618952942	0.028323195374527693	9.520601741646564	7.146085864008718	1.0472424897290866	0	0	0	-8089863179828668e-21	-7098282205296105e-21	-22838126518529053e-22	-0.0008528304100249053	-0.0006450222252583658	-8444309550028408e-20
6.9	4.7671321747275135	4.7671321747275135	4.7671321747275135	0.0903115764232533	0.07864068618952941	0.028323195374527693	9.520601741646564	7.146085864008718	1.0472424897290868	0	0	0	-808986132743829e-20	-7098280850698156e-21	-2283813940760398e-21	-0.0008528305777162444	-0.000645022346698182	-8444307207906614e-20
7	4.7671321747275135	4.7671321747275135	4.7671321747275135	0.0903115764232533	0.07864068618952942	0.028323195374527696	9.520601741646566	7.146085864008718	1.0472424897290866	0	0	0	-8089859500779803e-21	-7098279403115796e-21	-2283814945143517e-21	-0.0008528307221701913	-0.0006450224529063576	-8444305323036486e-20
7.1	4.7671321747275135	4.7671321747275135	4.7671321747275135	0.09031157642325334	0.07864068618952934	0.02832319537452768	9.520601741646564	7.146085864008721	1.0472424897290866	0	0	0	-8089840799197103e-21	-7098264781810122e-21	-22838257070545233e-22	-0.0008528312966909942	-0.0006450228482995685	-844429462720308e-19
7.2	4.7671321747275135	4.7671321747275135	4.7671321747275135	0.09031157642325349	0.07864068618952896	0.02832319537452756	9.52060174164656	7.146085864008729	1.047242489729088	0	0	0	-8089725267362357e-21	-709817334114772e-20	-22838898217745588e-22	-0.0008528344275455748	-0.0006450249987070014	-8444235075692425e-20
7.3	4.7671321747275135	4.7671321747275135	4.7671321747275135	0.0903115764232537	0.07864068618952852	0.02832319537452741	9.520601741646555	7.1460858640087395	1.0472424897290893	0	0	0	-8089588236686752e-21	-7098064749038661e-21	-2283965578474579e-21	-0.0008528381169841518	-0.0006450275340679053	-8444164952537038e-20
7.4	4.7671321747275135	4.7671321747275135	4.7671321747275135	0.09031157642325381	0.0786406861895283	0.02832319537452734	9.520601741646551	7.146085864008745	1.04724248972909	0	0	0	-808951673022845e-20	-70980079725350175e-22	-22840048761102303e-22	-0.0008528400568050294	-0.0006450288705089233	-8444128408346301e-20
7.5	4.7671321747275135	4.7671321747275135	4.7671321747275135	0.09031157642325369	0.07864068618952855	0.02832319537452743	9.520601741646555	7.1460858640087395	1.0472424897290895	0	0	0	-808959777104561e-20	-7098071978688861e-21	-2283959613637155e-21	-0.0008528379388065122	-0.0006450274241566981	-8444169593729606e-20
7.6	4.7671321747275135	4.7671321747275135	4.7671321747275135	0.09031157642325345	0.078640686189529	0.02832319537452759	9.52060174164656	7.146085864008728	1.047242489729088	0	0	0	-8089747752647678e-21	-7098191361220584e-21	-22838777121353117e-22	-0.0008528339841594249	-0.0006450247001539943	-8444244456228343e-20
7.7	4.7671321747275135	4.7671321747275135	4.7671321747275135	0.09031157642325346	0.07864068618952899	0.028323195374527568	9.520601741646558	7.146085864008729	1.047242489729088	0	0	0	-808973630477145e-20	-7098183910566833e-21	-2283887258040922e-21	-0.0008528343096674668	-0.0006450248881521849	-8444235358638461e-20
7.8	4.7671321747275135	4.7671321747275135	4.7671321747275135	0.09031157642325344	0.07864068618952909	0.0283231953745276	9.52060174164656	7.146085864008726	1.0472424897290877	0	0	0	-8089762074001751e-21	-7098204184717373e-21	-2283872748809756e-21	-0.0008528336436573732	-0.0006450244355494917	-8444248464301775e-20
7.9	4.7671321747275135	4.7671321747275135	4.7671321747275135	0.09031157642325337	0.07864068618952927	0.028323195374527654	9.520601741646564	7.146085864008723	1.0472424897290873	0	0	0	-8089816164158558e-21	-7098246644680387e-21	-2283841968211312e-21	-0.0008528322225212116	-0.0006450234703494229	-8444276560459874e-20
8	4.7671321747275135	4.7671321747275135	4.7671321747275135	0.09031157642325337	0.07864068618952923	0.02832319537452763	9.520601741646562	7.1460858640087235	1.0472424897290873	0	0	0	-8089805566367017e-21	-7098239178274985e-21	-22838495479576668e-22	-0.0008528325154187353	-0.0006450236508688512	-8444269412478756e-20
8.1	4.7671321747275135	4.7671321747275135	4.7671321747275135	0.09031157642325333	0.07864068618952928	0.028323195374527665	9.52060174164656	7.146085864008722	1.0472424897290873	0	0	0	-8089831511915471e-21	-70982589521911885e-22	-2283833724174505e-21	-0.0008528318366023669	-0.000645023203435271	-8444283844935285e-20
8.2	4.767132174727513	4.767132174727513	4.767132174727513	0.09031157642325331	0.07864068618952937	0.02832319537452769	9.520601741646562	7.14608586400872	1.0472424897290868	0	0	0	-808984705002445e-20	-7098271086483119e-21	-2283824722097346e-21	-0.0008528314320466046	-0.0006450229302869011	-8444292013479858e-20
8.3	4.7671321747275135	4.7671321747275135	4.7671321747275135	0.09031157642325335	0.0786406861895294	0.02832319537452769	9.520601741646562	7.146085864008721	1.0472424897290868	0	0	0	-8089841725545098e-21	-7098267360202818e-21	-2283828528020551e-21	-0.000852831579590247	-0.0006450230206592649	-8444288413969667e-20
8.4	4.7671321747275135	4.7671321747275135	4.7671321747275135	0.09031157642325331	0.07864068618952942	0.028323195374527703	9.520601741646564	7.146085864008719	1.0472424897290868	0	0	0	-8089858546055104e-21	-70982798744278905e-22	-2283817752846416e-21	-0.0008528311385414245	-0.0006450227367654103	-8444298265503212e-20
8.5	4.7671321747275135	4.7671321747275135	4.7671321747275135	0.09031157642325328	0.07864068618952942	0.02832319537452772	9.520601741646566	7.14608586400872	1.0472424897290868	0	0	0	-8089861875465946e-21	-7098282543891783e-21	-22838159139974042e-22	-0.0008528310543626057	-0.0006450226784843248	-8444299893891668e-20
8.6	4.7671321747275135	4.7671321747275135	4.7671321747275135	0.09031157642325327	0.07864068618952942	0.028323195374527724	9.520601741646566	7.14608586400872	1.0472424897290866	0	0	0	-8089860353298405e-21	-7098281522970539e-21	-22838170621002492e-22	-0.000852831098119716	-0.0006450227044522442	-8444298783912151e-20
8.7	4.7671321747275135	4.7671321747275135	4.7671321747275135	0.09031157642325327	0.07864068618952944	0.028323195374527724	9.520601741646566	7.146085864008718	1.0472424897290866	0	0	0	-8089869277495345e-21	-7098288013991365e-21	-22838111148471964e-22	-0.0008528308642000797	-0.0006450225572470963	-8444304224419049e-20
8.8	4.7671321747275135	4.7671321747275135	4.7671321747275135	0.09031157642325327	0.07864068618952948	0.028323195374527724	9.520601741646566	7.146085864008717	1.0472424897290866	0	0	0	-8089869352000586e-21	-7098288173847573e-21	-2283811214668639e-21	-0.000852830864446306	-0.0006450225552122455	-8444304095926623e-20
8.9	4.7671321747275135	4.7671321747275135	4.7671321747275135	0.09031157642325327	0.07864068618952948	0.02832319537452772	9.520601741646566	7.146085864008717	1.0472424897290866	0	0	0	-808986971520569e-20	-7098288457528196e-21	-2283811001147392e-21	-0.0008528308566356039	-0.0006450225500157361	-8444304264275717e-20
9	4.767132174727513	4.767132174727513	4.767132174727513	0.09031157642325326	0.07864068618952945	0.028323195374527717	9.520601741646566	7.146085864008717	1.0472424897290864	0	0	0	-808987369627219e-20	-7098291292791757e-21	-2283808260726255e-21	-0.0008528307525546632	-0.0006450224859081843	-844430676846204e-19
9.1	4.7671321747275135	4.7671321747275135	4.7671321747275135	0.09031157642325324	0.07864068618952945	0.02832319537452771	9.520601741646567	7.146085864008718	1.0472424897290866	0	0	0	-8089873239440105e-21	-7098291021677745e-21	-22838086461513947e-22	-0.0008528307658613247	-0.0006450224930116418	-844430639270273e-19
9.2	4.7671321747275135	4.7671321747275135	4.7671321747275135	0.09031157642325326	0.07864068618952945	0.028323195374527713	9.520601741646567	7.146085864008718	1.0472424897290866	0	0	0	-8089874106114123e-21	-7098291628744733e-21	-2283808036500697e-21	-0.0008528307438623191	-0.0006450224797588517	-8444306939430621e-20
9.3	4.7671321747275135	4.7671321747275135	4.7671321747275135	0.09031157642325228	0.07864068618952945	0.02832319537452747	9.520601741646594	7.146085864008718	1.0472424897290888	0	0	0	-8089816050693911e-21	-709825293738098e-20	-2283851327504372e-21	-0.000852832283410951	-0.0006450233698554183	-8444266944175342e-20
9.4	4.7671321747275135	4.7671321747275135	4.7671321747275135	0.09031157642325012	0.07864068618952946	0.028323195374526926	9.52060174164665	7.146085864008718	1.047242489729094	0	0	0	-8089684374096834e-21	-70981650749712006e-22	-2283949390006312e-21	-0.0008528357741534463	-0.0006450253902964109	-8444176368020924e-20
9.5	4.7671321747275135	4.7671321747275135	4.7671321747275135	0.09031157642324768	0.07864068618952948	0.028323195374526308	9.520601741646715	7.146085864008718	1.0472424897291	0	0	0	-8089535299938456e-21	-7098065553296383e-21	-22840603493449473e-22	-0.0008528397259052144	-0.0006450276786943177	-8444073883946781e-20
9.6	4.7671321747275135	4.7671321747275135	4.7671321747275135	0.09031157642324587	0.07864068618952949	0.02832319537452585	9.520601741646765	7.146085864008717	1.0472424897291048	0	0	0	-8089425051834345e-21	-7097991884137521e-21	-22841423308587066e-22	-0.0008528426484816659	-0.0006450293726616268	-8443998164932325e-20
9.7	4.7671321747275135	4.7671321747275135	4.7671321747275135	0.09031157642324562	0.0786406861895295	0.02832319537452578	9.520601741646772	7.146085864008717	1.0472424897291053	0	0	0	-8089409853400062e-21	-7097981579275603e-21	-2284153459886021e-21	-0.0008528430516982103	-0.0006450296098108265	-8443987883956969e-20
9.8	4.7671321747275135	4.7671321747275135	4.7671321747275135	0.09031157642324783	0.07864068618952948	0.02832319537452634	9.520601741646713	7.146085864008718	1.0472424897291	0	0	0	-8089545928251171e-21	-7098072150491624e-21	-22840518617653193e-22	-0.000852839445370258	-0.000645027527754405	-8444081714000125e-20
9.9	4.7671321747275135	4.7671321747275135	4.7671321747275135	0.09031157642325098	0.07864068618952945	0.028323195374527144	9.520601741646628	7.146085864008719	1.0472424897290922	0	0	0	-8089737876627687e-21	-7098200671499812e-21	-22839093968023876e-22	-0.0008528343578971398	-0.0006450245731925267	-8444213275000337e-20
10	4.7671321747275135	4.7671321747275135	4.7671321747275135	0.09031157642325136	0.07864068618952941	0.02832319537452727	9.520601741646617	7.146085864008718	1.047242489729091	0	0	0	-8089760343342028e-21	-7098217042869416e-21	-2283894201955896e-21	-0.0008528337622496315	-0.0006450241969430243	-8444227279408389e-20
10.1	4.7671321747275135	4.7671321747275135	4.7671321747275135	0.09031157642325206	0.07864068618952942	0.02832319537452745	9.520601741646598	7.14608586400872	1.0472424897290893	0	0	0	-8089804125972216e-21	-70982459192673485e-22	-22838612392211357e-22	-0.0008528326020261985	-0.0006450235331752341	-8444257725252561e-20
10.2	4.7671321747275135	4.7671321747275135	4.7671321747275135	0.09031157642325263	0.07864068618952941	0.028323195374527585	9.520601741646583	7.14608586400872	1.047242489729088	0	0	0	-8089838036232086e-21	-7098268401893083e-21	-228383580732597e-20	-0.0008528317034001853	-0.00064502301638147	-8444281213382314e-20
10.3	4.7671321747275135	4.7671321747275135	4.7671321747275135	0.09031157642325269	0.0786406861895294	0.028323195374527606	9.52060174164658	7.14608586400872	1.047242489729088	0	0	0	-8089840606296319e-21	-7098270388329788e-21	-22838341775761732e-22	-0.0008528316353158313	-0.000645022970782716	-8444282711877633e-20
10.4	4.7671321747275135	4.7671321747275135	4.7671321747275135	0.09031157642325302	0.07864068618952942	0.02832319537452767	9.520601741646573	7.14608586400872	1.047242489729087	0	0	0	-8089860797063852e-21	-7098283296451226e-21	-22838185397587997e-22	-0.0008528311003807303	-0.0006450226740789652	-8444297162642732e-20
10.5	4.7671321747275135	4.7671321747275135	4.7671321747275135	0.09031157642325309	0.07864068618952941	0.028323195374527682	9.520601741646571	7.14608586400872	1.0472424897290868	0	0	0	-8089864698043799e-21	-7098285932350035e-21	-22838156572821734e-22	-0.000852830997046735	-0.0006450226135249391	-8444299823034577e-20
10.6	4.7671321747275135	4.7671321747275135	4.7671321747275135	0.09031157642325315	0.07864068618952941	0.02832319537452769	9.52060174164657	7.146085864008719	1.0472424897290868	0	0	0	-808986819216047e-20	-70982881555840646e-22	-2283812942112345e-21	-0.0008528309045155156	-0.0006450225624494047	-8444302331475675e-20
10.7	4.7671321747275135	4.7671321747275135	4.7671321747275135	0.09031157642325321	0.0786406861895294	0.02832319537452771	9.520601741646567	7.14608586400872	1.0472424897290868	0	0	0	-8089872983240189e-21	-7098291166267355e-21	-22838091787771727e-22	-0.0008528307776172767	-0.0006450224932632582	-8444305809510442e-20
10.8	4.7671321747275135	4.7671321747275135	4.7671321747275135	0.09031157642325321	0.07864068618952937	0.028323195374527717	9.520601741646567	7.146085864008721	1.0472424897290866	0	0	0	-8089873277903126e-21	-7098291390090596e-21	-22838089830935024e-22	-0.000852830769837564	-0.0006450224881418232	-8444305989103634e-20
10.9	4.7671321747275135	4.7671321747275135	4.7671321747275135	0.09031157642325324	0.0786406861895294	0.02832319537452772	9.520601741646567	7.146085864008719	1.0472424897290866	0	0	0	-8089875384470432e-21	-7098292673781709e-21	-2283807292067111e-21	-0.0008528307140604191	-0.0006450224586492018	-8444307552343864e-20
11	4.7671321747275135	4.7671321747275135	4.7671321747275135	0.09031157642325323	0.07864068618952942	0.028323195374527713	9.520601741646567	7.14608586400872	1.0472424897290864	0	0	0	-8089876019186168e-21	-7098293074648584e-21	-2283806794608928e-21	-0.0008528306972667233	-0.0006450224494491598	-8444308011703402e-20
11.1	4.7671321747275135	4.7671321747275135	4.7671321747275135	0.09031157642325323	0.07864068618952942	0.028323195374527713	9.520601741646567	7.146085864008719	1.0472424897290864	0	0	0	-8089876254029914e-21	-7098293221231377e-21	-2283806609186358e-21	-0.000852830691063874	-0.0006450224460920968	-8444308182735154e-20
11.2	4.767132174727514	4.767132174727514	4.767132174727514	0.09031157642325326	0.07864068618952942	0.028323195374527724	9.520601741646567	7.14608586400872	1.0472424897290864	0	0	0	-8089876894781422e-21	-7098293602848718e-21	-2283806087066958e-21	-0.0008528306741068302	-0.0006450224373290982	-8444308665384068e-20
11.3	4.7671321747275135	4.7671321747275135	4.7671321747275135	0.09031157642325321	0.0786406861895294	0.028323195374527727	9.520601741646567	7.14608586400872	1.0472424897290864	0	0	0	-8089876945413172e-21	-7098293637697934e-21	-22838060496262456e-22	-0.0008528306727775072	-0.000645022436536372	-8444308699688493e-20
11.4	4.7671321747275135	4.7671321747275135	4.7671321747275135	0.09031157642325256	0.07864068618952857	0.02832319537452775	9.520601741646587	7.1460858640087395	1.0472424897290864	0	0	0	-8089872045848356e-21	-7098290917525494e-21	-22838101954752497e-22	-0.0008528308025356448	-0.0006450224990805628	-8444304861861034e-20
11.5	4.7671321747275135	4.7671321747275135	4.7671321747275135	0.09031157642324329	0.07864068618951696	0.028323195374528126	9.520601741646832	7.146085864009007	1.047242489729084	0	0	0	-8089802496723414e-21	-7098252234069867e-21	-2283868991580345e-21	-0.0008528326443212648	-0.0006450233884266975	-8444250437893329e-20
11.6	4.7671321747275135	4.7671321747275135	4.7671321747275135	0.09031157642322615	0.0786406861894955	0.02832319537452881	9.52060174164729	7.1460858640095	1.0472424897290793	0	0	0	-8089673851651328e-21	-7098180668832233e-21	-22839777376272903e-22	-0.0008528360510669128	-0.0006450250337306059	-8444149778650372e-20
11.7	4.7671321747275135	4.7671321747275135	4.7671321747275135	0.090311576423205	0.07864068618946905	0.028323195374529653	9.520601741647853	7.146085864010108	1.047242489729074	0	0	0	-8089515294930345e-21	-7098092449739649e-21	-2284111758358571e-21	-0.0008528402499245163	-0.0006450270619090899	-8444025724486653e-20
11.8	4.7671321747275135	4.7671321747275135	4.7671321747275135	0.09031157642318378	0.07864068618944248	0.02832319537453049	9.52060174164842	7.146085864010718	1.0472424897290689	0	0	0	-8089356010858704e-21	-7098003804719172e-21	-2284246378516671e-21	-0.0008528444680460031	-0.0006450290998789508	-8443901115756655e-20
11.9	4.7671321747275135	4.7671321747275135	4.7671321747275135	0.09031157642316633	0.07864068618942063	0.02832319537453116	9.520601741648886	7.14608586401122	1.0472424897290644	0	0	0	-8089225183734645e-21	-7097930961697858e-21	-22843569228440754e-22	-0.0008528479325833007	-0.00064503077455699	-8443798792814866e-20
12	4.7671321747275135	4.7671321747275135	4.7671321747275135	0.09031157642315654	0.0786406861894084	0.028323195374531505	9.520601741649147	7.146085864011501	1.0472424897290622	0	0	0	-8089151997856418e-21	-7097890148602766e-21	-2284418716083269e-21	-0.0008528498706883369	-0.0006450317128600096	-8443741596015772e-20
12.1	4.7671321747275135	4.7671321747275135	4.7671321747275135	0.09031157642315832	0.07864068618941063	0.028323195374531377	9.520601741649099	7.14608586401145	1.0472424897290633	0	0	0	-808916563752226e-20	-7097897593360954e-21	-22844070829767363e-22	-0.0008528495095130392	-0.000645031541704811	-8443752365713858e-20
12.2	4.7671321747275135	4.7671321747275135	4.7671321747275135	0.09031157642317555	0.07864068618943221	0.028323195374530603	9.52060174164864	7.146085864010955	1.0472424897290684	0	0	0	-8089295287030413e-21	-709796952389948e-20	-2284297348266962e-21	-0.0008528460762093353	-0.0006450298880081957	-8443853942263614e-20
12.3	4.7671321747275135	4.7671321747275135	4.7671321747275135	0.09031157642321197	0.07864068618947777	0.02832319537452904	9.520601741647669	7.1460858640099065	1.0472424897290786	0	0	0	-8089569063269319e-21	-7098121579143575e-21	-2284065742351323e-21	-0.0008528388261951865	-0.000645026392228237	-8444068327656772e-20
12.4	4.7671321747275135	4.7671321747275135	4.7671321747275135	0.09031157642323634	0.0786406861895083	0.028323195374528324	9.520601741647019	7.146085864009205	1.0472424897290826	0	0	0	-8089750897175834e-21	-7098223356298652e-21	-2283912465334122e-21	-0.0008528340108276738	-0.000645024052351736	-8444210198725708e-20
12.5	4.7671321747275135	4.7671321747275135	4.7671321747275135	0.09031157642324257	0.0786406861895161	0.028323195374528327	9.520601741646852	7.146085864009026	1.047242489729082	0	0	0	-8089796523046354e-21	-70982493625522665e-22	-2283874338133301e-21	-0.000852832802476269	-0.0006450234544635344	-8444245483041578e-20
12.6	4.7671321747275135	4.7671321747275135	4.7671321747275135	0.09031157642324908	0.0786406861895242	0.02832319537452796	9.520601741646677	7.146085864008839	1.0472424897290846	0	0	0	-80898456703893e-19	-70982764114184186e-22	-2283832598009295e-21	-0.0008528315010180341	-0.0006450228326052712	-8444284122515554e-20
12.7	4.7671321747275135	4.7671321747275135	4.7671321747275135	0.09031157642325076	0.07864068618952633	0.02832319537452793	9.520601741646631	7.146085864008791	1.0472424897290848	0	0	0	-8089858203927253e-21	-70982834596464646e-22	-22838220551544634e-22	-0.000852831169097564	-0.0006450226705656088	-8444293880430184e-20
12.8	4.7671321747275135	4.7671321747275135	4.7671321747275135	0.09031157642325219	0.07864068618952809	0.028323195374527814	9.520601741646594	7.14608586400875	1.0472424897290857	0	0	0	-8089869082769014e-21	-7098289377417144e-21	-2283812771268211e-21	-0.0008528308810286201	-0.0006450225345153115	-844430247544357e-19
12.9	4.7671321747275135	4.7671321747275135	4.7671321747275135	0.0903115764232527	0.07864068618952874	0.028323195374527776	9.520601741646582	7.146085864008736	1.0472424897290862	0	0	0	-8089872989839751e-21	-70982915284163e-19	-228380945344818e-20	-0.0008528307775668514	-0.0006450224850637891	-8444305546782345e-20
13	4.7671321747275135	4.7671321747275135	4.7671321747275135	0.09031157642325298	0.07864068618952907	0.02832319537452775	9.520601741646574	7.146085864008727	1.0472424897290862	0	0	0	-8089875152739283e-21	-7098292697041381e-21	-22838076028019105e-22	-0.0008528307202952526	-0.0006450224581971493	-8444307260188862e-20
13.1	4.7671321747275135	4.7671321747275135	4.7671321747275135	0.09031157642325313	0.07864068618952925	0.02832319537452774	9.520601741646571	7.146085864008723	1.0472424897290864	0	0	0	-808987637582844e-20	-7098293355983948e-21	-2283806554875617e-21	-0.0008528306879093887	-0.0006450224430481239	-8444308230423152e-20
13.2	4.7671321747275135	4.7671321747275135	4.7671321747275135	0.09031157642325319	0.07864068618952931	0.028323195374527738	9.52060174164657	7.146085864008721	1.0472424897290864	0	0	0	-8089876784138223e-21	-7098293576548326e-21	-228380620548518e-20	-0.0008528306770979395	-0.000645022437977474	-8444308553898816e-20
13.3	4.7671321747275135	4.7671321747275135	4.7671321747275135	0.09031157642325324	0.07864068618952938	0.028323195374527727	9.520601741646566	7.146085864008719	1.0472424897290864	0	0	0	-8089877153298524e-21	-7098293771463218e-21	-22838058867508765e-22	-0.000852830667323776	-0.0006450224334964785	-8444308849043704e-20
13.4	4.7671321747275135	4.7671321747275135	4.7671321747275135	0.09031157642325327	0.0786406861895294	0.02832319537452773	9.520601741646566	7.146085864008719	1.0472424897290864	0	0	0	-8089877242760961e-21	-7098293819695492e-21	-2283805810122025e-21	-0.0008528306649551175	-0.0006450224323877164	-8444308919987355e-20
13.5	4.7671321747275135	4.7671321747275135	4.7671321747275135	0.09031157642325327	0.07864068618952944	0.028323195374527724	9.520601741646566	7.14608586400872	1.0472424897290864	0	0	0	-8089877338051567e-21	-7098293869205604e-21	-22838057273795044e-22	-0.00085283066243237	-0.0006450224312495902	-8444308996612459e-20
13.6	4.7671321747275135	4.7671321747275135	4.7671321747275135	0.09031157642325326	0.07864068618952945	0.028323195374527724	9.520601741646566	7.146085864008718	1.0472424897290864	0	0	0	-8089877363628855e-21	-7098293882772262e-21	-22838057053331697e-22	-0.000852830661755298	-0.0006450224309377883	-8444309017024099e-20
13.7	4.7671321747275135	4.7671321747275135	4.7671321747275135	0.0903115764232575	0.07864068618953324	0.028323195374526686	9.520601741646452	7.14608586400863	1.0472424897290957	0	0	0	-808986932959175e-20	-7098289935926639e-21	-2283812808241988e-21	-0.0008528308744376384	-0.0006450225216766425	-844430243661292e-19
13.8	4.7671321747275135	4.7671321747275135	4.7671321747275135	0.09031157642329044	0.0786406861895628	0.028323195374518655	9.520601741645576	7.146085864007951	1.0472424897291674	0	0	0	-808980684284128e-20	-7098259234148553e-21	-22838680505926742e-22	-0.0008528325286278105	-0.0006450232275168357	-8444251258008427e-20
13.9	4.7671321747275135	4.7671321747275135	4.7671321747275135	0.09031157642334983	0.07864068618961612	0.02832319537450417	9.520601741643995	7.146085864006726	1.0472424897292971	0	0	0	-808969414255333e-20	-7098203858261595e-21	-22839676836117063e-22	-0.0008528355121038307	-0.0006450245006198131	-844415895423602e-19
14	4.7671321747275135	4.7671321747275135	4.7671321747275135	0.09031157642342831	0.07864068618968656	0.02832319537448504	9.520601741641906	7.146085864005107	1.0472424897294683	0	0	0	-8089545240447438e-21	-7098130690535278e-21	-22840993188953407e-22	-0.0008528394539385743	-0.0006450261827607964	-8444037002402359e-20
14.1	4.7671321747275135	4.7671321747275135	4.7671321747275135	0.09031157642351847	0.07864068618976748	0.028323195374463067	9.520601741639506	7.146085864003245	1.0472424897296648	0	0	0	-8089374148243156e-21	-70980466132391175e-22	-22842505680398344e-22	-0.0008528439832049161	-0.0006450281157150072	-8443896879614107e-20
14.2	4.7671321747275135	4.7671321747275135	4.7671321747275135	0.09031157642361294	0.0786406861898523	0.02832319537444005	9.520601741636991	7.146085864001296	1.0472424897298704	0	0	0	-8089194877660026e-21	-7097958508642631e-21	-22844090426414433e-22	-0.000852848728975731	-0.0006450301412576667	-844375006297792e-19
14.3	4.7671321747275135	4.7671321747275135	4.7671321747275135	0.09031157642370438	0.07864068618993436	0.028323195374417805	9.52060174163456	7.14608586399941	1.0472424897300698	0	0	0	-8089021440417597e-21	-7097873259015334e-21	-22845623542964257e-22	-0.0008528533203238946	-0.0006450321011639967	-8443608029600463e-20
14.4	4.7671321747275135	4.7671321747275135	4.7671321747275135	0.09031157642378534	0.07864068619000704	0.02832319537439812	9.520601741632406	7.1460858639977385	1.047242489730246	0	0	0	-8088867848235413e-21	-7097797746626737e-21	-22846981146010373e-22	-0.0008528573863222813	-0.0006450338372092184	-8443482256588394e-20
14.5	4.7671321747275135	4.7671321747275135	4.7671321747275135	0.09031157642384849	0.07864068619006376	0.028323195374382812	9.520601741630726	7.146085863996435	1.047242489730383	0	0	0	-8088748112833019e-21	-709773885374636e-20	-2284803935151535e-21	-0.0008528605560437665	-0.0006450351911685536	-8443384221048371e-20
14.6	4.7671321747275135	4.7671321747275135	4.7671321747275135	0.09031157642388643	0.07864068619009781	0.028323195374373677	9.520601741629717	7.146085863995652	1.0472424897304646	0	0	0	-8088676245929962e-21	-7097703462643719e-21	-22848674275441755e-22	-0.0008528624585612249	-0.0006450360048172238	-844332540008706e-19
14.7	4.7671321747275135	4.7671321747275135	4.7671321747275135	0.09031157642389179	0.07864068619010263	0.02832319537437252	9.520601741629575	7.14608586399554	1.0472424897304748	0	0	0	-8088666259245792e-21	-7097698455588325e-21	-22848762033752162e-22	-0.0008528627229475319	-0.0006450361199304502	-8443317270811115e-20
14.8	4.7671321747275135	4.7671321747275135	4.7671321747275135	0.09031157642385716	0.07864068619007157	0.028323195374381153	9.520601741630497	7.146085863996255	1.0472424897303976	0	0	0	-8088732164500046e-21	-7097730714849697e-21	-22848178742409126e-22	-0.0008528609782755624	-0.0006450353782834545	-8443371310327203e-20
14.9	4.767132174727514	4.767132174727514	4.767132174727514	0.09031157642377516	0.07864068618999802	0.028323195374401366	9.52060174163268	7.146085863997945	1.0472424897302168	0	0	0	-8088887973412276e-21	-7097807122697351e-21	-2284680051737523e-21	-0.0008528568536181916	-0.0006450336216514583	-8443498995741976e-20
15	4.7671321747275135	4.7671321747275135	4.7671321747275135	0.09031157642363845	0.07864068618987534	0.02832319537443498	9.52060174163632	7.146085864000765	1.0472424897299162	0	0	0	-8089147697702027e-21	-7097934561400798e-21	-2284450347461303e-21	-0.0008528499780482941	-0.000645030691809683	-8443711804162101e-20
15.1	4.767132174727514	4.767132174727514	4.767132174727514	0.09031157642344206	0.07864068618969912	0.028323195374483138	9.520601741641547	7.146085864004817	1.0472424897294854	0	0	0	-8089520623369838e-21	-70981176201724625e-22	-22841205654476788e-22	-0.0008528401057376545	-0.0006450264832512002	-8444017328382408e-20
15.2	4.767132174727513	4.767132174727513	4.767132174727513	0.09031157642334889	0.07864068618961506	0.028323195374503788	9.520601741644025	7.146085864006749	1.0472424897293013	0	0	0	-8089695379836258e-21	-7098204923256675e-21	-2283966794435494e-21	-0.0008528354793007697	-0.0006450244761354978	-8444159773833851e-20
15.3	4.7671321747275135	4.7671321747275135	4.7671321747275135	0.09031157642334199	0.0786406861896085	0.028323195374503472	9.52060174164421	7.1460858640069	1.047242489729305	0	0	0	-8089706437872101e-21	-7098211729123833e-21	-22839577182011604e-22	-0.0008528351864017376	-0.0006450243196672304	-8444168169138501e-20
15.4	4.7671321747275135	4.7671321747275135	4.7671321747275135	0.09031157642329456	0.07864068618956623	0.028323195374516424	9.520601741645473	7.146085864007873	1.0472424897291883	0	0	0	-8089797827814705e-21	-7098255665797742e-21	-22838764441297726e-22	-0.0008528327671797441	-0.0006450233095541514	-844424347372615e-19
15.5	4.7671321747275135	4.7671321747275135	4.7671321747275135	0.09031157642328308	0.0786406861895558	0.028323195374518793	9.520601741645777	7.146085864008112	1.0472424897291672	0	0	0	-8089819256642645e-21	-7098266512966814e-21	-22838576418008835e-22	-0.0008528321998685942	-0.0006450230601755515	-844426089002155e-19
15.6	4.7671321747275135	4.7671321747275135	4.7671321747275135	0.09031157642327624	0.0786406861895497	0.028323195374520608	9.52060174164596	7.146085864008253	1.047242489729151	0	0	0	-8089832384945296e-21	-709827286033544e-20	-22838459862344683e-22	-0.0008528318523392568	-0.0006450229142482757	-8444271689145302e-20
15.7	4.7671321747275135	4.7671321747275135	4.7671321747275135	0.09031157642326378	0.07864068618953868	0.028323195374524393	9.52060174164629	7.146085864008506	1.0472424897291168	0	0	0	-8089856749670938e-21	-70982843142469016e-22	-228382419358026e-20	-0.0008528312073995789	-0.000645022650920511	-8444291883581337e-20
15.8	4.7671321747275135	4.7671321747275135	4.7671321747275135	0.09031157642326289	0.0786406861895378	0.028323195374524456	9.520601741646312	7.146085864008526	1.0472424897291162	0	0	0	-8089858337025521e-21	-70982852205125765e-22	-22838228437885106e-22	-0.0008528311653656431	-0.000645022630085264	-8444293132957275e-20
15.9	4.767132174727514	4.767132174727514	4.767132174727514	0.0903115764232582	0.07864068618953371	0.028323195374526055	9.520601741646436	7.1460858640086204	1.0472424897291017	0	0	0	-8089867650729326e-21	-7098289464222665e-21	-22838144559895696e-22	-0.0008528309188433396	-0.00064502253252151	-844430090680066e-19
16	4.7671321747275135	4.7671321747275135	4.7671321747275135	0.09031157642325646	0.07864068618953214	0.028323195374526572	9.520601741646484	7.146085864008656	1.047242489729097	0	0	0	-8089871047429973e-21	-70982910618405675e-22	-2283811416609877e-21	-0.000852830828932218	-0.0006450224957919624	-8444303723286621e-20
16.1	4.7671321747275135	4.7671321747275135	4.7671321747275135	0.090311576423256	0.07864068618953175	0.028323195374526693	9.520601741646495	7.146085864008666	1.047242489729096	0	0	0	-8089871904441375e-21	-709829147230399e-20	-2283810653004297e-21	-0.0008528308062462488	-0.000645022486355342	-8444304430827202e-20
16.2	4.7671321747275135	4.7671321747275135	4.7671321747275135	0.09031157642325446	0.07864068618953045	0.02832319537452727	9.520601741646535	7.146085864008696	1.0472424897290906	0	0	0	-8089875010509436e-21	-7098292848955085e-21	-2283807839910211e-21	-0.000852830724036169	-0.0006450224547058773	-8444307038345822e-20
16.3	4.7671321747275135	4.7671321747275135	4.7671321747275135	0.09031157642325431	0.07864068618953027	0.0283231953745273	9.520601741646539	7.1460858640086995	1.0472424897290904	0	0	0	-8089875301368729e-21	-70982929962117e-19	-22838075832853808e-22	-0.0008528307163363022	-0.0006450224513204353	-8444307276066687e-20
16.4	4.7671321747275135	4.7671321747275135	4.7671321747275135	0.09031157642325388	0.0786406861895299	0.02832319537452748	9.520601741646551	7.1460858640087075	1.0472424897290888	0	0	0	-8089876189005115e-21	-7098293380136885e-21	-22838067759944274e-22	-0.0008528306928435753	-0.0006450224424938997	-8444308024439117e-20
16.5	4.767132174727513	4.767132174727513	4.767132174727513	0.09031157642325358	0.07864068618952971	0.028323195374527578	9.520601741646558	7.146085864008712	1.047242489729088	0	0	0	-8089876700650625e-21	-7098293604924557e-21	-228380631174856e-20	-0.0008528306793018346	-0.0006450224373259727	-8444308454775908e-20
16.6	4.7671321747275135	4.7671321747275135	4.7671321747275135	0.09031157642325355	0.0786406861895297	0.028323195374527585	9.520601741646558	7.146085864008712	1.0472424897290877	0	0	0	-8089876756428841e-21	-70982936325023685e-22	-2283806262201164e-21	-0.0008528306778253525	-0.0006450224366919443	-8444308500679672e-20
16.7	4.7671321747275135	4.7671321747275135	4.7671321747275135	0.09031157642326221	0.0786406861895382	0.028323195374522884	9.52060174164633	7.1460858640085165	1.0472424897291308	0	0	0	-80898544541717e-19	-7098284713996034e-21	-22838267816787628e-22	-0.0008528312680364065	-0.0006450226417302044	-8444289473116802e-20
16.8	4.7671321747275135	4.7671321747275135	4.7671321747275135	0.09031157642329948	0.07864068618957479	0.0283231953745027	9.520601741645338	7.146085864007675	1.0472424897293156	0	0	0	-8089758678511075e-21	-70982463852425226e-22	-22839148925636776e-22	-0.0008528338026632091	-0.0006450235229160607	-844420776874754e-19
16.9	4.767132174727513	4.767132174727513	4.767132174727513	0.09031157642335463	0.07864068618962892	0.028323195374472844	9.52060174164387	7.146085864006431	1.047242489729589	0	0	0	-8089616984009686e-21	-7098189668012825e-21	-22840452439395886e-22	-0.0008528375524965043	-0.0006450248268567489	-8444086895270162e-20
17	4.7671321747275135	4.7671321747275135	4.7671321747275135	0.0903115764234151	0.07864068618968828	0.028323195374440138	9.520601741642267	7.146085864005066	1.0472424897298889	0	0	0	-808946167941978e-20	-7098127487375772e-21	-2284188111379402e-21	-0.000852841662511132	-0.0006450262564022958	-8443954415891862e-20
17.1	4.7671321747275135	4.7671321747275135	4.7671321747275135	0.09031157642346829	0.0786406861897405	0.028323195374411393	9.520601741640855	7.146085864003865	1.0472424897301524	0	0	0	-8089325073493604e-21	-7098072768400193e-21	-2284313770456025e-21	-0.000852845277681932	-0.0006450275144027293	-8443837893819826e-20
17.2	4.7671321747275135	4.7671321747275135	4.7671321747275135	0.09031157642350165	0.07864068618977327	0.028323195374393418	9.520601741639968	7.146085864003112	1.047242489730317	0	0	0	-8089239474983404e-21	-7098038436154918e-21	-2284392496742364e-21	-0.0008528475429837447	-0.0006450283037080763	-8443764892261254e-20
17.3	4.7671321747275135	4.7671321747275135	4.7671321747275135	0.09031157642350258	0.07864068618977425	0.028323195374393026	9.520601741639943	7.146085864003089	1.0472424897303205	0	0	0	-8089237192641425e-21	-7098037415708777e-21	-2284394565811326e-21	-0.0008528476033914099	-0.0006450283271683643	-8443762974423337e-20
17.4	4.7671321747275135	4.7671321747275135	4.7671321747275135	0.09031157642345852	0.0786406861897311	0.02832319537441704	9.520601741641114	7.146085864004083	1.0472424897301005	0	0	0	-8089350535219918e-21	-7098082632130601e-21	-2284290253235819e-21	-0.0008528446038797677	-0.0006450272876336206	-8443859703513266e-20
17.5	4.7671321747275135	4.7671321747275135	4.7671321747275135	0.09031157642335852	0.07864068618963303	0.02832319537447138	9.520601741643768	7.146085864006336	1.0472424897296024	0	0	0	-8089607653052946e-21	-7098185361459219e-21	-22840536643165315e-22	-0.0008528377994719143	-0.0006450249258654084	-8444079091359014e-20
17.6	4.767132174727513	4.767132174727513	4.767132174727513	0.09031157642329952	0.0786406861895748	0.02832319537450269	9.520601741645335	7.1460858640076745	1.0472424897293158	0	0	0	-8089758590777654e-21	-7098246354211868e-21	-22839149633568923e-22	-0.0008528338049873226	-0.000645023523629563	-8444207703163415e-20
17.7	4.7671321747275135	4.7671321747275135	4.7671321747275135	0.09031157642328576	0.07864068618956101	0.02832319537450962	9.520601741645702	7.1460858640079925	1.0472424897292525	0	0	0	-8089793453229101e-21	-7098260799292299e-21	-22838830270168253e-22	-0.0008528328823477194	-0.0006450231915341979	-8444237313824387e-20
17.8	4.7671321747275135	4.7671321747275135	4.7671321747275135	0.09031157642326633	0.07864068618954212	0.02832319537452045	9.52060174164622	7.146085864008427	1.0472424897291532	0	0	0	-8089843642783555e-21	-7098280586177098e-21	-22838367770598644e-22	-0.0008528315541393303	-0.0006450227366296873	-8444280203094716e-20
17.9	4.7671321747275135	4.7671321747275135	4.7671321747275135	0.09031157642326174	0.0786406861895376	0.02832319537452284	9.520601741646342	7.14608586400853	1.0472424897291315	0	0	0	-8089855267199901e-21	-7098285314531002e-21	-2283826101922052e-21	-0.0008528312465038197	-0.0006450226279238641	-8444290101507839e-20
18	4.7671321747275135	4.7671321747275135	4.7671321747275135	0.09031157642325725	0.07864068618953328	0.028323195374525417	9.520601741646459	7.14608586400863	1.0472424897291075	0	0	0	-808986697687113e-20	-7098289862499063e-21	-228381529527182e-20	-0.0008528309366247974	-0.0006450225233651376	-8444300123383938e-20
18.1	4.7671321747275135	4.7671321747275135	4.7671321747275135	0.0903115764232554	0.07864068618953149	0.028323195374526468	9.52060174164651	7.14608586400867	1.0472424897290982	0	0	0	-808987181267941e-20	-7098291763067412e-21	-22838108373000143e-22	-0.0008528308086511225	-0.0006450224796706773	-8444304257467143e-20
18.2	4.7671321747275135	4.7671321747275135	4.7671321747275135	0.09031157642325455	0.07864068618953066	0.02832319537452696	9.52060174164653	7.14608586400869	1.0472424897290937	0	0	0	-8089874014261074e-21	-7098292616092545e-21	-22838088051177246e-22	-0.0008528307503896296	-0.0006450224600594526	-8444306142086455e-20
18.3	4.7671321747275135	4.7671321747275135	4.7671321747275135	0.09031157642325384	0.07864068618952999	0.02832319537452739	9.52060174164655	7.146085864008707	1.0472424897290895	0	0	0	-8089875931335643e-21	-7098293346631742e-21	-22838070325316027e-22	-0.000852830699657935	-0.0006450224432641964	-8444307786045434e-20
18.4	4.7671321747275135	4.7671321747275135	4.7671321747275135	0.09031157642325366	0.07864068618952984	0.028323195374527484	9.520601741646557	7.146085864008709	1.0472424897290888	0	0	0	-808987636062703e-20	-7098293514778571e-21	-22838066366139807e-22	-0.0008528306882973544	-0.0006450224393984502	-8444308153201774e-20
18.5	4.767132174727513	4.767132174727513	4.767132174727513	0.09031157642325342	0.07864068618952959	0.028323195374527634	9.52060174164656	7.146085864008715	1.0472424897290875	0	0	0	-8089876980152897e-21	-70982937452515255e-22	-2283806062616061e-21	-0.000852830671903124	-0.0006450224340998193	-8444308685585009e-20
18.6	4.7671321747275135	4.7671321747275135	4.7671321747275135	0.09031157642325338	0.07864068618952952	0.02832319537452768	9.520601741646562	7.1460858640087155	1.047242489729087	0	0	0	-8089877128528309e-21	-7098293802147596e-21	-2283805925483334e-21	-0.0008528306679766839	-0.0006450224327917648	-8444308812764038e-20
18.7	4.7671321747275135	4.7671321747275135	4.7671321747275135	0.09031157642325331	0.07864068618952948	0.028323195374527706	9.520601741646564	7.146085864008717	1.047242489729087	0	0	0	-8089877270135863e-21	-7098293854081413e-21	-22838057941464267e-22	-0.0008528306642293952	-0.0006450224315977956	-8444308934584465e-20
18.8	4.7671321747275135	4.7671321747275135	4.7671321747275135	0.09031157642325333	0.07864068618952948	0.028323195374527717	9.520601741646566	7.146085864008716	1.0472424897290868	0	0	0	-8089877331953097e-21	-7098293876980801e-21	-22838057368503174e-22	-0.000852830662593532	-0.0006450224310713106	-8444308987728139e-20
18.9	4.767132174727513	4.767132174727513	4.767132174727513	0.09031157642325349	0.07864068618952962	0.028323195374527713	9.52060174164656	7.146085864008714	1.0472424897290866	0	0	0	-8089877160719557e-21	-70982938189897534e-22	-22838058964776214e-22	-0.0008528306671245667	-0.00064502243240452	-844430883963772e-19
19	4.7671321747275135	4.7671321747275135	4.7671321747275135	0.09031157642329482	0.07864068618956147	0.02832319537452695	9.520601741645459	7.146085864007981	1.0472424897290897	0	0	0	-8089835848702525e-21	-7098279675766466e-21	-22838443824522007e-22	-0.0008528317602984261	-0.0006450227575601134	-8444273136021889e-20
19.1	4.7671321747275135	4.7671321747275135	4.7671321747275135	0.09031157642339661	0.07864068618963993	0.02832319537452507	9.520601741642743	7.146085864006177	1.0472424897290977	0	0	0	-8089734070179256e-21	-70982448293501735e-22	-22839391982201057e-22	-0.0008528344535008858	-0.0006450235586863485	-8444185175011757e-20
19.2	4.7671321747275135	4.7671321747275135	4.7671321747275135	0.09031157642354212	0.0786406861897521	0.028323195374522395	9.520601741638862	7.146085864003599	1.047242489729109	0	0	0	-808958858929843e-20	-7098195017176778e-21	-22840747261648448e-22	-0.0008528383031291381	-0.000645024703878401	-8444059445153205e-20
19.3	4.7671321747275135	4.7671321747275135	4.7671321747275135	0.09031157642371458	0.07864068618988504	0.028323195374519237	9.52060174163426	7.1460858640005425	1.0472424897291222	0	0	0	-808941617020871e-20	-7098135976682186e-21	-22842353486699277e-22	-0.0008528428655803751	-0.0006450260612314468	-8443910434992112e-20
19.4	4.7671321747275135	4.7671321747275135	4.7671321747275135	0.09031157642389726	0.07864068619002587	0.028323195374515924	9.520601741629388	7.146085863997306	1.0472424897291361	0	0	0	-808923357705877e-20	-7098073445302302e-21	-22844054481188637e-22	-0.0008528476972517884	-0.0006450274988406617	-8443752633074353e-20
19.5	4.7671321747275135	4.7671321747275135	4.7671321747275135	0.09031157642407334	0.0786406861901616	0.02832319537451276	9.520601741624692	7.146085863994185	1.047242489729149	0	0	0	-808905757399728e-20	-7098013160473029e-21	-22845694068951612e-22	-0.0008528523545405704	-0.0006450288848012213	-844360052794581e-19
19.6	4.7671321747275135	4.7671321747275135	4.7671321747275135	0.09031157642422613	0.07864068619027938	0.02832319537451008	9.520601741620613	7.146085863991477	1.0472424897291597	0	0	0	-8088904925172908e-21	-7097960859630274e-21	-22847116073823297e-22	-0.0008528563938439128	-0.0006450300872083014	-8443468608152358e-20
19.7	4.7671321747275135	4.7671321747275135	4.7671321747275135	0.09031157642433882	0.07864068619036627	0.028323195374508187	9.520601741617607	7.14608586398948	1.0472424897291666	0	0	0	-8088792394734326e-21	-7097922280209941e-21	-2284816431963879e-21	-0.0008528593715590078	-0.0006450309741570779	-8443371362239877e-20
19.8	4.7671321747275135	4.7671321747275135	4.7671321747275135	0.09031157642439468	0.07864068619040931	0.02832319537450741	9.520601741616117	7.14608586398849	1.0472424897291688	0	0	0	-8088736746830203e-21	-7097903159647936e-21	-22848682630233176e-22	-0.0008528608440830474	-0.0006450314137427266	-8443323278754247e-20
19.9	4.7671321747275135	4.7671321747275135	4.7671321747275135	0.09031157642437693	0.07864068619039562	0.02832319537450807	9.52060174161659	7.146085863988805	1.0472424897291641	0	0	0	-8088754745609212e-21	-7097909235380163e-21	-22848514829441558e-22	-0.0008528603678132234	-0.0006450312740604232	-8443338846241344e-20
20	4.7671321747275135	4.7671321747275135	4.7671321747275135	0.0903115764242688	0.07864068619031231	0.02832319537451047	9.520601741619474	7.146085863990722	1.0472424897291521	0	0	0	-808886315522002e-20	-70979462448425275e-22	-22847504741099015e-22	-0.000852857499146728	-0.0006450304232053433	-8443432553247046e-20
20.1	4.7671321747275135	4.7671321747275135	4.7671321747275135	0.09031157642405357	0.07864068619014639	0.028323195374514932	9.520601741625214	7.146085863994537	1.0472424897291306	0	0	0	-80890787398113e-19	-7098019925470934e-21	-2284549618904064e-21	-0.0008528517944807532	-0.000645028729272663	-8443618888317232e-20
20.2	4.7671321747275135	4.7671321747275135	4.7671321747275135	0.09031157642371446	0.07864068618988497	0.028323195374521784	9.520601741634259	7.146085864000545	1.0472424897290988	0	0	0	-808941826353172e-20	-7098136014701287e-21	-2284233299710154e-21	-0.0008528428102124909	-0.0006450260603575578	-8443912339997779e-20
20.3	4.767132174727514	4.767132174727514	4.767132174727514	0.09031157642343818	0.07864068618967196	0.028323195374525205	9.520601741641629	7.146085864005442	1.0472424897290928	0	0	0	-8089693200042732e-21	-70982306083824465e-22	-2283977231172325e-21	-0.0008528355349920977	-0.000645023885629519	-8444149893137964e-20
20.4	4.7671321747275135	4.7671321747275135	4.7671321747275135	0.09031157642338362	0.07864068618962988	0.028323195374522984	9.520601741643084	7.146085864006409	1.0472424897291188	0	0	0	-8089745224968449e-21	-7098249294769754e-21	-22839288823058227e-22	-0.0008528341583106611	-0.0006450234560256631	-8444194741295835e-20
20.5	4.7671321747275135	4.7671321747275135	4.7671321747275135	0.09031157642331392	0.07864068618957615	0.028323195374525472	9.520601741644944	7.146085864007644	1.047242489729102	0	0	0	-808981587808331e-20	-7098273152453984e-21	-2283863023738809e-21	-0.0008528322887398506	-0.0006450229075326089	-8444255840553027e-20
20.6	4.7671321747275135	4.7671321747275135	4.7671321747275135	0.09031157642328762	0.07864068618955587	0.028323195374525833	9.520601741645647	7.146085864008112	1.047242489729101	0	0	0	-8089842070466543e-21	-7098282159347543e-21	-22838386262912974e-22	-0.0008528315956518048	-0.0006450227004622623	-8444278473952559e-20
20.7	4.7671321747275135	4.7671321747275135	4.7671321747275135	0.09031157642327473	0.07864068618954594	0.028323195374526332	9.520601741645992	7.146085864008341	1.0472424897290977	0	0	0	-8089855165628391e-21	-70982865704426404e-22	-2283826419105509e-21	-0.0008528312491374173	-0.0006450225990502688	-8444289799037794e-20
20.8	4.7671321747275135	4.7671321747275135	4.7671321747275135	0.09031157642326272	0.07864068618953671	0.028323195374527044	9.520601741646312	7.146085864008551	1.0472424897290922	0	0	0	-8089867542992602e-21	-709829067024188e-20	-22838148720627522e-22	-0.0008528309216191133	-0.0006450225047950488	-8444300512099737e-20
20.9	4.7671321747275135	4.7671321747275135	4.7671321747275135	0.09031157642326028	0.0786406861895348	0.02832319537452708	9.520601741646377	7.146085864008596	1.0472424897290917	0	0	0	-8089869991497048e-21	-709829151234713e-20	-22838125910241257e-22	-0.0008528308568282333	-0.0006450224854348784	-8444302628209162e-20
21	4.7671321747275135	4.7671321747275135	4.7671321747275135	0.09031157642325618	0.07864068618953168	0.02832319537452746	9.52060174164649	7.146085864008668	1.0472424897290886	0	0	0	-8089874319516902e-21	-7098292907904324e-21	-22838085498502195e-22	-0.0008528307423050238	-0.0006450224533507153	-844430637773003e-19
21.1	4.7671321747275135	4.7671321747275135	4.7671321747275135	0.09031157642325513	0.07864068618953088	0.028323195374527516	9.520601741646516	7.146085864008685	1.0472424897290882	0	0	0	-8089875361197495e-21	-7098293255365063e-21	-2283807578157251e-21	-0.0008528307147409993	-0.0006450224453625103	-8444307279231786e-20
21.2	4.7671321747275135	4.7671321747275135	4.7671321747275135	0.09031157642325423	0.0786406861895302	0.028323195374527613	9.520601741646539	7.146085864008701	1.0472424897290873	0	0	0	-808987632848545e-20	-70982935630008e-19	-22838066746877322e-22	-0.0008528306891458353	-0.0006450224382899014	-8444308117521422e-20
21.3	4.7671321747275135	4.7671321747275135	4.7671321747275135	0.09031157642325376	0.07864068618952982	0.028323195374527668	9.520601741646551	7.14608586400871	1.047242489729087	0	0	0	-808987685244632e-20	-7098293730499932e-21	-22838061853121362e-22	-0.0008528306752815274	-0.0006450224344390426	-8444308571586566e-20
21.4	4.7671321747275135	4.7671321747275135	4.7671321747275135	0.0903115764232536	0.0786406861895297	0.028323195374527682	9.520601741646555	7.146085864008712	1.0472424897290868	0	0	0	-8089877010278156e-21	-7098293781316193e-21	-22838060379346948e-22	-0.0008528306711052386	-0.0006450224332707312	-8444308708328014e-20
21.5	4.7671321747275135	4.7671321747275135	4.7671321747275135	0.0903115764232534	0.07864068618952956	0.02832319537452771	9.52060174164656	7.1460858640087155	1.0472424897290868	0	0	0	-8089877240778413e-21	-709829385255706e-20	-22838058224948072e-22	-0.0008528306650060804	-0.000645022431632873	-8444308908236558e-20
21.6	4.7671321747275135	4.7671321747275135	4.7671321747275135	0.09031157642325337	0.07864068618952953	0.028323195374527703	9.520601741646562	7.1460858640087155	1.0472424897290866	0	0	0	-8089877283776097e-21	-7098293866440506e-21	-22838057823378265e-22	-0.000852830663868365	-0.0006450224313136932	-8444308945495309e-20
21.7	4.7671321747275135	4.7671321747275135	4.7671321747275135	0.09031157642325954	0.0786406861895365	0.028323195374525833	9.520601741646399	7.1460858640085565	1.0472424897291033	0	0	0	-8089866051947212e-21	-7098290622843526e-21	-22838162884470524e-22	-0.0008528309610670397	-0.0006450225058846385	-844429919557998e-19
21.8	4.7671321747275135	4.7671321747275135	4.7671321747275135	0.09031157642330019	0.07864068618958248	0.02832319537451351	9.520601741645317	7.146085864007499	1.047242489729214	0	0	0	-8089792005082821e-21	-709826923282536e-20	-22838855507396933e-22	-0.0008528329203767438	-0.0006450229976455183	-8444234918581204e-20
21.9	4.7671321747275135	4.7671321747275135	4.7671321747275135	0.09031157642336962	0.07864068618966091	0.028323195374492495	9.520601741643471	7.146085864005695	1.0472424897294028	0	0	0	-8089665656756034e-21	-7098232731314177e-21	-2284003734945516e-21	-0.0008528362636041392	-0.0006450238368227177	-8444125240938647e-20
22	4.767132174727513	4.767132174727513	4.767132174727513	0.09031157642345689	0.07864068618975954	0.028323195374466086	9.52060174164115	7.146085864003427	1.04724248972964	0	0	0	-808950683611547e-20	-709818684426539e-20	-228415229314932e-20	-0.0008528404660620133	-0.0006450248917753503	-8443987375554762e-20
22.1	4.7671321747275135	4.7671321747275135	4.7671321747275135	0.09031157642355112	0.07864068618986604	0.02832319537443759	9.520601741638641	7.1460858640009794	1.0472424897298958	0	0	0	-8089335372309754e-21	-7098137297634425e-21	-2284312677435903e-21	-0.0008528450030631535	-0.00064502603086253	-8443838535331991e-20
22.2	4.7671321747275135	4.7671321747275135	4.7671321747275135	0.09031157642364139	0.07864068618996808	0.02832319537441031	9.52060174163624	7.146085863998634	1.0472424897301407	0	0	0	-80891710944875e-19	-7098089817376697e-21	-22844663398900634e-22	-0.0008528493499203472	-0.0006450271224433704	-844369593317278e-19
22.3	4.7671321747275135	4.7671321747275135	4.7671321747275135	0.09031157642371687	0.0786406861900534	0.02832319537438755	9.52060174163423	7.146085863996672	1.0472424897303452	0	0	0	-8089033831797337e-21	-7098050129447627e-21	-22845947325965984e-22	-0.0008528529819463816	-0.0006450280348769848	-8443576781979574e-20
22.4	4.7671321747275135	4.7671321747275135	4.7671321747275135	0.09031157642376662	0.07864068619010964	0.02832319537437262	9.520601741632907	7.1460858639953795	1.047242489730479	0	0	0	-8088943413387881e-21	-7098023959802635e-21	-2284679307640307e-21	-0.000852855374454044	-0.0006450286365224875	-844349829465482e-19
22.5	4.7671321747275135	4.7671321747275135	4.7671321747275135	0.09031157642377974	0.07864068619012454	0.028323195374368823	9.520601741632557	7.146085863995037	1.047242489730513	0	0	0	-8088919668407756e-21	-70980170343971376e-22	-22847015171059865e-22	-0.0008528560027561216	-0.0006450287957389916	-8443477684100961e-20
22.6	4.7671321747275135	4.7671321747275135	4.7671321747275135	0.09031157642374538	0.07864068619008575	0.02832319537437946	9.520601741633472	7.146085863995928	1.0472424897304176	0	0	0	-808898242600558e-20	-7098035079186558e-21	-2284642813078436e-21	-0.0008528543421654021	-0.0006450283808856109	-8443532163220444e-20
22.7	4.7671321747275135	4.7671321747275135	4.7671321747275135	0.09031157642365262	0.07864068618998099	0.028323195374407837	9.52060174163594	7.146085863998337	1.0472424897301622	0	0	0	-808915151532998e-20	-7098083820126312e-21	-22844846476424535e-22	-0.0008528498679946726	-0.0006450272603214592	-8443678944915714e-20
22.8	4.7671321747275135	4.7671321747275135	4.7671321747275135	0.09031157642349058	0.07864068618979796	0.02832319537445726	9.52060174164025	7.146085864002545	1.0472424897297183	0	0	0	-8089446765529572e-21	-7098168983171823e-21	-2284208472882836e-21	-0.0008528420555567206	-0.0006450253024056501	-8443935242089219e-20
22.9	4.767132174727513	4.767132174727513	4.767132174727513	0.09031157642334289	0.07864068618963092	0.028323195374501446	9.520601741644182	7.146085864006385	1.0472424897293215	0	0	0	-8089715053199023e-21	-7098246688782465e-21	-2283957521461432e-21	-0.000852834956556622	-0.0006450235159377871	-844416812974322e-19
23	4.767132174727513	4.767132174727513	4.767132174727513	0.09031157642330293	0.07864068618958546	0.028323195374512344	9.520601741645246	7.146085864007431	1.0472424897292243	0	0	0	-8089786696216036e-21	-70982678357415525e-22	-2283890512492429e-21	-0.0008528330608514097	-0.0006450230297648701	-8444230313309171e-20
23.1	4.7671321747275135	4.7671321747275135	4.7671321747275135	0.09031157642327306	0.07864068618955179	0.028323195374521635	9.520601741646038	7.146085864008205	1.047242489729141	0	0	0	-808984127308975e-20	-70982835039308564e-22	-22838394639706385e-22	-0.0008528316167253214	-0.0006450226695499911	-8444277687984099e-20
23.2	4.7671321747275135	4.7671321747275135	4.7671321747275135	0.09031157642326355	0.07864068618954102	0.0283231953745244	9.520601741646294	7.146085864008453	1.0472424897291162	0	0	0	-808985847184088e-20	-7098288511823474e-21	-228382337722456e-20	-0.0008528311616392734	-0.000645022554417532	-8444292616649198e-20
23.3	4.767132174727513	4.767132174727513	4.767132174727513	0.0903115764232577	0.07864068618953442	0.02832319537452629	9.520601741646448	7.1460858640086045	1.047242489729099	0	0	0	-8089869249210646e-21	-7098291581480057e-21	-2283813297057009e-21	-0.0008528308764657361	-0.0006450224838454739	-844430197148944e-19
23.4	4.7671321747275135	4.7671321747275135	4.7671321747275135	0.09031157642325538	0.07864068618953182	0.028323195374527016	9.52060174164651	7.146085864008664	1.0472424897290926	0	0	0	-8089873470665834e-21	-7098292792411595e-21	-2283809348597778e-21	-0.0008528307647643767	-0.0006450224560058777	-844430563579143e-19
23.5	4.7671321747275135	4.7671321747275135	4.7671321747275135	0.09031157642325426	0.07864068618953055	0.028323195374527387	9.520601741646539	7.146085864008693	1.0472424897290895	0	0	0	-8089875543615693e-21	-7098293379266901e-21	-22838074098432426e-22	-0.0008528307099132638	-0.0006450224425139393	-8444307435057777e-20
23.6	4.7671321747275135	4.7671321747275135	4.7671321747275135	0.0903115764232537	0.07864068618952993	0.02832319537452758	9.520601741646555	7.1460858640087075	1.0472424897290877	0	0	0	-8089876579698251e-21	-7098293672027251e-21	-22838064408193296e-22	-0.0008528306824981625	-0.0006450224357833055	-8444308334364774e-20
23.7	4.7671321747275135	4.7671321747275135	4.7671321747275135	0.09031157642325348	0.07864068618952968	0.02832319537452765	9.52060174164656	7.146085864008713	1.0472424897290873	0	0	0	-8089876975266183e-21	-70982937835276595e-22	-22838060708736444e-22	-0.0008528306720313118	-0.0006450224332198713	-8444308677695586e-20
23.8	4.7671321747275135	4.7671321747275135	4.7671321747275135	0.09031157642325337	0.07864068618952953	0.028323195374527696	9.520601741646566	7.146085864008716	1.0472424897290866	0	0	0	-8089877226821194e-21	-7098293853574183e-21	-22838058356216842e-22	-0.0008528306653751272	-0.0006450224316094781	-8444308896027429e-20
23.9	4.7671321747275135	4.7671321747275135	4.7671321747275135	0.09031157642325333	0.0786406861895295	0.028323195374527703	9.520601741646566	7.146085864008717	1.0472424897290866	0	0	0	-8089877303154195e-21	-7098293875022977e-21	-2283805764235009e-21	-0.0008528306633553806	-0.0006450224311163575	-844430896227892e-19
24	4.7671321747275135	4.7671321747275135	4.7671321747275135	0.09031157642325328	0.07864068618952945	0.028323195374527717	9.520601741646567	7.146085864008718	1.0472424897290864	0	0	0	-8089877366555586e-21	-7098293892378278e-21	-22838057049513654e-22	-0.0008528306616777635	-0.0006450224307173614	-8444309017300833e-20
