0	4.7671321747275135	4.7671321747275135	4.7671321747275135	0.09031157642325327	0.07864068618952942	0.028323195374527724	9.520601741646566	7.146085864008718	1.0472424897290866	0	0	0	0	0	0	0	0	0
0.1	4.7671321747275135	4.7671321747275135	4.7671321747275135	0.09031157642325327	0.07864068618952942	0.028323195374527724	9.520601741646566	7.146085864008718	1.0472424897290866	0	0	0	-0.005600851959408632	-0.004878469877533823	-0.001750609732377007	-0.06771879343399559	-0.05083641144918737	-0.007436575612747071
0.2	4.767132174727513	4.767132174727513	4.767132174727513	0.09031157642325327	0.07864068618952944	0.028323195374527724	9.520601741646566	7.146085864008718	1.0472424897290866	0	0	0	-0.007564751404291014	-0.006593937410226446	-0.002343976461862071	-0.19092581645358514	-0.14338075153439744	-0.020876109253542913
0.3	4.767132174727514	4.767132174727514	4.767132174727514	0.09031157642325327	0.07864068618952944	0.028323195374527724	9.520601741646566	7.146085864008718	1.0472424897290866	0	0	0	-0.008248817611025756	-0.007197118696552483	-0.002526616867110336	-0.31461043790826465	-0.23638636780633546	-0.034191350950421424
0.4	4.7671321747275135	4.7671321747275135	4.7671321747275135	0.09031157642325327	0.07864068618952942	0.028323195374527724	9.520601741646566	7.146085864008718	1.0472424897290866	0	0	0	-0.008483529183859403	-0.007409222202146006	-0.0025669924884781413	-0.4230487226758375	-0.31804994597502	-0.04565191678327546
0.5	4.7671321747275135	4.7671321747275135	4.7671321747275135	0.09031157642325327	0.07864068618952942	0.028323195374527724	9.520601741646566	7.146085864008718	1.0472424897290866	0	0	0	-0.008561227503253487	-0.007483824225667848	-0.0025609150359348237	-0.5136623367121945	-0.3864103563696344	-0.05501565698849327
0.6	4.7671321747275135	4.7671321747275135	4.7671321747275135	0.09031157642325326	0.07864068618952942	0.028323195374527724	9.520601741646566	7.146085864008717	1.0472424897290866	0	0	0	-0.00858460966938472	-0.007510033607921447	-0.002542015103694368	-0.5879362889883096	-0.44255082101647714	-0.06249773794176994
0.7	4.7671321747275135	4.7671321747275135	4.7671321747275135	0.09031157642325327	0.07864068618952944	0.028323195374527724	9.520601741646566	7.146085864008717	1.0472424897290864	0	0	0	-0.008589738709087497	-0.007519261040649593	-0.002521699923895123	-0.6483259205039699	-0.4882866686502754	-0.06841477068288912
0.8	4.7671321747275135	4.7671321747275135	4.7671321747275135	0.09031157642325326	0.07864068618952944	0.028323195374527724	9.520601741646566	7.146085864008718	1.0472424897290866	0	0	0	-0.008589089838536157	-0.007522502262947362	-0.002503452144597512	-0.6972577314821728	-0.5254183102016409	-0.07306975351035738
0.9	4.7671321747275135	4.7671321747275135	4.7671321747275135	0.09031157642325326	0.07864068618952944	0.028323195374527724	9.520601741646566	7.146085864008718	1.0472424897290866	0	0	0	-0.008586936061015633	-0.0075236394337827904	-0.0024880390835383165	-0.7368470387916529	-0.555519195965597	-0.07672090607851265
1	4.7671321747275135	4.7671321747275135	4.7671321747275135	0.09031157642325326	0.07864068618952944	0.028323195374527724	9.520601741646566	7.146085864008718	1.0472424897290866	0	0	0	-0.008584672070228932	-0.0075240389995542886	-0.0024753377006777886	-0.7688587353001101	-0.5799051884100849	-0.07957903482605293
1.1	4.7671321747275135	4.7671321747275135	4.7671321747275135	0.09031157642325327	0.07864068618952944	0.028323195374527724	9.520601741646566	7.146085864008718	1.0472424897290866	0	0	0	-0.008582700449019546	-0.007524182087483929	-0.0024649790759418994	-0.79474151329351	-0.5996589094761794	-0.08181332842344909
1.2	4.7671321747275135	4.7671321747275135	4.7671321747275135	0.09031157642325327	0.07864068618952942	0.028323195374527724	9.520601741646566	7.146085864008718	1.0472424897290866	0	0	0	-0.00858108580818466	-0.007524230732600299	-0.0024565710259086063	-0.8156576726082087	-0.6156510936586641	-0.0835561752648585
1.3	4.7671321747275135	4.7671321747275135	4.7671321747275135	0.09031157642325327	0.07864068618952944	0.028323195374527724	9.520601741646566	7.146085864008718	1.0472424897290864	0	0	0	-0.008579801489512005	-0.007524248982512351	-0.002449756795603376	-0.8325719391529821	-0.6286059524352954	-0.08491506974071125
1.4	4.7671321747275135	4.7671321747275135	4.7671321747275135	0.09031157642325328	0.07864068618952944	0.028323195374527724	9.520601741646566	7.146085864008718	1.0472424897290864	0	0	0	-0.008578792164024681	-0.00752425561367606	-0.002444242966307971	-0.8462389274732686	-0.6390914809605163	-0.08597160135734738
1.5	4.7671321747275135	4.7671321747275135	4.7671321747275135	0.09031157642325327	0.07864068618952941	0.028323195374527724	9.520601741646566	7.146085864008719	1.0472424897290864	0	0	0	-0.00857800313607378	-0.007524258375729124	-0.0024397787732426757	-0.8572936274851648	-0.6475864889779231	-0.0867929724940146
1.6	4.7671321747275135	4.7671321747275135	4.7671321747275135	0.09031157642325328	0.07864068618952941	0.028323195374527724	9.520601741646566	7.146085864008719	1.0472424897290864	0	0	0	-0.008577389390722785	-0.007524259424432974	-0.0024361690695769	-0.8662250176711765	-0.6544606971226516	-0.087429173248664
1.7	4.7671321747275135	4.7671321747275135	4.7671321747275135	0.09031157642325327	0.07864068618952941	0.028323195374527724	9.520601741646566	7.146085864008718	1.0472424897290864	0	0	0	-0.008576912266464825	-0.007524259940098157	-0.002433245858123258	-0.8734529823742516	-0.6600320593844156	-0.08792227185938302
1.8	4.7671321747275135	4.7671321747275135	4.7671321747275135	0.09031157642325327	0.07864068618952942	0.028323195374527724	9.520601741646566	7.146085864008718	1.0472424897290864	0	0	0	-0.008576543308922352	-0.007524260099542989	-0.002430883527521289	-0.8792902416085999	-0.6645380695819824	-0.08830232208056982
1.9	4.7671321747275135	4.7671321747275135	4.7671321747275135	0.0903115764232533	0.07864068618952941	0.028323195374527724	9.520601741646566	7.146085864008718	1.0472424897290864	0	0	0	-0.008576257587240633	-0.007524260238239618	-0.002428969445579954	-0.8840172595193071	-0.66819194253587	-0.08859585947764262
2	4.7671321747275135	4.7671321747275135	4.7671321747275135	0.09031157642325331	0.0786406861895294	0.028323195374527724	9.520601741646566	7.146085864008719	1.0472424897290864	0	0	0	-0.008576037682219236	-0.0075242602593748945	-0.002427422574948696	-0.88783519851043	-0.6711470796390956	-0.08882098151984448
2.1	4.7671321747275135	4.7671321747275135	4.7671321747275135	0.0903115764232533	0.07864068618952942	0.028323195374527724	9.520601741646566	7.146085864008719	1.0472424897290864	0	0	0	-0.008575868500441898	-0.007524260302057391	-0.002426170405887359	-0.8909242051319209	-0.6735409837847813	-0.0889936287294534
2.2	4.7671321747275135	4.7671321747275135	4.7671321747275135	0.09031157642325328	0.07864068618952937	0.028323195374527724	9.520601741646566	7.146085864008721	1.0472424897290864	0	0	0	-0.008575738548344425	-0.0075242603095368125	-0.002425156329216374	-0.8934246309156728	-0.6754810202441067	-0.08912572204100187
2.3	4.7671321747275135	4.7671321747275135	4.7671321747275135	0.0903115764232533	0.07864068618952935	0.028323195374527724	9.520601741646566	7.14608586400872	1.0472424897290864	0	0	0	-0.008575639586641278	-0.007524260310640984	-0.0024243374752898296	-0.8954427232318318	-0.6770486516844614	-0.08922587232277925
2.4	4.7671321747275135	4.7671321747275135	4.7671321747275135	0.09031157642325328	0.0786406861895294	0.028323195374527724	9.520601741646566	7.14608586400872	1.0472424897290864	0	0	0	-0.008575563903137143	-0.007524260325269958	-0.0024236733560403932	-0.8970788034983426	-0.6783208331780607	-0.08930212763666547
2.5	4.7671321747275135	4.7671321747275135	4.7671321747275135	0.09031157642325324	0.07864068618952934	0.028323195374527724	9.520601741646567	7.14608586400872	1.0472424897290864	0	0	0	-0.00857550647619434	-0.007524260318583968	-0.0024231360255657503	-0.8984019849853297	-0.6793507422778893	-0.0893596538270935
2.6	4.7671321747275135	4.7671321747275135	4.7671321747275135	0.09031157642325324	0.07864068618952932	0.028323195374527727	9.520601741646567	7.14608586400872	1.0472424897290864	0	0	0	-0.008575463333074672	-0.007524260317675283	-0.0024227023330733255	-0.8994695386493439	-0.6801824966502615	-0.08940259572309515
2.7	4.7671321747275135	4.7671321747275135	4.7671321747275135	0.09031157642325324	0.07864068618952935	0.02832319537452773	9.520601741646567	7.146085864008719	1.0472424897290864	0	0	0	-0.008575430712203187	-0.00752426032567568	-0.0024223502496977935	-0.90033593466159	-0.6808580751024675	-0.08943484917058094
2.8	4.7671321747275135	4.7671321747275135	4.7671321747275135	0.0903115764232532	0.0786406861895293	0.028323195374527734	9.52060174164657	7.146085864008723	1.0472424897290864	0	0	0	-0.00857540629349389	-0.007524260309873052	-0.0024220651631171796	-0.9010372316551224	-0.6814053543456224	-0.08945876473308462
2.9	4.7671321747275135	4.7671321747275135	4.7671321747275135	0.09031157642325319	0.07864068618952925	0.028323195374527745	9.52060174164657	7.1460858640087235	1.0472424897290862	0	0	0	-0.008575388338191147	-0.0075242602993655806	-0.0024218353130199687	-0.9016024739030316	-0.6818468115832265	-0.08947616217104384
3	4.7671321747275135	4.7671321747275135	4.7671321747275135	0.09031157642325321	0.0786406861895293	0.028323195374527738	9.520601741646571	7.146085864008723	1.0472424897290862	0	0	0	-0.008575375115157092	-0.007524260314647035	-0.002421649030847803	-0.9020604747349174	-0.6822047463616671	-0.08948884337806848
3.1	4.7671321747275135	4.7671321747275135	4.7671321747275135	0.09031157642325312	0.07864068618952903	0.02832319537452776	9.520601741646571	7.146085864008728	1.047242489729086	0	0	0	-0.008575365318741417	-0.0075242602704136494	-0.0024214975810041305	-0.9024327325096253	-0.6824958341235121	-0.08949804536343957
3.2	4.7671321747275135	4.7671321747275135	4.7671321747275135	0.09031157642325296	0.07864068618952866	0.028323195374527797	9.520601741646576	7.146085864008737	1.0472424897290857	0	0	0	-0.008575358291144778	-0.007524260203376507	-0.002421375368456641	-0.9027330452754473	-0.6827308024971579	-0.08950447676043506
3.3	4.7671321747275135	4.7671321747275135	4.7671321747275135	0.09031157642325294	0.07864068618952856	0.0283231953745278	9.520601741646576	7.1460858640087395	1.0472424897290857	0	0	0	-0.008575353428835697	-0.007524260190615189	-0.002421276920125367	-0.9029749321208251	-0.6829201594120495	-0.08950883726763852
3.4	4.767132174727513	4.767132174727513	4.767132174727513	0.09031157642325296	0.07864068618952864	0.02832319537452781	9.520601741646574	7.146085864008737	1.0472424897290855	0	0	0	-0.008575350026933984	-0.007524260196756557	-0.0024211968767280747	-0.9031715936261202	-0.6830741676436128	-0.08951180245649955
3.5	4.7671321747275135	4.7671321747275135	4.7671321747275135	0.09031157642325206	0.07864068618952627	0.028323195374528164	9.5206017416466	7.146085864008791	1.0472424897290826	0	0	0	-0.008575347177144522	-0.00752425973686948	-0.0024211316754009955	-0.9033316373462695	-0.6831995391464094	-0.08951374374154925
3.6	4.7671321747275135	4.7671321747275135	4.7671321747275135	0.0903115764232509	0.07864068618952316	0.028323195374528615	9.520601741646628	7.146085864008862	1.0472424897290789	0	0	0	-0.00857534502204365	-0.007524259136419714	-0.0024210790642248932	-0.9034606926068327	-0.6833006687767906	-0.0895148764616171
3.7	4.7671321747275135	4.7671321747275135	4.7671321747275135	0.09031157642325037	0.07864068618952175	0.02832319537452881	9.520601741646644	7.146085864008896	1.047242489729077	0	0	0	-0.0085753438539108	-0.0075242588606074185	-0.002421036807903033	-0.9035643934479333	-0.6833819531830123	-0.08951542146844907
3.8	4.7671321747275135	4.7671321747275135	4.7671321747275135	0.09031157642325137	0.07864068618952438	0.028323195374528425	9.520601741646615	7.146085864008835	1.0472424897290804	0	0	0	-0.008575343960226408	-0.007524259370265182	-0.0024210026709154285	-0.9036483737923929	-0.6834477889243422	-0.0895155995985026
3.9	4.7671321747275135	4.7671321747275135	4.7671321747275135	0.09031157642323931	0.07864068618949366	0.028323195374534278	9.520601741646939	7.1460858640095415	1.047242489729028	0	0	0	-0.008575337192410505	-0.007524253417835747	-0.002420974294752611	-0.9037173611893631	-0.6835018713637188	-0.08951556953704931
4	4.767132174727513	4.767132174727513	4.767132174727513	0.09031157642321112	0.07864068618942173	0.028323195374547642	9.520601741647683	7.146085864011195	1.0472424897289079	0	0	0	-0.00857532183504345	-0.007524239492965527	-0.002420950650881165	-0.903773562287407	-0.6835459314319897	-0.08951537553470447
4.1	4.7671321747275135	4.7671321747275135	4.7671321747275135	0.09031157642318288	0.07864068618934959	0.028323195374560958	9.520601741648434	7.146085864012853	1.0472424897287884	0	0	0	-0.00857530657367453	-0.007524225523103865	-0.002420931440907328	-0.9038187980474384	-0.683581395039611	-0.08951506273717952
4.2	4.7671321747275135	4.7671321747275135	4.7671321747275135	0.09031157642317061	0.07864068618931815	0.028323195374566637	9.520601741648761	7.1460858640135765	1.0472424897287376	0	0	0	-0.008575300093853024	-0.007524219435700091	-0.002420916366437334	-0.9038548894303706	-0.6836096880970389	-0.08951467629018588
4.3	4.767132174727513	4.767132174727513	4.767132174727513	0.09031157642319032	0.07864068618936837	0.02832319537455711	9.520601741648237	7.146085864012422	1.0472424897288233	0	0	0	-0.008575311081128216	-0.007524229158203546	-0.002420905129077419	-0.903883657397117	-0.6836322365147294	-0.08951426133943502
4.4	4.7671321747275135	4.7671321747275135	4.7671321747275135	0.09031157642322486	0.07864068618945692	0.028323195374541223	9.52060174164732	7.146085864010386	1.0472424897289656	0	0	0	-0.00857533026241901	-0.007524246304789339	-0.002420896714727189	-0.9039070655066983	-0.6836505785286441	-0.08951385821775226
4.5	4.7671321747275135	4.7671321747275135	4.7671321747275135	0.09031157642322411	0.07864068618945609	0.02832319537454308	9.52060174164734	7.146085864010405	1.047242489728948	0	0	0	-0.00857533038496836	-0.007524246145083472	-0.002420889332198715	-0.903926452986941	-0.6836657651516077	-0.08951347787845564
4.6	4.7671321747275135	4.7671321747275135	4.7671321747275135	0.09031157642322996	0.07864068618947093	0.028323195374540203	9.520601741647186	7.146085864010063	1.047242489728974	0	0	0	-0.008575333823414195	-0.007524249017847332	-0.0024208831111632587	-0.9039420434864754	-0.6836779729425541	-0.08951312147323696
4.7	4.7671321747275135	4.7671321747275135	4.7671321747275135	0.09031157642324107	0.07864068618949908	0.02832319537453455	9.52060174164689	7.146085864009415	1.047242489729025	0	0	0	-0.00857534007868224	-0.007524254468999345	-0.002420878166796097	-0.9039546127423163	-0.6836878108280816	-0.08951279187330746
4.8	4.7671321747275135	4.7671321747275135	4.7671321747275135	0.09031157642323952	0.07864068618949564	0.028323195374536005	9.520601741646932	7.146085864009495	1.0472424897290116	0	0	0	-0.008575339581469754	-0.0075242538004129675	-0.002420874175765404	-0.9039649302582845	-0.6836958824790165	-0.0895124925318562
4.9	4.767132174727513	4.767132174727513	4.767132174727513	0.09031157642324497	0.07864068618950903	0.02832319537453273	9.520601741646788	7.146085864009187	1.0472424897290413	0	0	0	-0.008575342651073114	-0.007524256392452917	-0.0024208707250846498	-0.903973192789486	-0.6837023427747293	-0.08951222531785726
5	4.7671321747275135	4.7671321747275135	4.7671321747275135	0.09031157642324769	0.07864068618951588	0.028323195374531304	9.520601741646715	7.14608586400903	1.0472424897290538	0	0	0	-0.008575344308889626	-0.007524257724410134	-0.002420868017686473	-0.9039799238152146	-0.6837076024203336	-0.08951198688727571
5.1	4.7671321747275135	4.7671321747275135	4.7671321747275135	0.09031157642324703	0.0786406861895144	0.028323195374531915	9.52060174164673	7.1460858640090645	1.0472424897290484	0	0	0	-0.008575344166453605	-0.007524257438889898	-0.0024208658742612085	-0.9039854066618378	-0.6837118838929533	-0.08951177608819016
5.2	4.7671321747275135	4.7671321747275135	4.7671321747275135	0.09031157642325019	0.07864068618952198	0.028323195374529805	9.520601741646649	7.1460858640088905	1.0472424897290675	0	0	0	-0.008575345933562508	-0.007524258903060431	-0.0024208639596060163	-0.9039898032879754	-0.6837153145478055	-0.08951159281952832
5.3	4.7671321747275135	4.7671321747275135	4.7671321747275135	0.0903115764232506	0.0786406861895231	0.02832319537452961	9.520601741646638	7.146085864008866	1.0472424897290693	0	0	0	-0.008575346315432043	-0.007524259129963473	-0.0024208625241134117	-0.9039933981887214	-0.6837181174006581	-0.08951143204657797
5.4	4.7671321747275135	4.7671321747275135	4.7671321747275135	0.09031157642325058	0.0786406861895231	0.028323195374529663	9.520601741646637	7.146085864008865	1.0472424897290689	0	0	0	-0.00857534643605636	-0.007524259133560166	-0.0024208613588238255	-0.9039963106075501	-0.683720386177232	-0.089511292702622
5.5	4.7671321747275135	4.7671321747275135	4.7671321747275135	0.09031157642325202	0.0786406861895265	0.028323195374528636	9.5206017416466	7.1460858640087865	1.0472424897290782	0	0	0	-0.008575347255102223	-0.007524259782510321	-0.0024208603203700976	-0.9039986566784468	-0.6837222120673172	-0.08951117317176589
5.6	4.7671321747275135	4.7671321747275135	4.7671321747275135	0.09031157642325194	0.07864068618952647	0.028323195374528716	9.5206017416466	7.146085864008787	1.0472424897290773	0	0	0	-0.008575347333182985	-0.007524259775234234	-0.0024208595650523457	-0.9040005735028779	-0.6837237024019572	-0.08951106958474772
5.7	4.7671321747275135	4.7671321747275135	4.7671321747275135	0.0903115764232522	0.07864068618952708	0.02832319537452852	9.520601741646594	7.146085864008773	1.047242489729079	0	0	0	-0.008575347537929634	-0.007524259891475875	-0.0024208589195445743	-0.9040021210895424	-0.6837249043865294	-0.08951098113390006
5.8	4.7671321747275135	4.7671321747275135	4.7671321747275135	0.0903115764232527	0.07864068618952821	0.02832319537452815	9.520601741646582	7.1460858640087475	1.0472424897290826	0	0	0	-0.008575347842723489	-0.007524260107814734	-0.0024208583750858228	-0.9040033751089102	-0.6837258772852782	-0.08951090567077911
5.9	4.7671321747275135	4.7671321747275135	4.7671321747275135	0.09031157642325263	0.0786406861895281	0.02832319537452822	9.520601741646583	7.14608586400875	1.047242489729082	0	0	0	-0.008575347867489145	-0.007524260081001789	-0.00242085797538576	-0.9040043963109244	-0.6837266686043442	-0.0895108410070716
6	4.7671321747275135	4.7671321747275135	4.7671321747275135	0.09031157642325198	0.07864068618952681	0.02832319537452879	9.520601741646601	7.14608586400878	1.0472424897290766	0	0	0	-0.008575347624275814	-0.007524259824702247	-0.0024208577239913215	-0.9040052311726274	-0.6837273146442026	-0.08951078537962627
6.1	4.7671321747275135	4.7671321747275135	4.7671321747275135	0.09031157642323412	0.07864068618949054	0.028323195374544075	9.520601741647074	7.1460858640096125	1.0472424897289363	0	0	0	-0.008575339502565392	-0.007524252598447199	-0.002420859592267045	-0.9040061251125722	-0.6837280038736413	-0.08951071932961831
6.2	4.7671321747275135	4.7671321747275135	4.7671321747275135	0.0903115764232013	0.07864068618942398	0.028323195374572063	9.52060174164794	7.146085864011142	1.0472424897286796	0	0	0	-0.008575324568730338	-0.0075242393442991615	-0.0024208632842339503	-0.9040070725946671	-0.6837287324603286	-0.08951064444689662
6.3	4.7671321747275135	4.7671321747275135	4.7671321747275135	0.0903115764231652	0.07864068618935066	0.02832319537460286	9.520601741648896	7.146085864012829	1.0472424897283972	0	0	0	-0.008575308111044707	-0.007524224743759366	-0.0024208674071031304	-0.9040079517165982	-0.6837294074767064	-0.08951057235076164
6.4	4.7671321747275135	4.7671321747275135	4.7671321747275135	0.09031157642313738	0.0786406861892941	0.028323195374626572	9.520601741649635	7.146085864014128	1.0472424897281798	0	0	0	-0.008575295417782552	-0.007524213478329048	-0.0024208705680856804	-0.9040086405760512	-0.6837299359952168	-0.08951051466051378
6.5	4.7671321747275135	4.7671321747275135	4.7671321747275135	0.09031157642312938	0.07864068618927778	0.028323195374633292	9.520601741649847	7.146085864014503	1.0472424897281183	0	0	0	-0.008575291777217931	-0.007524210229509435	-0.0024208713743926933	-0.9040090172707118	-0.6837302250883021	-0.08951048299545347
6.6	4.7671321747275135	4.7671321747275135	4.7671321747275135	0.09031157642315286	0.07864068618932524	0.028323195374613128	9.520601741649227	7.146085864013412	1.0472424897283032	0	0	0	-0.008575302477624893	-0.007524219678801762	-0.002420868433235263	-0.9040089598982659	-0.6837301818284041	-0.0895104889748811
6.7	4.7671321747275135	4.7671321747275135	4.7671321747275135	0.0903115764232087	0.07864068618943851	0.02832319537456542	9.520601741647745	7.146085864010809	1.047242489728741	0	0	0	-0.008575327969386249	-0.007524242235439124	-0.0024208616752304157	-0.904008473756266	-0.6837298102912335	-0.08951053235547453
6.8	4.7671321747275135	4.7671321747275135	4.7671321747275135	0.0903115764232268	0.07864068618947632	0.028323195374550622	9.520601741647267	7.146085864009939	1.0472424897288763	0	0	0	-0.00857533641568498	-0.007524249764200642	-0.0024208597069500307	-0.9040084071619957	-0.6837297580354048	-0.08951053538110869
6.9	4.7671321747275135	4.7671321747275135	4.7671321747275135	0.09031157642323308	0.07864068618948934	0.028323195374545484	9.5206017416471	7.14608586400964	1.0472424897289234	0	0	0	-0.008575339335562917	-0.007524252357487177	-0.002420858986663743	-0.904008457634105	-0.6837297961067068	-0.08951052966177346
7	4.7671321747275135	4.7671321747275135	4.7671321747275135	0.09031157642324465	0.0786406861895124	0.02832319537453534	9.520601741646795	7.14608586400911	1.0472424897290167	0	0	0	-0.008575344556993778	-0.0075242569485724844	-0.002420857459985211	-0.904008422874006	-0.6837297697970054	-0.08951053323725415
7.1	4.7671321747275135	4.7671321747275135	4.7671321747275135	0.09031157642324625	0.07864068618951582	0.028323195374534094	9.520601741646752	7.14608586400903	1.047242489729028	0	0	0	-0.008575345318352813	-0.007524257628287113	-0.0024208572804706465	-0.9040084870353301	-0.6837298182634586	-0.08951052633393317
7.2	4.7671321747275135	4.7671321747275135	4.7671321747275135	0.09031157642324986	0.07864068618952284	0.02832319537453082	9.520601741646656	7.14608586400887	1.047242489729058	0	0	0	-0.008575346925236857	-0.007524259026307178	-0.002420856747199405	-0.9040085128075638	-0.6837298380301198	-0.08951052406052956
7.3	4.7671321747275135	4.7671321747275135	4.7671321747275135	0.09031157642325123	0.07864068618952545	0.028323195374529667	9.52060174164662	7.14608586400881	1.0472424897290686	0	0	0	-0.008575347521666233	-0.007524259547373041	-0.0024208565556527403	-0.9040085525774455	-0.683729868114618	-0.08951051986588686
7.4	4.7671321747275135	4.7671321747275135	4.7671321747275135	0.09031157642325177	0.07864068618952652	0.028323195374529177	9.520601741646606	7.146085864008786	1.0472424897290733	0	0	0	-0.008575347770787806	-0.007524259761899396	-0.0024208564631102514	-0.904008591035377	-0.6837298971932592	-0.0895105157710888
7.5	4.7671321747275135	4.7671321747275135	4.7671321747275135	0.09031157642325263	0.0786406861895282	0.02832319537452836	9.520601741646583	7.146085864008747	1.0472424897290806	0	0	0	-0.008575348154351297	-0.007524260091009723	-0.0024208563171205983	-0.904008617483992	-0.6837299172148557	-0.08951051298391462
7.6	4.7671321747275135	4.7671321747275135	4.7671321747275135	0.09031157642325276	0.07864068618952846	0.02832319537452825	9.520601741646582	7.14608586400874	1.0472424897290817	0	0	0	-0.008575348210785774	-0.007524260138687115	-0.0024208562916436293	-0.9040086456901679	-0.6837299384302746	-0.08951050979471788
7.7	4.7671321747275135	4.7671321747275135	4.7671321747275135	0.09031157642325302	0.07864068618952899	0.02832319537452797	9.520601741646574	7.146085864008728	1.0472424897290842	0	0	0	-0.008575348338996251	-0.007524260246421745	-0.002420856234550359	-0.9040086664009632	-0.6837299540263736	-0.08951050746977908
7.8	4.7671321747275135	4.7671321747275135	4.7671321747275135	0.09031157642325312	0.07864068618952919	0.028323195374527876	9.520601741646571	7.1460858640087235	1.047242489729085	0	0	0	-0.008575348382519877	-0.00752426028239687	-0.002420856212484045	-0.9040086848316999	-0.6837299678424245	-0.08951050530543449
7.9	4.7671321747275135	4.7671321747275135	4.7671321747275135	0.09031157642325315	0.07864068618952925	0.02832319537452783	9.52060174164657	7.146085864008723	1.0472424897290855	0	0	0	-0.008575348404988897	-0.007524260300208436	-0.002420856198405529	-0.904008700112815	-0.6837299792736818	-0.08951050347114697
8	4.7671321747275135	4.7671321747275135	4.7671321747275135	0.09031157642325321	0.07864068618952938	0.028323195374527772	9.52060174164657	7.146085864008721	1.0472424897290862	0	0	0	-0.008575348433879786	-0.0075242603235373615	-0.002420856182197878	-0.9040087122560684	-0.6837299883420692	-0.08951050198801283
8.1	4.7671321747275135	4.7671321747275135	4.7671321747275135	0.09031157642325321	0.07864068618952941	0.02832319537452777	9.520601741646567	7.146085864008719	1.047242489729086	0	0	0	-0.008575348438906685	-0.00752426032692326	-0.0024208561768304035	-0.9040087225900653	-0.683729996031121	-0.08951050068508035
8.2	4.7671321747275135	4.7671321747275135	4.7671321747275135	0.09031157642324981	0.07864068618952792	0.028323195374530603	9.520601741646658	7.146085864008753	1.0472424897290598	0	0	0	-0.008575347398621673	-0.007524259474185137	-0.0024208566799268205	-0.904008758728385	-0.6837300219283061	-0.0895104949552246
8.3	4.7671321747275135	4.7671321747275135	4.7671321747275135	0.09031157642322817	0.07864068618951855	0.02832319537454874	9.52060174164723	7.146085864008969	1.0472424897288917	0	0	0	-0.008575340741197944	-0.00752425402021461	-0.0024208599124579673	-0.9040089424592342	-0.6837301523876705	-0.08951046441905594
8.4	4.7671321747275135	4.7671321747275135	4.7671321747275135	0.09031157642319201	0.0786406861895029	0.028323195374579006	9.52060174164819	7.146085864009329	1.0472424897286112	0	0	0	-0.00857532963219935	-0.0075242449194081705	-0.0024208653071488427	-0.90400924302724	-0.6837303656244074	-0.08951041424921763
8.5	4.7671321747275135	4.7671321747275135	4.7671321747275135	0.09031157642314784	0.07864068618948376	0.028323195374615983	9.520601741649358	7.146085864009769	1.0472424897282688	0	0	0	-0.008575316057643891	-0.007524233798247558	-0.002420871898129481	-0.9040096078768455	-0.6837306243991023	-0.0895103532698634
8.6	4.7671321747275135	4.7671321747275135	4.7671321747275135	0.09031157642310211	0.07864068618946396	0.028323195374654254	9.52060174165057	7.146085864010224	1.0472424897279144	0	0	0	-0.008575302003549575	-0.007524222283214509	-0.0024208787195299196	-0.9040099844524938	-0.6837308914723407	-0.08951029030514703
8.7	4.7671321747275135	4.7671321747275135	4.7671321747275135	0.0903115764230613	0.07864068618944628	0.028323195374688418	9.52060174165165	7.146085864010631	1.0472424897275978	0	0	0	-0.008575289455934412	-0.007524212000790762	-0.002420884805480191	-0.9040103201986288	-0.6837311296047082	-0.08951023417922226
8.8	4.7671321747275135	4.7671321747275135	4.7671321747275135	0.09031157642303185	0.07864068618943353	0.028323195374713058	9.520601741652431	7.146085864010924	1.0472424897273696	0	0	0	-0.0085752804008164	-0.007524204577458053	-0.002420889190110332	-0.9040105625596935	-0.6837313015567906	-0.08951019371624284
8.9	4.7671321747275135	4.7671321747275135	4.7671321747275135	0.09031157642302023	0.07864068618942846	0.028323195374722766	9.520601741652738	7.146085864011041	1.0472424897272796	0	0	0	-0.00857527682421355	-0.007524201639698122	-0.002420890907550376	-0.9040106589801311	-0.6837313700891733	-0.08951017774036255
9	4.7671321747275135	4.7671321747275135	4.7671321747275135	0.09031157642303293	0.07864068618943393	0.02832319537471213	9.520601741652401	7.146085864010915	1.0472424897273782	0	0	0	-0.008575280712143864	-0.007524204813992702	-0.0024208889919303603	-0.9040105569043849	-0.683731297962442	-0.08951019507573514
9.1	4.7671321747275135	4.7671321747275135	4.7671321747275135	0.09031157642307637	0.07864068618945269	0.02832319537467573	9.520601741651252	7.146085864010483	1.0472424897277153	0	0	0	-0.008575294050625352	-0.007524215726823534	-0.002420882477380319	-0.9040102037768982	-0.6837310479371821	-0.08951025454651433
9.2	4.7671321747275135	4.7671321747275135	4.7671321747275135	0.09031157642315703	0.07864068618948758	0.028323195374608166	9.520601741649115	7.146085864009682	1.0472424897283412	0	0	0	-0.008575318825606278	-0.007524236004615476	-0.002420870398064772	-0.904009547043966	-0.6837305827752862	-0.08951036497653815
9.3	4.7671321747275135	4.7671321747275135	4.7671321747275135	0.0903115764232162	0.07864068618951328	0.028323195374558723	9.52060174164755	7.14608586400909	1.047242489728799	0	0	0	-0.008575337033491967	-0.007524250955032494	-0.002420861636615857	-0.904009064748723	-0.6837302401100505	-0.08951044501351774
9.4	4.7671321747275135	4.7671321747275135	4.7671321747275135	0.09031157642323248	0.07864068618952043	0.028323195374545175	9.520601741647118	7.146085864008924	1.0472424897289248	0	0	0	-0.008575342077219328	-0.0075242551281642246	-0.002420859288922255	-0.9040089318841735	-0.6837301450166161	-0.08951046635096432
9.5	4.7671321747275135	4.7671321747275135	4.7671321747275135	0.09031157642324536	0.07864068618952602	0.02832319537453434	9.520601741646777	7.146085864008796	1.047242489729025	0	0	0	-0.008575346036090396	-0.007524258358985519	-0.0024208573387723494	-0.9040088276537136	-0.6837300714264543	-0.08951048409989204
9.6	4.7671321747275135	4.7671321747275135	4.7671321747275135	0.09031157642324891	0.07864068618952759	0.028323195374531367	9.520601741646681	7.14608586400876	1.0472424897290527	0	0	0	-0.008575347135176228	-0.007524259263933225	-0.002420856816446641	-0.9040087992080852	-0.6837300511774732	-0.08951048878649162
9.7	4.7671321747275135	4.7671321747275135	4.7671321747275135	0.09031157642325158	0.07864068618952871	0.028323195374529153	9.520601741646614	7.146085864008735	1.0472424897290733	0	0	0	-0.008575347940428475	-0.007524259917701214	-0.0024208564123113885	-0.904008778432215	-0.6837300365976405	-0.08951049241221434
9.8	4.7671321747275135	4.7671321747275135	4.7671321747275135	0.09031157642325238	0.07864068618952906	0.028323195374528463	9.52060174164659	7.146085864008727	1.0472424897290795	0	0	0	-0.00857534819151489	-0.007524260123083145	-0.00242085628979642	-0.9040087722592937	-0.6837300322404636	-0.08951049346992832
9.9	4.7671321747275135	4.7671321747275135	4.7671321747275135	0.0903115764232529	0.07864068618952928	0.028323195374528033	9.520601741646576	7.146085864008721	1.0472424897290833	0	0	0	-0.008575348348966543	-0.007524260250332597	-0.0024208562095126033	-0.904008768481058	-0.6837300296102312	-0.08951049415265705
10	4.7671321747275135	4.7671321747275135	4.7671321747275135	0.0903115764232531	0.07864068618952935	0.02832319537452787	9.520601741646571	7.146085864008721	1.0472424897290848	0	0	0	-0.008575348407563977	-0.007524260297897168	-0.0024208561800679192	-0.9040087672523126	-0.6837300287558224	-0.08951049437839564
10.1	4.7671321747275135	4.7671321747275135	4.7671321747275135	0.09031157642325317	0.07864068618952938	0.02832319537452779	9.52060174164657	7.14608586400872	1.0472424897290857	0	0	0	-0.00857534843768687	-0.0075242603221348115	-0.0024208561644672956	-0.9040087667183259	-0.6837300283921586	-0.0895104944849539
10.2	4.7671321747275135	4.7671321747275135	4.7671321747275135	0.09031157642325323	0.07864068618952941	0.028323195374527755	9.520601741646567	7.14608586400872	1.0472424897290862	0	0	0	-0.008575348451426951	-0.007524260333188537	-0.002420856157334145	-0.9040087665695437	-0.6837300282948359	-0.08951049452014281
10.3	4.767132174727513	4.767132174727513	4.767132174727513	0.09031157642325324	0.07864068618952944	0.028323195374527738	9.520601741646567	7.146085864008719	1.0472424897290862	0	0	0	-0.00857534845715146	-0.007524260337768485	-0.002420856154301996	-0.9040087665928382	-0.6837300283164218	-0.08951049452296295
10.4	4.7671321747275135	4.7671321747275135	4.7671321747275135	0.09031157642325324	0.07864068618952942	0.028323195374527727	9.520601741646567	7.14608586400872	1.0472424897290862	0	0	0	-0.00857534846036236	-0.0075242603403232	-0.0024208561525642922	-0.9040087666500584	-0.683730028360549	-0.08951049451822495
10.5	4.7671321747275135	4.7671321747275135	4.7671321747275135	0.09031157642325319	0.07864068618952913	0.028323195374527762	9.52060174164657	7.146085864008726	1.047242489729086	0	0	0	-0.008575348449580014	-0.007524260332020341	-0.0024208561588694366	-0.9040087670518231	-0.6837300286346094	-0.08951049444316725
10.6	4.767132174727514	4.767132174727514	4.767132174727514	0.09031157642323524	0.07864068618946372	0.028323195374535617	9.520601741647047	7.14608586401023	1.047242489729017	0	0	0	-0.008575345707654926	-0.007524258215406721	-0.0024208577551765057	-0.9040088399141312	-0.6837300773563822	-0.08951047975477495
10.7	4.7671321747275135	4.7671321747275135	4.7671321747275135	0.09031157642319008	0.07864068618929906	0.028323195374555382	9.520601741648246	7.146085864014014	1.0472424897288424	0	0	0	-0.008575338803886208	-0.007524252885961764	-0.002420861774230295	-0.9040090232090553	-0.6837301999171804	-0.08951044279763655
10.8	4.7671321747275135	4.7671321747275135	4.7671321747275135	0.09031157642312386	0.07864068618905755	0.028323195374584373	9.520601741650006	7.146085864019566	1.047242489728587	0	0	0	-0.008575328678461407	-0.007524245069323734	-0.0024208676684052736	-0.9040092919865605	-0.6837303796380486	-0.0895103886056741
10.9	4.7671321747275135	4.7671321747275135	4.7671321747275135	0.09031157642304272	0.07864068618876162	0.028323195374619876	9.520601741652163	7.14608586402637	1.047242489728274	0	0	0	-0.008575316271568063	-0.007524235491130888	-0.0024208748900759122	-0.9040096212966108	-0.683730599840031	-0.08951032221280969
11	4.7671321747275135	4.7671321747275135	4.7671321747275135	0.09031157642295277	0.07864068618843366	0.028323195374659202	9.520601741654552	7.146085864033909	1.0472424897279273	0	0	0	-0.008575302523393724	-0.007524224877021492	-0.0024208828916166803	-0.9040099861891706	-0.6837308438441729	-0.08951024865296542
11.1	4.7671321747275135	4.7671321747275135	4.7671321747275135	0.09031157642286022	0.07864068618809614	0.028323195374699652	9.52060174165701	7.146085864041669	1.0472424897275705	0	0	0	-0.008575288374125937	-0.007524213952633806	-0.002420891125402048	-0.9040103617142049	-0.6837310949715185	-0.08951017296006335
11.2	4.767132174727513	4.767132174727513	4.767132174727513	0.0903115764227712	0.07864068618777144	0.028323195374738524	9.520601741659378	7.146085864049133	1.047242489727228	0	0	0	-0.008575274763952244	-0.007524203443606092	-0.0024208990438064847	-0.9040107229216776	-0.6837313365431126	-0.0895101001680256
11.3	4.7671321747275135	4.7671321747275135	4.7671321747275135	0.09031157642269187	0.07864068618748199	0.028323195374773118	9.520601741661485	7.146085864055786	1.0472424897269232	0	0	0	-0.008575262633060195	-0.0075241940755766115	-0.0024209060992044624	-0.9040110448615534	-0.6837315518799998	-0.08951003531077424
11.4	4.7671321747275135	4.7671321747275135	4.7671321747275135	0.09031157642262833	0.07864068618725023	0.028323195374800745	9.520601741663175	7.146085864061115	1.0472424897266797	0	0	0	-0.00857525292163733	-0.007524186574183625	-0.0024209117439704495	-0.9040113025837966	-0.6837317243032249	-0.08950998342223135
11.5	4.7671321747275135	4.7671321747275135	4.7671321747275135	0.09031157642258676	0.07864068618709853	0.028323195374818696	9.52060174166428	7.1460858640646014	1.0472424897265213	0	0	0	-0.008575246569871195	-0.007524181665065395	-0.0024209154304789156	-0.904011471138372	-0.6837318371338321	-0.089509949536319
11.6	4.7671321747275135	4.7671321747275135	4.7671321747275135	0.09031157642257334	0.07864068618704938	0.028323195374824278	9.520601741664636	7.146085864065731	1.0472424897264723	0	0	0	-0.008575244517949335	-0.007524180073860182	-0.002420916611104332	-0.9040115255752438	-0.6837318736928665	-0.08950993868695929
11.7	4.7671321747275135	4.7671321747275135	4.7671321747275135	0.09031157642259417	0.07864068618712515	0.028323195374814793	9.52060174166408	7.14608586406399	1.047242489726556	0	0	0	-0.008575247706059299	-0.0075241825262062495	-0.0024209147382211675	-0.9040114409443765	-0.6837318173013726	-0.0895099559080743
11.8	4.7671321747275135	4.7671321747275135	4.7671321747275135	0.09031157642265542	0.07864068618734828	0.02832319537478754	9.520601741662453	7.14608586405886	1.0472424897267962	0	0	0	-0.008575257074388628	-0.007524189747741856	-0.0024209092642038937	-0.9040111922957345	-0.6837316512803949	-0.08951000623358614
11.9	4.7671321747275135	4.7671321747275135	4.7671321747275135	0.09031157642276325	0.07864068618774117	0.02832319537473982	9.520601741659588	7.1460858640498275	1.047242489727217	0	0	0	-0.008575273563124871	-0.007524202464105267	-0.0024208996414269786	-0.9040107546792825	-0.6837313589509784	-0.08951009469741687
12	4.7671321747275135	4.7671321747275135	4.7671321747275135	0.09031157642292377	0.07864068618832627	0.02832319537466894	9.520601741655321	7.146085864036376	1.047242489727842	0	0	0	-0.00857529811245557	-0.0075242214009347405	-0.002420885322264894	-0.9040101031449846	-0.6837309236341672	-0.08951022633348857
12.1	4.767132174727513	4.767132174727513	4.767132174727513	0.09031157642311081	0.07864068618900891	0.028323195374587818	9.52060174165035	7.146085864020683	1.0472424897285566	0	0	0	-0.008575326706635623	-0.007524243494830901	-0.0024208687119587065	-0.904009344264725	-0.6837304157579072	-0.08951037901775054
12.2	4.7671321747275135	4.7671321747275135	4.7671321747275135	0.09031157642313821	0.07864068618911406	0.028323195374584265	9.520601741649621	7.146085864018267	1.0472424897285835	0	0	0	-0.008575330840252969	-0.0075242468984667	-0.002420866696818023	-0.904009234538202	-0.6837303375688478	-0.08951039746283422
12.3	4.7671321747275135	4.7671321747275135	4.7671321747275135	0.09031157642313269	0.0786406861890964	0.028323195374590732	9.520601741649767	7.146085864018673	1.0472424897285242	0	0	0	-0.008575329970274858	-0.00752424632747633	-0.0024208673914089904	-0.9040092576511939	-0.6837303507457708	-0.08951039103711263
12.4	4.7671321747275135	4.7671321747275135	4.7671321747275135	0.09031157642319702	0.07864068618932785	0.028323195374557592	9.52060174164806	7.146085864013353	1.0472424897288195	0	0	0	-0.008575339835500951	-0.007524253817571031	-0.0024208614164734485	-0.9040089959093274	-0.6837301785866047	-0.08951044600418982
12.5	4.7671321747275135	4.7671321747275135	4.7671321747275135	0.09031157642319762	0.07864068618933297	0.028323195374561124	9.520601741648042	7.1460858640132345	1.0472424897287862	0	0	0	-0.008575339916419655	-0.007524253983598193	-0.0024208615447557868	-0.9040089937638583	-0.6837301748022087	-0.0895104447877769
12.6	4.7671321747275135	4.7671321747275135	4.7671321747275135	0.09031157642320481	0.07864068618935889	0.028323195374557558	9.52060174164785	7.146085864012639	1.0472424897288182	0	0	0	-0.008575341017457086	-0.007524254822329766	-0.0024208608842384736	-0.9040089645786868	-0.6837301555458914	-0.08951045086074953
12.7	4.7671321747275135	4.7671321747275135	4.7671321747275135	0.09031157642322928	0.07864068618944564	0.028323195374543066	9.5206017416472	7.146085864010644	1.0472424897289478	0	0	0	-0.00857534478071692	-0.0075242576305497395	-0.0024208585194388666	-0.9040088647605484	-0.6837300910055255	-0.08951047263093363
12.8	4.7671321747275135	4.7671321747275135	4.7671321747275135	0.09031157642322649	0.07864068618943723	0.028323195374546375	9.520601741647274	7.146085864010837	1.0472424897289176	0	0	0	-0.008575344350622379	-0.007524257358941298	-0.0024208588669505362	-0.9040088761767434	-0.6837300972672278	-0.08951046941545025
12.9	4.7671321747275135	4.7671321747275135	4.7671321747275135	0.09031157642323567	0.07864068618946889	0.028323195374540033	9.520601741647031	7.14608586401011	1.0472424897289752	0	0	0	-0.008575345759998649	-0.007524258382791377	-0.002420857938664697	-0.9040088388116384	-0.6837300737426177	-0.08951047796816909
13	4.767132174727514	4.767132174727514	4.767132174727514	0.09031157642324229	0.07864068618949226	0.028323195374535877	9.520601741646855	7.146085864009573	1.0472424897290127	0	0	0	-0.008575346781410977	-0.007524259138804144	-0.0024208572852805386	-0.9040088117293559	-0.6837300563730223	-0.0895104839844481
13.1	4.7671321747275135	4.7671321747275135	4.7671321747275135	0.09031157642324067	0.07864068618948745	0.028323195374537563	9.520601741646898	7.146085864009684	1.047242489728997	0	0	0	-0.008575346540957943	-0.007524258982943196	-0.0024208574711607938	-0.904008818113211	-0.6837300599655014	-0.0895104822655254
13.2	4.7671321747275135	4.7671321747275135	4.7671321747275135	0.09031157642324665	0.07864068618950741	0.02832319537453289	9.52060174164674	7.146085864009225	1.0472424897290395	0	0	0	-0.008575347454293964	-0.007524259628897477	-0.0024208568437656002	-0.9040087939029207	-0.6837300451222659	-0.08951048805065462
13.3	4.7671321747275135	4.7671321747275135	4.7671321747275135	0.090311576423248	0.0786406861895122	0.028323195374532147	9.520601741646702	7.146085864009115	1.047242489729046	0	0	0	-0.008575347659068651	-0.007524259783576351	-0.0024208567162230334	-0.9040087884776256	-0.683730041572185	-0.08951048922384261
13.4	4.767132174727514	4.767132174727514	4.767132174727514	0.09031157642324768	0.07864068618951131	0.028323195374532577	9.520601741646715	7.1460858640091365	1.0472424897290422	0	0	0	-0.00857534760957637	-0.007524259753979365	-0.0024208567575528853	-0.9040087897949085	-0.683730042257502	-0.0895104888407462
13.5	4.7671321747275135	4.7671321747275135	4.7671321747275135	0.09031157642325063	0.07864068618952097	0.02832319537453001	9.520601741646633	7.1460858640089135	1.0472424897290655	0	0	0	-0.008575348063382041	-0.007524260067413715	-0.0024208564356469537	-0.904008777768395	-0.6837300350555018	-0.08951049181066564
13.6	4.7671321747275135	4.7671321747275135	4.7671321747275135	0.09031157642325069	0.07864068618952134	0.028323195374530107	9.520601741646635	7.1460858640089056	1.0472424897290646	0	0	0	-0.008575348071455272	-0.007524260078057123	-0.0024208564362069138	-0.9040087775571706	-0.6837300348139842	-0.08951049180396532
13.7	4.7671321747275135	4.7671321747275135	4.7671321747275135	0.09031157642325097	0.07864068618952229	0.028323195374529875	9.520601741646626	7.146085864008884	1.0472424897290666	0	0	0	-0.008575348114796875	-0.007524260108350153	-0.0024208564059581875	-0.9040087764113895	-0.6837300341201206	-0.0895104920826169
13.8	4.7671321747275135	4.7671321747275135	4.7671321747275135	0.09031157642323322	0.07864068618946793	0.028323195374548527	9.520601741647095	7.146085864010133	1.047242489728896	0	0	0	-0.008575345369489715	-0.0075242583324167545	-0.002420858495744381	-0.9040088491681393	-0.6837300749514611	-0.08951047277386333
13.9	4.7671321747275135	4.7671321747275135	4.7671321747275135	0.09031157642318242	0.0786406861893123	0.028323195374601474	9.52060174164844	7.1460858640137115	1.0472424897284114	0	0	0	-0.008575337527437395	-0.0075242532460758765	-0.002420864450093727	-0.9040090569976881	-0.6837301918896118	-0.08951041776126599
14	4.7671321747275135	4.7671321747275135	4.7671321747275135	0.09031157642312398	0.0786406861891331	0.0283231953746623	9.520601741649983	7.146085864017831	1.0472424897278543	0	0	0	-0.00857532850332783	-0.007524247388847671	-0.002420871297245575	-0.9040092961543231	-0.6837303265503408	-0.08951035450086392
14.1	4.7671321747275135	4.7671321747275135	4.7671321747275135	0.09031157642308354	0.07864068618900885	0.02832319537470429	9.520601741651054	7.146085864020687	1.0472424897274701	0	0	0	-0.008575322255604166	-0.007524243328714744	-0.002420876032310331	-0.9040094617327241	-0.6837304198950561	-0.08951031075475986
14.2	4.7671321747275135	4.7671321747275135	4.7671321747275135	0.09031157642308675	0.07864068618901819	0.02832319537470073	9.520601741650971	7.146085864020472	1.0472424897275028	0	0	0	-0.008575322742709541	-0.007524243633659698	-0.0024208756503983986	-0.9040094488275718	-0.6837304128851666	-0.08951031428505647
14.3	4.7671321747275135	4.7671321747275135	4.7671321747275135	0.0903115764231585	0.07864068618923747	0.028323195374625684	9.520601741649074	7.146085864015432	1.04724248972819	0	0	0	-0.0085753338117636	-0.007524250800114619	-0.0024208672318341193	-0.9040091554836422	-0.6837302481270469	-0.08951039206645073
14.4	4.7671321747275135	4.7671321747275135	4.7671321747275135	0.0903115764232031	0.07864068618937708	0.028323195374580546	9.520601741647894	7.146085864012222	1.0472424897286028	0	0	0	-0.008575340738595219	-0.007524255362496776	-0.002420862045518318	-0.9040089718951101	-0.6837301432371827	-0.08951043997077412
14.5	4.7671321747275135	4.7671321747275135	4.7671321747275135	0.0903115764232008	0.07864068618937353	0.02832319537458449	9.520601741647953	7.146085864012303	1.0472424897285662	0	0	0	-0.008575340435344943	-0.00752425524591847	-0.0024208623605324582	-0.9040089799127942	-0.6837301459178464	-0.08951043704636698
14.6	4.7671321747275135	4.7671321747275135	4.7671321747275135	0.09031157642322615	0.07864068618944882	0.028323195374557086	9.520601741647283	7.146085864010572	1.0472424897288173	0	0	0	-0.008575344311821468	-0.007524257707271725	-0.0024208593623555505	-0.9040088771930144	-0.6837300893310309	-0.08951046475554583
14.7	4.7671321747275135	4.7671321747275135	4.7671321747275135	0.09031157642323356	0.07864068618947233	0.02832319537454965	9.52060174164709	7.146085864010032	1.0472424897288855	0	0	0	-0.008575345469318317	-0.007524258475436321	-0.0024208584994956984	-0.9040088465141651	-0.6837300716709893	-0.08951047272471331
14.8	4.7671321747275135	4.7671321747275135	4.7671321747275135	0.09031157642323423	0.07864068618947506	0.02832319537454919	9.52060174164707	7.14608586400997	1.0472424897288897	0	0	0	-0.008575345584662731	-0.007524258564294465	-0.0024208584258884583	-0.9040088434544995	-0.683730069628341	-0.08951047340238277
14.9	4.7671321747275135	4.7671321747275135	4.7671321747275135	0.09031157642324471	0.07864068618950508	0.028323195374537407	9.520601741646795	7.146085864009279	1.0472424897289976	0	0	0	-0.008575347170672756	-0.0075242595462948056	-0.0024208571742792896	-0.9040088014339512	-0.6837300470520913	-0.08951048497384596
15	4.7671321747275135	4.7671321747275135	4.7671321747275135	0.09031157642324521	0.07864068618950712	0.028323195374537098	9.520601741646782	7.146085864009231	1.0472424897290005	0	0	0	-0.008575347255409656	-0.00752425961306527	-0.002420857120545295	-0.9040087991860928	-0.6837300455171985	-0.08951048546842974
15.1	4.7671321747275135	4.7671321747275135	4.7671321747275135	0.09031157642324757	0.07864068618951371	0.02832319537453438	9.520601741646718	7.146085864009079	1.0472424897290253	0	0	0	-0.008575347609998443	-0.007524259828799691	-0.002420856837364619	-0.9040087897923318	-0.6837300405575398	-0.0895104880870462
15.2	4.7671321747275135	4.7671321747275135	4.7671321747275135	0.0903115764232502	0.07864068618952115	0.02832319537453134	9.520601741646649	7.146085864008907	1.0472424897290533	0	0	0	-0.008575348007388002	-0.007524260071078796	-0.00242085652011407	-0.9040087792645988	-0.6837300349875668	-0.08951049102068565
15.3	4.7671321747275135	4.7671321747275135	4.7671321747275135	0.09031157642325008	0.07864068618952096	0.028323195374531585	9.520601741646653	7.1460858640089135	1.0472424897290509	0	0	0	-0.008575347988710355	-0.007524260064460971	-0.0024208565391270003	-0.9040087797585892	-0.6837300351397869	-0.08951049084416436
15.4	4.7671321747275135	4.7671321747275135	4.7671321747275135	0.09031157642325165	0.0786406861895251	0.028323195374529698	9.52060174164661	7.146085864008818	1.0472424897290684	0	0	0	-0.00857534822009105	-0.007524260200024899	-0.002420856349745103	-0.9040087736298912	-0.6837300320232167	-0.08951049259617325
15.5	4.7671321747275135	4.7671321747275135	4.7671321747275135	0.09031157642325204	0.07864068618952637	0.028323195374529198	9.5206017416466	7.146085864008788	1.047242489729073	0	0	0	-0.0085753482854205	-0.0075242602402377	-0.002420856297811351	-0.9040087718991556	-0.6837300310987517	-0.0895104930763587
15.6	4.7671321747275135	4.7671321747275135	4.7671321747275135	0.09031157642325206	0.07864068618952656	0.028323195374529146	9.5206017416466	7.146085864008785	1.0472424897290735	0	0	0	-0.008575348293459746	-0.0075242602458005185	-0.002420856291925044	-0.9040087716861175	-0.6837300309708838	-0.08951049313069329
15.7	4.7671321747275135	4.7671321747275135	4.7671321747275135	0.09031157642325273	0.07864068618952816	0.028323195374528366	9.520601741646582	7.146085864008748	1.0472424897290806	0	0	0	-0.008575348386733593	-0.007524260299030865	-0.0024208562144319157	-0.9040087692158414	-0.683730029747132	-0.0895104938477937
15.8	4.7671321747275135	4.7671321747275135	4.7671321747275135	0.09031157642325277	0.07864068618952824	0.02832319537452834	9.52060174164658	7.146085864008747	1.0472424897290806	0	0	0	-0.008575348391097165	-0.007524260302339393	-0.0024208562114176493	-0.9040087691002039	-0.6837300296710804	-0.08951049387558473
15.9	4.767132174727513	4.767132174727513	4.767132174727513	0.09031157642325266	0.078640686189528	0.028323195374528497	9.520601741646583	7.14608586400875	1.0472424897290793	0	0	0	-0.00857534837518176	-0.007524260294487441	-0.0024208562255146372	-0.9040087695215833	-0.6837300298516245	-0.08951049374497934
16	4.767132174727514	4.767132174727514	4.767132174727514	0.09031157642322923	0.07864068618947269	0.02832319537456128	9.520601741647202	7.146085864010023	1.0472424897287766	0	0	0	-0.008575344808686198	-0.007524258399015669	-0.002420859288115936	-0.9040088639573757	-0.6837300734290971	-0.08951046538725756
16.1	4.7671321747275135	4.7671321747275135	4.7671321747275135	0.09031157642317794	0.07864068618935166	0.028323195374632907	9.520601741648553	7.146085864012805	1.0472424897281154	0	0	0	-0.00857533701045465	-0.007524254252707336	-0.0024208659833413713	-0.9040090704438055	-0.6837301687539408	-0.08951040339398833
16.2	4.7671321747275135	4.7671321747275135	4.7671321747275135	0.09031157642311449	0.07864068618920188	0.028323195374721492	9.520601741650225	7.146085864016249	1.0472424897272978	0	0	0	-0.008575327363525374	-0.007524249122110737	-0.0024208742648877514	-0.9040093258813913	-0.6837302867078495	-0.08951032671261297
16.3	4.7671321747275135	4.7671321747275135	4.7671321747275135	0.0903115764230546	0.07864068618906035	0.028323195374805148	9.520601741651804	7.146085864019502	1.0472424897265258	0	0	0	-0.008575318250936628	-0.007524244273774171	-0.002420882086451882	-0.9040095671706518	-0.6837303981725178	-0.08951025429057283
16.4	4.7671321747275135	4.7671321747275135	4.7671321747275135	0.09031157642301388	0.07864068618896403	0.02832319537486197	9.520601741652877	7.1460858640217175	1.0472424897260013	0	0	0	-0.00857531205572667	-0.007524240974245933	-0.0024208874017305703	-0.9040097312121058	-0.6837304740296395	-0.0895102050753092
16.5	4.7671321747275135	4.7671321747275135	4.7671321747275135	0.09031157642300806	0.07864068618894988	0.028323195374870064	9.52060174165303	7.146085864022043	1.0472424897259265	0	0	0	-0.008575311160933756	-0.007524240490074317	-0.002420888164420624	-0.9040097549062716	-0.6837304851609091	-0.08951019801426344
16.6	4.7671321747275135	4.7671321747275135	4.7671321747275135	0.0903115764230528	0.07864068618905493	0.02832319537480754	9.520601741651848	7.146085864019627	1.0472424897265038	0	0	0	-0.008575317949596149	-0.007524244087807621	-0.002420882328218849	-0.9040095751536678	-0.6837304024480209	-0.08951025205487684
16.7	4.767132174727514	4.767132174727514	4.767132174727514	0.09031157642315742	0.07864068618930121	0.028323195374661443	9.520601741649093	7.146085864013965	1.0472424897278523	0	0	0	-0.00857533383812228	-0.007524252524398275	-0.002420868679498112	-0.904009154449189	-0.6837302084884219	-0.08951037843408835
16.8	4.7671321747275135	4.7671321747275135	4.7671321747275135	0.09031157642320668	0.07864068618942008	0.02832319537459278	9.520601741647795	7.146085864011232	1.047242489728486	0	0	0	-0.00857534139524067	-0.007524256596137657	-0.0024208622250963966	-0.9040089543392343	-0.6837301148779755	-0.08951043819153849
16.9	4.7671321747275135	4.7671321747275135	4.7671321747275135	0.09031157642321933	0.0786406861894514	0.028323195374575214	9.52060174164746	7.146085864010513	1.0472424897286479	0	0	0	-0.008575343354921383	-0.00752425766877262	-0.0024208605624380405	-0.9040089024449721	-0.6837300902177795	-0.08951045358318578
17	4.7671321747275135	4.7671321747275135	4.7671321747275135	0.09031157642323952	0.07864068618949788	0.028323195374546944	9.520601741646928	7.146085864009443	1.047242489728909	0	0	0	-0.00857534639651577	-0.007524259261627416	-0.0024208579359469256	-0.9040088219112645	-0.683730053597572	-0.08951047790539134
17.1	4.7671321747275135	4.7671321747275135	4.7671321747275135	0.09031157642324344	0.07864068618950754	0.028323195374541466	9.520601741646825	7.146085864009222	1.0472424897289598	0	0	0	-0.00857534700378496	-0.0075242595916962494	-0.0024208574188611565	-0.904008805830571	-0.6837300460091703	-0.08951048269247136
17.2	4.7671321747275135	4.7671321747275135	4.7671321747275135	0.09031157642324872	0.0786406861895193	0.028323195374534087	9.520601741646686	7.146085864008951	1.0472424897290278	0	0	0	-0.008575347787882109	-0.007524259995220618	-0.0024208567376381635	-0.9040087850706529	-0.6837300367320284	-0.08951048900157853
17.3	4.7671321747275135	4.7671321747275135	4.7671321747275135	0.09031157642325063	0.07864068618952375	0.028323195374531394	9.520601741646637	7.146085864008849	1.0472424897290524	0	0	0	-0.008575348078190246	-0.007524260147112032	-0.002420856486813581	-0.9040087773840352	-0.683730033240006	-0.08951049132433646
17.4	4.7671321747275135	4.7671321747275135	4.7671321747275135	0.09031157642325163	0.07864068618952595	0.02832319537453	9.52060174164661	7.146085864008799	1.0472424897290653	0	0	0	-0.00857534822553397	-0.007524260222705139	-0.0024208563586828854	-0.9040087734829697	-0.683730031502114	-0.08951049251104116
17.5	4.7671321747275135	4.7671321747275135	4.7671321747275135	0.09031157642325253	0.0786406861895279	0.028323195374528747	9.520601741646585	7.146085864008755	1.047242489729077	0	0	0	-0.008575348357304335	-0.0075242602893548045	-0.0024208562435233845	-0.9040087699943292	-0.6837300299698117	-0.08951049357770795
17.6	4.7671321747275135	4.7671321747275135	4.7671321747275135	0.0903115764232527	0.07864068618952831	0.028323195374528497	9.520601741646582	7.146085864008744	1.0472424897290793	0	0	0	-0.008575348384659462	-0.007524260303635581	-0.002420856219863982	-0.9040087692700223	-0.6837300296414726	-0.08951049379681167
17.7	4.767132174727514	4.767132174727514	4.767132174727514	0.09031157642325303	0.07864068618952898	0.028323195374528046	9.520601741646573	7.146085864008731	1.0472424897290835	0	0	0	-0.008575348430625601	-0.007524260326307085	-0.0024208561793840505	-0.9040087680532215	-0.6837300291202559	-0.08951049417181291
17.8	4.7671321747275135	4.7671321747275135	4.7671321747275135	0.09031157642325312	0.07864068618952914	0.028323195374527942	9.520601741646571	7.146085864008725	1.0472424897290846	0	0	0	-0.008575348441446438	-0.007524260331817938	-0.0024208561699445783	-0.9040087677668355	-0.6837300289935736	-0.08951049425923994
17.9	4.767132174727514	4.767132174727514	4.767132174727514	0.09031157642325321	0.0786406861895293	0.028323195374527835	9.52060174164657	7.146085864008723	1.0472424897290855	0	0	0	-0.008575348451909185	-0.007524260336907928	-0.0024208561606960002	-0.9040087674899332	-0.6837300288765371	-0.0895104943449258
18	4.7671321747275135	4.7671321747275135	4.7671321747275135	0.09031157642325324	0.07864068618952937	0.02832319537452779	9.52060174164657	7.146085864008721	1.047242489729086	0	0	0	-0.008575348457114332	-0.007524260339459067	-0.0024208561561010595	-0.9040087673521401	-0.6837300288178546	-0.08951049438748966
18.1	4.7671321747275135	4.7671321747275135	4.7671321747275135	0.09031157642325324	0.07864068618952941	0.02832319537452777	9.520601741646567	7.14608586400872	1.0472424897290862	0	0	0	-0.00857534845888859	-0.007524260340328379	-0.0024208561545354503	-0.9040087673051684	-0.6837300287978632	-0.08951049440199339
18.2	4.7671321747275135	4.7671321747275135	4.7671321747275135	0.09031157642325457	0.07864068618950329	0.02832319537455167	9.520601741646527	7.14608586400932	1.047242489728864	0	0	0	-0.008575346456790369	-0.007524259431868738	-0.0024208579539006054	-0.9040088202991333	-0.6837300496836236	-0.08951047772552236
18.3	4.7671321747275135	4.7671321747275135	4.7671321747275135	0.09031157642325831	0.07864068618943057	0.02832319537461824	9.520601741646411	7.146085864010993	1.0472424897282444	0	0	0	-0.008575340880336816	-0.007524256901301697	-0.0024208629655775773	-0.9040089679034433	-0.6837301078620835	-0.08951043127743204
18.4	4.7671321747275135	4.7671321747275135	4.7671321747275135	0.09031157642326372	0.0786406861893248	0.028323195374715046	9.520601741646246	7.146085864013425	1.0472424897273438	0	0	0	-0.008575332771819684	-0.007524253221434904	-0.0024208702527583428	-0.9040091825294835	-0.6837301924632629	-0.08951036374005152
18.5	4.7671321747275135	4.7671321747275135	4.7671321747275135	0.09031157642327015	0.07864068618919962	0.02832319537482961	9.520601741646049	7.146085864016301	1.047242489726278	0	0	0	-0.008575323175424662	-0.007524248865935453	-0.0024208788769327512	-0.9040094365385085	-0.6837302925974232	-0.08951028381148514
18.6	4.7671321747275135	4.7671321747275135	4.7671321747275135	0.09031157642327688	0.07864068618906862	0.028323195374949473	9.520601741645843	7.146085864019313	1.0472424897251627	0	0	0	-0.008575313135337442	-0.007524244308470443	-0.0024208878995906507	-0.9040097022917725	-0.6837303973748258	-0.08951020018983731
18.7	4.7671321747275135	4.7671321747275135	4.7671321747275135	0.09031157642328322	0.07864068618894546	0.028323195375062178	9.520601741645647	7.146085864022146	1.0472424897241142	0	0	0	-0.008575303695743716	-0.007524240022706967	-0.00242089638222189	-0.9040099521505297	-0.683730495905732	-0.0895101215732124
18.8	4.7671321747275135	4.7671321747275135	4.7671321747275135	0.0903115764232885	0.0786406861888437	0.028323195375155253	9.520601741645486	7.146085864024483	1.0472424897232482	0	0	0	-0.008575295900829172	-0.007524236482312126	-0.002420903386316319	-0.9040101584760347	-0.6837305773004029	-0.08951005665971475
18.9	4.7671321747275135	4.7671321747275135	4.7671321747275135	0.09031157642329204	0.07864068618877698	0.028323195375216242	9.520601741645379	7.146085864026018	1.0472424897226809	0	0	0	-0.008575290794779505	-0.007524234160953012	-0.002420907973363786	-0.9040102936295417	-0.6837306306690999	-0.08951001414744876
19	4.7671321747275135	4.7671321747275135	4.7671321747275135	0.09031157642329313	0.07864068618875893	0.028323195375232674	9.520601741645347	7.146085864026433	1.0472424897225283	0	0	0	-0.008575289421780406	-0.007524233532296724	-0.0024209092048541395	-0.904010329972305	-0.6837306451220845	-0.08951000273451877
19.1	4.7671321747275135	4.7671321747275135	4.7671321747275135	0.09031157642329107	0.07864068618880311	0.02832319537519209	9.520601741645411	7.146085864025417	1.0472424897229058	0	0	0	-0.008575292826017563	-0.0075242350700103575	-0.002420906142277228	-0.904010239865579	-0.6837306097696177	-0.08951003111902917
19.2	4.7671321747275135	4.7671321747275135	4.7671321747275135	0.0903115764232852	0.07864068618892317	0.028323195375082016	9.520601741645592	7.146085864022656	1.0472424897239296	0	0	0	-0.008575302051676672	-0.007524239247761008	-0.0024208978471229018	-0.9040099956706182	-0.683730513721961	-0.08951010799908433
19.3	4.7671321747275135	4.7671321747275135	4.7671321747275135	0.09031157642327482	0.07864068618913274	0.028323195374890003	9.520601741645914	7.146085864017839	1.0472424897257162	0	0	0	-0.008575318142943418	-0.007524246539215774	-0.002420883380881009	-0.9040095697486767	-0.6837303460893758	-0.08951024207278861
19.4	4.7671321747275135	4.7671321747275135	4.7671321747275135	0.09031157642326235	0.07864068618937303	0.028323195374670193	9.520601741646296	7.146085864012314	1.0472424897277612	0	0	0	-0.008575336550890648	-0.007524254900482946	-0.0024208668403626755	-0.904009082504219	-0.6837301538614996	-0.08951039536922391
19.5	4.7671321747275135	4.7671321747275135	4.7671321747275135	0.09031157642325717	0.07864068618944411	0.028323195374606112	9.520601741646447	7.14608586401068	1.0472424897283574	0	0	0	-0.00857534188602431	-0.007524257374567499	-0.0024208620678879992	-0.9040089412822089	-0.6837300969815928	-0.089510439595775
19.6	4.767132174727513	4.767132174727513	4.767132174727513	0.09031157642325505	0.07864068618948808	0.02832319537456581	9.52060174164651	7.1460858640096685	1.0472424897287322	0	0	0	-0.008575345264520614	-0.007524258903102712	-0.002420859030094993	-0.904008851856398	-0.6837300618401535	-0.08951046775031964
19.7	4.7671321747275135	4.7671321747275135	4.7671321747275135	0.09031157642325396	0.07864068618950996	0.028323195374545765	9.520601741646544	7.146085864009166	1.0472424897289185	0	0	0	-0.008575346944152535	-0.0075242596642997985	-0.002420857520196425	-0.9040088073979514	-0.6837300443400285	-0.08951048174411241
19.8	4.767132174727513	4.767132174727513	4.767132174727513	0.09031157642325358	0.0786406861895183	0.028323195374538097	9.520601741646555	7.146085864008974	1.0472424897289903	0	0	0	-0.008575347587703737	-0.007524259954793089	-0.002420856941297355	-0.9040087903637727	-0.683730037661516	-0.08951048710946191
19.9	4.767132174727513	4.767132174727513	4.767132174727513	0.09031157642325338	0.07864068618952484	0.028323195374532015	9.52060174164656	7.146085864008823	1.0472424897290469	0	0	0	-0.008575348100552395	-0.007524260182251363	-0.0024208564783168214	-0.9040087767895856	-0.6837300324321921	-0.0895104914007921
20	4.7671321747275135	4.7671321747275135	4.7671321747275135	0.0903115764232533	0.07864068618952652	0.028323195374530458	9.520601741646566	7.146085864008786	1.0472424897290613	0	0	0	-0.00857534823127195	-0.00752426024130238	-0.002420856360735338	-0.9040087733296123	-0.6837300310745885	-0.0895104924905517
20.1	4.7671321747275135	4.7671321747275135	4.7671321747275135	0.09031157642325328	0.0786406861895283	0.02832319537452879	9.520601741646566	7.146085864008744	1.0472424897290764	0	0	0	-0.008575348372203057	-0.0075242603026688965	-0.002420856233083777	-0.9040087695995402	-0.6837300296637641	-0.08951049367384538
20.2	4.7671321747275135	4.7671321747275135	4.7671321747275135	0.09031157642325327	0.07864068618952876	0.02832319537452837	9.520601741646566	7.146085864008734	1.0472424897290806	0	0	0	-0.008575348407515867	-0.007524260318407895	-0.002420856201234778	-0.9040087686649143	-0.6837300293019385	-0.08951049396905113
20.3	4.7671321747275135	4.7671321747275135	4.7671321747275135	0.09031157642325328	0.07864068618952916	0.028323195374528	9.520601741646566	7.146085864008725	1.047242489729084	0	0	0	-0.008575348439075278	-0.007524260331975661	-0.002420856172587451	-0.9040087678296669	-0.683730028989998	-0.08951049423461883
20.4	4.7671321747275135	4.7671321747275135	4.7671321747275135	0.09031157642325328	0.0786406861895293	0.028323195374527866	9.520601741646566	7.146085864008722	1.047242489729085	0	0	0	-0.00857534845004227	-0.007524260336756447	-0.0024208561626539245	-0.9040087675393995	-0.6837300288800747	-0.08951049432669515
20.5	4.7671321747275135	4.7671321747275135	4.7671321747275135	0.0903115764232533	0.07864068618952935	0.028323195374527793	9.520601741646566	7.146085864008721	1.0472424897290857	0	0	0	-0.008575348456358645	-0.007524260339451258	-0.0024208561569145893	-0.9040087673722055	-0.6837300288181114	-0.08951049437990764
20.6	4.7671321747275135	4.7671321747275135	4.7671321747275135	0.09031157642325328	0.0786406861895294	0.02832319537452776	9.520601741646566	7.14608586400872	1.0472424897290862	0	0	0	-0.008575348459801103	-0.007524260340917112	-0.0024208561537858177	-0.9040087672810929	-0.6837300287843947	-0.08951049440892195
20.7	4.7671321747275135	4.7671321747275135	4.7671321747275135	0.09031157642325333	0.07864068618952935	0.02832319537452777	9.520601741646566	7.14608586400872	1.047242489729086	0	0	0	-0.008575348459005438	-0.007524260340633261	-0.002420856154526648	-0.90400876730214	-0.6837300287909158	-0.08951049440205548
20.8	4.7671321747275135	4.7671321747275135	4.7671321747275135	0.09031157642329612	0.07864068618947548	0.02832319537455128	9.520601741645416	7.146085864009959	1.0472424897288664	0	0	0	-0.008575346448535259	-0.007524259539629136	-0.002420857999403766	-0.904008820508569	-0.6837300472063188	-0.08951047729487685
20.9	4.7671321747275135	4.7671321747275135	4.7671321747275135	0.09031157642340745	0.07864068618933531	0.028323195374612448	9.520601741642436	7.146085864013181	1.0472424897282948	0	0	0	-0.008575341218828534	-0.0075242574559056755	-0.0024208627983271585	-0.9040089589110755	-0.6837300951119356	-0.08951043279541729
21	4.7671321747275135	4.7671321747275135	4.7671321747275135	0.09031157642356967	0.07864068618913102	0.0283231953747016	9.520601741638087	7.146085864017878	1.047242489727462	0	0	0	-0.008575333596865006	-0.007524254418846335	-0.0024208697924024665	-0.9040091606239125	-0.6837301649351125	-0.0895103679407623
21.1	4.767132174727514	4.767132174727514	4.767132174727514	0.09031157642376528	0.07864068618888477	0.02832319537480907	9.520601741632845	7.14608586402354	1.0472424897264578	0	0	0	-0.008575324409624416	-0.007524250757834572	-0.0024208782227353363	-0.9040094037613338	-0.6837302491031964	-0.08951028976799735
21.2	4.7671321747275135	4.7671321747275135	4.7671321747275135	0.09031157642397661	0.07864068618861868	0.02832319537492518	9.520601741627182	7.146085864029655	1.0472424897253731	0	0	0	-0.008575314484086502	-0.007524246802253838	-0.002420887330431409	-0.9040096664375921	-0.6837303400435335	-0.08951020531420796
21.3	4.7671321747275135	4.7671321747275135	4.7671321747275135	0.09031157642418608	0.07864068618835494	0.028323195375040265	9.520601741621567	7.146085864035719	1.047242489724298	0	0	0	-0.008575304647231004	-0.00752424288148759	-0.002420896356596328	-0.9040099267669408	-0.6837304301834702	-0.08951012161647962
21.4	4.7671321747275135	4.7671321747275135	4.7671321747275135	0.09031157642437614	0.0786406861881157	0.02832319537514466	9.520601741616474	7.146085864041218	1.0472424897233223	0	0	0	-0.008575295726037662	-0.007524239324919283	-0.002420904542335738	-0.9040101628636331	-0.6837305119503534	-0.0895100457118978
21.5	4.7671321747275135	4.7671321747275135	4.7671321747275135	0.09031157642452918	0.07864068618792315	0.028323195375228694	9.520601741612374	7.146085864045645	1.0472424897225374	0	0	0	-0.008575288547486215	-0.007524236461932373	-0.0024209111287552803	-0.9040103528419224	-0.6837305777715295	-0.08950998463754799
21.6	4.7671321747275135	4.7671321747275135	4.7671321747275135	0.09031157642462757	0.07864068618779937	0.02832319537528269	9.520601741609736	7.146085864048492	1.047242489722033	0	0	0	-0.008575283938556404	-0.007524234621910314	-0.0024209153569606	-0.9040104748160617	-0.6837306200743447	-0.0895099454305157
21.7	4.7671321747275135	4.7671321747275135	4.7671321747275135	0.09031157642465376	0.07864068618776657	0.028323195375296976	9.520601741609035	7.146085864049244	1.0472424897218995	0	0	0	-0.00857528272622797	-0.007524234134236561	-0.0024209164680573394	-0.9040105069003045	-0.6837306312861459	-0.0895099351278864
21.8	4.7671321747275135	4.7671321747275135	4.7671321747275135	0.09031157642459019	0.07864068618784689	0.0283231953752619	9.520601741610738	7.146085864047399	1.0472424897222272	0	0	0	-0.00857528573748065	-0.00752423532829457	-0.0024209137031511413	-0.9040104272089038	-0.6837306038342792	-0.0895099607667456
21.9	4.7671321747275135	4.7671321747275135	4.7671321747275135	0.09031157642441918	0.0786406861880625	0.028323195375167778	9.52060174161532	7.146085864042441	1.0472424897231065	0	0	0	-0.008575293799294186	-0.007524238533467797	-0.00242090630334765	-0.9040102138561129	-0.6837305301460915	-0.08951002938417879
22	4.7671321747275135	4.7671321747275135	4.7671321747275135	0.09031157642412323	0.07864068618843553	0.028323195375004946	9.520601741623253	7.146085864033867	1.0472424897246277	0	0	0	-0.008575307738648315	-0.007524244079139695	-0.0024208935097525083	-0.9040098449561851	-0.6837304026489291	-0.08951014801727143
22.1	4.767132174727514	4.767132174727514	4.767132174727514	0.0903115764236881	0.0786406861889838	0.028323195374765627	9.520601741634914	7.146085864021263	1.0472424897268635	0	0	0	-0.008575328218455696	-0.007524252230120792	-0.002420874714246123	-0.9040093029653026	-0.6837302152546956	-0.08951032230494614
22.2	4.7671321747275135	4.7671321747275135	4.7671321747275135	0.09031157642345966	0.07864068618926912	0.028323195374641424	9.520601741641034	7.146085864014703	1.047242489728024	0	0	0	-0.008575338717319789	-0.007524256471892652	-0.002420865096394025	-0.9040090251123121	-0.6837301177347349	-0.0895104114851003
22.3	4.7671321747275135	4.7671321747275135	4.7671321747275135	0.09031157642342971	0.0786406861893045	0.02832319537462627	9.520601741641837	7.146085864013889	1.0472424897281656	0	0	0	-0.008575339892752925	-0.007524256998210708	-0.002420864034104299	-0.9040089940008461	-0.6837301056345214	-0.08951042133123673
22.4	4.7671321747275135	4.7671321747275135	4.7671321747275135	0.09031157642333304	0.07864068618942775	0.028323195374572275	9.520601741644429	7.146085864011056	1.04724248972867	0	0	0	-0.008575344588013956	-0.007524258830559706	-0.0024208597152370515	-0.9040088697446494	-0.683730063508133	-0.08951046138200727
22.5	4.7671321747275135	4.7671321747275135	4.7671321747275135	0.09031157642330763	0.07864068618945931	0.028323195374558574	9.520601741645109	7.146085864010331	1.0472424897287982	0	0	0	-0.008575345737346177	-0.007524259299488455	-0.002420858663152811	-0.9040088393272663	-0.683730052727309	-0.08951047113700579
22.6	4.767132174727513	4.767132174727513	4.767132174727513	0.09031157642329042	0.0786406861894813	0.028323195374548932	9.52060174164557	7.146085864009824	1.0472424897288883	0	0	0	-0.008575346578766666	-0.007524259626291181	-0.002420857888878986	-0.9040088170598151	-0.6837300452139973	-0.08951047831728899
22.7	4.7671321747275135	4.7671321747275135	4.7671321747275135	0.0903115764232705	0.07864068618950693	0.028323195374537657	9.520601741646106	7.146085864009236	1.0472424897289936	0	0	0	-0.008575347575400892	-0.007524260007719931	-0.002420856970164156	-0.9040087906851848	-0.6837300364447839	-0.08951048683747248
22.8	4.7671321747275135	4.7671321747275135	4.7671321747275135	0.09031157642326791	0.07864068618951003	0.028323195374536324	9.520601741646173	7.146085864009165	1.047242489729006	0	0	0	-0.008575347683991905	-0.0075242600539447676	-0.002420856871140276	-0.9040087878112117	-0.6837300353820294	-0.0895104877554947
22.9	4.767132174727513	4.767132174727513	4.767132174727513	0.09031157642326	0.07864068618952051	0.02832319537453168	9.520601741646384	7.146085864008922	1.0472424897290495	0	0	0	-0.008575348104780469	-0.007524260209699609	-0.00242085648207914	-0.9040087766758625	-0.6837300318011447	-0.0895104913640151
23	4.7671321747275135	4.7671321747275135	4.7671321747275135	0.09031157642325777	0.07864068618952343	0.028323195374530402	9.520601741646447	7.146085864008857	1.0472424897290615	0	0	0	-0.008575348216530575	-0.007524260252786445	-0.002420856379101494	-0.9040087737184496	-0.6837300308105603	-0.08951049231902079
23.1	4.7671321747275135	4.7671321747275135	4.7671321747275135	0.09031157642325643	0.07864068618952519	0.028323195374529625	9.52060174164648	7.146085864008816	1.0472424897290689	0	0	0	-0.00857534828733503	-0.007524260278970324	-0.0024208563136377793	-0.9040087718447322	-0.683730030208594	-0.08951049292620024
23.2	4.7671321747275135	4.7671321747275135	4.7671321747275135	0.09031157642325473	0.07864068618952748	0.028323195374528595	9.520601741646528	7.146085864008764	1.0472424897290784	0	0	0	-0.008575348381862578	-0.007524260313233342	-0.0024208562260812265	-0.9040087693433299	-0.6837300294208859	-0.08951049373833733
23.3	4.7671321747275135	4.7671321747275135	4.7671321747275135	0.09031157642325453	0.07864068618952776	0.028323195374528473	9.520601741646532	7.146085864008758	1.0472424897290795	0	0	0	-0.008575348392021431	-0.007524260317335959	-0.002420856216746517	-0.9040087690745038	-0.6837300293265705	-0.0895104938249021
23.4	4.7671321747275135	4.7671321747275135	4.7671321747275135	0.09031157642325385	0.07864068618952864	0.028323195374528078	9.52060174164655	7.146085864008738	1.0472424897290833	0	0	0	-0.008575348429643994	-0.007524260330541703	-0.0024208561818273885	-0.9040087680789486	-0.6837300290229622	-0.08951049414882353
23.5	4.7671321747275135	4.7671321747275135	4.7671321747275135	0.09031157642325362	0.07864068618952891	0.028323195374527963	9.520601741646558	7.146085864008731	1.0472424897290842	0	0	0	-0.008575348440495251	-0.007524260334493896	-0.0024208561717771857	-0.9040087677918354	-0.6837300289320943	-0.08951049424203707
23.6	4.7671321747275135	4.7671321747275135	4.7671321747275135	0.09031157642325352	0.07864068618952905	0.0283231953745279	9.52060174164656	7.146085864008728	1.0472424897290848	0	0	0	-0.008575348446407633	-0.00752426033657683	-0.002420856166290749	-0.9040087676353887	-0.6837300288842001	-0.08951049429292121
23.7	4.7671321747275135	4.7671321747275135	4.7671321747275135	0.09031157642325367	0.07864068618952878	0.028323195374528043	9.520601741646557	7.146085864008734	1.0472424897290833	0	0	0	-0.008575348431841308	-0.0075242603319731404	-0.002420856179887697	-0.9040087680208535	-0.6837300289900498	-0.08951049416675258
23.8	4.7671321747275135	4.7671321747275135	4.7671321747275135	0.09031157642325426	0.07864068618952787	0.028323195374528508	9.520601741646539	7.1460858640087555	1.047242489729079	0	0	0	-0.008575348385788434	-0.00752426031698084	-0.0024208562228103473	-0.9040087692395586	-0.6837300293347547	-0.08951049376851176
23.9	4.7671321747275135	4.7671321747275135	4.7671321747275135	0.09031157642325463	0.07864068618952724	0.02832319537452882	9.520601741646528	7.14608586400877	1.0472424897290762	0	0	0	-0.00857534835531207	-0.007524260307008576	-0.00242085625120854	-0.9040087700460869	-0.6837300295640413	-0.08951049350503494
24	4.7671321747275135	4.7671321747275135	4.7671321747275135	0.09031157642325423	0.07864068618952788	0.02832319537452849	9.520601741646539	7.146085864008755	1.047242489729079	0	0	0	-0.008575348387475276	-0.007524260317464997	-0.0024208562212321154	-0.9040087691950219	-0.6837300293236359	-0.08951049378315833
