0	4.7671321747275135	4.7671321747275135	4.7671321747275135	0.09031157642325327	0.07864068618952942	0.028323195374527724	9.520601741646566	7.146085864008718	1.0472424897290866	0	0	0	0	0	0	0	0	0
0.1	4.7671321747275135	4.7671321747275135	4.7671321747275135	0.09031157642325327	0.07864068618952942	0.028323195374527724	9.520601741646566	7.146085864008718	1.0472424897290866	0	0	0	5339051797772652e-21	4650436065021735e-21	16687807060676575e-22	6454796534448353e-20	4845607799231339e-20	7088364168554949e-21
0.2	4.7671321747275135	4.7671321747275135	4.7671321747275135	0.09031157642325327	0.07864068618952942	0.028323195374527724	9.520601741646566	7.146085864008718	1.0472424897290866	0	0	0	72109584926106064e-22	62855480784020776e-22	2234352112203709e-21	0.0001819965902356813	0.0001366751154919002	19899773402442644e-21
0.3	4.7671321747275135	4.7671321747275135	4.7671321747275135	0.09031157642325327	0.07864068618952942	0.028323195374527724	9.520601741646566	7.146085864008718	1.0472424897290866	0	0	0	7863068407518878e-21	68605510552203616e-22	24084628295318863e-22	0.0002998958834135693	0.00022533041250334077	3259219081070825e-20
0.4	4.7671321747275135	4.7671321747275135	4.7671321747275135	0.09031157642325327	0.07864068618952942	0.028323195374527724	9.520601741646566	7.146085864008718	1.0472424897290866	0	0	0	8086862018653956e-21	7062785990283655e-21	2446969943033167e-21	0.00040326166115726986	0.0003031739482191318	4351665205548618e-20
0.5	4.7671321747275135	4.7671321747275135	4.7671321747275135	0.09031157642325327	0.07864068618952942	0.028323195374527724	9.520601741646566	7.146085864008718	1.0472424897290866	0	0	0	8160815483727956e-21	7133802777692276e-21	24411400394068294e-22	0.0004896398350063074	0.00036833905800270927	52442739797385546e-21
0.6	4.7671321747275135	4.7671321747275135	4.7671321747275135	0.09031157642325326	0.07864068618952946	0.028323195374527724	9.520601741646566	7.146085864008718	1.0472424897290866	0	0	0	818310824502083e-20	7158790012052984e-21	24231252809608055e-22	0.0005604404530809014	0.0004218541707337833	595749445169859e-19
0.7	4.7671321747275135	4.7671321747275135	4.7671321747275135	0.09031157642325326	0.07864068618952944	0.028323195374527724	9.520601741646566	7.146085864008718	1.0472424897290866	0	0	0	8188003716905785e-21	716759146957277e-20	24037619400533417e-22	0.0006180069257619502	0.0004654518825199842	6521540740000576e-20
0.8	4.7671321747275135	4.7671321747275135	4.7671321747275135	0.09031157642325326	0.07864068618952944	0.028323195374527724	9.520601741646566	7.146085864008718	1.0472424897290866	0	0	0	8187380043299334e-21	7170676947445464e-21	23863648178149836e-22	0.0006646526379114348	0.0005008486820850521	6965299244786249e-20
0.9	4.7671321747275135	4.7671321747275135	4.7671321747275135	0.09031157642325324	0.07864068618952944	0.028323195374527724	9.520601741646566	7.146085864008718	1.0472424897290866	0	0	0	8185298193174853e-21	7171735719579686e-21	2371663826950486e-21	0.0007023862538201171	0.0005295387341253938	7313282820755289e-20
1	4.7671321747275135	4.7671321747275135	4.7671321747275135	0.09031157642325326	0.07864068618952944	0.028323195374527724	9.520601741646566	7.146085864008718	1.0472424897290866	0	0	0	8183139058172867e-21	7172117263199131e-21	23595508180973426e-22	0.0007329165031496515	0.0005527958456673915	7585929461960682e-20
1.1	4.7671321747275135	4.7671321747275135	4.7671321747275135	0.09031157642325326	0.07864068618952944	0.028323195374527724	9.520601741646566	7.146085864008718	1.0472424897290866	0	0	0	818122311748766e-20	7172220459578498e-21	23496697888662642e-22	0.0007575715088950352	0.0005716129324851961	779868771701523e-19
1.2	4.7671321747275135	4.7671321747275135	4.7671321747275135	0.09031157642325327	0.07864068618952944	0.028323195374527724	9.520601741646566	7.146085864008718	1.0472424897290866	0	0	0	8179713927027989e-21	7172294450058516e-21	23416588458661514e-22	0.0007775278639028914	0.0005868708979335763	7965045401996137e-20
1.3	4.7671321747275135	4.7671321747275135	4.7671321747275135	0.09031157642325324	0.07864068618952944	0.028323195374527724	9.520601741646566	7.146085864008718	1.0472424897290866	0	0	0	817845877469523e-20	71722848624785154e-22	2335153823516551e-21	0.0007936506238853376	0.0005992195683256093	8094570028788032e-20
1.4	4.7671321747275135	4.7671321747275135	4.7671321747275135	0.09031157642325326	0.07864068618952944	0.028323195374527724	9.520601741646566	7.146085864008718	1.0472424897290866	0	0	0	8177509011455972e-21	7172300154710873e-21	23299082258855115e-22	0.0008066603426319511	0.0006092012358448081	8195062393645848e-20
1.5	4.7671321747275135	4.7671321747275135	4.7671321747275135	0.09031157642325326	0.07864068618952944	0.028323195374527727	9.520601741646566	7.146085864008718	1.0472424897290866	0	0	0	8176790785844026e-21	7172332677495889e-21	23256620210181144e-22	0.000817204213595033	0.0006173035778500368	8273428797586846e-20
1.6	4.7671321747275135	4.7671321747275135	4.7671321747275135	0.09031157642325324	0.07864068618952944	0.028323195374527727	9.520601741646566	7.146085864008718	1.0472424897290866	0	0	0	81762051757056e-19	7172332958323593e-21	23222218823495675e-22	0.0008257174230220218	0.0006238559333525584	8334068154284511e-20
1.7	4.7671321747275135	4.7671321747275135	4.7671321747275135	0.09031157642325326	0.07864068618952945	0.02832319537452773	9.520601741646566	7.146085864008719	1.0472424897290866	0	0	0	8175765842611706e-21	7172346285587417e-21	23194427493017116e-22	0.0008325998075736798	0.0006291610659713285	8380987992253206e-20
1.8	4.767132174727514	4.767132174727514	4.767132174727514	0.09031157642325333	0.07864068618952944	0.028323195374527734	9.520601741646566	7.146085864008718	1.0472424897290864	0	0	0	8175413750524312e-21	7172347014787319e-21	23171870319732774e-22	0.0008381758086606023	0.0006334651882619782	8417341117223386e-20
1.9	4.7671321747275135	4.7671321747275135	4.7671321747275135	0.09031157642325335	0.07864068618952944	0.028323195374527738	9.520601741646564	7.146085864008718	1.0472424897290864	0	0	0	8175136540591825e-21	7172342039767063e-21	23153647491554215e-22	0.0008426730764250023	0.0006369416266768791	8445230511190369e-20
2	4.7671321747275135	4.7671321747275135	4.7671321747275135	0.09031157642325333	0.07864068618952944	0.02832319537452773	9.520601741646566	7.146085864008718	1.0472424897290864	0	0	0	8174937080030463e-21	7172350958239385e-21	2313893131111908e-21	0.0008463114841277179	0.0006397578205318639	8466679804586858e-20
2.1	4.767132174727513	4.767132174727513	4.767132174727513	0.0903115764232533	0.07864068618952945	0.028323195374527748	9.520601741646564	7.146085864008718	1.0472424897290862	0	0	0	81747701120151e-19	7172346329123961e-21	2312696563182303e-21	0.00084926211614437	0.0006420443897035004	8483196574522511e-20
2.2	4.7671321747275135	4.7671321747275135	4.7671321747275135	0.0903115764232533	0.07864068618952946	0.028323195374527772	9.520601741646566	7.146085864008718	1.047242489729086	0	0	0	8174636307747187e-21	7172337090045511e-21	2311729713993827e-21	0.0008516414971837272	0.000643890577746675	8495747853538349e-20
2.3	4.767132174727513	4.767132174727513	4.767132174727513	0.0903115764232533	0.07864068618952944	0.028323195374527755	9.520601741646566	7.146085864008718	1.0472424897290862	0	0	0	8174550969639589e-21	71723450021172415e-22	23109515362456916e-22	0.0008535634893262755	0.000645383583117338	8505278952267766e-20
2.4	4.7671321747275135	4.7671321747275135	4.7671321747275135	0.09031157642325333	0.07864068618952955	0.02832319537452779	9.520601741646566	7.1460858640087155	1.047242489729086	0	0	0	8174465363811425e-21	71723330218545234e-22	23103160846488595e-22	0.0008551263300485015	0.0006465987735734714	8512575335566201e-20
2.5	4.7671321747275135	4.7671321747275135	4.7671321747275135	0.0903115764232534	0.07864068618952973	0.028323195374527873	9.520601741646564	7.146085864008711	1.047242489729085	0	0	0	8174372170129562e-21	7172298418840036e-21	23097981566430433e-22	0.0008563892009703614	0.0006475817298729727	8518068902368603e-20
2.6	4.7671321747275135	4.7671321747275135	4.7671321747275135	0.09031157642325342	0.0786406861895298	0.028323195374527904	9.520601741646562	7.146085864008709	1.0472424897290848	0	0	0	8174315328919212e-21	7172284148449485e-21	23093830269979513e-22	0.0008574054512634588	0.0006483735365035456	8522149040611828e-20
2.7	4.7671321747275135	4.7671321747275135	4.7671321747275135	0.09031157642325341	0.07864068618952974	0.02832319537452788	9.52060174164656	7.14608586400871	1.047242489729085	0	0	0	8174295982756813e-21	717229443157862e-20	230905158552986e-20	0.0008582290779942276	0.0006490157926692314	852520480957772e-19
2.8	4.7671321747275135	4.7671321747275135	4.7671321747275135	0.09031157642325413	0.07864068618953099	0.02832319537452854	9.520601741646544	7.146085864008683	1.0472424897290786	0	0	0	8173951688591036e-21	71720038185691055e-22	23087499898238615e-22	0.0008589087937679195	0.0006495461996321106	8527534300686312e-20
2.9	4.7671321747275135	4.7671321747275135	4.7671321747275135	0.09031157642325525	0.07864068618953289	0.02832319537452954	9.520601741646512	7.146085864008638	1.047242489729069	0	0	0	8173448065942374e-21	7171563556393676e-21	23084836359142506e-22	0.0008594633344227709	0.000649979255603884	8529259995100359e-20
3	4.7671321747275135	4.7671321747275135	4.7671321747275135	0.09031157642325599	0.07864068618953415	0.02832319537453022	9.520601741646493	7.146085864008609	1.0472424897290626	0	0	0	8173110231740568e-21	7171269110282949e-21	2308274829939246e-21	0.000859906587741413	0.0006503256750152558	853048570970345e-19
3.1	4.7671321747275135	4.7671321747275135	4.7671321747275135	0.09031157642325562	0.07864068618953352	0.028323195374529892	9.520601741646503	7.146085864008623	1.0472424897290658	0	0	0	8173263302915359e-21	7171415945467548e-21	23081458780370663e-22	0.0008602524415064762	0.0006505961722969298	8531315261379168e-20
3.2	4.7671321747275135	4.7671321747275135	4.7671321747275135	0.09031157642325421	0.07864068618953109	0.02832319537452862	9.52060174164654	7.146085864008679	1.047242489729078	0	0	0	8173875980633223e-21	7171976576832868e-21	23080886667767954e-22	0.0008605222283738297	0.0006508072923560119	8531869346352112e-20
3.3	4.7671321747275135	4.7671321747275135	4.7671321747275135	0.0903115764232538	0.07864068618953035	0.02832319537452822	9.520601741646553	7.146085864008697	1.047242489729082	0	0	0	8174058314436413e-21	7172145525861721e-21	23080179265054866e-22	0.0008607492997107505	0.000650985053220848	8532272940667419e-20
3.4	4.767132174727514	4.767132174727514	4.767132174727514	0.09031157642325353	0.07864068618952988	0.028323195374527963	9.52060174164656	7.146085864008708	1.0472424897290844	0	0	0	8174178012235747e-21	7172256858304892e-21	2307952412152927e-21	0.0008609337814761058	0.0006511295248357052	8532547673068188e-20
3.5	4.7671321747275135	4.7671321747275135	4.7671321747275135	0.09031157642325341	0.07864068618952964	0.028323195374527828	9.520601741646562	7.146085864008712	1.0472424897290855	0	0	0	8174236934326029e-21	7172312218467336e-21	2307896118975948e-21	0.0008610842586700439	0.0006512474045646357	8532725958203653e-20
3.6	4.7671321747275135	4.7671321747275135	4.7671321747275135	0.09031157642325335	0.07864068618952956	0.028323195374527776	9.520601741646564	7.146085864008715	1.047242489729086	0	0	0	8174258701492325e-21	7172333221357252e-21	23078480603367676e-22	0.0008612066356581151	0.0006513432978967433	853283310007109e-19
3.7	4.7671321747275135	4.7671321747275135	4.7671321747275135	0.0903115764232533	0.07864068618952949	0.02832319537452774	9.520601741646566	7.1460858640087155	1.0472424897290864	0	0	0	8174277121996613e-21	7172350719779243e-21	23078086221815487e-22	0.0008613058237278484	0.0006514210368918778	8532889328652444e-20
3.8	4.7671321747275135	4.7671321747275135	4.7671321747275135	0.09031157642325328	0.07864068618952948	0.028323195374527734	9.520601741646566	7.146085864008716	1.0472424897290864	0	0	0	8174281457319179e-21	7172355070944365e-21	2307776225350899e-21	0.0008613863170881423	0.0006514841340334339	8532909324443997e-20
3.9	4.7671321747275135	4.7671321747275135	4.7671321747275135	0.09031157642325327	0.07864068618952945	0.02832319537452773	9.520601741646566	7.146085864008716	1.0472424897290864	0	0	0	8174286580303826e-21	7172359894293242e-21	2307749798581201e-21	0.0008614515184392276	0.0006515352486478746	853290521634196e-19
4	4.7671321747275135	4.7671321747275135	4.7671321747275135	0.09031157642325327	0.07864068618952946	0.028323195374527727	9.520601741646566	7.146085864008717	1.0472424897290864	0	0	0	8174287955353333e-21	7172361141513097e-21	2307728362244346e-21	0.0008615043584586742	0.0006515766739322644	8532885027587135e-20
4.1	4.7671321747275135	4.7671321747275135	4.7671321747275135	0.09031157642325326	0.07864068618952945	0.028323195374527727	9.520601741646566	7.146085864008718	1.0472424897290864	0	0	0	8174289250567837e-21	717236220392799e-20	23077109468199826e-22	0.0008615471511264267	0.0006516102212241005	8532855147129259e-20
4.2	4.7671321747275135	4.7671321747275135	4.7671321747275135	0.09031157642325326	0.07864068618952942	0.028323195374527724	9.520601741646566	7.146085864008717	1.0472424897290864	0	0	0	817428990010345e-20	7172362610682509e-21	23076968390530357e-22	0.0008615818305932678	0.000651637405477428	8532819987190511e-20
4.3	4.7671321747275135	4.7671321747275135	4.7671321747275135	0.09031157642325326	0.07864068618952942	0.028323195374527724	9.520601741646566	7.146085864008718	1.0472424897290864	0	0	0	8174290374905458e-21	7172362818556486e-21	2307685413831898e-21	0.0008616098984840294	0.0006516594035747548	8532782531895638e-20
4.4	4.7671321747275135	4.7671321747275135	4.7671321747275135	0.09031157642325326	0.07864068618952941	0.028323195374527724	9.520601741646566	7.146085864008718	1.0472424897290864	0	0	0	8174290784323463e-21	7172362950140176e-21	23076761495793618e-22	0.000861632657741013	0.0006516772369791852	8532745058951973e-20
4.5	4.7671321747275135	4.7671321747275135	4.7671321747275135	0.09031157642325326	0.07864068618952942	0.028323195374527724	9.520601741646566	7.146085864008719	1.0472424897290864	0	0	0	8174291095739498e-21	71723629891134216e-22	23076686571847917e-22	0.0008616510710992204	0.0006516916608796178	8532708801739871e-20
4.6	4.7671321747275135	4.7671321747275135	4.7671321747275135	0.09031157642325141	0.07864068618952076	0.028323195374527894	9.520601741646615	7.146085864008919	1.0472424897290853	0	0	0	8174275392419132e-21	7172348539060342e-21	23076640852520003e-22	0.0008616664046770048	0.0006517036692226751	8532672142780411e-20
4.7	4.7671321747275135	4.7671321747275135	4.7671321747275135	0.09031157642324605	0.0786406861894957	0.028323195374528383	9.520601741646756	7.1460858640094935	1.0472424897290822	0	0	0	8174229422730581e-21	7172306702438643e-21	23076635609920775e-22	0.0008616795266870821	0.0006517139439848135	8532632940008383e-20
4.8	4.7671321747275135	4.7671321747275135	4.7671321747275135	0.09031157642323842	0.07864068618945982	0.028323195374529087	9.520601741646962	7.146085864010319	1.047242489729078	0	0	0	817416346753308e-20	7172246785584725e-21	23076659552920872e-22	0.0008616905656931911	0.0006517225859562226	8532592792521692e-20
4.9	4.7671321747275135	4.7671321747275135	4.7671321747275135	0.09031157642322965	0.07864068618941875	0.02832319537452988	9.520601741647198	7.146085864011261	1.047242489729073	0	0	0	8174087896821555e-21	7172178175518599e-21	23076701307019246e-22	0.0008616996479387428	0.0006517296941031461	8532553313833204e-20
5	4.7671321747275135	4.7671321747275135	4.7671321747275135	0.09031157642322096	0.07864068618937808	0.02832319537453066	9.520601741647429	7.146085864012195	1.0472424897290682	0	0	0	8174013080590932e-21	7172110259260281e-21	23076749497714853e-22	0.0008617068996671489	0.0006517353673918283	8532516117455787e-20
5.1	4.7671321747275135	4.7671321747275135	4.7671321747275135	0.09031157642321358	0.07864068618934346	0.02832319537453131	9.520601741647624	7.146085864012991	1.0472424897290642	0	0	0	8173949388836135e-21	7172052423829775e-21	23076792750506655e-22	0.000861712447121821	0.0006517397047885128	8532482816902312e-20
5.2	4.7671321747275135	4.7671321747275135	4.7671321747275135	0.09031157642320865	0.07864068618932049	0.02832319537453173	9.520601741647756	7.146085864013519	1.0472424897290618	0	0	0	817390719155209e-20	7172014056247101e-21	23076819690893616e-22	0.0008617164165461705	0.0006517428052594441	8532455025685646e-20
5.3	4.7671321747275135	4.7671321747275135	4.7671321747275135	0.09031157642320745	0.0786406861893148	0.02832319537453179	9.52060174164779	7.14608586401365	1.0472424897290615	0	0	0	8173896858733724e-21	7172004543532265e-21	23076818944374698e-22	0.0008617189341836089	0.0006517447677708658	853243435731866e-19
5.4	4.7671321747275135	4.7671321747275135	4.7671321747275135	0.09031157642321112	0.078640686189332	0.028323195374531387	9.52060174164769	7.146085864013254	1.0472424897290644	0	0	0	8173928760375964e-21	7172033272705279e-21	2307677913644885e-21	0.0008617201262775479	0.0006517456912890219	853242242531422e-19
5.5	4.7671321747275135	4.7671321747275135	4.7671321747275135	0.09031157642322087	0.07864068618937771	0.028323195374530416	9.52060174164743	7.146085864012203	1.0472424897290706	0	0	0	8174013266473733e-21	71721096307861574e-22	23076688892615045e-22	0.000861720119071399	0.0006517456747801566	8532420843185199e-20
5.6	4.7671321747275135	4.7671321747275135	4.7671321747275135	0.09031157642323746	0.07864068618945551	0.02832319537452881	9.520601741646988	7.146085864010415	1.0472424897290808	0	0	0	817415696546093e-20	7172239587285056e-21	2307654102114727e-21	0.0008617191163489955	0.0006517448777259875	8532430750772737e-20
5.7	4.767132174727514	4.767132174727514	4.767132174727514	0.09031157642324565	0.07864068618949376	0.028323195374528518	9.52060174164677	7.146085864009537	1.0472424897290813	0	0	0	8174227448918586e-21	7172303452003864e-21	2307647820222504e-21	0.0008617199542966177	0.0006517455152395253	853243537368578e-19
5.8	4.7671321747275135	4.7671321747275135	4.7671321747275135	0.09031157642324715	0.07864068618950078	0.02832319537452874	9.520601741646729	7.1460858640093745	1.0472424897290786	0	0	0	8174240334482128e-21	71723151834037565e-22	2307646823936084e-21	0.0008617218071997879	0.0006517469480165896	8532435029109841e-20
5.9	4.7671321747275135	4.7671321747275135	4.7671321747275135	0.09031157642325068	0.07864068618951733	0.028323195374528154	9.520601741646637	7.146085864008994	1.0472424897290833	0	0	0	8174270986058896e-21	7172342842503763e-21	2307642446413966e-21	0.00086172277122819	0.0006517476922893817	853243733187959e-19
6	4.7671321747275135	4.7671321747275135	4.7671321747275135	0.09031157642325142	0.0786406861895209	0.028323195374528164	9.520601741646615	7.146085864008913	1.0472424897290828	0	0	0	8174277551817663e-21	7172348801213105e-21	23076414829798342e-22	0.0008617240379339716	0.0006517486725258912	8532436509210119e-20
6.1	4.7671321747275135	4.7671321747275135	4.7671321747275135	0.09031157642325224	0.07864068618952463	0.028323195374527984	9.520601741646592	7.146085864008827	1.0472424897290844	0	0	0	817428447554702e-20	7172355026550103e-21	23076400460321135e-22	0.000861725020375552	0.000651749433481097	853243607013552e-19
6.2	4.7671321747275135	4.7671321747275135	4.7671321747275135	0.09031157642325273	0.07864068618952696	0.028323195374527883	9.52060174164658	7.146085864008774	1.0472424897290853	0	0	0	8174288827147939e-21	71723589407494715e-22	23076390799303028e-22	0.0008617258508612516	0.0006517500765621265	853243524761187e-19
6.3	4.7671321747275135	4.7671321747275135	4.7671321747275135	0.09031157642325284	0.07864068618952749	0.028323195374527873	9.52060174164658	7.146085864008763	1.0472424897290853	0	0	0	8174289791599012e-21	7172359805781246e-21	23076386816916542e-22	0.0008617265905444125	0.000651750649325067	8532434003065073e-20
6.4	4.7671321747275135	4.7671321747275135	4.7671321747275135	0.09031157642325308	0.07864068618952863	0.02832319537452779	9.520601741646571	7.146085864008736	1.047242489729086	0	0	0	817429192296475e-20	71723617053151755e-22	2307638040220375e-21	0.0008617271546563664	0.0006517510862242491	8532433086253877e-20
6.5	4.7671321747275135	4.7671321747275135	4.7671321747275135	0.09031157642325315	0.07864068618952882	0.028323195374527786	9.520601741646571	7.146085864008732	1.047242489729086	0	0	0	8174292321623855e-21	7172362058000361e-21	23076377928841813e-22	0.000861727646683741	0.0006517514670017458	8532431943383003e-20
6.6	4.767132174727514	4.767132174727514	4.767132174727514	0.09031157642325321	0.07864068618952912	0.02832319537452776	9.52060174164657	7.146085864008726	1.0472424897290862	0	0	0	8174292862187343e-21	71723625321632946e-22	2307637517224656e-21	0.000861728039386115	0.0006517517708972144	8532430957556294e-20
6.7	4.7671321747275135	4.7671321747275135	4.7671321747275135	0.09031157642325324	0.07864068618952925	0.02832319537452775	9.520601741646564	7.146085864008723	1.0472424897290864	0	0	0	8174293136138027e-21	7172362770120394e-21	230763733232683e-20	0.0008617283622922016	0.0006517520206166414	8532430021504949e-20
6.8	4.7671321747275135	4.7671321747275135	4.7671321747275135	0.09031157642325324	0.0786406861895293	0.028323195374527748	9.520601741646566	7.146085864008723	1.0472424897290864	0	0	0	8174293218731664e-21	7172362837732279e-21	23076372108788338e-22	0.0008617286272250544	0.0006517522253770428	8532429153758362e-20
6.9	4.767132174727514	4.767132174727514	4.767132174727514	0.09031157642325327	0.0786406861895294	0.028323195374527738	9.520601741646566	7.146085864008721	1.0472424897290864	0	0	0	8174293368708888e-21	7172362964817695e-21	23076370879496176e-22	0.0008617288400370306	0.0006517523897837858	8532428405235561e-20
7	4.7671321747275135	4.7671321747275135	4.7671321747275135	0.09031157642325331	0.0786406861895294	0.02832319537452773	9.520601741646564	7.14608586400872	1.0472424897290866	0	0	0	81742933978551e-19	7172362985923916e-21	23076370131313736e-22	0.0008617290147846961	0.0006517525246623384	8532427721534738e-20
7.1	4.7671321747275135	4.7671321747275135	4.7671321747275135	0.09031157642325757	0.07864068618952515	0.028323195374528487	9.52060174164645	7.1460858640088185	1.0472424897290795	0	0	0	8174286226765017e-21	71723567703819126e-22	230763935851031e-20	0.000861729347290297	0.0006517527767930459	8532424938594493e-20
7.2	4.767132174727513	4.767132174727513	4.767132174727513	0.09031157642329729	0.07864068618948532	0.028323195374535523	9.520601741645388	7.146085864009733	1.0472424897290133	0	0	0	817421913946315e-20	7172298654066413e-21	230766175264513e-20	0.0008617312419531388	0.0006517541977188872	8532404040664787e-20
7.3	4.7671321747275135	4.7671321747275135	4.7671321747275135	0.09031157642337005	0.07864068618941238	0.028323195374548416	9.520601741643445	7.146085864011409	1.0472424897288923	0	0	0	8174096264398488e-21	71721922111870345e-22	23077028057058773e-22	0.0008617345923644891	0.0006517567079048336	8532366280705452e-20
7.4	4.7671321747275135	4.7671321747275135	4.7671321747275135	0.09031157642346517	0.07864068618931708	0.028323195374565263	9.520601741640906	7.1460858640136	1.0472424897287342	0	0	0	8173935680802546e-21	717205310043019e-20	2307756461774147e-21	0.0008617389218278393	0.0006517599506023557	8532317148350723e-20
7.5	4.7671321747275135	4.7671321747275135	4.7671321747275135	0.0903115764235719	0.07864068618921011	0.028323195374584175	9.520601741638055	7.14608586401606	1.0472424897285566	0	0	0	817375546790685e-20	7171896980482292e-21	2307816664931537e-21	0.0008617437536466797	0.0006517635690629246	8532262133234833e-20
7.6	4.7671321747275135	4.7671321747275135	4.7671321747275135	0.09031157642367955	0.07864068618910224	0.028323195374603247	9.52060174163518	7.146085864018539	1.0472424897283776	0	0	0	8173573704942915e-21	717173951002975e-20	23078773592596424e-22	0.0008617486111245011	0.0006517672065380111	8532206724992017e-20
7.7	4.7671321747275135	4.7671321747275135	4.7671321747275135	0.09031157642377745	0.07864068618900415	0.028323195374620587	9.520601741632564	7.146085864020792	1.0472424897282147	0	0	0	8173408471142262e-21	71715963477589784e-22	23079324888400602e-22	0.0008617530175647946	0.0006517705062790862	8532156413256508e-20
7.8	4.7671321747275135	4.7671321747275135	4.7671321747275135	0.09031157642385484	0.0786406861889266	0.0283231953746343	9.5206017416305	7.1460858640225755	1.047242489728086	0	0	0	8173277845736411e-21	7171483152356387e-21	2307975997754388e-21	0.0008617564962710508	0.0006517731115376207	8532116687662537e-20
7.9	4.7671321747275135	4.7671321747275135	4.7671321747275135	0.09031157642390106	0.0786406861888803	0.028323195374642497	9.520601741629266	7.146085864023639	1.047242489728009	0	0	0	8173199907956882e-21	717141558250839e-20	23080018300842216e-22	0.0008617585705467603	0.0006517746655650857	8532093037844342e-20
8	4.7671321747275135	4.7671321747275135	4.7671321747275135	0.09031157642390539	0.078640686188876	0.028323195374643267	9.52060174162915	7.146085864023737	1.047242489728002	0	0	0	8173192737035197e-21	7171409296901394e-21	2308003929911158e-21	0.0008617587636954141	0.0006517748116129519	8532090953436155e-20
8.1	4.7671321747275135	4.7671321747275135	4.7671321747275135	0.0903115764238571	0.07864068618892442	0.02832319537463473	9.520601741630438	7.1460858640226235	1.047242489728082	0	0	0	8173274412202874e-21	71714799542218165e-22	2307976241316793e-21	0.0008617565990205031	0.0006517731929326902	853211592407221e-19
8.2	4.7671321747275135	4.7671321747275135	4.7671321747275135	0.09031157642374554	0.07864068618903625	0.028323195374614973	9.52060174163342	7.146085864020053	1.0472424897282675	0	0	0	8173463012691431e-21	7171643213156066e-21	2307912708382724e-21	0.0008617515998255178	0.0006517694527757716	8532173439386739e-20
8.3	4.7671321747275135	4.7671321747275135	4.7671321747275135	0.09031157642355998	0.07864068618922228	0.02832319537458211	9.520601741638378	7.1460858640157765	1.047242489728576	0	0	0	8173776617732391e-21	71719147323905554e-22	2307807275190548e-21	0.0008617432894139491	0.0006517632343936669	8532268989013977e-20
8.4	4.7671321747275135	4.7671321747275135	4.7671321747275135	0.09031157642337188	0.07864068618941071	0.028323195374548773	9.5206017416434	7.146085864011446	1.047242489728889	0	0	0	8174093888806624e-21	71721897643116466e-22	23077019094855803e-22	0.0008617348916736783	0.0006517569433872793	853236448877581e-19
8.5	4.7671321747275135	4.7671321747275135	4.7671321747275135	0.09031157642332183	0.07864068618946057	0.028323195374539856	9.520601741644736	7.146085864010299	1.0472424897289727	0	0	0	8174177126271519e-21	71722625483157705e-22	23076766986096824e-22	0.0008617327116162141	0.0006517552966929976	8532387301073381e-20
8.6	4.7671321747275135	4.7671321747275135	4.7671321747275135	0.09031157642328451	0.07864068618949806	0.028323195374533247	9.520601741645732	7.146085864009438	1.0472424897290347	0	0	0	8174240433104241e-21	7172317238251552e-21	2307655029951853e-21	0.0008617310558222317	0.000651754060918544	8532406982046011e-20
8.7	4.7671321747275135	4.7671321747275135	4.7671321747275135	0.09031157642326891	0.07864068618951367	0.02832319537453048	9.52060174164615	7.14608586400908	1.0472424897290604	0	0	0	8174266761119321e-21	7172340059192712e-21	23076462733093574e-22	0.0008617303781928916	0.0006517535537255397	8532414935731701e-20
8.8	4.7671321747275135	4.7671321747275135	4.7671321747275135	0.09031157642326168	0.0786406861895209	0.028323195374529205	9.520601741646342	7.146085864008913	1.0472424897290722	0	0	0	8174279024279794e-21	7172350631272385e-21	2307641998895265e-21	0.0008617300703942392	0.0006517533248013834	8532418825917793e-20
8.9	4.7671321747275135	4.7671321747275135	4.7671321747275135	0.09031157642325693	0.07864068618952574	0.028323195374528373	9.52060174164647	7.1460858640088025	1.0472424897290804	0	0	0	8174287218936165e-21	7172357670186987e-21	2307639042276031e-21	0.0008617298673476495	0.00065175317443016	853242151667108e-19
9	4.7671321747275135	4.7671321747275135	4.7671321747275135	0.09031157642325557	0.07864068618952715	0.028323195374528133	9.520601741646505	7.14608586400877	1.0472424897290828	0	0	0	8174289556778658e-21	7172359687642317e-21	23076382296398176e-22	0.0008617298171996377	0.0006517531373124548	8532422254598994e-20
9.1	4.7671321747275135	4.7671321747275135	4.7671321747275135	0.09031157642325419	0.07864068618952853	0.028323195374527883	9.520601741646542	7.146085864008738	1.047242489729085	0	0	0	8174291962773858e-21	7172361736360264e-21	2307637300449584e-21	0.0008617297629829008	0.0006517530977226773	8532423097849737e-20
9.2	4.7671321747275135	4.7671321747275135	4.7671321747275135	0.09031157642325385	0.0786406861895289	0.02832319537452782	9.520601741646551	7.14608586400873	1.0472424897290857	0	0	0	8174292540251443e-21	7172362233233894e-21	23076370920319327e-22	0.0008617297555155258	0.0006517530923753237	8532423282717656e-20
9.3	4.7671321747275135	4.7671321747275135	4.7671321747275135	0.0903115764232535	0.0786406861895292	0.028323195374527765	9.52060174164656	7.146085864008723	1.0472424897290862	0	0	0	8174293111585852e-21	71723627164823285e-22	23076368599524184e-22	0.0008617297467207012	0.0006517530861881522	8532423488660765e-20
9.4	4.7671321747275135	4.7671321747275135	4.7671321747275135	0.09031157642325341	0.07864068618952928	0.028323195374527748	9.520601741646564	7.146085864008722	1.0472424897290866	0	0	0	8174293287145772e-21	7172362866176926e-21	23076367910387004e-22	0.0008617297472297866	0.0006517530867321958	853242354526515e-19
9.5	4.7671321747275135	4.7671321747275135	4.7671321747275135	0.09031157642325334	0.07864068618952938	0.028323195374527738	9.520601741646564	7.146085864008721	1.0472424897290864	0	0	0	8174293404691297e-21	7172362965129838e-21	23076367408829103e-22	0.0008617297482968684	0.0006517530876835794	8532423584742491e-20
9.6	4.7671321747275135	4.7671321747275135	4.7671321747275135	0.09031157642325331	0.0786406861895294	0.028323195374527727	9.520601741646566	7.14608586400872	1.0472424897290866	0	0	0	8174293460403842e-21	7172363012103244e-21	23076367167698296e-22	0.0008617297502132695	0.0006517530892180095	85324236005969e-18
9.7	4.767132174727514	4.767132174727514	4.767132174727514	0.09031157642325352	0.07864068618952907	0.02832319537452777	9.520601741646558	7.146085864008729	1.0472424897290862	0	0	0	8174293118982035e-21	71723627342187995e-22	23076368830359847e-22	0.0008617297620307986	0.0006517530977206692	8532423442480662e-20
9.8	4.7671321747275135	4.7671321747275135	4.7671321747275135	0.09031157642327911	0.07864068618949359	0.028323195374531963	9.520601741645875	7.146085864009543	1.047242489729047	0	0	0	8174256162680279e-21	7172332596838761e-21	23076548273826354e-22	0.0008617307458861104	0.0006517537922177224	8532407006025696e-20
9.9	4.7671321747275135	4.7671321747275135	4.7671321747275135	0.09031157642334008	0.0786406861894091	0.02832319537454196	9.520601741644247	7.146085864011486	1.0472424897289545	0	0	0	8174168124922043e-21	7172260801048263e-21	23076975703420525e-22	0.0008617330861023531	0.0006517554439859483	853236786283843e-19
10	4.7671321747275135	4.7671321747275135	4.7671321747275135	0.09031157642342694	0.07864068618928868	0.028323195374556197	9.52060174164193	7.146085864014254	1.0472424897288226	0	0	0	8174042679829875e-21	717215849612137e-20	2307758467498057e-21	0.0008617364195195109	0.0006517577967687779	8532312097033832e-20
10.1	4.7671321747275135	4.7671321747275135	4.7671321747275135	0.09031157642353022	0.07864068618914548	0.02832319537457313	9.52060174163917	7.146085864017545	1.0472424897286654	0	0	0	8173893501526327e-21	71720368313321415e-22	2307830874434471e-21	0.0008617403829775688	0.0006517605943096425	853224579272687e-19
10.2	4.7671321747275135	4.7671321747275135	4.7671321747275135	0.09031157642364046	0.07864068618899263	0.028323195374591204	9.520601741636224	7.1460858640210585	1.0472424897284975	0	0	0	8173734264133946e-21	7171906955954648e-21	2307908146735115e-21	0.0008617446133165114	0.0006517635803519736	8532175034032518e-20
10.3	4.767132174727514	4.767132174727514	4.767132174727514	0.09031157642374824	0.07864068618884322	0.02832319537460887	9.520601741633348	7.146085864024493	1.0472424897283341	0	0	0	8173578641775282e-21	7171780019262953e-21	23079836399838116e-22	0.0008617487473763236	0.0006517664986392022	8532105905065746e-20
10.4	4.7671321747275135	4.7671321747275135	4.7671321747275135	0.09031157642384403	0.07864068618871041	0.028323195374624563	9.520601741630788	7.146085864027546	1.0472424897281885	0	0	0	8173440308572888e-21	7171667170531119e-21	23080507097643822e-22	0.0008617524219969895	0.0006517690929147598	8532044489941524e-20
10.5	4.7671321747275135	4.7671321747275135	4.7671321747275135	0.09031157642391845	0.0786406861886073	0.028323195374636744	9.5206017416288	7.146085864029916	1.0472424897280754	0	0	0	8173332938649308e-21	7171579559033213e-21	2308102711660647e-21	0.0008617552740184943	0.0006517711069220776	8531996872774823e-20
10.6	4.7671321747275135	4.7671321747275135	4.7671321747275135	0.09031157642396194	0.078640686188547	0.028323195374643853	9.520601741627639	7.146085864031302	1.0472424897280095	0	0	0	8173270206127097e-21	7171528334043299e-21	23081330012564284e-22	0.0008617569402808223	0.000651772284404587	8531969137680615e-20
10.7	4.7671321747275135	4.7671321747275135	4.7671321747275135	0.09031157642396512	0.07864068618854267	0.02832319537464434	9.520601741627553	7.146085864031401	1.047242489728005	0	0	0	8173265785128802e-21	7171524644835441e-21	23081349341355484e-22	0.0008617570576239583	0.0006517723691057193	8531967368773867e-20
10.8	4.7671321747275135	4.7671321747275135	4.7671321747275135	0.09031157642391845	0.0786406861886074	0.028323195374636654	9.5206017416288	7.146085864029914	1.0472424897280763	0	0	0	8173333349776976e-21	7171579640683704e-21	2308101865881828e-21	0.000861755262887887	0.0006517711047689057	8531997650169553e-20
10.9	4.7671321747275135	4.7671321747275135	4.7671321747275135	0.09031157642381252	0.07864068618875429	0.02832319537461924	9.52060174163163	7.146085864026536	1.0472424897282377	0	0	0	8173486574194164e-21	7171704470862153e-21	23080271520790887e-22	0.000861751192912593	0.0006517682351375775	8532066065982642e-20
11	4.7671321747275135	4.7671321747275135	4.7671321747275135	0.09031157642363784	0.07864068618899654	0.028323195374590545	9.520601741636295	7.146085864020966	1.047242489728504	0	0	0	8173739132502917e-21	7171910284644853e-21	23079041483111514e-22	0.000861744484538061	0.0006517635039551661	8532178700328106e-20
11.1	4.7671321747275135	4.7671321747275135	4.7671321747275135	0.09031157642341688	0.0786406861893029	0.02832319537455433	9.5206017416422	7.1460858640139255	1.04724248972884	0	0	0	8174058259570938e-21	7172170586100717e-21	23077493067052704e-22	0.0008617360080578543	0.0006517575203851846	8532320477501407e-20
11.2	4.7671321747275135	4.7671321747275135	4.7671321747275135	0.09031157642335032	0.07864068618939461	0.028323195374543853	9.520601741643976	7.146085864011816	1.047242489728937	0	0	0	817415226175258e-20	7172248496968588e-21	23077066921568464e-22	0.0008617335111867582	0.0006517557299346925	8532359434044067e-20
11.3	4.7671321747275135	4.7671321747275135	4.7671321747275135	0.09031157642332688	0.07864068618942692	0.028323195374540144	9.520601741644601	7.1460858640110745	1.0472424897289712	0	0	0	8174185482812047e-21	71722759395453215e-22	23076914543286107e-22	0.0008617326292551409	0.0006517550996194993	8532373370217625e-20
11.4	4.7671321747275135	4.7671321747275135	4.7671321747275135	0.09031157642328468	0.07864068618948564	0.028323195374533056	9.520601741645727	7.146085864009724	1.047242489729037	0	0	0	8174247259510257e-21	7172325843423126e-21	23076603140195277e-22	0.0008617309890707502	0.0006517539528020052	8532401910644199e-20
11.5	4.7671321747275135	4.7671321747275135	4.7671321747275135	0.09031157642327861	0.07864068618949394	0.028323195374532147	9.52060174164589	7.146085864009534	1.0472424897290455	0	0	0	8174255634747398e-21	71723329116209975e-22	2307656777636449e-21	0.0008617307669750142	0.000651753790693242	8532405139046817e-20
11.6	4.7671321747275135	4.7671321747275135	4.7671321747275135	0.09031157642326568	0.07864068618951206	0.028323195374529892	9.520601741646235	7.146085864009118	1.0472424897290664	0	0	0	8174274963481468e-21	7172348299330356e-21	2307646539560402e-21	0.0008617302541231243	0.000651753437242944	8532414533670464e-20
11.7	4.7671321747275135	4.7671321747275135	4.7671321747275135	0.09031157642326074	0.07864068618951892	0.028323195374529063	9.520601741646368	7.146085864008961	1.047242489729074	0	0	0	817428216404858e-20	717235411633262e-20	23076428989294244e-22	0.0008617300632108517	0.000651753303765191	8532417871472539e-20
11.8	4.7671321747275135	4.7671321747275135	4.7671321747275135	0.09031157642325884	0.07864068618952158	0.028323195374528733	9.520601741646418	7.146085864008899	1.047242489729077	0	0	0	8174284978115941e-21	7172356372967939e-21	23076414441688227e-22	0.000861729988747403	0.0006517532520919183	8532419206349545e-20
11.9	4.7671321747275135	4.7671321747275135	4.7671321747275135	0.09031157642325566	0.07864068618952606	0.028323195374528157	9.520601741646503	7.146085864008797	1.0472424897290824	0	0	0	8174289823901932e-21	7172360175477555e-21	23076387591955734e-22	0.0008617298603165549	0.0006517531648395489	8532421672791434e-20
12	4.7671321747275135	4.7671321747275135	4.7671321747275135	0.09031157642325517	0.0786406861895267	0.028323195374528078	9.520601741646518	7.146085864008782	1.047242489729083	0	0	0	8174290467254558e-21	7172360705697018e-21	23076384527400915e-22	0.0008617298434022769	0.0006517531527856554	8532421953740568e-20
12.1	4.7671321747275135	4.7671321747275135	4.7671321747275135	0.0903115764232542	0.07864068618952812	0.028323195374527897	9.520601741646542	7.14608586400875	1.047242489729085	0	0	0	817429204559479e-20	7172361923896992e-21	23076375393133713e-22	0.0008617298016517684	0.0006517531248891046	8532422793720675e-20
12.2	4.7671321747275135	4.7671321747275135	4.7671321747275135	0.09031157642325383	0.07864068618952863	0.028323195374527835	9.520601741646551	7.146085864008738	1.0472424897290855	0	0	0	8174292598215068e-21	7172362357891413e-21	23076372329420752e-22	0.0008617297870968099	0.0006517531150007138	853242307533504e-19
12.3	4.7671321747275135	4.7671321747275135	4.7671321747275135	0.0903115764232537	0.07864068618952884	0.028323195374527807	9.520601741646555	7.146085864008733	1.0472424897290857	0	0	0	8174292837711352e-21	717236254374221e-20	23076370962720666e-22	0.0008617297808334944	0.0006517531108001136	8532423201101738e-20
12.4	4.767132174727514	4.767132174727514	4.767132174727514	0.09031157642325346	0.07864068618952917	0.028323195374527765	9.520601741646562	7.146085864008725	1.0472424897290862	0	0	0	817429321759023e-20	7172362832562351e-21	2307636868216498e-21	0.0008617297708285596	0.0006517531042185891	8532423411005718e-20
12.5	4.7671321747275135	4.7671321747275135	4.7671321747275135	0.09031157642325341	0.0786406861895292	0.028323195374527762	9.520601741646564	7.146085864008724	1.0472424897290862	0	0	0	8174293267314542e-21	7172362872459929e-21	23076368419734016e-22	0.0008617297695699458	0.0006517531033486437	8532423435156643e-20
12.6	4.7671321747275135	4.7671321747275135	4.7671321747275135	0.09031157642325936	0.07864068618952152	0.02832319537452915	9.520601741646404	7.146085864008899	1.0472424897290733	0	0	0	8174283722691105e-21	7172355973772406e-21	23076431591089984e-22	0.00086173002278274	0.0006517532619892358	8532417613188273e-20
12.7	4.767132174727513	4.767132174727513	4.767132174727513	0.09031157642330372	0.07864068618946421	0.028323195374539537	9.520601741645219	7.146085864010217	1.0472424897289765	0	0	0	8174212567961456e-21	7172304521665941e-21	2307690216638098e-21	0.0008617319101484916	0.0006517544449147199	8532374244545205e-20
12.8	4.767132174727513	4.767132174727513	4.767132174727513	0.09031157642337931	0.07864068618936657	0.028323195374557224	9.520601741643198	7.146085864012463	1.0472424897288117	0	0	0	8174091363356918e-21	71722168704599585e-22	2307770361839093e-21	0.0008617351250438105	0.0006517564600585339	8532300382181255e-20
12.9	4.7671321747275135	4.7671321747275135	4.7671321747275135	0.09031157642347173	0.07864068618924719	0.02832319537457885	9.520601741640728	7.146085864015207	1.04724248972861	0	0	0	8173943188801e-18	7172109704980158e-21	23078683244786264e-22	0.000861739055293905	0.0006517589238340378	8532210099405778e-20
13	4.7671321747275135	4.7671321747275135	4.7671321747275135	0.0903115764235666	0.07864068618912465	0.02832319537460105	9.520601741638192	7.146085864018024	1.0472424897284032	0	0	0	8173791124217205e-21	7171999710052239e-21	2307968834323335e-21	0.0008617430887239845	0.0006517614526545914	853211746952813e-19
13.1	4.7671321747275135	4.7671321747275135	4.7671321747275135	0.09031157642364952	0.07864068618901755	0.028323195374620445	9.520601741635978	7.1460858640204865	1.0472424897282224	0	0	0	817365824952904e-20	7171903570501902e-21	230805662113986e-20	0.0008617466131592581	0.0006517636629335548	8532036565857664e-20
13.2	4.7671321747275135	4.7671321747275135	4.7671321747275135	0.09031157642370612	0.07864068618894447	0.028323195374633674	9.520601741634467	7.146085864022166	1.047242489728099	0	0	0	8173567644660014e-21	7171837971154843e-21	23081164146948415e-22	0.0008617490164249344	0.0006517651710842881	8531981461703737e-20
13.3	4.7671321747275135	4.7671321747275135	4.7671321747275135	0.090311576423722	0.078640686188924	0.02832319537463737	9.520601741634042	7.146085864022637	1.0472424897280648	0	0	0	8173542389533631e-21	7171819596836766e-21	23081329447549194e-22	0.0008617496863462228	0.0006517655935201513	8531966230375705e-20
13.4	4.7671321747275135	4.7671321747275135	4.7671321747275135	0.09031157642368277	0.07864068618897473	0.028323195374628154	9.520601741635089	7.146085864021471	1.0472424897281505	0	0	0	8173605564073393e-21	7171865132373367e-21	2308090941086733e-21	0.000861748010748332	0.0006517645466545043	8532004945182923e-20
13.5	4.7671321747275135	4.7671321747275135	4.7671321747275135	0.09031157642357408	0.07864068618911525	0.028323195374602674	9.520601741637995	7.14608586401824	1.0472424897283878	0	0	0	8173780248202815e-21	7171991262590346e-21	23079751334569223e-22	0.0008617433774564708	0.0006517616469007071	8532111679434747e-20
13.6	4.767132174727514	4.767132174727514	4.767132174727514	0.09031157642339681	0.07864068618934436	0.028323195374561155	9.520601741642734	7.146085864012973	1.0472424897287749	0	0	0	8174064815824847e-21	7172196910083069e-21	2307786743210247e-21	0.0008617358295689439	0.0006517569190292639	8532285305002867e-20
13.7	4.7671321747275135	4.7671321747275135	4.7671321747275135	0.09031157642331776	0.07864068618944614	0.028323195374542826	9.520601741644844	7.146085864010634	1.0472424897289458	0	0	0	8174190120316923e-21	7172288286271948e-21	23077050088392274e-22	0.0008617325057078339	0.0006517548182777071	8532360612503852e-20
13.8	4.7671321747275135	4.7671321747275135	4.7671321747275135	0.09031157642328805	0.07864068618948442	0.028323195374535922	9.520601741645637	7.146085864009754	1.04724248972901	0	0	0	8174237322282916e-21	7172322643569567e-21	23076741455202977e-22	0.0008617312536359602	0.0006517540284010187	8532389050380013e-20
13.9	4.7671321747275135	4.7671321747275135	4.7671321747275135	0.09031157642326747	0.07864068618951103	0.028323195374531065	9.520601741646189	7.146085864009142	1.0472424897290553	0	0	0	817427052713269e-20	7172346552211397e-21	23076520449935252e-22	0.0008617303729398913	0.0006517534787402441	8532409420914448e-20
14	4.7671321747275135	4.7671321747275135	4.7671321747275135	0.09031157642326161	0.0786406861895186	0.028323195374529705	9.520601741646345	7.146085864008968	1.047242489729068	0	0	0	8174279847418823e-21	71723533274208415e-22	23076459370059113e-22	0.000861730125717467	0.0006517533229798442	8532415049137915e-20
14.1	4.7671321747275135	4.7671321747275135	4.7671321747275135	0.09031157642325648	0.07864068618952526	0.02832319537452849	9.52060174164648	7.146085864008815	1.0472424897290795	0	0	0	8174288255470947e-21	71723593103241995e-22	23076402417430197e-22	0.000861729902734553	0.000651753185434108	8532420300311743e-20
14.2	4.767132174727513	4.767132174727513	4.767132174727513	0.09031157642325513	0.078640686189527	0.028323195374528175	9.520601741646516	7.146085864008775	1.0472424897290824	0	0	0	8174290416908126e-21	7172360871342119e-21	2307638810193013e-21	0.0008617298454071369	0.0006517531495479662	8532421619680423e-20
14.3	4.7671321747275135	4.7671321747275135	4.7671321747275135	0.09031157642325402	0.07864068618952846	0.028323195374527904	9.520601741646546	7.146085864008741	1.047242489729085	0	0	0	8174292275902174e-21	7172362182093028e-21	2307637534947027e-21	0.0008617297961113891	0.0006517531194151121	8532422795765523e-20
14.4	4.7671321747275135	4.7671321747275135	4.7671321747275135	0.09031157642325367	0.07864068618952891	0.02832319537452782	9.520601741646557	7.146085864008731	1.0472424897290857	0	0	0	8174292837733304e-21	71723625831504725e-22	23076371562198824e-22	0.0008617297812125884	0.0006517531101959991	8532423144928645e-20
14.5	4.7671321747275135	4.7671321747275135	4.7671321747275135	0.09031157642325345	0.07864068618952921	0.028323195374527772	9.520601741646562	7.146085864008724	1.0472424897290862	0	0	0	8174293215040005e-21	7172362847349175e-21	2307636895044832e-21	0.0008617297712088929	0.0006517531041230652	8532423385834667e-20
14.6	4.7671321747275135	4.7671321747275135	4.7671321747275135	0.09031157642325337	0.07864068618952932	0.02832319537452774	9.520601741646564	7.146085864008722	1.0472424897290866	0	0	0	8174293366788168e-21	7172362954201352e-21	23076367907700533e-22	0.0008617297671860133	0.000651753101667353	8532423482003916e-20
14.7	4.7671321747275135	4.7671321747275135	4.7671321747275135	0.09031157642325331	0.0786406861895294	0.028323195374527734	9.520601741646564	7.146085864008721	1.0472424897290864	0	0	0	8174293439989443e-21	71723630052235825e-22	2307636739808122e-21	0.0008617297652459303	0.0006517531004950182	8532423529015166e-20
14.8	4.7671321747275135	4.7671321747275135	4.7671321747275135	0.09031157642325328	0.07864068618952942	0.028323195374527724	9.520601741646566	7.14608586400872	1.0472424897290864	0	0	0	8174293480804576e-21	7172363033569943e-21	23076367112495156e-22	0.0008617297641644126	0.0006517530998438626	8532423555361735e-20
14.9	4.7671321747275135	4.7671321747275135	4.7671321747275135	0.09031157642325344	0.07864068618952928	0.028323195374527706	9.520601741646562	7.146085864008723	1.0472424897290866	0	0	0	8174293414589519e-21	7172362990252098e-21	23076367608828625e-22	0.0008617297659199284	0.0006517531008401822	8532423509513846e-20
15	4.7671321747275135	4.7671321747275135	4.7671321747275135	0.09031157642331712	0.07864068618946353	0.028323195374521288	9.520601741644866	7.146085864010234	1.0472424897291464	0	0	0	8174259309974655e-21	7172340432509303e-21	2307662017539954e-21	0.0008617306698953286	0.0006517536194476192	853240018450549e-19
15.1	4.7671321747275135	4.7671321747275135	4.7671321747275135	0.09031157642348069	0.07864068618929473	0.028323195374504808	9.520601741640505	7.146085864014114	1.0472424897292998	0	0	0	8174171726820559e-21	7172282500517186e-21	230772687603744e-20	0.0008617329913702788	0.0006517549513161384	8532340286477631e-20
15.2	4.7671321747275135	4.7671321747275135	4.7671321747275135	0.09031157642372098	0.07864068618904674	0.02832319537448059	9.520601741634103	7.146085864019817	1.0472424897295252	0	0	0	8174043051138719e-21	7172197384822111e-21	2307822161493552e-21	0.0008617364020424002	0.000651756908143427	8532252288646165e-20
15.3	4.7671321747275135	4.7671321747275135	4.7671321747275135	0.09031157642401488	0.0786406861887434	0.028323195374450976	9.520601741626267	7.14608586402679	1.047242489729801	0	0	0	8173885668940616e-21	71720932759704395e-22	23079386990265217e-22	0.000861740573609315	0.0006517593016271717	8532144664226991e-20
15.4	4.7671321747275135	4.7671321747275135	4.7671321747275135	0.09031157642433929	0.07864068618840858	0.028323195374418287	9.520601741617623	7.146085864034488	1.0472424897301054	0	0	0	8173711966237733e-21	7171978364508531e-21	23080673137545805e-22	0.000861745177768645	0.0006517619434650593	8532025886436002e-20
15.5	4.7671321747275135	4.7671321747275135	4.7671321747275135	0.0903115764246711	0.07864068618806616	0.028323195374384855	9.520601741608779	7.1460858640423615	1.0472424897304164	0	0	0	8173534329041558e-21	71718608409827456e-22	230819883079596e-20	0.0008617498862180115	0.000651764645354777	8531904428489095e-20
15.6	4.767132174727514	4.767132174727514	4.767132174727514	0.0903115764249871	0.07864068618774	0.028323195374353013	9.520601741600357	7.146085864049859	1.0472424897307127	0	0	0	8173365143363572e-21	7171748895939444e-21	23083240752688912e-22	0.0008617543706550363	0.0006517672189940117	853178876360217e-19
15.7	4.7671321747275135	4.7671321747275135	4.7671321747275135	0.09031157642526423	0.07864068618745396	0.028323195374325098	9.52060174159297	7.146085864056435	1.047242489730973	0	0	0	8173216795215258e-21	7171650719924988e-21	2308433872291606e-21	0.0008617583027773413	0.00065176947608045	8531687364991117e-20
15.8	4.7671321747275135	4.7671321747275135	4.7671321747275135	0.09031157642547939	0.07864068618723188	0.028323195374303424	9.520601741587235	7.146085864061541	1.0472424897311745	0	0	0	8173101670608103e-21	717157450348574e-20	23085190469823366e-22	0.000861761354282548	0.0006517712283117793	8531608705871838e-20
15.9	4.7671321747275135	4.7671321747275135	4.7671321747275135	0.0903115764256094	0.07864068618709767	0.02832319537429034	9.52060174158377	7.146085864064625	1.0472424897312964	0	0	0	8173032155553586e-21	7171528437168058e-21	23085704244593143e-22	0.0008617631968682784	0.0006517722873856861	8531561259460226e-20
16	4.7671321747275135	4.7671321747275135	4.7671321747275135	0.09031157642563117	0.07864068618707515	0.028323195374288162	9.520601741583189	7.146085864065144	1.0472424897313164	0	0	0	8173020636063197e-21	7171520711518305e-21	230857882984077e-20	0.0008617635022321541	0.0006517724649998577	853155349897218e-19
16.1	4.7671321747275135	4.7671321747275135	4.7671321747275135	0.09031157642552157	0.07864068618718822	0.028323195374299233	9.520601741586109	7.1460858640625435	1.0472424897312134	0	0	0	8173079498148415e-21	7171559517082841e-21	2308535088244935e-21	0.0008617619420717967	0.0006517715728519809	8531593897623592e-20
16.2	4.7671321747275135	4.7671321747275135	4.7671321747275135	0.09031157642525747	0.07864068618746073	0.028323195374325868	9.520601741593147	7.146085864056278	1.0472424897309651	0	0	0	8173221127820727e-21	7171653044408027e-21	23084300247900423e-22	0.0008617581880848279	0.0006517694226397427	8531690928630361e-20
16.3	4.7671321747275135	4.7671321747275135	4.7671321747275135	0.09031157642481573	0.07864068618791654	0.02832319537437041	9.520601741604919	7.1460858640458	1.0472424897305506	0	0	0	8173457911091616e-21	71718094840402245e-22	23082544645943223e-22	0.0008617519119688698	0.00065176582606083	8531853065208385e-20
16.4	4.7671321747275135	4.7671321747275135	4.7671321747275135	0.09031157642417327	0.07864068618857951	0.028323195374435194	9.520601741622043	7.146085864030558	1.0472424897299473	0	0	0	8173802233972565e-21	7172037026525792e-21	2307999232776007e-21	0.0008617427854215436	0.0006517605948129295	8532088780573556e-20
16.5	4.7671321747275135	4.7671321747275135	4.7671321747275135	0.09031157642365924	0.07864068618911045	0.028323195374486812	9.520601741635742	7.14608586401835	1.0472424897294665	0	0	0	8174076052466604e-21	7172219258323117e-21	2307797713380527e-21	0.0008617355273128312	0.0006517564052670722	8532274866803887e-20
16.6	4.7671321747275135	4.7671321747275135	4.7671321747275135	0.09031157642365198	0.07864068618911901	0.028323195374487117	9.520601741635936	7.146085864018153	1.0472424897294639	0	0	0	8174076511575575e-21	7172222203884776e-21	2307800370882173e-21	0.0008617355144508071	0.0006517563375482997	8532272363220321e-20
16.7	4.7671321747275135	4.7671321747275135	4.7671321747275135	0.09031157642353531	0.0786406861892392	0.028323195374498965	9.520601741639044	7.146085864015391	1.0472424897293537	0	0	0	8174139702316774e-21	71722634541762766e-22	23077529877959297e-22	0.0008617338396564328	0.0006517553891959028	8532316132205085e-20
16.8	4.767132174727514	4.767132174727514	4.767132174727514	0.09031157642340736	0.07864068618937113	0.028323195374511903	9.520601741642459	7.146085864012357	1.0472424897292334	0	0	0	8174208638941254e-21	7172308720670125e-21	23077015118924907e-22	0.0008617320125242285	0.0006517543485101414	8532363677948884e-20
16.9	4.7671321747275135	4.7671321747275135	4.7671321747275135	0.09031157642341812	0.07864068618936038	0.028323195374510647	9.52060174164217	7.146085864012605	1.0472424897292452	0	0	0	8174201494440838e-21	7172305026013458e-21	23077079026456932e-22	0.0008617322016416087	0.0006517544334511879	8532357757559072e-20
17	4.7671321747275135	4.7671321747275135	4.7671321747275135	0.09031157642334037	0.07864068618944012	0.028323195374518703	9.520601741644246	7.146085864010772	1.0472424897291703	0	0	0	8174244891128038e-21	7172332394827411e-21	23076743196122816e-22	0.0008617310517059443	0.000651753804236683	853238879622507e-19
17.1	4.7671321747275135	4.7671321747275135	4.7671321747275135	0.09031157642331646	0.07864068618946475	0.028323195374521104	9.52060174164488	7.146085864010206	1.0472424897291477	0	0	0	8174257656242155e-21	71723408531721355e-22	2307664839010147e-21	0.0008617307133609158	0.000651753609777729	8532397551996275e-20
17.2	4.7671321747275135	4.7671321747275135	4.7671321747275135	0.09031157642331675	0.0786406861894645	0.02832319537452103	9.520601741644873	7.14608586401021	1.0472424897291484	0	0	0	8174257178686384e-21	7172340775669823e-21	2307665431510694e-21	0.00086173072596381	0.0006517536115596276	8532397000741309e-20
17.3	4.7671321747275135	4.7671321747275135	4.7671321747275135	0.09031157642328222	0.07864068618949982	0.028323195374524667	9.520601741645793	7.1460858640093985	1.0472424897291146	0	0	0	8174276901020273e-21	7172352893154557e-21	2307649849881815e-21	0.0008617302034306927	0.0006517533329762528	853241140707381e-19
17.4	4.7671321747275135	4.7671321747275135	4.7671321747275135	0.09031157642328005	0.0786406861895021	0.028323195374524875	9.52060174164585	7.146085864009347	1.0472424897291128	0	0	0	8174277854988062e-21	7172353670590092e-21	23076492714781804e-22	0.0008617301781152851	0.000651753315102901	8532411938964808e-20
17.5	4.7671321747275135	4.7671321747275135	4.7671321747275135	0.09031157642327452	0.07864068618950776	0.028323195374525465	9.520601741645997	7.146085864009216	1.0472424897291075	0	0	0	8174281039103092e-21	7172355610904958e-21	230764674285512e-20	0.0008617300937568716	0.0006517532704947074	8532414277081021e-20
17.6	4.7671321747275135	4.7671321747275135	4.7671321747275135	0.09031157642326389	0.07864068618951864	0.028323195374526582	9.520601741646283	7.146085864008967	1.047242489729097	0	0	0	817428722711834e-20	7172359338736811e-21	2307641783860941e-21	0.0008617299298247829	0.0006517531847911295	8532418863168785e-20
17.7	4.7671321747275135	4.7671321747275135	4.7671321747275135	0.0903115764232645	0.07864068618951804	0.028323195374526485	9.520601741646265	7.146085864008979	1.047242489729098	0	0	0	8174286766774276e-21	7172359136592666e-21	23076422170595336e-22	0.0008617299420051867	0.0006517531894384918	8532418461478262e-20
17.8	4.767132174727513	4.767132174727513	4.767132174727513	0.09031157642325972	0.07864068618952288	0.028323195374527012	9.520601741646392	7.146085864008868	1.047242489729093	0	0	0	8174289630132647e-21	7172360800891098e-21	2307639871421859e-21	0.0008617298661613477	0.0006517531511759465	853242063158132e-19
17.9	4.7671321747275135	4.7671321747275135	4.7671321747275135	0.09031157642325753	0.07864068618952512	0.02832319537452726	9.520601741646452	7.146085864008818	1.0472424897290908	0	0	0	8174290908655628e-21	7172361569489781e-21	23076388439061865e-22	0.0008617298322915895	0.0006517531335057174	853242158186781e-19
18	4.767132174727514	4.767132174727514	4.767132174727514	0.0903115764232577	0.07864068618952494	0.028323195374527235	9.520601741646447	7.146085864008822	1.0472424897290913	0	0	0	8174290764881646e-21	7172361506633215e-21	2307638978301426e-21	0.0008617298360959715	0.0006517531349508173	853242145725196e-19
18.1	4.7671321747275135	4.7671321747275135	4.7671321747275135	0.09031157642328481	0.07864068618949757	0.02832319537452416	9.520601741645725	7.146085864009451	1.0472424897291197	0	0	0	8174273296030939e-21	7172352076800855e-21	23076538415534684e-22	0.0008617302986778397	0.0006517533517446049	8532407696911606e-20
18.2	4.767132174727513	4.767132174727513	4.767132174727513	0.09031157642343622	0.0786406861893447	0.028323195374507018	9.52060174164169	7.1460858640129645	1.0472424897292791	0	0	0	8174176046546334e-21	71722994077389354e-22	23077364586374256e-22	0.0008617328739110061	0.0006517545626170954	8532331212444185e-20
18.3	4.7671321747275135	4.7671321747275135	4.7671321747275135	0.09031157642365407	0.07864068618912477	0.02832319537448237	9.520601741635886	7.146085864018022	1.0472424897295085	0	0	0	8174036201290766e-21	7172223630178377e-21	2307855234222444e-21	0.0008617365771160074	0.0006517563047586788	8532221253971526e-20
18.4	4.7671321747275135	4.7671321747275135	4.7671321747275135	0.09031157642386392	0.07864068618891286	0.028323195374458626	9.520601741630296	7.1460858640228935	1.0472424897297294	0	0	0	8173901537135121e-21	7172150620334586e-21	23079695811666413e-22	0.0008617401431282247	0.0006517579832698851	8532115395861472e-20
18.5	4.7671321747275135	4.7671321747275135	4.7671321747275135	0.09031157642399143	0.07864068618878409	0.02832319537444422	9.5206017416269	7.146085864025854	1.0472424897298636	0	0	0	8173819830950277e-21	717210625442297e-20	2308038912328136e-21	0.0008617423067830393	0.0006517590032512448	8532051212481867e-20
18.6	4.7671321747275135	4.7671321747275135	4.7671321747275135	0.09031157642396218	0.07864068618881356	0.028323195374447562	9.520601741627678	7.146085864025177	1.0472424897298325	0	0	0	8173838859607124e-21	7172116408658936e-21	2308022640565048e-21	0.0008617418029158326	0.0006517587698032884	8532066278200556e-20
18.7	4.7671321747275135	4.7671321747275135	4.7671321747275135	0.0903115764237018	0.07864068618907638	0.02832319537447707	9.520601741634616	7.146085864019135	1.0472424897295578	0	0	0	8174006399976542e-21	7172206959257896e-21	23078801787354946e-22	0.000861737366361986	0.0006517566880265461	8532198167385386e-20
18.8	4.7671321747275135	4.7671321747275135	4.7671321747275135	0.09031157642344792	0.07864068618933291	0.02832319537450569	9.52060174164138	7.146085864013237	1.0472424897292913	0	0	0	8174168441561609e-21	7172295343143453e-21	23077429359703177e-22	0.0008617330752922828	0.0006517546560629919	8532325215486552e-20
18.9	4.7671321747275135	4.7671321747275135	4.7671321747275135	0.09031157642342202	0.07864068618935946	0.028323195374508416	9.520601741642071	7.146085864012626	1.0472424897292663	0	0	0	8174183263104067e-21	71723044847152495e-22	23077310979177466e-22	0.0008617326826323386	0.0006517544458963968	8532336161847568e-20
19	4.7671321747275135	4.7671321747275135	4.7671321747275135	0.09031157642334295	0.07864068618943913	0.02832319537451746	9.52060174164418	7.146085864010795	1.0472424897291819	0	0	0	81742348851587e-19	7172331941006152e-21	2307686915500338e-21	0.0008617313157211595	0.0006517538146706633	8532377070351751e-20
19.1	4.7671321747275135	4.7671321747275135	4.7671321747275135	0.09031157642330724	0.07864068618947517	0.02832319537452148	9.520601741645129	7.146085864009965	1.0472424897291446	0	0	0	817425772628938e-20	7172344357950005e-21	2307667530604206e-21	0.0008617307108677905	0.0006517535292026102	8532395015894996e-20
19.2	4.7671321747275135	4.7671321747275135	4.7671321747275135	0.09031157642329964	0.07864068618948289	0.028323195374522315	9.52060174164533	7.146085864009788	1.0472424897291368	0	0	0	8174262441982788e-21	7172347012049937e-21	23076635878592274e-22	0.0008617305859782459	0.0006517534681843245	8532398664849436e-20
19.3	4.7671321747275135	4.7671321747275135	4.7671321747275135	0.09031157642327317	0.07864068618950945	0.028323195374525392	9.520601741646034	7.146085864009177	1.047242489729108	0	0	0	8174280145574673e-21	7172356170345291e-21	23076482700997285e-22	0.0008617301172396969	0.000651753257633248	853241285045528e-19
19.4	4.7671321747275135	4.7671321747275135	4.7671321747275135	0.09031157642326978	0.07864068618951289	0.02832319537452576	9.520601741646127	7.146085864009098	1.0472424897291044	0	0	0	817428223638478e-20	7172357361716163e-21	23076465260420164e-22	0.0008617300618661346	0.000651753230243415	8532414464442625e-20
19.5	4.7671321747275135	4.7671321747275135	4.7671321747275135	0.09031157642326287	0.07864068618951983	0.028323195374526582	9.520601741646312	7.146085864008939	1.0472424897290968	0	0	0	817428694782529e-20	7172359748226679e-21	23076424205156333e-22	0.0008617299371279901	0.0006517531753770496	8532418267054012e-20
19.6	4.7671321747275135	4.7671321747275135	4.7671321747275135	0.09031157642325857	0.0786406861895241	0.028323195374527082	9.520601741646427	7.14608586400884	1.0472424897290922	0	0	0	817428983270907e-20	7172361226661232e-21	23076399152687184e-22	0.0008617298607469444	0.0006517531413875236	8532420587291535e-20
19.7	4.767132174727513	4.767132174727513	4.767132174727513	0.09031157642325799	0.07864068618952469	0.028323195374527144	9.520601741646441	7.146085864008827	1.0472424897290917	0	0	0	8174290193279932e-21	7172361429029051e-21	23076396120184965e-22	0.000861729851198014	0.0006517531367350402	8532420867966064e-20
19.8	4.7671321747275135	4.7671321747275135	4.7671321747275135	0.09031157642325532	0.07864068618952738	0.028323195374527474	9.520601741646512	7.146085864008765	1.0472424897290886	0	0	0	8174292067910569e-21	7172362348413105e-21	23076379614407486e-22	0.0008617298015700043	0.0006517531155982113	8532422397070621e-20
19.9	4.7671321747275135	4.7671321747275135	4.7671321747275135	0.0903115764232549	0.0786406861895278	0.028323195374527526	9.520601741646525	7.1460858640087555	1.0472424897290882	0	0	0	8174292362264808e-21	7172362503795418e-21	2307637707940554e-21	0.0008617297937760953	0.0006517531120259281	853242263180718e-19
20	4.7671321747275135	4.7671321747275135	4.7671321747275135	0.09031157642325431	0.07864068618952838	0.028323195374527592	9.52060174164654	7.146085864008742	1.0472424897290875	0	0	0	8174292773418092e-21	71723627024331105e-22	2307637344460057e-21	0.0008617297828918025	0.0006517531074591959	8532422968566354e-20
20.1	4.767132174727514	4.767132174727514	4.767132174727514	0.09031157642325383	0.07864068618952891	0.028323195374527665	9.520601741646553	7.146085864008731	1.0472424897290868	0	0	0	817429313138031e-20	7172362875439413e-21	23076370278979984e-22	0.0008617297734156854	0.0006517531034817395	853242326185696e-19
20.2	4.7671321747275135	4.7671321747275135	4.7671321747275135	0.09031157642325376	0.07864068618952894	0.028323195374527668	9.520601741646553	7.146085864008729	1.0472424897290868	0	0	0	8174293163010325e-21	7172362893055193e-21	230763700105384e-20	0.0008617297725781528	0.0006517531030767423	8532423286705699e-20
20.3	4.7671321747275135	4.7671321747275135	4.7671321747275135	0.09031157642327668	0.07864068618950613	0.02832319537452482	9.520601741645942	7.146085864009255	1.0472424897291135	0	0	0	817427660891701e-20	7172355527883373e-21	23076519311053156e-22	0.0008617302107394429	0.0006517532724035362	8532409448398197e-20
20.4	4.7671321747275135	4.7671321747275135	4.7671321747275135	0.09031157642340099	0.0786406861893825	0.028323195374509395	9.520601741642631	7.146085864012097	1.0472424897292572	0	0	0	817418685668611e-20	7172315574570125e-21	23077328688758737e-22	0.0008617325863445892	0.0006517541909383588	853233442930281e-19
20.5	4.767132174727514	4.767132174727514	4.767132174727514	0.09031157642359901	0.07864068618918554	0.02832319537448482	9.520601741637355	7.146085864016625	1.0472424897294856	0	0	0	8174043907882164e-21	7172251931675629e-21	230786177499398e-20	0.0008617363699830855	0.0006517556541014948	8532214949683967e-20
20.6	4.7671321747275135	4.7671321747275135	4.7671321747275135	0.09031157642383178	0.07864068618895398	0.028323195374455927	9.52060174163115	7.146085864021948	1.0472424897297545	0	0	0	8173875861641917e-21	7172177102976994e-21	2308013308015477e-21	0.0008617408179139285	0.0006517573744285548	8532074497900542e-20
20.7	4.767132174727513	4.767132174727513	4.767132174727513	0.09031157642406049	0.07864068618872651	0.028323195374427554	9.520601741625057	7.146085864027178	1.0472424897300185	0	0	0	8173710817102118e-21	7172103592251332e-21	23081621264962065e-22	0.0008617451863961158	0.0006517590644551495	8531936562311409e-20
20.8	4.7671321747275135	4.7671321747275135	4.7671321747275135	0.09031157642424614	0.07864068618854178	0.028323195374404524	9.52060174162011	7.146085864031424	1.047242489730233	0	0	0	8173576873399514e-21	71720439032757565e-22	23082828889920104e-22	0.0008617487316886442	0.0006517604367168894	8531824631275441e-20
20.9	4.7671321747275135	4.7671321747275135	4.7671321747275135	0.09031157642434992	0.07864068618843854	0.028323195374391666	9.520601741617345	7.1460858640337985	1.0472424897303527	0	0	0	817350212967085e-20	7172010539827375e-21	230835025405873e-20	0.0008617507100505108	0.0006517612037493851	8531762193151515e-20
21	4.7671321747275135	4.7671321747275135	4.7671321747275135	0.09031157642433285	0.07864068618845547	0.02832319537439381	9.5206017416178	7.1460858640334095	1.0472424897303327	0	0	0	8173514685052876e-21	7172016005683302e-21	2308338880252207e-21	0.0008617503777407126	0.0006517610780882472	8531772736298505e-20
21.1	4.7671321747275135	4.7671321747275135	4.7671321747275135	0.09031157642415608	0.07864068618863124	0.028323195374415782	9.52060174162251	7.146085864029368	1.0472424897301285	0	0	0	817364263868233e-20	7172072804620647e-21	2308223426128284e-21	0.0008617469910182468	0.0006517597722690863	8531879749075284e-20
21.2	4.7671321747275135	4.7671321747275135	4.7671321747275135	0.09031157642378065	0.07864068618900455	0.028323195374462422	9.520601741632511	7.146085864020786	1.0472424897296944	0	0	0	8173914089695964e-21	71721934404165205e-22	23079785502428017e-22	0.0008617398061421106	0.0006517569988275129	8532106719840727e-20
21.3	4.7671321747275135	4.7671321747275135	4.7671321747275135	0.09031157642345654	0.07864068618932712	0.028323195374502567	9.520601741641148	7.1460858640133695	1.0472424897293209	0	0	0	8174147394606354e-21	717229767952285e-20	23077683088946197e-22	0.0008617336308801736	0.0006517546023491639	8532301583797466e-20
21.4	4.7671321747275135	4.7671321747275135	4.7671321747275135	0.09031157642337433	0.07864068618940923	0.02832319537451263	9.520601741643338	7.146085864011482	1.047242489729227	0	0	0	8174205533345856e-21	7172324205146412e-21	2307716141025418e-21	0.0008617320919746903	0.0006517539925196426	8532349931326056e-20
21.5	4.7671321747275135	4.7671321747275135	4.7671321747275135	0.09031157642330173	0.07864068618948131	0.028323195374521687	9.520601741645272	7.146085864009825	1.0472424897291428	0	0	0	817425833141515e-20	7172347500104373e-21	2307668451038414e-21	0.000861730694508233	0.0006517534569638066	853239413563621e-19
21.6	4.7671321747275135	4.7671321747275135	4.7671321747275135	0.09031157642327993	0.07864068618950303	0.028323195374524383	9.520601741645853	7.146085864009326	1.0472424897291177	0	0	0	817427396355783e-20	7172354516559748e-21	2307654377375981e-21	0.0008617302807438429	0.0006517532956540743	853240717965242e-19
21.7	4.7671321747275135	4.7671321747275135	4.7671321747275135	0.09031157642326514	0.07864068618951768	0.028323195374526235	9.520601741646248	7.146085864008989	1.0472424897291004	0	0	0	8174284811780171e-21	71723592583163104e-22	23076445627269976e-22	0.0008617299936153822	0.0006517531866401416	8532416277307124e-20
21.8	4.7671321747275135	4.7671321747275135	4.7671321747275135	0.0903115764232591	0.07864068618952366	0.028323195374526985	9.52060174164641	7.146085864008851	1.0472424897290933	0	0	0	8174289212374713e-21	7172361195942993e-21	23076405864379836e-22	0.0008617298771401591	0.0006517531420937143	8532419963000053e-20
21.9	4.767132174727514	4.767132174727514	4.767132174727514	0.09031157642325623	0.07864068618952649	0.02832319537452735	9.520601741646486	7.1460858640087865	1.04724248972909	0	0	0	8174291323011069e-21	7172362113228083e-21	230763867509268e-20	0.000861729821276671	0.0006517531210051468	8532421734756909e-20
22	4.7671321747275135	4.7671321747275135	4.7671321747275135	0.09031157642325457	0.07864068618952816	0.02832319537452756	9.52060174164653	7.1460858640087475	1.047242489729088	0	0	0	8174292553410007e-21	7172362644793461e-21	23076375596199202e-22	0.000861729788711313	0.0006517531087843425	8532422768791937e-20
22.1	4.767132174727513	4.767132174727513	4.767132174727513	0.09031157642325402	0.07864068618952871	0.02832319537452763	9.520601741646544	7.146085864008736	1.0472424897290873	0	0	0	8174292957119856e-21	717236281994024e-20	23076371939239366e-22	0.0008617297780261471	0.0006517531047576654	8532423107783e-17
22.2	4.7671321747275135	4.7671321747275135	4.7671321747275135	0.09031157642325355	0.07864068618952914	0.02832319537452769	9.520601741646557	7.146085864008726	1.0472424897290866	0	0	0	8174293292506364e-21	7172362962252127e-21	2307636888972863e-21	0.0008617297691495846	0.0006517531014858774	8532423390490023e-20
22.3	4.7671321747275135	4.7671321747275135	4.7671321747275135	0.09031157642325342	0.07864068618952925	0.028323195374527703	9.52060174164656	7.146085864008723	1.0472424897290866	0	0	0	8174293378357728e-21	7172362999362669e-21	23076368111516942e-22	0.0008617297668773571	0.0006517531006326988	8532423462628945e-20
22.4	4.7671321747275135	4.7671321747275135	4.7671321747275135	0.09031157642325333	0.07864068618952937	0.028323195374527713	9.520601741646562	7.146085864008721	1.0472424897290864	0	0	0	8174293460445169e-21	7172363033676755e-21	23076367363463132e-22	0.0008617297647048313	0.0006517530998438003	853242353198287e-19
22.5	4.7671321747275135	4.7671321747275135	4.7671321747275135	0.09031157642325328	0.07864068618952935	0.028323195374527717	9.520601741646564	7.14608586400872	1.0472424897290864	0	0	0	8174293482418233e-21	71723630430476355e-22	2307636716384319e-21	0.0008617297641233186	0.0006517530996283359	8532423550489381e-20
22.6	4.7671321747275135	4.7671321747275135	4.7671321747275135	0.09031157642325517	0.07864068618950666	0.028323195374526655	9.520601741646514	7.146085864009242	1.0472424897290975	0	0	0	8174283676527608e-21	7172359168313474e-21	2307645721969409e-21	0.0008617300236318805	0.0006517531887092544	8532415199578595e-20
22.7	4.7671321747275135	4.7671321747275135	4.7671321747275135	0.09031157642326683	0.07864068618936666	0.028323195374520077	9.520601741646207	7.146085864012461	1.0472424897291654	0	0	0	8174223208357843e-21	7172335272217148e-21	23077012542828582e-22	0.0008617316238953481	0.000651753738085372	8532363704284759e-20
22.8	4.7671321747275135	4.7671321747275135	4.7671321747275135	0.09031157642328703	0.07864068618912373	0.028323195374508656	9.520601741645669	7.146085864018045	1.0472424897292831	0	0	0	8174118302314125e-21	7172293813023927e-21	23077975965609047e-22	0.0008617344001876918	0.0006517546912406662	8532274365792768e-20
22.9	4.7671321747275135	4.7671321747275135	4.7671321747275135	0.09031157642331344	0.07864068618880675	0.028323195374493744	9.520601741644969	7.146085864025333	1.047242489729437	0	0	0	8173981403914965e-21	71722397074131825e-22	2307923318717461e-21	0.00086173802314386	0.0006517559351396764	8532157783270328e-20
23	4.7671321747275135	4.7671321747275135	4.7671321747275135	0.09031157642334361	0.07864068618844447	0.028323195374476688	9.520601741644168	7.146085864033663	1.0472424897296133	0	0	0	8173824958678864e-21	7172177872064278e-21	23080669906664374e-22	0.0008617421633988015	0.0006517573567469421	8532024555885129e-20
23.1	4.7671321747275135	4.7671321747275135	4.7671321747275135	0.09031157642337515	0.07864068618806568	0.028323195374458827	9.520601741643333	7.14608586404237	1.0472424897297976	0	0	0	8173661412124334e-21	7172113223656579e-21	23082171823217464e-22	0.0008617464915874644	0.0006517588430270023	8531885282804873e-20
23.2	4.767132174727513	4.767132174727513	4.767132174727513	0.09031157642340563	0.07864068618769922	0.02832319537444152	9.520601741642523	7.146085864050795	1.0472424897299761	0	0	0	8173503209769877e-21	7172050678869456e-21	23083624635972994e-22	0.0008617506783447975	0.0006517602809443968	8531750563197255e-20
23.3	4.7671321747275135	4.7671321747275135	4.7671321747275135	0.09031157642343272	0.07864068618737391	0.028323195374426104	9.520601741641803	7.146085864058274	1.0472424897301351	0	0	0	8173362797134e-18	7171995154382278e-21	23084914044070097e-22	0.0008617543943057492	0.0006517615574636652	8531630996229976e-20
23.4	4.7671321747275135	4.7671321747275135	4.7671321747275135	0.09031157642345398	0.07864068618711854	0.02832319537441393	9.52060174164124	7.146085864064145	1.0472424897302606	0	0	0	8173252619735214e-21	717195156687441e-20	2308592574664787e-21	0.0008617573101052681	0.0006517625595493465	8531537181070731e-20
23.5	4.7671321747275135	4.7671321747275135	4.7671321747275135	0.090311576423467	0.0786406861869619	0.028323195374406352	9.520601741640894	7.146085864067746	1.0472424897303387	0	0	0	8173185123092024e-21	7171924833025218e-21	2308654544284544e-21	0.0008617590963783026	0.0006517631741659804	8531479716887219e-20
23.6	4.7671321747275135	4.7671321747275135	4.7671321747275135	0.09031157642346939	0.07864068618693282	0.028323195374404714	9.52060174164083	7.146085864068414	1.0472424897303554	0	0	0	8173172752722935e-21	7171919869514073e-21	2308665883180193e-21	0.0008617594237598013	0.0006517632882781063	8531469202847136e-20
23.7	4.7671321747275135	4.7671321747275135	4.7671321747275135	0.09031157642345874	0.07864068618706009	0.02832319537441036	9.520601741641112	7.146085864065488	1.0472424897302968	0	0	0	8173227954146456e-21	7171941593020339e-21	2308615161265645e-21	0.0008617579628847125	0.0006517627888502636	853151623811818e-19
23.8	4.7671321747275135	4.7671321747275135	4.7671321747275135	0.0903115764234327	0.07864068618737252	0.028323195374424636	9.520601741641803	7.146085864058305	1.0472424897301489	0	0	0	8173363172881092e-21	7171994920223386e-21	2308490948454812e-21	0.0008617543843879849	0.0006517615628469915	8531631421868052e-20
23.9	4.7671321747275135	4.7671321747275135	4.7671321747275135	0.09031157642338883	0.07864068618789893	0.028323195374448898	9.520601741642967	7.146085864046204	1.0472424897298982	0	0	0	817359085444535e-20	717208476780258e-20	23082818146616063e-22	0.000861748358904567	0.0006517594972328297	8531825353264444e-20
24	4.7671321747275135	4.7671321747275135	4.7671321747275135	0.09031157642332471	0.07864068618866812	0.028323195374484484	9.520601741644667	7.146085864028519	1.0472424897295303	0	0	0	8173923444357736e-21	7172216052437288e-21	2307976329799939e-21	0.0008617395570694072	0.0006517564789723177	8532108631475057e-20
