0	4.7671321747275135	4.7671321747275135	4.7671321747275135	0.09109212816953825	5.471930454307437	0.017028617164398283	9.60288709991514	497.2272867729056	0.6296285346135705	0	0	0	0	0	0	0	0	0
0.1	4.7671321747275135	4.7671321747275135	4.7671321747275135	0.09109212816953827	5.471930454307437	0.017028617164398283	9.60288709991514	497.22728677290564	0.6296285346135706	0	0	0	-0.005650901833266396	-0.5121680074237089	-0.000979523755089678	-0.9340422952651823	-49.50085281756041	-0.06103685918137593
0.2	4.7671321747275135	4.7671321747275135	4.7671321747275135	0.09109212816953825	5.471930454307437	0.017028617164398283	9.60288709991514	497.2272867729056	0.6296285346135705	0	0	0	-0.007638016766339956	-0.9654720709716266	-0.001196880538036811	-1.7594228210647702	-97.90382958464562	-0.11411371720930062
0.3	4.7671321747275135	4.7671321747275135	4.7671321747275135	0.09109212816953825	5.471930454307437	0.017028617164398283	9.60288709991514	497.2272867729056	0.6296285346135704	0	0	0	-0.008336668754113772	-1.3583487391326199	-0.001154464109856527	-2.4520523461504737	-144.39936055277212	-0.15751179333731924
0.4	4.7671321747275135	4.7671321747275135	4.7671321747275135	0.09109212816953825	5.471930454307437	0.017028617164398283	9.60288709991514	497.2272867729056	0.6296285346135705	0	0	0	-0.008582367403028288	-1.6898860255659758	-0.0010304139729674943	-3.021442519040352	-188.28891931561455	-0.19199941112879446
0.5	4.7671321747275135	4.7671321747275135	4.7671321747275135	0.09109212816953827	5.471930454307437	0.017028617164398283	9.60288709991514	497.2272867729056	0.6296285346135705	0	0	0	-0.008668766556594563	-1.9646049224162008	-0.0008878087976318485	-3.485506821148943	-229.04213903386628	-0.2189649254339454
0.6	4.7671321747275135	4.7671321747275135	4.7671321747275135	0.09109212816953825	5.471930454307437	0.017028617164398283	9.60288709991514	497.2272867729056	0.6296285346135705	0	0	0	-0.008699130321836057	-2.189819275510272	-0.000748816174163908	-3.8623356663171795	-266.33697337561944	-0.2398029442284257
0.7	4.7671321747275135	4.7671321747275135	4.7671321747275135	0.09109212816953824	5.471930454307437	0.017028617164398283	9.60288709991514	497.2272867729056	0.6296285346135706	0	0	0	-0.0087098027337809	-2.3733703065415317	-0.0006209093333924029	-4.167841309522711	-300.0460174958617	-0.25573674266897184
0.8	4.7671321747275135	4.7671321747275135	4.7671321747275135	0.09109212816953825	5.4719304543074365	0.017028617164398283	9.60288709991514	497.22728677290564	0.6296285346135705	0	0	0	-0.008713559126064039	-2.522507145574379	-0.0005061721186543906	-4.415354728732587	-330.19724040116796	-0.26778690965591107
0.9	4.7671321747275135	4.7671321747275135	4.7671321747275135	0.09109212816953825	5.4719304543074365	0.017028617164398283	9.60288709991514	497.2272867729056	0.6296285346135705	0	0	0	-0.0087148823116139	-2.6434951082307525	-0.0004046569842476251	-4.615827113717198	-356.93009339138683	-0.2767860487013513
1	4.7671321747275135	4.7671321747275135	4.7671321747275135	0.09109212816953824	5.4719304543074365	0.017028617164398283	9.60288709991514	497.2272867729057	0.6296285346135705	0	0	0	-0.008715348531714746	-2.7415744919348204	-0.0003156324369334797	-4.778181857461546	-380.456655858748	-0.2834055244065532
1.1	4.7671321747275135	4.7671321747275135	4.7671321747275135	0.09109212816953823	5.471930454307436	0.01702861716439828	9.60288709991514	497.2272867729056	0.6296285346135705	0	0	0	-0.00871551042828132	-2.821042972729874	-0.00023806830183663828	-4.909640390371423	-401.03091544182325	-0.28818067657345026
1.2	4.7671321747275135	4.7671321747275135	4.7671321747275135	0.09109212816953824	5.4719304543074365	0.01702861716439828	9.60288709991514	497.2272867729056	0.6296285346135705	0	0	0	-0.008715567556431752	-2.8854297462791907	-0.00017084322985181128	-5.016093805358669	-418.92507535469616	-0.2915402916694817
1.3	4.7671321747275135	4.7671321747275135	4.7671321747275135	0.09109212816953824	5.471930454307437	0.017028617164398283	9.60288709991514	497.2272867729056	0.6296285346135706	0	0	0	-0.00871558913436891	-2.937599686442888	-0.00011283315518498358	-5.102307406364952	-434.4152512717016	-0.29382301919188814
1.4	4.7671321747275135	4.7671321747275135	4.7671321747275135	0.09109212816953825	5.471930454307437	0.017028617164398283	9.60288709991514	497.22728677290564	0.6296285346135705	0	0	0	-0.008715596154951882	-2.9798489991400925	-6297001936602623e-20	-5.172093609682113	-447.76784837610313	-0.2952916666026758
1.5	4.7671321747275135	4.7671321747275135	4.7671321747275135	0.09109212816953825	5.471930454307437	0.017028617164398283	9.60288709991514	497.2272867729056	0.6296285346135705	0	0	0	-0.008715599513803199	-3.0140929493261694	-2024641697140818e-20	-5.228629989571376	-459.2374531750603	-0.2961587852272678
1.6	4.7671321747275135	4.7671321747275135	4.7671321747275135	0.09109212816953825	5.4719304543074365	0.017028617164398286	9.60288709991514	497.22728677290564	0.6296285346135704	0	0	0	-0.008715600501795687	-3.041821488229504	16241777563099322e-21	-5.274386525115659	-469.0555117182347	-0.2965818081729692
1.7	4.767132174727513	4.767132174727513	4.767132174727513	0.09109212816953824	5.4719304543074365	0.017028617164398283	9.60288709991514	497.22728677290564	0.6296285346135705	0	0	0	-0.008715601122876592	-3.064294519010992	4732872364426495e-20	-5.311451408077856	-477.4373093672495	-0.2966887877405547
1.8	4.7671321747275135	4.7671321747275135	4.7671321747275135	0.09109212816953824	5.471930454307436	0.017028617164398283	9.60288709991514	497.2272867729057	0.6296285346135705	0	0	0	-0.008715601303761526	-3.0825017304395628	737463126502226e-19	-5.341464215193357	-484.5733524109933	-0.2965741385486469
1.9	4.7671321747275135	4.7671321747275135	4.7671321747275135	0.09109212816953824	5.471930454307435	0.017028617164398283	9.60288709991514	497.22728677290564	0.6296285346135705	0	0	0	-0.008715601421721219	-3.097243394317518	9614178999810128e-20	-5.3657503582557995	-490.63324552947637	-0.29630926087042797
2	4.7671321747275135	4.7671321747275135	4.7671321747275135	0.09109212816953824	5.4719304543074365	0.017028617164398286	9.60288709991514	497.2272867729057	0.6296285346135705	0	0	0	-0.00871560148338745	-3.1092044372132066	0.00011510377255456576	-5.385443921788362	-495.7718448889943	-0.2959519610839238
2.1	4.7671321747275135	4.7671321747275135	4.7671321747275135	0.09109212816953825	5.4719304543074365	0.017028617164398293	9.60288709991514	497.22728677290564	0.6296285346135705	0	0	0	-0.008715601489377946	-3.118878451637787	0.00013110908143656698	-5.401361736225488	-500.11549919405843	-0.2955383943956113
2.2	4.767132174727513	4.767132174727513	4.767132174727513	0.09109212816953825	5.471930454307436	0.017028617164398286	9.60288709991514	497.22728677290564	0.6296285346135704	0	0	0	-0.008715601527877743	-3.126727545855029	0.00014461338426092286	-5.41426845346758	-503.78509819173775	-0.2951013199217761
2.3	4.7671321747275135	4.7671321747275135	4.7671321747275135	0.09109212816953825	5.471930454307436	0.017028617164398293	9.60288709991514	497.2272867729057	0.6296285346135705	0	0	0	-0.008715601526143679	-3.1330889081561266	0.00015598432873492236	-5.424721684678146	-506.8786990560628	-0.2946605131142278
2.4	4.7671321747275135	4.7671321747275135	4.7671321747275135	0.09109212816953825	5.471930454307436	0.017028617164398293	9.60288709991514	497.22728677290564	0.6296285346135705	0	0	0	-0.008715601527787635	-3.1382324507519295	0.00016553464586514815	-5.433167587900963	-509.4799679022827	-0.29422934988448984
2.5	4.767132174727513	4.767132174727513	4.767132174727513	0.09109212816953824	5.471930454307436	0.017028617164398283	9.60288709991514	497.22728677290564	0.6296285346135705	0	0	0	-0.008715601542575314	-3.1424115797273053	0.00017356350581935337	-5.440024981574692	-511.6690123934962	-0.29381965203497074
2.6	4.7671321747275135	4.7671321747275135	4.7671321747275135	0.09109212816953825	5.471930454307431	0.017028617164398272	9.60288709991514	497.22728677290576	0.6296285346135707	0	0	0	-0.008715601531966558	-3.1457965668933303	0.0001802947325420936	-5.445575026802096	-513.5060489566227	-0.2934361595873686
2.7	4.7671321747275135	4.7671321747275135	4.7671321747275135	0.09109212816953825	5.471930454307431	0.017028617164398272	9.60288709991514	497.2272867729057	0.6296285346135706	0	0	0	-0.008715601530568941	-3.148532168405717	0.0001859247788453526	-5.45005665963006	-515.044003498085	-0.2930818611259369
2.8	4.7671321747275135	4.7671321747275135	4.7671321747275135	0.09109212816953825	5.471930454307436	0.01702861716439827	9.60288709991514	497.2272867729057	0.6296285346135707	0	0	0	-0.008715601541542396	-3.1507561220168956	0.00019064322643946809	-5.453697205812121	-516.3339786622066	-0.29275920112422227
2.9	4.7671321747275135	4.7671321747275135	4.7671321747275135	0.09109212816953824	5.4719304543074365	0.01702861716439824	9.60288709991514	497.22728677290564	0.6296285346135709	0	0	0	-0.008715601521267075	-3.152559399211819	0.00019458838559578768	-5.4566466426047295	-517.4133961844727	-0.29246767557942194
3	4.7671321747275135	4.7671321747275135	4.7671321747275135	0.09109212816953824	5.4719304543074365	0.01702861716439823	9.60288709991514	497.22728677290576	0.629628534613571	0	0	0	-0.008715601507436348	-3.154015360209757	0.00019787579218837054	-5.459025830169399	-518.3135579544745	-0.2922060905824445
3.1	4.767132174727513	4.767132174727513	4.767132174727513	0.09109212816953824	5.4719304543074365	0.017028617164398248	9.602887099915138	497.2272867729057	0.6296285346135708	0	0	0	-0.008715601528488038	-3.1551968129488346	0.0002006202602703655	-5.46095472017794	-519.0655716548337	-0.29197323078435244
3.2	4.7671321747275135	4.7671321747275135	4.7671321747275135	0.0910921281695383	5.471930454307435	0.017028617164398203	9.602887099915137	497.22728677290576	0.6296285346135714	0	0	0	-0.008715601484249245	-3.1561582332268343	0.00020291363527895917	-5.462523018339067	-519.6943757548504	-0.2917671259715585
3.3	4.7671321747275135	4.7671321747275135	4.7671321747275135	0.09109212816953838	5.471930454307433	0.017028617164398137	9.602887099915137	497.22728677290576	0.6296285346135719	0	0	0	-0.008715601415204645	-3.1569350849281905	0.00020482036702713262	-5.463789000274783	-520.2175124576888	-0.29158553277742755
3.4	4.7671321747275135	4.7671321747275135	4.7671321747275135	0.09109212816953838	5.471930454307431	0.017028617164398133	9.602887099915135	497.22728677290576	0.6296285346135722	0	0	0	-0.008715601410329727	-3.1575622082561536	0.00020640343417213194	-5.464809900531783	-520.6521214955003	-0.29142628048396074
3.5	4.7671321747275135	4.7671321747275135	4.7671321747275135	0.0910921281695384	5.471930454307444	0.01702861716439814	9.602887099915137	497.2272867729055	0.629628534613572	0	0	0	-0.008715601415279916	-3.15807302086805	0.00020772394156205875	-5.465640679669393	-521.0148411006913	-0.29128716041062724
3.6	4.7671321747275135	4.7671321747275135	4.7671321747275135	0.09109212816953877	5.471930454307491	0.017028617164397793	9.602887099915124	497.2272867729045	0.6296285346135753	0	0	0	-0.008715601073900663	-3.158488321206043	0.00020882388177413796	-5.466315638673131	-521.3171418750608	-0.2911659930066122
3.7	4.7671321747275135	4.7671321747275135	4.7671321747275135	0.09109212816953915	5.471930454307536	0.01702861716439742	9.602887099915113	497.22728677290365	0.6296285346135786	0	0	0	-0.00871560069376162	-3.1588234133711195	0.0002097348840060683	-5.466859683797167	-521.5676549023087	-0.29106091146760105
3.8	4.7671321747275135	4.7671321747275135	4.7671321747275135	0.09109212816953922	5.47193045430754	0.017028617164397374	9.602887099915113	497.22728677290365	0.6296285346135791	0	0	0	-0.008715600648103632	-3.159093689406496	0.00021048854739696672	-5.4672978333191	-521.7750001457878	-0.2909700727753064
3.9	4.7671321747275135	4.7671321747275135	4.7671321747275135	0.09109212816953921	5.471930454307582	0.01702861716439735	9.602887099915113	497.2272867729027	0.6296285346135793	0	0	0	-0.008715600656393074	-3.159313929407114	0.0002111157791967225	-5.467654540835857	-521.9476562709458	-0.2908916337769285
4	4.7671321747275135	4.7671321747275135	4.7671321747275135	0.09109212816954285	5.4719304543083185	0.017028617164393703	9.602887099915018	497.2272867728872	0.6296285346136128	0	0	0	-0.008715597264920685	-3.1594922158783416	0.00021163731159140828	-5.467945347573735	-522.0915458571906	-0.29082398357930933
4.1	4.7671321747275135	4.7671321747275135	4.7671321747275135	0.09109212816954781	5.471930454309294	0.017028617164388714	9.602887099914884	497.22728677286665	0.6296285346136589	0	0	0	-0.008715592592414986	-3.1596354708177308	0.00021206811252783814	-5.468180050113355	-522.2105963789649	-0.29076591087541237
4.2	4.7671321747275135	4.7671321747275135	4.7671321747275135	0.09109212816955072	5.471930454309839	0.017028617164385834	9.602887099914808	497.2272867728551	0.6296285346136853	0	0	0	-0.008715589881004585	-3.159751130782181	0.00021242335681036963	-5.4683685262638235	-522.308708676175	-0.2907162381425285
4.3	4.7671321747275135	4.7671321747275135	4.7671321747275135	0.09109212816954804	5.4719304543092875	0.017028617164388526	9.602887099914879	497.2272867728668	0.6296285346136606	0	0	0	-0.008715592372818083	-3.1598466323285916	0.00021271821924336034	-5.4685206538342515	-522.389783588727	-0.29067378785794873
4.4	4.7671321747275135	4.7671321747275135	4.7671321747275135	0.09109212816954339	5.471930454308514	0.01702861716439304	9.602887099915003	497.2272867728829	0.6296285346136189	0	0	0	-0.008715596760393457	-3.1599256887333262	0.00021296410333033466	-5.468645088160562	-522.4573246515914	-0.2906374490055892
4.5	4.7671321747275135	4.7671321747275135	4.7671321747275135	0.09109212816954537	5.471930454309275	0.01702861716439066	9.60288709991495	497.2272867728661	0.6296285346136407	0	0	0	-0.008715594963859642	-3.1599873359231934	0.00021316555194795094	-5.468746009486584	-522.5132768637691	-0.29060644271990393
4.6	4.7671321747275135	4.7671321747275135	4.7671321747275135	0.09109212816954551	5.4719304543093505	0.01702861716439049	9.602887099914948	497.22728677286443	0.629628534613642	0	0	0	-0.00871559485370166	-3.160037983357396	0.00021333274599355328	-5.46882748442392	-522.559458505662	-0.29058007279473813
4.7	4.7671321747275135	4.7671321747275135	4.7671321747275135	0.0910921281695421	5.471930454308532	0.017028617164394026	9.602887099915037	497.22728677288205	0.6296285346136096	0	0	0	-0.008715598014275818	-3.1600806953924248	0.00021347245470095284	-5.468893559252703	-522.59768395671	-0.29055763879610325
4.8	4.7671321747275135	4.7671321747275135	4.7671321747275135	0.09109212816954354	5.471930454309207	0.017028617164392048	9.602887099915	497.227286772867	0.6296285346136276	0	0	0	-0.008715596701163137	-3.160113237754904	0.00021358566742344946	-5.468947155817868	-522.6293197377612	-0.29053857130511945
4.9	4.7671321747275135	4.7671321747275135	4.7671321747275135	0.09109212816954365	5.471930454309283	0.017028617164391857	9.602887099914996	497.22728677286534	0.6296285346136293	0	0	0	-0.008715596587510204	-3.1601401944181275	0.00021367989739857094	-5.46899041794513	-522.6553939971708	-0.2905224253783551
5	4.7671321747275135	4.7671321747275135	4.7671321747275135	0.0910921281695411	5.4719304543084695	0.01702861716439478	9.602887099915064	497.227286772883	0.6296285346136025	0	0	0	-0.00871559894058511	-3.1601634564735943	0.00021375928267320692	-5.469025482587984	-522.6769411290446	-0.2905087456799577
5.1	4.7671321747275135	4.7671321747275135	4.7671321747275135	0.09109212816954214	5.471930454309049	0.01702861716439312	9.602887099915037	497.22728677287006	0.6296285346136176	0	0	0	-0.008715597981172885	-3.160180552748619	0.00021382251152868103	-5.469053948163451	-522.6947680273161	-0.29049715157116746
5.2	4.7671321747275135	4.7671321747275135	4.7671321747275135	0.09109212816954226	5.471930454309126	0.017028617164392926	9.602887099915034	497.2272867728684	0.6296285346136195	0	0	0	-0.008715597873626881	-3.1601948855033624	0.00021387541312830008	-5.469076920276437	-522.7094412354701	-0.2904873707792059
5.3	4.7671321747275135	4.7671321747275135	4.7671321747275135	0.09109212816954036	5.471930454308366	0.017028617164395365	9.602887099915083	497.2272867728851	0.629628534613597	0	0	0	-0.008715599624949718	-3.160207694347978	0.00021392064000435318	-5.469095524568633	-522.7215456640886	-0.2904791153204197
5.4	4.7671321747275135	4.7671321747275135	4.7671321747275135	0.09109212816954108	5.471930454308852	0.01702861716439397	9.602887099915064	497.22728677287427	0.6296285346136097	0	0	0	-0.008715598924243707	-3.16021661005213	0.00021395569156756016	-5.469110644254166	-522.731561605683	-0.29047213166156116
5.5	4.7671321747275135	4.7671321747275135	4.7671321747275135	0.09109212816954118	5.471930454308924	0.01702861716439377	9.602887099915062	497.2272867728726	0.6296285346136117	0	0	0	-0.0087155988275625	-3.160224216595185	0.00021398527169117277	-5.4691228427979715	-522.7397948830018	-0.29046625997877956
5.6	4.7671321747275135	4.7671321747275135	4.7671321747275135	0.09109212816953977	5.471930454308246	0.017028617164395833	9.602887099915097	497.2272867728876	0.6296285346135928	0	0	0	-0.008715600130605015	-3.160231378434689	0.000214011193235155	-5.46913271084846	-522.7465732442828	-0.2904613224721538
5.7	4.7671321747275135	4.7671321747275135	4.7671321747275135	0.0910921281695403	5.471930454308648	0.01702861716439467	9.602887099915085	497.2272867728786	0.6296285346136035	0	0	0	-0.008715599619049847	-3.160235975368049	0.00021403044013312638	-5.4691407427830585	-522.7521861691257	-0.2904571493348319
5.8	4.7671321747275135	4.7671321747275135	4.7671321747275135	0.09109212816954042	5.471930454308718	0.017028617164394477	9.602887099915081	497.227286772877	0.6296285346136052	0	0	0	-0.008715599535037257	-3.1602399993583905	0.00021404690516908944	-5.4691472207108065	-522.7567940154402	-0.29045365153193703
5.9	4.7671321747275135	4.7671321747275135	4.7671321747275135	0.09109212816953938	5.471930454308129	0.017028617164396232	9.60288709991511	497.22728677289024	0.6296285346135893	0	0	0	-0.00871560050424476	-3.1602440874083015	0.00021406191942378386	-5.469152452781873	-522.7605784185075	-0.29045072186406695
6	4.7671321747275135	4.7671321747275135	4.7671321747275135	0.09109212816953975	5.471930454308455	0.017028617164395278	9.6028870999151	497.22728677288285	0.6296285346135979	0	0	0	-0.00871560013093555	-3.160246415578369	0.0002140723507748229	-5.469156720270131	-522.7637168883463	-0.29044824504921535
6.1	4.7671321747275135	4.7671321747275135	4.7671321747275135	0.09109212816953981	5.471930454308518	0.01702861716439509	9.602887099915097	497.22728677288137	0.6296285346135995	0	0	0	-0.008715600059675043	-3.1602485329515604	0.00021408146447770453	-5.469160160565331	-522.7662898238502	-0.29044617523500227
6.2	4.7671321747275135	4.7671321747275135	4.7671321747275135	0.09109212816953931	5.471930454308211	0.01702861716439597	9.602887099915112	497.22728677288825	0.6296285346135916	0	0	0	-0.008715600539421517	-3.1602506963188506	0.00021408978436079728	-5.469162940314575	-522.7684022295599	-0.2904444444509866
6.3	4.7671321747275135	4.7671321747275135	4.7671321747275135	0.0910921281695404	5.471930454309091	0.01702861716439329	9.602887099915083	497.22728677286847	0.6296285346136159	0	0	0	-0.008715599508919872	-3.1602511086817993	0.00021409369764633233	-5.469165230299385	-522.7701715069296	-0.2904429674101252
6.4	4.7671321747275135	4.7671321747275135	4.7671321747275135	0.09109212816954117	5.471930454309688	0.01702861716439149	9.602887099915062	497.22728677285494	0.6296285346136324	0	0	0	-0.008715598781925389	-3.1602515698144455	0.00021409727797004814	-5.469167074576454	-522.7716193519117	-0.29044173708259224
6.5	4.767132174727514	4.767132174727514	4.767132174727514	0.09109212816953995	5.471930454308758	0.017028617164394286	9.602887099915096	497.22728677287586	0.6296285346136069	0	0	0	-0.008715599932568695	-3.1602536233505565	0.00021410396855472237	-5.469168522932552	-522.7727728320922	-0.2904407410069444
6.6	4.767132174727514	4.767132174727514	4.767132174727514	0.0910921281695409	5.471930454309691	0.017028617164391305	9.60288709991507	497.2272867728548	0.6296285346136342	0	0	0	-0.008715599022409924	-3.1602533403324893	0.0002141046683354539	-5.469169749432015	-522.7737685864447	-0.29043986229582625
6.7	4.7671321747275135	4.7671321747275135	4.7671321747275135	0.09109212816954286	5.471930454311396	0.01702861716438598	9.60288709991502	497.2272867728164	0.6296285346136826	0	0	0	-0.008715597180953617	-3.160251998847358	0.00021410268292910956	-5.469170769279038	-522.7746102320502	-0.29043910627622654
6.8	4.7671321747275135	4.7671321747275135	4.7671321747275135	0.09109212816954228	5.471930454310885	0.017028617164387583	9.602887099915034	497.22728677282794	0.629628534613668	0	0	0	-0.008715597733216148	-3.1602530943912854	0.0002141065020148411	-5.469171538588164	-522.7752508026097	-0.29043852550225197
6.9	4.767132174727514	4.767132174727514	4.767132174727514	0.09109212816954051	5.471930454309429	0.017028617164392027	9.602887099915081	497.2272867728608	0.6296285346136277	0	0	0	-0.008715599424555113	-3.1602552109168744	0.00021411239531975002	-5.469172131134934	-522.7757514798432	-0.29043806392421584
7	4.7671321747275135	4.7671321747275135	4.7671321747275135	0.09109212816954143	5.471930454310383	0.01702861716438887	9.602887099915057	497.22728677283925	0.6296285346136564	0	0	0	-0.008715598564207271	-3.160254476360486	0.00021411094445705807	-5.469172670036759	-522.7762184421357	-0.29043762143438484
7.1	4.7671321747275135	4.7671321747275135	4.7671321747275135	0.09109212816954121	5.471930454310184	0.017028617164389498	9.602887099915062	497.2272867728438	0.6296285346136506	0	0	0	-0.008715598779374913	-3.1602549764935706	0.0002141128256113398	-5.469173081133722	-522.776576291707	-0.2904372810553836
7.2	4.7671321747275135	4.7671321747275135	4.7671321747275135	0.09109212816953963	5.471930454308722	0.017028617164394147	9.602887099915105	497.2272867728766	0.6296285346136082	0	0	0	-0.008715600280077167	-3.160256868700364	0.00021411822298887624	-5.469173379600884	-522.7768373011176	-0.29043703156874373
7.3	4.7671321747275135	4.7671321747275135	4.7671321747275135	0.09109212816953963	5.47193045430879	0.017028617164393845	9.602887099915105	497.227286772875	0.6296285346136111	0	0	0	-0.008715600279682195	-3.1602569829957576	0.0002141187587927567	-5.469173653457928	-522.7770840020736	-0.29043678793532024
7.4	4.767132174727514	4.767132174727514	4.767132174727514	0.09109212816953913	5.471930454308305	0.017028617164395434	9.602887099915117	497.22728677288603	0.6296285346135966	0	0	0	-0.008715600743536953	-3.1602576761389654	0.00021412099458267565	-5.469173862639138	-522.777272787421	-0.2904366014530751
7.5	4.7671321747275135	4.7671321747275135	4.7671321747275135	0.09109212816953884	5.471930454308054	0.017028617164396225	9.602887099915126	497.22728677289166	0.6296285346135894	0	0	0	-0.008715601008594307	-3.1602580850387603	0.0002141223246706594	-5.469174035371941	-522.7774316681399	-0.29043644114595135
7.6	4.7671321747275135	4.7671321747275135	4.7671321747275135	0.09109212816953896	5.4719304543082155	0.01702861716439567	9.60288709991512	497.227286772888	0.6296285346135945	0	0	0	-0.008715600889713241	-3.160258009211954	0.00021412225269558778	-5.469174183839949	-522.7775711429585	-0.29043629723672293
7.7	4.7671321747275135	4.7671321747275135	4.7671321747275135	0.09109212816953867	5.471930454307896	0.01702861716439674	9.60288709991513	497.2272867728953	0.6296285346135848	0	0	0	-0.008715601168397676	-3.160258439653066	0.00021412369395256846	-5.469174294084481	-522.7776744328368	-0.2904361911893442
7.8	4.7671321747275135	4.7671321747275135	4.7671321747275135	0.09109212816953888	5.471930454308122	0.017028617164395906	9.602887099915122	497.2272867728902	0.6296285346135923	0	0	0	-0.008715601008365641	-3.1602582580499616	0.00021412317521611206	-5.469174393885855	-522.7777714966159	-0.2904360871984894
7.9	4.7671321747275135	4.7671321747275135	4.7671321747275135	0.09109212816953925	5.4719304543085405	0.01702861716439443	9.602887099915112	497.2272867728807	0.6296285346136058	0	0	0	-0.008715600681291867	-3.160257852460556	0.00021412197196807927	-5.469174479740378	-522.7778567518515	-0.29043599389409347
8	4.7671321747275135	4.7671321747275135	4.7671321747275135	0.09109212816953897	5.471930454308236	0.01702861716439551	9.60288709991512	497.22728677288757	0.629628534613596	0	0	0	-0.008715600922311733	-3.1602582263114556	0.00021412325686551146	-5.469174535681131	-522.7779105755945	-0.2904359372622087
8.1	4.7671321747275135	4.7671321747275135	4.7671321747275135	0.09109212816953918	5.4719304543085014	0.017028617164394445	9.602887099915115	497.22728677288154	0.6296285346136058	0	0	0	-0.008715600761463362	-3.1602579816920757	0.00021412237199157813	-5.469174590710739	-522.7779674275822	-0.2904358722115415
8.2	4.7671321747275135	4.7671321747275135	4.7671321747275135	0.09109212816954018	5.471930454309671	0.01702861716439014	9.602887099915089	497.22728677285505	0.6296285346136452	0	0	0	-0.008715599913562909	-3.1602567509959303	0.00021411822242154677	-5.469174654352026	-522.778037372298	-0.29043578708171575
8.3	4.7671321747275135	4.7671321747275135	4.7671321747275135	0.09109212816954053	5.471930454310059	0.017028617164388714	9.602887099915078	497.2272867728462	0.6296285346136582	0	0	0	-0.00871559962503174	-3.160256351710259	0.00021411692527316585	-5.4691746951288165	-522.7780807542375	-0.29043573613988705
8.4	4.7671321747275135	4.7671321747275135	4.7671321747275135	0.0910921281695395	5.471930454308866	0.017028617164393044	9.602887099915106	497.2272867728732	0.6296285346136187	0	0	0	-0.00871560051318037	-3.160257658345386	0.00021412134043250137	-5.469174698302848	-522.7780792931383	-0.29043574393244137
8.5	4.767132174727514	4.767132174727514	4.767132174727514	0.0910921281695401	5.47193045430971	0.0170286171643897	9.60288709991509	497.2272867728541	0.6296285346136494	0	0	0	-0.008715599982633554	-3.1602567827462105	0.0002141180446950775	-5.469174734261398	-522.7781223531871	-0.29043568675067505
8.6	4.7671321747275135	4.7671321747275135	4.7671321747275135	0.09109212816954093	5.471930454310804	0.017028617164385498	9.602887099915069	497.22728677282925	0.6296285346136877	0	0	0	-0.008715599245014716	-3.1602556286524983	0.00021411389344883403	-5.469174771537094	-522.7781674990512	-0.29043562643830706
8.7	4.7671321747275135	4.7671321747275135	4.7671321747275135	0.0910921281695399	5.4719304543094776	0.017028617164390553	9.602887099915097	497.2272867728593	0.6296285346136414	0	0	0	-0.008715600151862518	-3.160257054476514	0.00021411902440657726	-5.469174761600046	-522.778150623824	-0.29043565481547645
8.8	4.767132174727513	4.767132174727513	4.767132174727513	0.09109212816953935	5.471930454308835	0.017028617164392894	9.60288709991511	497.22728677287387	0.62962853461362	0	0	0	-0.008715600631034364	-3.1602577596205284	0.00021412139805101498	-5.469174760393207	-522.778147357315	-0.29043566108928015
8.9	4.7671321747275135	4.7671321747275135	4.7671321747275135	0.0910921281695395	5.471930454309091	0.017028617164391826	9.602887099915108	497.2272867728681	0.6296285346136299	0	0	0	-0.008715600490304187	-3.1602575023304564	0.0002141203446803442	-5.46917477349895	-522.7781636287481	-0.2904356386939772
9	4.7671321747275135	4.7671321747275135	4.7671321747275135	0.09109212816953889	5.471930454308285	0.017028617164394976	9.602887099915126	497.22728677288643	0.6296285346136009	0	0	0	-0.00871560101307448	-3.160258360077646	0.00021412355285630095	-5.46917476713255	-522.7781526780078	-0.2904356574958223
9.1	4.7671321747275135	4.7671321747275135	4.7671321747275135	0.09109212816953872	5.4719304543080955	0.01702861716439567	9.60288709991513	497.2272867728907	0.6296285346135946	0	0	0	-0.008715601154105187	-3.160258572119646	0.0002141242759460915	-5.469174769513934	-522.7781548654928	-0.29043565534843496
9.2	4.7671321747275135	4.7671321747275135	4.7671321747275135	0.09109212816953871	5.47193045430809	0.017028617164395667	9.60288709991513	497.2272867728908	0.6296285346135946	0	0	0	-0.008715601165442835	-3.1602585840386412	0.00021412429440579746	-5.469174774175321	-522.7781603206237	-0.2904356482774105
9.3	4.7671321747275135	4.7671321747275135	4.7671321747275135	0.09109212816953847	5.471930454307799	0.01702861716439682	9.602887099915137	497.22728677289746	0.6296285346135841	0	0	0	-0.008715601346472094	-3.1602588903982918	0.00021412546997113242	-5.469174773374765	-522.7781580538285	-0.2904356530433172
9.4	4.7671321747275135	4.7671321747275135	4.7671321747275135	0.09109212816953853	5.471930454307987	0.017028617164396014	9.602887099915133	497.22728677289314	0.6296285346135915	0	0	0	-0.008715601247083	-3.1602587011329493	0.00021412466372206242	-5.4691747792874015	-522.7781662048517	-0.2904356406816623
9.5	4.7671321747275135	4.7671321747275135	4.7671321747275135	0.09109212816953854	5.471930454308054	0.01702861716439574	9.602887099915133	497.22728677289166	0.629628534613594	0	0	0	-0.008715601210611965	-3.1602586346482147	0.00021412438898664338	-5.469174782893691	-522.7781708577496	-0.2904356340635685
9.6	4.7671321747275135	4.7671321747275135	4.7671321747275135	0.09109212816953843	5.47193045430787	0.01702861716439645	9.602887099915135	497.2272867728958	0.6296285346135875	0	0	0	-0.008715601319357901	-3.1602588223361585	0.00021412511995545544	-5.469174782131639	-522.778169168843	-0.29043563736112193
9.7	4.7671321747275135	4.7671321747275135	4.7671321747275135	0.09109212816953861	5.471930454308418	0.017028617164394022	9.602887099915131	497.2272867728833	0.6296285346136097	0	0	0	-0.008715601024228243	-3.1602582487437125	0.0002141226360266014	-5.46917479173709	-522.7781843312366	-0.29043561174965316
9.8	4.7671321747275135	4.7671321747275135	4.7671321747275135	0.0910921281695388	5.471930454308905	0.017028617164391906	9.602887099915126	497.2272867728722	0.6296285346136292	0	0	0	-0.008715600759767348	-3.160257742921638	0.00021412047332167042	-5.469174800188933	-522.7781975612182	-0.2904355895851626
9.9	4.7671321747275135	4.7671321747275135	4.7671321747275135	0.09109212816953863	5.471930454308415	0.017028617164394053	9.602887099915131	497.22728677288336	0.6296285346136096	0	0	0	-0.008715601026366131	-3.1602582551482725	0.00021412266979939173	-5.469174794209672	-522.7781873178564	-0.2904356078259911
10	4.7671321747275135	4.7671321747275135	4.7671321747275135	0.09109212816953868	5.471930454308722	0.017028617164392492	9.602887099915128	497.2272867728763	0.6296285346136238	0	0	0	-0.00871560088174355	-3.1602579255074894	0.00021412106567593597	-5.4691747989875905	-522.7781959834365	-0.2904355914818792
10.1	4.7671321747275135	4.7671321747275135	4.7671321747275135	0.0910921281695391	5.4719304543099865	0.01702861716438666	9.602887099915117	497.22728677284744	0.6296285346136774	0	0	0	-0.008715600225063845	-3.1602565912607026	0.00021411507595447523	-5.469174817246228	-522.7782272944431	-0.29043553515565224
10.2	4.7671321747275135	4.7671321747275135	4.7671321747275135	0.0910921281695392	5.471930454310252	0.017028617164385456	9.602887099915113	497.22728677284147	0.6296285346136884	0	0	0	-0.008715600085938363	-3.1602563134711725	0.00021411384616894146	-5.469174821557138	-522.7782343876574	-0.29043552278254026
10.3	4.7671321747275135	4.7671321747275135	4.7671321747275135	0.09109212816953872	5.471930454308837	0.017028617164391864	9.602887099915128	497.22728677287364	0.6296285346136294	0	0	0	-0.008715600829345627	-3.160257798743289	0.00021412042333700875	-5.469174802217172	-522.778201223384	-0.29043558228248556
10.4	4.7671321747275135	4.7671321747275135	4.7671321747275135	0.09109212816953875	5.471930454309142	0.017028617164390157	9.602887099915126	497.2272867728667	0.6296285346136451	0	0	0	-0.00871560068794101	-3.160257452111893	0.00021411864713320137	-5.46917480638386	-522.7782096391396	-0.29043556519122904
10.5	4.7671321747275135	4.7671321747275135	4.7671321747275135	0.09109212816953881	5.471930454309433	0.01702861716438869	9.602887099915126	497.22728677286005	0.6296285346136586	0	0	0	-0.008715600543308418	-3.1602571347261814	0.00021411713536750534	-5.469174810560558	-522.7782172888745	-0.2904355506815432
10.6	4.767132174727514	4.767132174727514	4.767132174727514	0.09109212816953852	5.471930454308357	0.01702861716439387	9.602887099915133	497.22728677288467	0.629628534613611	0	0	0	-0.008715601093599496	-3.160258291039688	0.0002141224696791461	-5.469174796142703	-522.7781913153688	-0.2904355991967235
10.7	4.7671321747275135	4.7671321747275135	4.7671321747275135	0.09109212816953849	5.471930454308201	0.017028617164394542	9.602887099915133	497.2272867728882	0.6296285346136048	0	0	0	-0.008715601182968722	-3.160258456015678	0.00021412314424718615	-5.469174793969313	-522.7781878470726	-0.2904356049652556
10.8	4.7671321747275135	4.7671321747275135	4.7671321747275135	0.09109212816953843	5.471930454308063	0.017028617164395198	9.602887099915135	497.2272867728913	0.6296285346135989	0	0	0	-0.008715601253888627	-3.160258603471858	0.0002141238190361496	-5.469174792247684	-522.7781847226796	-0.29043561082234115
10.9	4.7671321747275135	4.7671321747275135	4.7671321747275135	0.09109212816953835	5.471930454307773	0.01702861716439659	9.602887099915138	497.2272867728979	0.6296285346135861	0	0	0	-0.008715601397989301	-3.1602589120889224	0.00021412526370015935	-5.469174788542085	-522.7781778870246	-0.2904356238179274
11	4.7671321747275135	4.7671321747275135	4.7671321747275135	0.09109212816953838	5.471930454307853	0.01702861716439612	9.602887099915137	497.22728677289604	0.6296285346135905	0	0	0	-0.008715601361775936	-3.1602588206500792	0.000214124781370642	-5.469174789619351	-522.7781801256232	-0.29043561914196564
11.1	4.7671321747275135	4.7671321747275135	4.7671321747275135	0.09109212816953835	5.471930454307732	0.017028617164396753	9.602887099915137	497.22728677289876	0.6296285346135846	0	0	0	-0.008715601420565142	-3.160258953768788	0.00021412543294066594	-5.46917478814148	-522.7781772210147	-0.2904356249431102
11.2	4.7671321747275135	4.7671321747275135	4.7671321747275135	0.09109212816953838	5.471930454307773	0.017028617164396458	9.602887099915137	497.22728677289786	0.6296285346135874	0	0	0	-0.008715601404034542	-3.160258903082462	0.0002141251331294944	-5.469174788655438	-522.7781784807936	-0.2904356220178461
11.3	4.7671321747275135	4.7671321747275135	4.7671321747275135	0.09109212816953846	5.471930454308059	0.017028617164394848	9.602887099915135	497.2272867728913	0.6296285346136024	0	0	0	-0.008715601270784756	-3.160258580313839	0.00021412347194955947	-5.469174792268307	-522.7781859182751	-0.29043560659298545
11.4	4.7671321747275135	4.7671321747275135	4.7671321747275135	0.09109212816953846	5.471930454308069	0.01702861716439479	9.602887099915135	497.22728677289103	0.6296285346136028	0	0	0	-0.00871560126591825	-3.160258568991442	0.00021412341552968792	-5.469174792445728	-522.7781862453452	-0.29043560596597756
11.5	4.7671321747275135	4.7671321747275135	4.7671321747275135	0.09109212816953842	5.471930454307952	0.01702861716439539	9.602887099915137	497.22728677289376	0.6296285346135974	0	0	0	-0.008715601327109967	-3.1602587012652665	0.00021412403496941338	-5.469174790852628	-522.7781832906929	-0.29043561157061054
11.6	4.767132174727514	4.767132174727514	4.767132174727514	0.09109212816953863	5.471930454308697	0.017028617164391077	9.602887099915131	497.2272867728769	0.6296285346136371	0	0	0	-0.008715600997296529	-3.160257864889362	0.0002141195834759233	-5.469174799680897	-522.7782023937114	-0.2904355704924141
11.7	4.7671321747275135	4.7671321747275135	4.7671321747275135	0.0910921281695388	5.471930454309321	0.017028617164387493	9.602887099915126	497.22728677286267	0.6296285346136701	0	0	0	-0.00871560071814368	-3.1602571644605466	0.00021411588333831451	-5.46917480715183	-522.7782183898089	-0.2904355363524128
11.8	4.767132174727514	4.767132174727514	4.767132174727514	0.09109212816953863	5.471930454308742	0.017028617164390827	9.60288709991513	497.2272867728759	0.6296285346136395	0	0	0	-0.008715600976622542	-3.16025781552157	0.00021411933276342188	-5.469174800278372	-522.7782035869407	-0.2904355680745683
11.9	4.7671321747275135	4.7671321747275135	4.7671321747275135	0.09109212816953861	5.471930454308625	0.01702861716439135	9.60288709991513	497.22728677287853	0.6296285346136345	0	0	0	-0.008715601042642105	-3.160257941164774	0.00021411983910347117	-5.469174798534065	-522.7782007538748	-0.2904355726742378
12	4.7671321747275135	4.7671321747275135	4.7671321747275135	0.09109212816953893	5.471930454309544	0.017028617164385872	9.602887099915122	497.22728677285755	0.6296285346136852	0	0	0	-0.008715600652870418	-3.1602569031159526	0.00021411411871517967	-5.469174808943089	-522.7782244312989	-0.2904355199193367
12.1	4.7671321747275135	4.7671321747275135	4.7671321747275135	0.09109212816953895	5.471930454309525	0.01702861716438599	9.602887099915122	497.22728677285795	0.6296285346136841	0	0	0	-0.008715600661354897	-3.1602569250811747	0.00021411423815393695	-5.4691748087275585	-522.7782239476614	-0.2904355209920782
12.2	4.7671321747275135	4.7671321747275135	4.7671321747275135	0.09109212816953859	5.4719304543083975	0.017028617164392607	9.602887099915133	497.22728677288376	0.6296285346136231	0	0	0	-0.008715601150270265	-3.160258195429529	0.00021412111962471628	-5.46917479569643	-522.7781950138475	-0.2904355843745565
12.3	4.7671321747275135	4.7671321747275135	4.7671321747275135	0.09109212816953861	5.471930454308428	0.01702861716439234	9.602887099915131	497.2272867728831	0.6296285346136256	0	0	0	-0.00871560114804749	-3.160258160827607	0.0002141208173538809	-5.469174795763074	-522.7781958164611	-0.2904355815542964
12.4	4.7671321747275135	4.7671321747275135	4.7671321747275135	0.09109212816953853	5.471930454308186	0.017028617164393783	9.602887099915133	497.2272867728886	0.6296285346136122	0	0	0	-0.008715601250668706	-3.1602584339009634	0.0002141223229038723	-5.4691747930319785	-522.7781896024916	-0.29043559541452396
12.5	4.7671321747275135	4.7671321747275135	4.7671321747275135	0.09109212816953842	5.471930454307819	0.01702861716439597	9.602887099915138	497.22728677289706	0.629628534613592	0	0	0	-0.008715601404743875	-3.1602588449521463	0.00021412459149152993	-5.469174788927185	-522.7781802423	-0.29043561631028775
12.6	4.7671321747275135	4.7671321747275135	4.7671321747275135	0.09109212816953845	5.471930454307833	0.017028617164395857	9.602887099915137	497.22728677289666	0.6296285346135931	0	0	0	-0.008715601401982723	-3.160258828048438	0.00021412445976713514	-5.469174789004426	-522.778180634597	-0.2904356150803782
12.7	4.7671321747275135	4.7671321747275135	4.7671321747275135	0.09109212816953835	5.4719304543076595	0.017028617164396923	9.60288709991514	497.2272867729006	0.6296285346135833	0	0	0	-0.008715601472961633	-3.1602590255334646	0.0002141255826277221	-5.469174787114409	-522.778176138209	-0.29043562542514556
12.8	4.7671321747275135	4.7671321747275135	4.7671321747275135	0.0910921281695384	5.471930454307709	0.017028617164396603	9.602887099915137	497.22728677289945	0.629628534613586	0	0	0	-0.008715601457816625	-3.1602589736999342	0.0002141252488678027	-5.469174787520789	-522.7781773246405	-0.29043562233526615
12.9	4.7671321747275135	4.7671321747275135	4.7671321747275135	0.09109212816953849	5.471930454307826	0.017028617164395857	9.602887099915135	497.2272867728969	0.629628534613593	0	0	0	-0.008715601413279485	-3.1602588411579586	0.00021412446068990425	-5.46917478871059	-522.7781803498668	-0.2904356150572599
13	4.7671321747275135	4.7671321747275135	4.7671321747275135	0.09109212816953838	5.471930454307685	0.01702861716439674	9.602887099915138	497.2272867729001	0.6296285346135848	0	0	0	-0.008715601468224468	-3.160259001054218	0.0002141253979127937	-5.469174787246835	-522.778176707371	-0.2904356236979638
13.1	4.767132174727514	4.767132174727514	4.767132174727514	0.09109212816953856	5.471930454307931	0.01702861716439518	9.602887099915133	497.2272867728945	0.6296285346135994	0	0	0	-0.008715601383504863	-3.1602587345450024	0.00021412375555991448	-5.469174789508043	-522.7781827870128	-0.29043560853342876
13.2	4.7671321747275135	4.7671321747275135	4.7671321747275135	0.09109212816953886	5.471930454308391	0.017028617164392273	9.602887099915122	497.2272867728841	0.6296285346136262	0	0	0	-0.008715601218794524	-3.1602582298970967	0.00021412069596121443	-5.469174793902489	-522.7781942956507	-0.2904355802932499
13.3	4.7671321747275135	4.7671321747275135	4.7671321747275135	0.09109212816953889	5.47193045430844	0.01702861716439196	9.602887099915122	497.22728677288296	0.6296285346136291	0	0	0	-0.008715601200453492	-3.1602581749857275	0.00021412036810823635	-5.46917479439267	-522.77819554911	-0.290435577265473
13.4	4.7671321747275135	4.7671321747275135	4.7671321747275135	0.0910921281695387	5.471930454308103	0.017028617164394095	9.602887099915128	497.2272867728907	0.6296285346136093	0	0	0	-0.008715601328145944	-3.160258553388203	0.00021412261143781902	-5.4691747909875055	-522.7781869231233	-0.2904355979604395
13.5	4.7671321747275135	4.7671321747275135	4.7671321747275135	0.09109212816953925	5.47193045430896	0.01702861716438872	9.602887099915113	497.2272867728711	0.629628534613659	0	0	0	-0.008715601047751069	-3.1602576476767923	0.00021411693353198837	-5.469174798466595	-522.7782075794588	-0.2904355455338443
13.6	4.7671321747275135	4.7671321747275135	4.7671321747275135	0.09109212816953978	5.471930454309793	0.017028617164383496	9.602887099915097	497.2272867728521	0.6296285346137072	0	0	0	-0.008715600769133972	-3.1602567598765665	0.00021411141412813297	-5.469174805898241	-522.7782278262597	-0.29043549457668655
13.7	4.7671321747275135	4.7671321747275135	4.7671321747275135	0.09109212816953935	5.4719304543090965	0.01702861716438786	9.60288709991511	497.2272867728679	0.629628534613667	0	0	0	-0.00871560100108345	-3.1602575002871762	0.0002141160229467304	-5.469174799712265	-522.778210942097	-0.2904355371251964
13.8	4.767132174727513	4.767132174727513	4.767132174727513	0.09109212816953897	5.471930454308537	0.017028617164391385	9.602887099915119	497.22728677288063	0.6296285346136343	0	0	0	-0.008715601202715256	-3.160258116259258	0.00021411974702770318	-5.4691747943346	-522.7781968975643	-0.29043557149231586
13.9	4.7671321747275135	4.7671321747275135	4.7671321747275135	0.09109212816953927	5.471930454308987	0.017028617164388568	9.602887099915112	497.22728677287034	0.6296285346136603	0	0	0	-0.008715601070657523	-3.1602576614542097	0.00021411678369807403	-5.46917479785672	-522.7782072720945	-0.29043554411709227
14	4.7671321747275135	4.7671321747275135	4.7671321747275135	0.09109212816953899	5.4719304543085485	0.017028617164391323	9.60288709991512	497.22728677288035	0.6296285346136349	0	0	0	-0.008715601209953154	-3.1602581191245656	0.00021411968501162395	-5.4691747941416455	-522.778196834445	-0.2904355709084832
14.1	4.7671321747275135	4.7671321747275135	4.7671321747275135	0.09109212816953864	5.471930454308007	0.01702861716439472	9.60288709991513	497.2272867728927	0.6296285346136035	0	0	0	-0.008715601385390086	-3.160258688414182	0.00021412326455523415	-5.469174789462762	-522.778183851538	-0.2904356039595482
14.2	4.7671321747275135	4.7671321747275135	4.7671321747275135	0.09109212816953863	5.4719304543079925	0.017028617164394792	9.60288709991513	497.22728677289297	0.6296285346136028	0	0	0	-0.008715601394350804	-3.1602587077604563	0.00021412334685823637	-5.469174789223921	-522.7781834112317	-0.2904356047142705
14.3	4.7671321747275135	4.7671321747275135	4.7671321747275135	0.09109212816953845	5.471930454307717	0.01702861716439652	9.602887099915135	497.22728677289916	0.6296285346135867	0	0	0	-0.008715601478328379	-3.16025899099405	0.00021412517140492241	-5.469174786984125	-522.7781769512889	-0.2904356215661163
14.4	4.7671321747275135	4.7671321747275135	4.7671321747275135	0.0910921281695384	5.4719304543077145	0.017028617164396565	9.602887099915138	497.2272867728993	0.6296285346135865	0	0	0	-0.008715601483594324	-3.1602590018411343	0.00021412521351715257	-5.469174786843699	-522.7781767045273	-0.29043562195146394
14.5	4.7671321747275135	4.7671321747275135	4.7671321747275135	0.09109212816953842	5.471930454307746	0.01702861716439638	9.602887099915137	497.2272867728985	0.6296285346135881	0	0	0	-0.008715601476150974	-3.160258973415578	0.00021412501715651017	-5.469174787042314	-522.7781773532417	-0.29043562013595364
14.6	4.7671321747275135	4.7671321747275135	4.7671321747275135	0.09109212816953835	5.47193045430764	0.017028617164397023	9.60288709991514	497.2272867729009	0.6296285346135824	0	0	0	-0.008715601507034853	-3.160259078898261	0.00021412570155733435	-5.469174786218693	-522.7781749473352	-0.2904356264576935
14.7	4.767132174727514	4.767132174727514	4.767132174727514	0.09109212816953845	5.471930454307858	0.017028617164395642	9.602887099915137	497.2272867728959	0.6296285346135951	0	0	0	-0.008715601450121057	-3.1602588670999183	0.00021412425603898174	-5.4691747877366055	-522.7781797795011	-0.2904356130965111
14.8	4.7671321747275135	4.7671321747275135	4.7671321747275135	0.09109212816953853	5.471930454308045	0.017028617164394463	9.602887099915135	497.22728677289166	0.6296285346136059	0	0	0	-0.00871560140033448	-3.160258684527331	0.0002141230201891878	-5.469174789064409	-522.7781839447282	-0.2904356016744904
14.9	4.7671321747275135	4.7671321747275135	4.7671321747275135	0.09109212816953843	5.471930454307823	0.017028617164395857	9.602887099915137	497.2272867728968	0.629628534613593	0	0	0	-0.008715601459671258	-3.160258901181723	0.00021412448318463298	-5.469174787481875	-522.7781790021443	-0.2904356151951676
15	4.767132174727513	4.767132174727513	4.767132174727513	0.09109212816953853	5.471930454308205	0.017028617164393318	9.602887099915133	497.2272867728881	0.6296285346136165	0	0	0	-0.00871560136291055	-3.160258523232963	0.00021412183328848816	-5.469174790062703	-522.778187625894	-0.29043559069410013
15.1	4.7671321747275135	4.7671321747275135	4.7671321747275135	0.09109212816953878	5.47193045430901	0.01702861716438807	9.602887099915126	497.2272867728697	0.6296285346136651	0	0	0	-0.008715601154663792	-3.160257729141729	0.00021411633737617337	-5.469174795616959	-522.7782057437965	-0.29043553988653337
15.2	4.7671321747275135	4.7671321747275135	4.7671321747275135	0.09109212816953888	5.47193045430924	0.01702861716438658	9.602887099915124	497.2272867728645	0.6296285346136788	0	0	0	-0.008715601094865546	-3.160257503306598	0.00021411478282349678	-5.469174797211837	-522.7782108963237	-0.2904355255161947
15.3	4.7671321747275135	4.7671321747275135	4.7671321747275135	0.09109212816953857	5.47193045430841	0.017028617164391947	9.602887099915131	497.22728677288325	0.6296285346136291	0	0	0	-0.008715601310862856	-3.1602583193786087	0.00021412040158098541	-5.4691747914508335	-522.7781922773621	-0.2904355774560654
15.4	4.7671321747275135	4.7671321747275135	4.7671321747275135	0.09109212816953872	5.471930454308944	0.01702861716438837	9.602887099915128	497.22728677287114	0.6296285346136622	0	0	0	-0.008715601187147105	-3.160257807460543	0.0002141167009253414	-5.469174794750453	-522.7782039593548	-0.29043554322753484
15.5	4.7671321747275135	4.7671321747275135	4.7671321747275135	0.09109212816953895	5.471930454309699	0.01702861716438338	9.60288709991512	497.227286772854	0.6296285346137084	0	0	0	-0.00871560100283423	-3.1602570743757674	0.00021411150842278414	-5.469174799666296	-522.7782206869208	-0.29043549521177336
15.6	4.7671321747275135	4.7671321747275135	4.7671321747275135	0.09109212816953868	5.471930454308852	0.017028617164388984	9.602887099915128	497.22728677287336	0.6296285346136565	0	0	0	-0.008715601211919905	-3.160257900257703	0.0002141173372255107	-5.469174794089678	-522.7782018421932	-0.2904355491091385
15.7	4.767132174727514	4.767132174727514	4.767132174727514	0.09109212816953852	5.47193045430828	0.0170286171643927	9.602887099915133	497.2272867728864	0.6296285346136222	0	0	0	-0.008715601357904827	-3.16025846066303	0.0002141212290523096	-5.469174790196261	-522.7781890558697	-0.29043558508895145
15.8	4.7671321747275135	4.7671321747275135	4.7671321747275135	0.09109212816953852	5.4719304543083345	0.017028617164392287	9.602887099915131	497.2272867728851	0.629628534613626	0	0	0	-0.008715601348630165	-3.1602584103198046	0.00021412082045712419	-5.469174790443898	-522.7781902053033	-0.2904355813049851
15.9	4.7671321747275135	4.7671321747275135	4.7671321747275135	0.09109212816953839	5.471930454307872	0.017028617164395375	9.602887099915135	497.2272867728957	0.6296285346135976	0	0	0	-0.008715601458949973	-3.160258856759864	0.00021412401303757587	-5.469174787501588	-522.7781800180445	-0.2904356108304193
16	4.7671321747275135	4.7671321747275135	4.7671321747275135	0.09109212816953835	5.471930454307766	0.01702861716439606	9.602887099915137	497.22728677289814	0.6296285346135913	0	0	0	-0.008715601486272317	-3.160258960956638	0.00021412473336330438	-5.469174786772862	-522.7781776407254	-0.2904356174894152
16.1	4.7671321747275135	4.7671321747275135	4.7671321747275135	0.09109212816953834	5.471930454307725	0.017028617164396326	9.602887099915137	497.22728677289905	0.6296285346135887	0	0	0	-0.008715601496388158	-3.160259000289493	0.00021412500847523412	-5.469174786503059	-522.7781767432921	-0.2904356200330353
16.2	4.767132174727514	4.767132174727514	4.767132174727514	0.09109212816953831	5.471930454307622	0.01702861716439702	9.602887099915138	497.2272867729014	0.6296285346135824	0	0	0	-0.00871560152139694	-3.160259101734461	0.00021412573457282505	-5.469174785836075	-522.7781744284059	-0.290435626748202
16.3	4.7671321747275135	4.7671321747275135	4.7671321747275135	0.09109212816953831	5.471930454307746	0.01702861716439617	9.602887099915137	497.22728677289854	0.6296285346135903	0	0	0	-0.008715601496001283	-3.160258988838146	0.0002141248871768221	-5.469174786513473	-522.778177005036	-0.29043561890709185
16.4	4.767132174727514	4.767132174727514	4.767132174727514	0.0910921281695383	5.471930454307764	0.017028617164396038	9.602887099915138	497.2272867728982	0.6296285346135914	0	0	0	-0.008715601492127361	-3.1602589716700598	0.0002141247585536253	-5.469174786616846	-522.778177396846	-0.2904356177169266
16.5	4.7671321747275135	4.7671321747275135	4.7671321747275135	0.09109212816953828	5.471930454307712	0.017028617164396343	9.602887099915138	497.22728677289933	0.6296285346135886	0	0	0	-0.008715601504087862	-3.16025901815646	0.00021412508265674033	-5.4691747862978515	-522.7781763361473	-0.2904356207133568
16.6	4.7671321747275135	4.7671321747275135	4.7671321747275135	0.09109212816953831	5.4719304543081275	0.017028617164393328	9.60288709991514	497.22728677288984	0.6296285346136166	0	0	0	-0.008715601416793055	-3.160258622502985	0.0002141220834312935	-5.4691747886261	-522.7781853664916	-0.29043559295790183
16.7	4.7671321747275135	4.7671321747275135	4.7671321747275135	0.09109212816953832	5.471930454308485	0.017028617164390754	9.60288709991514	497.22728677288154	0.6296285346136403	0	0	0	-0.008715601341232516	-3.160258282721712	0.00021411951761717062	-5.46917479064138	-522.7781931215036	-0.29043556921433555
16.8	4.7671321747275135	4.7671321747275135	4.7671321747275135	0.09109212816953831	5.471930454308203	0.017028617164392794	9.60288709991514	497.227286772888	0.6296285346136214	0	0	0	-0.008715601400736975	-3.16025855138908	0.00021412155055533397	-5.469174789054326	-522.7781869894935	-0.29043558802720076
16.9	4.7671321747275135	4.7671321747275135	4.7671321747275135	0.09109212816953827	5.471930454308325	0.017028617164391732	9.60288709991514	497.22728677288524	0.6296285346136312	0	0	0	-0.00871560137741264	-3.160258423662853	0.00021412049958050266	-5.469174789676468	-522.7781899055988	-0.29043557829288447
17	4.7671321747275135	4.7671321747275135	4.7671321747275135	0.09109212816953823	5.471930454309334	0.017028617164384138	9.60288709991514	497.22728677286216	0.6296285346137015	0	0	0	-0.00871560116835862	-3.160257442580199	0.00021411293575313231	-5.469174795252286	-522.7782122991206	-0.2904355082828244
17.1	4.7671321747275135	4.7671321747275135	4.7671321747275135	0.0910921281695382	5.471930454309774	0.01702861716438085	9.60288709991514	497.2272867728522	0.6296285346137319	0	0	0	-0.008715601076804158	-3.1602570164683677	0.00021410966356445103	-5.469174797694223	-522.7782220251447	-0.29043547799705766
17.2	4.7671321747275135	4.7671321747275135	4.7671321747275135	0.09109212816953821	5.4719304543086436	0.017028617164389293	9.60288709991514	497.227286772878	0.6296285346136538	0	0	0	-0.008715601311948902	-3.1602581114839507	0.00021411807487297255	-5.469174791422617	-522.7781970314591	-0.29043555584826003
17.3	4.767132174727513	4.767132174727513	4.767132174727513	0.09109212816953824	5.471930454308575	0.017028617164389574	9.60288709991514	497.22728677287955	0.6296285346136512	0	0	0	-0.008715601328743914	-3.1602581630816147	0.00021411837157259573	-5.4691747909746535	-522.7781958547696	-0.29043555858444664
17.4	4.7671321747275135	4.7671321747275135	4.7671321747275135	0.09109212816953825	5.47193045430884	0.017028617164387454	9.60288709991514	497.2272867728735	0.6296285346136709	0	0	0	-0.008715601275514243	-3.16025789751375	0.00021411626551612027	-5.46917479239434	-522.778201917028	-0.2904355390851584
17.5	4.7671321747275135	4.7671321747275135	4.7671321747275135	0.09109212816953825	5.47193045430812	0.01702861716439302	9.60288709991514	497.22728677289	0.6296285346136193	0	0	0	-0.008715601422942157	-3.1602586063631857	0.0002141217942258622	-5.46917478846224	-522.7781857366967	-0.29043559026466403
17.6	4.7671321747275135	4.7671321747275135	4.7671321747275135	0.09109212816953824	5.471930454307897	0.017028617164394688	9.60288709991514	497.2272867728952	0.6296285346136038	0	0	0	-0.008715601469705016	-3.160258822707797	0.0002141234501281797	-5.469174787215	-522.7781807986725	-0.2904356055903374
17.7	4.7671321747275135	4.7671321747275135	4.7671321747275135	0.09109212816953824	5.471930454307804	0.017028617164395382	9.60288709991514	497.22728677289734	0.6296285346135974	0	0	0	-0.00871560148869389	-3.1602589121289353	0.0002141241406956516	-5.469174786708529	-522.7781787575856	-0.29043561198227724
17.8	4.7671321747275135	4.7671321747275135	4.7671321747275135	0.09109212816953824	5.471930454307629	0.017028617164396742	9.60288709991514	497.22728677290127	0.6296285346135848	0	0	0	-0.008715601524291607	-3.160259085299548	0.00021412549868477464	-5.469174785759124	-522.7781748046782	-0.2904356245539684
17.9	4.7671321747275135	4.7671321747275135	4.7671321747275135	0.09109212816953827	5.471930454307673	0.01702861716439637	9.602887099915138	497.2272867729003	0.6296285346135883	0	0	0	-0.008715601516255401	-3.1602590408427074	0.0002141251300925522	-5.469174785973527	-522.7781758196602	-0.29043562113976745
18	4.7671321747275135	4.7671321747275135	4.7671321747275135	0.09109212816953828	5.471930454307609	0.01702861716439689	9.602887099915138	497.22728677290183	0.6296285346135834	0	0	0	-0.00871560152901066	-3.1602591052973894	0.00021412564454026314	-5.46917478563334	-522.7781743482866	-0.2904356259032037
18.1	4.7671321747275135	4.7671321747275135	4.7671321747275135	0.09109212816953834	5.471930454307651	0.01702861716439651	9.602887099915138	497.22728677290075	0.6296285346135869	0	0	0	-0.00871560152161458	-3.16025906181282	0.00021412527510633573	-5.469174785830553	-522.7781753411344	-0.29043562248037025
18.2	4.7671321747275135	4.7671321747275135	4.7671321747275135	0.09109212816953842	5.4719304543078575	0.017028617164394754	9.602887099915135	497.227286772896	0.6296285346136031	0	0	0	-0.008715601481836381	-3.160258850366898	0.00021412354940621338	-5.469174786891428	-522.7781801683424	-0.29043560649796524
18.3	4.7671321747275135	4.7671321747275135	4.7671321747275135	0.09109212816953845	5.471930454307903	0.017028617164394383	9.602887099915135	497.22728677289496	0.6296285346136066	0	0	0	-0.00871560147317556	-3.1602588048360722	0.0002141231796013483	-5.469174787122371	-522.7781812078008	-0.2904356030732043
18.4	4.767132174727514	4.767132174727514	4.767132174727514	0.0910921281695384	5.471930454307788	0.017028617164395354	9.602887099915138	497.2272867728975	0.6296285346135977	0	0	0	-0.008715601497020524	-3.1602589252887756	0.00021412414032757315	-5.4691747864864135	-522.7781784581625	-0.29043561196875745
18.5	4.7671321747275135	4.7671321747275135	4.7671321747275135	0.09109212816953867	5.471930454308398	0.017028617164390313	9.60288709991513	497.2272867728837	0.6296285346136444	0	0	0	-0.008715601388638649	-3.160258327290371	0.00021411918164242221	-5.469174789377279	-522.7781921108364	-0.29043556603706394
18.6	4.7671321747275135	4.7671321747275135	4.7671321747275135	0.09109212816953896	5.471930454309045	0.017028617164384946	9.602887099915122	497.227286772869	0.6296285346136943	0	0	0	-0.008715601271986442	-3.1602576888304625	0.0002141139051927525	-5.469174792488717	-522.778206687106	-0.29043551716359634
18.7	4.7671321747275135	4.7671321747275135	4.7671321747275135	0.09109212816953886	5.471930454308863	0.01702861716438646	9.602887099915126	497.2272867728732	0.6296285346136803	0	0	0	-0.008715601304428902	-3.160257868009888	0.0002141153916726746	-5.469174791623405	-522.7782025963384	-0.2904355309327214
18.8	4.7671321747275135	4.7671321747275135	4.7671321747275135	0.09109212816953866	5.471930454308345	0.01702861716439075	9.60288709991513	497.22728677288495	0.6296285346136404	0	0	0	-0.008715601401591132	-3.1602583855439876	0.00021411961851878526	-5.46917478903171	-522.7781907812551	-0.29043557007952064
18.9	4.7671321747275135	4.7671321747275135	4.7671321747275135	0.09109212816953892	5.47193045430908	0.017028617164384644	9.602887099915124	497.2272867728683	0.6296285346136969	0	0	0	-0.008715601278974236	-3.1602576775740983	0.00021411363751088215	-5.469174792301861	-522.778206945461	-0.2904355146680891
19	4.7671321747275135	4.7671321747275135	4.7671321747275135	0.09109212816953904	5.471930454309438	0.017028617164381674	9.60288709991512	497.22728677286005	0.6296285346137244	0	0	0	-0.008715601218091965	-3.1602573310532067	0.00021411072690557625	-5.46917479392552	-522.7782148570033	-0.2904354877041478
19.1	4.7671321747275135	4.7671321747275135	4.7671321747275135	0.09109212816953863	5.471930454308381	0.017028617164390445	9.60288709991513	497.2272867728842	0.6296285346136432	0	0	0	-0.008715601399911992	-3.160258358416245	0.00021411933119398841	-5.469174789076082	-522.7781914010519	-0.2904355674124436
19.2	4.7671321747275135	4.7671321747275135	4.7671321747275135	0.0910921281695385	5.471930454308171	0.017028617164392156	9.602887099915133	497.22728677288893	0.6296285346136272	0	0	0	-0.008715601438951366	-3.160258564850901	0.00021412101086544237	-5.469174788035028	-522.7781866883012	-0.2904355829680711
19.3	4.7671321747275135	4.7671321747275135	4.7671321747275135	0.09109212816953846	5.471930454308082	0.017028617164392888	9.602887099915135	497.227286772891	0.6296285346136204	0	0	0	-0.008715601454986241	-3.1602586521427596	0.0002141217305166232	-5.469174787607504	-522.7781846954248	-0.2904355896337207
19.4	4.7671321747275135	4.7671321747275135	4.7671321747275135	0.09109212816953836	5.471930454307725	0.01702861716439587	9.602887099915138	497.2272867728991	0.6296285346135928	0	0	0	-0.008715601515053488	-3.160258998849927	0.0002141246596129434	-5.4691747860053646	-522.77817677945	-0.2904356167705427
19.5	4.7671321747275135	4.7671321747275135	4.7671321747275135	0.09109212816953834	5.471930454307707	0.01702861716439602	9.602887099915137	497.22728677289956	0.6296285346135915	0	0	0	-0.008715601519208412	-3.1602590182010193	0.00021412480713446563	-5.4691747858944355	-522.7781763376955	-0.2904356181358068
19.6	4.7671321747275135	4.7671321747275135	4.7671321747275135	0.09109212816953831	5.4719304543076	0.017028617164396923	9.602887099915138	497.227286772902	0.6296285346135831	0	0	0	-0.008715601536806125	-3.160259122097559	0.0002141256929397416	-5.4691747854250545	-522.7781739654632	-0.29043562634314535
19.7	4.7671321747275135	4.7671321747275135	4.7671321747275135	0.0910921281695383	5.47193045430762	0.01702861716439676	9.60288709991514	497.22728677290155	0.6296285346135847	0	0	0	-0.00871560153467846	-3.1602591051342706	0.0002141255332104134	-5.4691747854818225	-522.778174352851	-0.29043562486181845
19.8	4.7671321747275135	4.7671321747275135	4.7671321747275135	0.09109212816953831	5.471930454307723	0.017028617164395913	9.60288709991514	497.2272867728993	0.6296285346135925	0	0	0	-0.008715601519510733	-3.160259010386369	0.0002141247076308032	-5.469174785886391	-522.7781765162591	-0.2904356172108776
19.9	4.7671321747275135	4.7671321747275135	4.7671321747275135	0.0910921281695383	5.47193045430764	0.01702861716439661	9.60288709991514	497.22728677290115	0.629628534613586	0	0	0	-0.008715601532295619	-3.1602590892034796	0.0002141253910315376	-5.469174785545431	-522.7781747165732	-0.29043562354388414
20	4.7671321747275135	4.7671321747275135	4.7671321747275135	0.09109212816953827	5.471930454307789	0.017028617164395292	9.60288709991514	497.2272867728977	0.6296285346135982	0	0	0	-0.00871560151045765	-3.1602589451518224	0.00021412411051161098	-5.46917478612789	-522.7781780059677	-0.29043561167464277
20.1	4.7671321747275135	4.7671321747275135	4.7671321747275135	0.09109212816953828	5.471930454308208	0.017028617164391732	9.60288709991514	497.22728677288814	0.6296285346136314	0	0	0	-0.008715601448686883	-3.16025854954985	0.00021412063096403605	-5.469174787775391	-522.7781870392397	-0.2904355794256326
20.2	4.7671321747275135	4.7671321747275135	4.7671321747275135	0.09109212816953828	5.4719304543083895	0.017028617164390192	9.60288709991514	497.227286772884	0.6296285346136457	0	0	0	-0.008715601421808765	-3.1602583785305596	0.00021411913036860068	-5.469174788492267	-522.7781909443157	-0.29043556551818484
20.3	4.7671321747275135	4.7671321747275135	4.7671321747275135	0.09109212816953827	5.471930454307996	0.017028617164393526	9.60288709991514	497.227286772893	0.6296285346136149	0	0	0	-0.008715601480180614	-3.160258749418034	0.00021412238296361136	-5.469174786935442	-522.7781824754476	-0.2904355956629267
20.4	4.7671321747275135	4.7671321747275135	4.7671321747275135	0.09109212816953828	5.471930454308549	0.01702861716438864	9.60288709991514	497.2272867728804	0.6296285346136601	0	0	0	-0.00871560140148773	-3.1602582177505782	0.00021411761595721153	-5.469174789034393	-522.7781946162526	-0.2904355514736619
20.5	4.7671321747275135	4.7671321747275135	4.7671321747275135	0.0910921281695383	5.471930454309481	0.0170286171643805	9.60288709991514	497.2272867728591	0.6296285346137356	0	0	0	-0.008715601266802223	-3.1602573253755284	0.00021410966937239045	-5.469174792626763	-522.7782149935817	-0.2904354778149356
20.6	4.7671321747275135	4.7671321747275135	4.7671321747275135	0.09109212816953831	5.471930454309447	0.0170286171643808	9.602887099915138	497.22728677285977	0.6296285346137328	0	0	0	-0.0087156012714373	-3.160257357680315	0.00021410996218248343	-5.469174792503214	-522.7782142558641	-0.2904354805294594
20.7	4.7671321747275135	4.7671321747275135	4.7671321747275135	0.09109212816953828	5.471930454308411	0.01702861716438979	9.60288709991514	497.22728677288353	0.6296285346136494	0	0	0	-0.008715601422207727	-3.1602583463340563	0.00021411873326414074	-5.4691747884819195	-522.7781916802162	-0.29043556182777286
20.8	4.7671321747275135	4.7671321747275135	4.7671321747275135	0.0910921281695383	5.4719304543085885	0.017028617164388065	9.60288709991514	497.22728677287944	0.6296285346136653	0	0	0	-0.008715601398566366	-3.1602581661181848	0.0002141170526385957	-5.469174789112354	-522.7781957959237	-0.2904355462432395
20.9	4.7671321747275135	4.7671321747275135	4.7671321747275135	0.09109212816953828	5.471930454308575	0.017028617164388145	9.60288709991514	497.22728677287967	0.6296285346136645	0	0	0	-0.008715601400740302	-3.1602581765773885	0.00021411713319236336	-5.469174789054302	-522.7781955571905	-0.29043554698890955
21	4.7671321747275135	4.7671321747275135	4.7671321747275135	0.09109212816953828	5.471930454307921	0.017028617164393967	9.60288709991514	497.22728677289473	0.6296285346136107	0	0	0	-0.00871560149407752	-3.1602588092758093	0.000214122813380129	-5.46917478656489	-522.7781811092784	-0.29043559964384097
21.1	4.7671321747275135	4.7671321747275135	4.7671321747275135	0.09109212816953827	5.471930454307829	0.017028617164394744	9.60288709991514	497.2272867728968	0.6296285346136035	0	0	0	-0.008715601507748548	-3.1602588955161703	0.0002141235671844291	-5.469174786200285	-522.7781791400612	-0.290435606629816
21.2	4.7671321747275135	4.7671321747275135	4.7671321747275135	0.09109212816953825	5.47193045430766	0.017028617164396267	9.60288709991514	497.2272867729006	0.6296285346135893	0	0	0	-0.008715601531649858	-3.1602590603346403	0.00021412505583418435	-5.469174785562804	-522.7781753763304	-0.29043562043022714
21.3	4.7671321747275135	4.7671321747275135	4.7671321747275135	0.09109212816953827	5.47193045430761	0.01702861716439671	9.60288709991514	497.2272867729018	0.6296285346135851	0	0	0	-0.008715601539325064	-3.1602591103501236	0.00021412549831916448	-5.469174785358008	-522.7781742342662	-0.29043562453143723
21.4	4.7671321747275135	4.7671321747275135	4.7671321747275135	0.0910921281695383	5.471930454307645	0.017028617164396374	9.602887099915138	497.2272867729009	0.6296285346135883	0	0	0	-0.0087156015347445	-3.160259075728038	0.00021412517601451564	-5.469174785480087	-522.7781750249459	-0.2904356215426987
21.5	4.7671321747275135	4.7671321747275135	4.7671321747275135	0.09109212816953827	5.471930454307564	0.017028617164397106	9.602887099915137	497.22728677290274	0.6296285346135815	0	0	0	-0.008715601545723022	-3.1602591534759803	0.00021412588465535265	-5.469174785187283	-522.778173249455	-0.29043562811265194
21.6	4.7671321747275135	4.7671321747275135	4.7671321747275135	0.09109212816953828	5.471930454307696	0.017028617164395875	9.60288709991514	497.22728677289984	0.6296285346135929	0	0	0	-0.008715601528797485	-3.160259025364913	0.0002141246911930131	-5.469174785638722	-522.7781761751378	-0.2904356170456062
21.7	4.7671321747275135	4.7671321747275135	4.7671321747275135	0.09109212816953827	5.471930454307868	0.01702861716439426	9.60288709991514	497.2272867728958	0.6296285346136079	0	0	0	-0.008715601506075542	-3.1602588562335243	0.00021412312394775084	-5.469174786244746	-522.7781800375785	-0.29043560251313416
21.8	4.7671321747275135	4.7671321747275135	4.7671321747275135	0.09109212816953827	5.471930454307792	0.017028617164394983	9.60288709991514	497.2272867728975	0.6296285346136011	0	0	0	-0.008715601516205736	-3.160258931784462	0.00021412382448901115	-5.469174785974576	-522.7781783122199	-0.2904356090089664
21.9	4.7671321747275135	4.7671321747275135	4.7671321747275135	0.09109212816953828	5.471930454307895	0.017028617164393946	9.60288709991514	497.2272867728952	0.6296285346136108	0	0	0	-0.008715601503722283	-3.1602588278288666	0.00021412282789807905	-5.469174786307556	-522.7781806864517	-0.2904355997652707
22	4.7671321747275135	4.7671321747275135	4.7671321747275135	0.09109212816953832	5.471930454308563	0.01702861716438756	9.602887099915138	497.22728677287995	0.6296285346136701	0	0	0	-0.0087156014181191	-3.160258168074217	0.00021411664617401328	-5.469174788590733	-522.7781957536656	-0.29043554243914743
22.1	4.7671321747275135	4.7671321747275135	4.7671321747275135	0.09109212816953838	5.471930454309011	0.017028617164383274	9.602887099915137	497.2272867728697	0.6296285346137099	0	0	0	-0.008715601360317635	-3.160257724999523	0.00021411250171684328	-5.469174790132399	-522.7782058723927	-0.29043550400616314
22.2	4.7671321747275135	4.7671321747275135	4.7671321747275135	0.09109212816953834	5.471930454308467	0.01702861716438847	9.602887099915138	497.22728677288217	0.6296285346136616	0	0	0	-0.008715601430109387	-3.160258262130774	0.0002141175323197899	-5.46917478827098	-522.7781936056341	-0.29043555065722537
22.3	4.7671321747275135	4.7671321747275135	4.7671321747275135	0.0910921281695383	5.471930454308416	0.017028617164388905	9.60288709991514	497.22728677288325	0.6296285346136578	0	0	0	-0.00871560143952444	-3.1602583123176626	0.00021411793656578274	-5.469174788019893	-522.7781924598386	-0.29043555440058627
22.4	4.7671321747275135	4.7671321747275135	4.7671321747275135	0.09109212816953832	5.471930454309147	0.017028617164381882	9.60288709991514	497.22728677286653	0.6296285346137228	0	0	0	-0.008715601349947396	-3.1602575934600785	0.0002141111169722249	-5.469174790409052	-522.7782088772537	-0.29043549115227174
22.5	4.7671321747275135	4.7671321747275135	4.7671321747275135	0.09109212816953832	5.471930454309066	0.01702861716438267	9.60288709991514	497.2272867728684	0.6296285346137156	0	0	0	-0.00871560136011158	-3.160257674075554	0.00021411187913234755	-5.469174790137959	-522.7782070361694	-0.2904354982207068
22.6	4.7671321747275135	4.7671321747275135	4.7671321747275135	0.09109212816953828	5.471930454308154	0.01702861716439139	9.60288709991514	497.2272867728892	0.6296285346136345	0	0	0	-0.008715601473828282	-3.1602585707961297	0.0002141203410086345	-5.46917478710494	-522.7781865569572	-0.2904355766967244
22.7	4.7671321747275135	4.7671321747275135	4.7671321747275135	0.09109212816953828	5.471930454308091	0.017028617164391913	9.602887099915142	497.22728677289064	0.6296285346136298	0	0	0	-0.00871560148254565	-3.16025862799074	0.00021412084700458687	-5.469174786872371	-522.7781852509584	-0.2904355813866394
22.8	4.7671321747275135	4.7671321747275135	4.7671321747275135	0.09109212816953828	5.471930454307845	0.017028617164394313	9.602887099915142	497.2272867728963	0.6296285346136075	0	0	0	-0.00871560151298847	-3.1602588730487695	0.0002141231741674484	-5.469174786060413	-522.7781796542544	-0.290435602970093
22.9	4.7671321747275135	4.7671321747275135	4.7671321747275135	0.09109212816953827	5.471930454307666	0.01702861716439607	9.602887099915142	497.2272867729004	0.6296285346135911	0	0	0	-0.008715601535645379	-3.1602590538100412	0.00021412488598381515	-5.469174785456133	-522.7781755259697	-0.29043561884610203
23	4.7671321747275135	4.7671321747275135	4.7671321747275135	0.09109212816953828	5.471930454307657	0.01702861716439616	9.60288709991514	497.2272867729007	0.6296285346135904	0	0	0	-0.008715601537256968	-3.1602590641349972	0.00021412497638914697	-5.4691747854131565	-522.7781752901813	-0.29043561968398957
23.1	4.7671321747275135	4.7671321747275135	4.7671321747275135	0.09109212816953825	5.471930454307558	0.017028617164397113	9.60288709991514	497.2272867729029	0.6296285346135815	0	0	0	-0.008715601548932873	-3.160259160212459	0.00021412589476137777	-5.469174785101758	-522.7781730959153	-0.290435628202019
23.2	4.7671321747275135	4.7671321747275135	4.7671321747275135	0.09109212816953828	5.471930454307621	0.017028617164396475	9.60288709991514	497.2272867729015	0.6296285346135873	0	0	0	-0.00871560154175969	-3.1602590962057664	0.00021412526870925522	-5.469174785293079	-522.7781745577943	-0.29043562239422355
23.3	4.7671321747275135	4.7671321747275135	4.7671321747275135	0.0910921281695383	5.471930454307676	0.01702861716439592	9.60288709991514	497.2272867729003	0.6296285346135925	0	0	0	-0.00871560153535106	-3.160259040572122	0.00021412472864874992	-5.469174785464007	-522.7781758284142	-0.29043561738446455
23.4	4.7671321747275135	4.7671321747275135	4.7671321747275135	0.09109212816953828	5.471930454307596	0.017028617164396704	9.60288709991514	497.22728677290206	0.6296285346135851	0	0	0	-0.008715601544713042	-3.1602591197126415	0.00021412549110854298	-5.46917478521432	-522.7781740209227	-0.2904356244568133
23.5	4.7671321747275135	4.7671321747275135	4.7671321747275135	0.0910921281695383	5.471930454307858	0.017028617164394095	9.60288709991514	497.2272867728961	0.6296285346136092	0	0	0	-0.008715601515884443	-3.1602588604950363	0.0002141229502042167	-5.4691747859832045	-522.7781799413176	-0.290435600884616
23.6	4.7671321747275135	4.7671321747275135	4.7671321747275135	0.09109212816953828	5.471930454308207	0.017028617164390608	9.60288709991514	497.2272867728882	0.6296285346136418	0	0	0	-0.00871560147695486	-3.160258513864489	0.00021411956146455028	-5.469174787021488	-522.7781878581443	-0.2904355694477023
23.7	4.767132174727513	4.767132174727513	4.767132174727513	0.0910921281695383	5.471930454308213	0.017028617164390546	9.60288709991514	497.22728677288796	0.6296285346136422	0	0	0	-0.008715601476148508	-3.1602585074381926	0.00021411950065871734	-5.469174787042988	-522.7781880048866	-0.29043556888380784
23.8	4.7671321747275135	4.7671321747275135	4.7671321747275135	0.09109212816953825	5.47193045430778	0.017028617164394858	9.60288709991514	497.22728677289786	0.6296285346136022	0	0	0	-0.008715601524562026	-3.160258936965442	0.00021412369566455792	-5.469174785751745	-522.778178194733	-0.29043560780009475
23.9	4.7671321747275135	4.7671321747275135	4.7671321747275135	0.09109212816953825	5.471930454307718	0.017028617164395486	9.602887099915142	497.2272867728993	0.6296285346135965	0	0	0	-0.008715601532178104	-3.1602589993628247	0.0002141242911039494	-5.469174785548595	-522.7781767697014	-0.2904356133228076
24	4.7671321747275135	4.7671321747275135	4.7671321747275135	0.09109212816953825	5.471930454307657	0.017028617164396114	9.602887099915142	497.2272867729007	0.6296285346135907	0	0	0	-0.008715601539253298	-3.160259062113297	0.00021412490393012522	-5.469174785359887	-522.7781753365332	-0.29043561900787673
