0	4.7671321747275135	4.7671321747275135	4.7671321747275135	0.09109212816953825	5.471930454307437	0.017028617164398283	9.60288709991514	497.2272867729056	0.6296285346135705	0	0	0	0	0	0	0	0	0
0.1	4.7671321747275135	4.7671321747275135	4.7671321747275135	0.09109212816953825	5.471930454307437	0.017028617164398283	9.602887099915138	497.2272867729056	0.6296285346135705	0	0	0	0	-0.16293522311657854	725091354220788e-19	-0.8657286646285199	-45.913549239667404	-0.05656679629451185
0.2	4.7671321747275135	4.7671321747275135	4.7671321747275135	0.09109212816953825	5.471930454307438	0.017028617164398286	9.60288709991514	497.22728677290564	0.6296285346135705	0	0	0	0	-0.4595634699068056	0.0002097028324300924	-1.5667489045441172	-87.4179348944087	-0.10157356432159272
0.3	4.7671321747275135	4.7671321747275135	4.7671321747275135	0.09109212816953825	5.471930454307437	0.017028617164398283	9.60288709991514	497.2272867729056	0.6296285346135705	0	0	0	0	-0.757692013685567	0.0003576942884901428	-2.134397715313032	-126.26373113841251	-0.13699713303612854
0.4	4.7671321747275135	4.7671321747275135	4.7671321747275135	0.09109212816953825	5.471930454307437	0.017028617164398283	9.60288709991514	497.2272867729056	0.6296285346135705	0	0	0	0	-1.0195064225043664	0.000499858223003624	-2.594047937541436	-162.5706584187619	-0.16465630912562704
0.5	4.7671321747275135	4.7671321747275135	4.7671321747275135	0.09109212816953825	5.4719304543074365	0.017028617164398283	9.60288709991514	497.2272867729056	0.6296285346135705	0	0	0	0	-1.238706119007602	0.000631035742430307	-2.9662513856495596	-196.11374747187975	-0.1860918921085589
0.6	4.7671321747275135	4.7671321747275135	4.7671321747275135	0.09109212816953825	5.4719304543074365	0.017028617164398283	9.60288709991514	497.2272867729056	0.6296285346135705	0	0	0	0	-1.4187621105043666	0.0007497807912693712	-3.2676413772237853	-226.70665611312648	-0.20257141685265023
0.7	4.767132174727513	4.767132174727513	4.767132174727513	0.09109212816953825	5.4719304543074365	0.017028617164398283	9.60288709991514	497.2272867729056	0.6296285346135704	0	0	0	0	-1.565484540871194	0.000855985392427486	-3.5116927862758276	-254.2849392102171	-0.21512630247782258
0.8	4.767132174727513	4.767132174727513	4.767132174727513	0.09109212816953824	5.471930454307437	0.017028617164398283	9.60288709991514	497.2272867729056	0.6296285346135705	0	0	0	0	-1.6846361335900324	0.0009501210112281208	-3.709311324365053	-278.89842954540984	-0.22458970647284626
0.9	4.7671321747275135	4.7671321747275135	4.7671321747275135	0.09109212816953824	5.471930454307437	0.01702861716439828	9.60288709991514	497.2272867729056	0.6296285346135705	0	0	0	0	-1.7812495953833571	0.0010329459336333704	-3.869318698129674	-300.6810158611211	-0.23163106254154084
1	4.7671321747275135	4.7671321747275135	4.7671321747275135	0.09109212816953824	5.4719304543074365	0.017028617164398283	9.60288709991514	497.2272867729056	0.6296285346135705	0	0	0	0	-1.859566294764529	0.0011053629739463055	-3.998920017849227	-319.81977543249997	-0.23679146687859082
1.1	4.7671321747275135	4.7671321747275135	4.7671321747275135	0.09109212816953824	5.471930454307436	0.017028617164398283	9.60288709991514	497.2272867729056	0.6296285346135704	0	0	0	0	-1.9229932446644975	0.0011683405364446	-4.103819958424564	-336.5341019501993	-0.24049205458338307
1.2	4.7671321747275135	4.7671321747275135	4.7671321747275135	0.09109212816953824	5.4719304543074365	0.017028617164398283	9.60288709991514	497.2272867729056	0.6296285346135706	0	0	0	0	-1.9743981952963372	0.0012228523878696734	-4.188797461984568	-351.05370848243666	-0.24307977865712496
1.3	4.7671321747275135	4.7671321747275135	4.7671321747275135	0.09109212816953824	5.471930454307437	0.01702861716439828	9.60288709991514	497.2272867729056	0.6296285346135706	0	0	0	0	-2.0160248270991863	0.0012698396862026171	-4.257578850044362	-363.6089487079053	-0.24481733858143817
1.4	4.7671321747275135	4.7671321747275135	4.7671321747275135	0.09109212816953824	5.4719304543074365	0.017028617164398283	9.60288709991514	497.2272867729056	0.6296285346135706	0	0	0	0	-2.049761594974633	0.0013101972290452486	-4.313298019449453	-374.4225873637606	-0.24592030839210266
1.5	4.7671321747275135	4.7671321747275135	4.7671321747275135	0.09109212816953825	5.4719304543074365	0.017028617164398283	9.60288709991514	497.2272867729056	0.6296285346135706	0	0	0	0	-2.077078957052636	0.0013447427409816425	-4.358393298126924	-383.7020636890915	-0.24654934213993487
1.6	4.7671321747275135	4.7671321747275135	4.7671321747275135	0.09109212816953824	5.4719304543074365	0.017028617164398283	9.60288709991514	497.2272867729056	0.6296285346135706	0	0	0	0	-2.0992252745043833	0.0013742350329604928	-4.394934092221278	-391.64160050285545	-0.246836429281
1.7	4.7671321747275135	4.7671321747275135	4.7671321747275135	0.09109212816953825	5.471930454307437	0.017028617164398283	9.60288709991514	497.22728677290564	0.6296285346135706	0	0	0	0	-2.1171499920886774	0.001399336339377424	-4.424493620602519	-398.41278081246804	-0.24687559529873873
1.8	4.767132174727513	4.767132174727513	4.767132174727513	0.09109212816953825	5.4719304543074365	0.017028617164398283	9.60288709991514	497.2272867729056	0.6296285346135706	0	0	0	0	-2.131691208842705	0.0014206647705415903	-4.448460384098878	-404.17646461736473	-0.24674705351999568
1.9	4.7671321747275135	4.7671321747275135	4.7671321747275135	0.09109212816953825	5.4719304543074365	0.017028617164398283	9.60288709991514	497.2272867729056	0.6296285346135706	0	0	0	0	-2.1434563931034334	0.0014387319843187775	-4.467840271461946	-409.0670827151206	-0.24650319416099978
2	4.7671321747275135	4.7671321747275135	4.7671321747275135	0.09109212816953825	5.471930454307437	0.017028617164398283	9.60288709991514	497.22728677290564	0.6296285346135706	0	0	0	0	-2.1529991738844805	0.0014540204767155703	-4.483549941064293	-413.2116883070501	-0.24619012887810046
2.1	4.7671321747275135	4.7671321747275135	4.7671321747275135	0.09109212816953824	5.471930454307437	0.01702861716439828	9.60288709991514	497.2272867729056	0.6296285346135706	0	0	0	0	-2.1607302782869775	0.001466928226274069	-4.496269069679563	-416.71575575257384	-0.24583787478124183
2.2	4.7671321747275135	4.7671321747275135	4.7671321747275135	0.09109212816953824	5.471930454307437	0.01702861716439828	9.60288709991514	497.22728677290564	0.6296285346135706	0	0	0	0	-2.166985996526556	0.0014778021761927896	-4.5065539856637	-419.67155697211984	-0.24546853439491348
2.3	4.7671321747275135	4.7671321747275135	4.7671321747275135	0.09109212816953828	5.471930454307438	0.017028617164398283	9.60288709991514	497.2272867729056	0.6296285346135706	0	0	0	0	-2.1720671840757473	0.0014869641717262707	-4.514902277029939	-422.16485202904425	-0.24510052329845883
2.4	4.7671321747275135	4.7671321747275135	4.7671321747275135	0.09109212816953828	5.47193045430744	0.01702861716439829	9.60288709991514	497.22728677290553	0.6296285346135705	0	0	0	0	-2.176177833234227	0.0014946584207803039	-4.521651057248515	-424.261073090559	-0.24474297300995076
2.5	4.767132174727514	4.767132174727514	4.767132174727514	0.09109212816953828	5.47193045430744	0.017028617164398293	9.602887099915142	497.2272867729056	0.6296285346135705	0	0	0	0	-2.179505779014157	0.0015011136585148057	-4.52711069942833	-426.0215555850103	-0.24440368257834494
2.6	4.7671321747275135	4.7671321747275135	4.7671321747275135	0.09109212816953825	5.471930454307438	0.01702861716439829	9.60288709991514	497.2272867729056	0.6296285346135706	0	0	0	0	-2.1822110540653594	0.0015065339495907203	-4.531545524014759	-427.50112988327834	-0.24408802425440349
2.7	4.7671321747275135	4.7671321747275135	4.7671321747275135	0.09109212816953825	5.471930454307439	0.017028617164398286	9.602887099915142	497.2272867729056	0.6296285346135706	0	0	0	0	-2.1843987712730937	0.0015110677396561005	-4.535128965588723	-428.739850606411	-0.24379731335333324
2.8	4.7671321747275135	4.7671321747275135	4.7671321747275135	0.09109212816953825	5.471930454307438	0.017028617164398286	9.602887099915142	497.2272867729056	0.6296285346135706	0	0	0	0	-2.1861680517661535	0.0015148559424119203	-4.538024561110504	-429.7757508985664	-0.2435325792346354
2.9	4.767132174727513	4.767132174727513	4.767132174727513	0.0910921281695382	5.471930454307438	0.017028617164398286	9.602887099915144	497.22728677290553	0.6296285346135706	0	0	0	0	-2.1876082330800424	0.0015180291948124704	-4.540379649945173	-430.6441261505277	-0.2432941751344181
3	4.7671321747275135	4.7671321747275135	4.7671321747275135	0.09109212816953809	5.471930454307441	0.017028617164398293	9.602887099915145	497.2272867729055	0.6296285346135706	0	0	0	0	-2.1887746011445635	0.001520677466001493	-4.5422852811955465	-431.3693771667777	-0.24308073817164796
3.1	4.7671321747275135	4.7671321747275135	4.7671321747275135	0.09109212816953804	5.471930454307442	0.017028617164398293	9.602887099915147	497.2272867729054	0.6296285346135704	0	0	0	0	-2.1897158469904694	0.0015228809636033257	-4.543821634786383	-431.9732692204533	-0.2428908182346282
3.2	4.7671321747275135	4.7671321747275135	4.7671321747275135	0.0910921281695381	5.471930454307437	0.017028617164398293	9.602887099915145	497.22728677290553	0.6296285346135705	0	0	0	0	-2.1904801823963624	0.001524719355941647	-4.545068093798057	-432.4774222831752	-0.2427229356168285
3.3	4.7671321747275135	4.7671321747275135	4.7671321747275135	0.09109212816953771	5.471930454307414	0.01702861716439834	9.602887099915156	497.2272867729059	0.6296285346135699	0	0	0	0	-2.1911026875233546	0.001526254946268647	-4.546082318687335	-432.8987731282734	-0.24257520197323998
3.4	4.7671321747275135	4.7671321747275135	4.7671321747275135	0.09109212816953716	5.471930454307389	0.017028617164398414	9.602887099915172	497.2272867729063	0.6296285346135694	0	0	0	0	-2.1916056812407656	0.0015275303931051552	-4.546900974588375	-433.2489551055536	-0.24244575918381603
3.5	4.7671321747275135	4.7671321747275135	4.7671321747275135	0.09109212816953699	5.4719304543073815	0.01702861716439843	9.602887099915174	497.2272867729065	0.6296285346135694	0	0	0	0	-2.192011151901537	0.0015285874053255673	-4.547560201117018	-433.5393444504358	-0.24233281793841066
3.6	4.7671321747275135	4.7671321747275135	4.7671321747275135	0.09109212816953727	5.47193045430737	0.01702861716439841	9.602887099915169	497.2272867729069	0.6296285346135695	0	0	0	0	-2.192340871684436	0.0015294674185026384	-4.548095756417497	-433.7812347882043	-0.24223458132712922
3.7	4.7671321747275135	4.7671321747275135	4.7671321747275135	0.0910921281695334	5.47193045430686	0.017028617164399015	9.60288709991527	497.2272867729172	0.6296285346135642	0	0	0	0	-2.192610140622063	0.0015302019457262357	-4.548532494485525	-433.98314664451243	-0.24214929886127692
3.8	4.7671321747275135	4.7671321747275135	4.7671321747275135	0.09109212816952747	5.4719304543061265	0.017028617164399917	9.602887099915428	497.2272867729318	0.6296285346135563	0	0	0	0	-2.1928279324176465	0.0015308108128706318	-4.548885201528656	-434.1505473448991	-0.24207557847811273
3.9	4.7671321747275135	4.7671321747275135	4.7671321747275135	0.09109212816952372	5.471930454305687	0.017028617164400475	9.60288709991553	497.22728677294054	0.6296285346135514	0	0	0	0	-2.1930031071024416	0.0015313132694980594	-4.549168591682643	-434.28878623927903	-0.24201209223055486
4	4.7671321747275135	4.7671321747275135	4.7671321747275135	0.09109212816952643	5.471930454306056	0.017028617164400045	9.602887099915456	497.22728677293304	0.6296285346135552	0	0	0	0	-2.1931445247077006	0.0015317285651707511	-4.54939737908324	-434.40321267756707	-0.24195751217152153
4.1	4.7671321747275135	4.7671321747275135	4.7671321747275135	0.091092128169495	5.471930454298923	0.017028617164407622	9.602887099916295	497.2272867730853	0.6296285346134896	0	0	0	0	-2.193261541607326	0.0015320781150848072	-4.549584837563848	-434.4987484591446	-0.24191056825795595
4.2	4.767132174727513	4.767132174727513	4.767132174727513	0.09109212816936448	5.471930454271718	0.017028617164436995	9.602887099919775	497.22728677366183	0.6296285346132351	0	0	0	0	-2.1933600686168133	0.001532377250655458	-4.54973735821085	-434.5781253552218	-0.24187033737661115
4.3	4.7671321747275135	4.7671321747275135	4.7671321747275135	0.09109212816921018	5.471930454240006	0.017028617164471307	9.60288709992389	497.22728677433315	0.6296285346129378	0	0	0	0	-2.1934409977981555	0.0015326277530792753	-4.549860150568206	-434.6435873846618	-0.24183600941435535
4.4	4.7671321747275135	4.7671321747275135	4.7671321747275135	0.09109212816911301	5.471930454220457	0.01702861716449249	9.60288709992648	497.2272867747463	0.6296285346127541	0	0	0	0	-2.193505085363121	0.0015328309885537306	-4.549958483140039	-434.6973931511355	-0.2418067732823412
4.5	4.7671321747275135	4.7671321747275135	4.7671321747275135	0.0910921281691539	5.471930454229749	0.017028617164482462	9.602887099925391	497.22728677454796	0.629628534612841	0	0	0	0	-2.193553087523476	0.0015329883232762954	-4.550037624430471	-434.7418012583137	-0.2417818178917216
4.6	4.7671321747275135	4.7671321747275135	4.7671321747275135	0.0910921281693646	5.4719304542736875	0.017028617164435007	9.602887099919771	497.2272867736167	0.6296285346132522	0	0	0	0	-2.193587111607576	0.001533104960081934	-4.550102591033456	-434.7789486121803	-0.241760388780498
4.7	4.7671321747275135	4.7671321747275135	4.7671321747275135	0.09109212816944579	5.471930454287096	0.017028617164420966	9.602887099917606	497.2272867733388	0.6296285346133735	0	0	0	0	-2.193617642396637	0.0015332099858137232	-4.550155508771216	-434.80970491776077	-0.24174222697975306
4.8	4.7671321747275135	4.7671321747275135	4.7671321747275135	0.09109212816947987	5.471930454293504	0.0170286171644139	9.602887099916698	497.2272867732041	0.6296285346134349	0	0	0	0	-2.1936433325064675	0.0015332990633280556	-4.550198306856678	-434.83507869567745	-0.241726838741598
4.9	4.7671321747275135	4.7671321747275135	4.7671321747275135	0.09109212816951333	5.471930454301279	0.017028617164405322	9.602887099915806	497.22728677303803	0.6296285346135093	0	0	0	0	-2.1936640145273314	0.0015333720622720095	-4.550233013550659	-434.85606665315515	-0.24171377828704946
5	4.7671321747275135	4.7671321747275135	4.7671321747275135	0.0910921281695204	5.471930454302432	0.017028617164404174	9.602887099915616	497.2272867730141	0.6296285346135192	0	0	0	0	-2.1936813789474336	0.0015334341187833605	-4.550261080392135	-434.87336834014934	-0.24170274105172
5.1	4.7671321747275135	4.7671321747275135	4.7671321747275135	0.09109212816953086	5.471930454305367	0.01702861716440073	9.602887099915339	497.2272867729505	0.6296285346135493	0	0	0	0	-2.193695325536938	0.0015334848288647404	-4.550283827792883	-434.8876642165033	-0.24169339569899695
5.2	4.7671321747275135	4.7671321747275135	4.7671321747275135	0.09109212816953358	5.471930454305976	0.01702861716440009	9.602887099915266	497.2272867729374	0.6296285346135548	0	0	0	0	-2.1937068089293454	0.0015335272341294606	-4.550302242342862	-434.8994554468583	-0.2416855048515049
5.3	4.7671321747275135	4.7671321747275135	4.7671321747275135	0.09109212816953585	5.47193045430667	0.017028617164399237	9.602887099915204	497.2272867729223	0.6296285346135622	0	0	0	0	-2.193716115576407	0.0015335621675272315	-4.550317146990877	-434.9091800970092	-0.24167884431383999
5.4	4.7671321747275135	4.7671321747275135	4.7671321747275135	0.09109212816953706	5.471930454307029	0.017028617164398817	9.60288709991517	497.22728677291457	0.6296285346135658	0	0	0	0	-2.1937236901727606	0.0015335910592392443	-4.550329228062132	-434.91720575534345	-0.24167322480170414
5.5	4.7671321747275135	4.7671321747275135	4.7671321747275135	0.09109212816953745	5.471930454307142	0.01702861716439868	9.602887099915161	497.22728677291207	0.629628534613567	0	0	0	0	-2.193729842847123	0.001533614907864381	-4.55033899734824	-434.92381566694576	-0.24166849311505292
5.6	4.7671321747275135	4.7671321747275135	4.7671321747275135	0.09109212816953793	5.471930454307316	0.017028617164398446	9.602887099915147	497.22728677290826	0.629628534613569	0	0	0	0	-2.1937348348323122	0.0015336345615518331	-4.550346919626668	-434.92926992597995	-0.24166450632952158
5.7	4.7671321747275135	4.7671321747275135	4.7671321747275135	0.09109212816953803	5.471930454307345	0.017028617164398414	9.602887099915145	497.22728677290763	0.6296285346135694	0	0	0	0	-2.1937388880497113	0.0015336507714549766	-4.55035332740375	-434.93376024301773	-0.24166115468578186
5.8	4.7671321747275135	4.7671321747275135	4.7671321747275135	0.09109212816953817	5.471930454307398	0.017028617164398338	9.602887099915144	497.2272867729065	0.6296285346135699	0	0	0	0	-2.1937421755599686	0.0015336641203153754	-4.550358519027706	-434.93746094232205	-0.24165833643783938
5.9	4.7671321747275135	4.7671321747275135	4.7671321747275135	0.09109212816953823	5.471930454307412	0.017028617164398317	9.602887099915142	497.22728677290615	0.6296285346135702	0	0	0	0	-2.193744844273844	0.0015336751202367014	-4.550362723276205	-434.9405088467814	-0.24165596922164623
6	4.7671321747275135	4.7671321747275135	4.7671321747275135	0.09109212816953806	5.471930454307096	0.017028617164398924	9.602887099915145	497.2272867729133	0.6296285346135647	0	0	0	0	-2.193747028569797	0.0015336842622806373	-4.550366124842657	-434.9430169635101	-0.24165398312389436
6.1	4.767132174727514	4.767132174727514	4.767132174727514	0.09109212816953331	5.4719304542988025	0.017028617164414776	9.602887099915272	497.2272867731021	0.6296285346134229	0	0	0	0	-2.1937493153943928	0.0015336940273261328	-4.550368868042432	-434.94507925152465	-0.24165232079532345
6.2	4.7671321747275135	4.7671321747275135	4.7671321747275135	0.09109212816952356	5.471930454281745	0.017028617164447347	9.602887099915531	497.2272867734902	0.6296285346131312	0	0	0	0	-2.1937518087690226	0.0015337048366382594	-4.550371036930189	-434.9467514597359	-0.2416509445715624
6.3	4.767132174727513	4.767132174727513	4.767132174727513	0.09109212816951065	5.471930454259198	0.017028617164490386	9.602887099915874	497.2272867740032	0.6296285346127457	0	0	0	0	-2.1937543462695555	0.0015337159574161559	-4.550372711316765	-434.94808468614013	-0.2416498183592766
6.4	4.7671321747275135	4.7671321747275135	4.7671321747275135	0.0910921281694965	5.471930454234439	0.01702861716453762	9.602887099916254	497.2272867745666	0.6296285346123228	0	0	0	0	-2.19375676547186	0.0015337266568589607	-4.550373971013001	-434.94913002873403	-0.24164890606513154
6.5	4.7671321747275135	4.7671321747275135	4.7671321747275135	0.09109212816948294	5.471930454210741	0.017028617164582788	9.602887099916616	497.2272867751058	0.6296285346119184	0	0	0	0	-2.1937589039518044	0.0015337362021658125	-4.550374895829735	-434.9499385855141	-0.24164817159579274
6.6	4.7671321747275135	4.7671321747275135	4.7671321747275135	0.09109212816947185	5.471930454191381	0.017028617164619616	9.60288709991691	497.22728677554636	0.6296285346115886	0	0	0	0	-2.1937605992852554	0.0015337438605358498	-4.550375565577808	-434.9505614544767	-0.24164757885792557
6.7	4.7671321747275135	4.7671321747275135	4.7671321747275135	0.09109212816946513	5.471930454179631	0.017028617164641845	9.602887099917089	497.2272867758137	0.6296285346113896	0	0	0	0	-2.193761689048082	0.00153374889916821	-4.55037606006806	-434.95104973361845	-0.2416470917581954
6.8	4.7671321747275135	4.7671321747275135	4.7671321747275135	0.0910921281694646	5.471930454178769	0.017028617164643198	9.602887099917105	497.22728677583325	0.6296285346113776	0	0	0	0	-2.193762010816152	0.0015337505852620335	-4.5503764591113285	-434.9514545209357	-0.24164667420326782
6.9	4.7671321747275135	4.7671321747275135	4.7671321747275135	0.09109212816947217	5.471930454192069	0.017028617164617423	9.6028870999169	497.22728677553056	0.6296285346116085	0	0	0	0	-2.1937614021653338	0.0015337481860164572	-4.550376842518453	-434.95182691442506	-0.24164629009980815
7	4.7671321747275135	4.7671321747275135	4.7671321747275135	0.0910921281694897	5.4719304542228056	0.01702861716455824	9.602887099916435	497.2272867748311	0.6296285346121387	0	0	0	0	-2.1937597006714955	0.00153374096863062	-4.550377290100275	-434.952218012083	-0.24164590335448194
7.1	4.767132174727513	4.767132174727513	4.767132174727513	0.09109212816951677	5.471930454270181	0.01702861716446742	9.602887099915712	497.227286773753	0.629628534612952	0	0	0	0	-2.193756995010633	0.0015337293003538463	-4.550377863948466	-434.95266499721396	-0.24164549132311508
7.2	4.7671321747275135	4.7671321747275135	4.7671321747275135	0.09109212816952895	5.471930454291233	0.01702861716442895	9.602887099915389	497.22728677327405	0.6296285346132958	0	0	0	0	-2.1937559462481397	0.0015337248028187904	-4.550378387083758	-434.95303346329035	-0.24164518304822982
7.3	4.7671321747275135	4.7671321747275135	4.7671321747275135	0.0910921281695337	5.471930454299436	0.017028617164413763	9.602887099915261	497.2272867730874	0.6296285346134316	0	0	0	0	-2.193755677940011	0.0015337235729331383	-4.550378810366572	-434.9533234781598	-0.2416449476956189
7.4	4.7671321747275135	4.7671321747275135	4.7671321747275135	0.09109212816953638	5.4719304543041565	0.01702861716440468	9.602887099915188	497.22728677298005	0.6296285346135131	0	0	0	0	-2.193755589433761	0.001533723101867585	-4.550379153423894	-434.9535596831217	-0.24164475530215215
7.5	4.7671321747275135	4.7671321747275135	4.7671321747275135	0.09109212816953727	5.471930454305714	0.017028617164401745	9.602887099915165	497.2272867729446	0.6296285346135394	0	0	0	0	-2.193755664028811	0.0015337233578184206	-4.550379430944008	-434.9537508361379	-0.24164460005301752
7.6	4.7671321747275135	4.7671321747275135	4.7671321747275135	0.09109212816953786	5.471930454306766	0.017028617164399636	9.602887099915153	497.2272867729207	0.6296285346135584	0	0	0	0	-2.193755739658997	0.001533723627740773	-4.55037965589341	-434.95390813399575	-0.24164447040108186
7.7	4.7671321747275135	4.7671321747275135	4.7671321747275135	0.09109212816953802	5.47193045430707	0.01702861716439905	9.602887099915147	497.22728677291377	0.6296285346135636	0	0	0	0	-2.1937558357891334	0.001533724007561938	-4.550379837863401	-434.9540368294058	-0.2416443633006547
7.8	4.7671321747275135	4.7671321747275135	4.7671321747275135	0.09109212816953817	5.4719304543073	0.017028617164398574	9.602887099915142	497.2272867729086	0.6296285346135679	0	0	0	0	-2.193755915287883	0.0015337243248462894	-4.5503799853563	-434.9541428847625	-0.2416442736037941
7.9	4.7671321747275135	4.7671321747275135	4.7671321747275135	0.0910921281695382	5.471930454307362	0.01702861716439845	9.602887099915142	497.2272867729072	0.629628534613569	0	0	0	0	-2.19375598742232	0.00153372462158919	-4.550380104683077	-434.95422998812757	-0.24164419889714828
8	4.767132174727513	4.767132174727513	4.767132174727513	0.09109212816953823	5.471930454307409	0.017028617164398345	9.60288709991514	497.22728677290615	0.62962853461357	0	0	0	0	-2.1937560462952934	0.0015337248669428723	-4.5503802013807375	-434.95430173786406	-0.24164413638154777
8.1	4.7671321747275135	4.7671321747275135	4.7671321747275135	0.09109212816953824	5.471930454307424	0.017028617164398317	9.60288709991514	497.2272867729058	0.6296285346135704	0	0	0	0	-2.193756095545678	0.0015337250759538072	-4.55038027963415	-434.9543607352304	-0.24164408419478364
8.2	4.7671321747275135	4.7671321747275135	4.7671321747275135	0.09109212816953824	5.471930454307432	0.017028617164398296	9.60288709991514	497.22728677290564	0.6296285346135705	0	0	0	0	-2.1937561356357267	0.0015337252484584729	-4.550380343026568	-434.95440930030634	-0.24164404057402367
8.3	4.7671321747275135	4.7671321747275135	4.7671321747275135	0.09109212816953824	5.471930454307433	0.017028617164398286	9.60288709991514	497.2272867729057	0.6296285346135706	0	0	0	0	-2.193756168425108	0.0015337253916614083	-4.550380394346101	-434.95444924374556	-0.2416440041540972
8.4	4.7671321747275135	4.7671321747275135	4.7671321747275135	0.09109212816953101	5.471930454305864	0.017028617164400964	9.602887099915332	497.22728677293895	0.6296285346135467	0	0	0	0	-2.1937562689744747	0.001533725886694423	-4.550380434854331	-434.9544799890871	-0.24164397736365126
8.5	4.767132174727513	4.767132174727513	4.767132174727513	0.09109212816947877	5.471930454294501	0.017028617164420345	9.602887099916726	497.2272867731806	0.6296285346133739	0	0	0	0	-2.193756824847006	0.0015337287096519013	-4.5503804606111915	-434.9544915541371	-0.2416439782761397
8.6	4.767132174727513	4.767132174727513	4.767132174727513	0.09109212816938464	5.471930454274036	0.017028617164455258	9.602887099919236	497.2272867736157	0.6296285346130626	0	0	0	0	-2.1937578044121304	0.0015337336985498688	-4.550380472779083	-434.9544854001106	-0.24164400484188958
8.7	4.7671321747275135	4.7671321747275135	4.7671321747275135	0.09109212816925885	5.471930454246696	0.017028617164501905	9.602887099922594	497.22728677419684	0.6296285346126466	0	0	0	0	-2.1937591035296453	0.001533740321495598	-4.55038047350632	-434.9544650323076	-0.2416440514829023
8.8	4.7671321747275135	4.7671321747275135	4.7671321747275135	0.09109212816911158	5.4719304542147125	0.017028617164556482	9.602887099926521	497.22728677487675	0.6296285346121598	0	0	0	0	-2.193760618059347	0.0015337480465963612	-4.550380464941219	-434.9544339560276	-0.24164411262117924
8.9	4.7671321747275135	4.7671321747275135	4.7671321747275135	0.09109212816895312	5.471930454180314	0.017028617164615192	9.602887099930749	497.22728677560787	0.6296285346116361	0	0	0	0	-2.193762243861033	0.0015337563419594309	-4.550380449232093	-434.95439567657047	-0.24164418267872176
9	4.7671321747275135	4.7671321747275135	4.7671321747275135	0.09109212816879364	5.471930454145731	0.017028617164674246	9.602887099935002	497.2272867763429	0.6296285346111096	0	0	0	0	-2.1937638767945	0.0015337646756920793	-4.550380428527259	-434.954353699236	-0.24164425607753118
9.1	4.767132174727514	4.767132174727514	4.767132174727514	0.09109212816864339	5.471930454113192	0.017028617164729837	9.60288709993901	497.2272867770345	0.629628534610614	0	0	0	0	-2.193765412719544	0.0015337725159015791	-4.550380404975032	-434.95431152932383	-0.24164432723960894
9.2	4.7671321747275135	4.7671321747275135	4.7671321747275135	0.09109212816851256	5.471930454084927	0.01702861716477816	9.602887099942501	497.2272867776351	0.6296285346101828	0	0	0	0	-2.1937667474959626	0.001533779330695202	-4.550380380723725	-434.95427267213387	-0.2416443905869563
9.3	4.7671321747275135	4.7671321747275135	4.7671321747275135	0.0910921281684114	5.471930454063168	0.017028617164815425	9.602887099945198	497.2272867780972	0.6296285346098504	0	0	0	0	-2.1937677769835515	0.001533784588180221	-4.550380357921656	-434.9542406329658	-0.24164444054157475
9.4	4.7671321747275135	4.7671321747275135	4.7671321747275135	0.09109212816835013	5.471930454050141	0.01702861716483783	9.602887099946834	497.22728677837364	0.6296285346096505	0	0	0	0	-2.193768397042109	0.0015337877564639084	-4.550380338717139	-434.9542189171194	-0.2416444715254655
9.5	4.7671321747275135	4.7671321747275135	4.7671321747275135	0.09109212816833898	5.471930454048079	0.017028617164841574	9.602887099947132	497.22728677841695	0.629628534609617	0	0	0	0	-2.1937685035314303	0.0015337883036535365	-4.550380325258491	-434.95421102989434	-0.24164447796063004
9.6	4.7671321747275135	4.7671321747275135	4.7671321747275135	0.0910921281683881	5.471930454059208	0.017028617164822863	9.602887099945821	497.22728677817946	0.6296285346097837	0	0	0	0	-2.193767992311314	0.0015337856978563777	-4.550380319694024	-434.95422047659054	-0.24164445426906972
9.7	4.7671321747275135	4.7671321747275135	4.7671321747275135	0.09109212816850783	5.471930454085761	0.017028617164777892	9.60288709994263	497.22728677761404	0.6296285346101846	0	0	0	0	-2.1937667592415555	0.0015337794071797043	-4.550380324172054	-434.9542507625076	-0.24164439487278583
9.8	4.7671321747275135	4.7671321747275135	4.7671321747275135	0.09109212816870829	5.471930454129967	0.017028617164702865	9.60288709993728	497.22728677667317	0.6296285346108534	0	0	0	0	-2.1937647001819514	0.0015337688997307886	-4.550380340840898	-434.9543053929454	-0.24164429419377978
9.9	4.7671321747275135	4.7671321747275135	4.7671321747275135	0.09109212816899975	5.471930454194054	0.017028617164593987	9.602887099929509	497.22728677530944	0.6296285346118243	0	0	0	0	-2.193761710992299	0.0015337536436169032	-4.5503803718488705	-434.9543878732037	-0.2416441466540529
10	4.7671321747275135	4.7671321747275135	4.7671321747275135	0.09109212816930622	5.471930454258734	0.017028617164482975	9.602887099921332	497.22728677393786	0.6296285346128145	0	0	0	0	-2.193758579143715	0.0015337377613619382	-4.55038041537122	-434.9544794951488	-0.24164399039316325
10.1	4.7671321747275135	4.7671321747275135	4.7671321747275135	0.09109212816932562	5.471930454251765	0.017028617164490133	9.602887099920814	497.22728677410527	0.6296285346127531	0	0	0	0	-2.1937584199750733	0.0015337373866146726	-4.550380452960655	-434.9545006557118	-0.24164397786364608
10.2	4.7671321747275135	4.7671321747275135	4.7671321747275135	0.09109212816932231	5.471930454247251	0.017028617164495878	9.602887099920904	497.2272867742078	0.6296285346127029	0	0	0	0	-2.193758478801748	0.0015337378073213637	-4.550380483329711	-434.95451382294635	-0.24164397394733386
10.3	4.7671321747275135	4.7671321747275135	4.7671321747275135	0.09109212816943955	5.471930454279164	0.017028617164444364	9.602887099917778	497.2272867735183	0.6296285346131608	0	0	0	0	-2.1937572742224467	0.001533731375421623	-4.550380507971061	-434.95455350684625	-0.24164390803596866
10.4	4.7671321747275135	4.7671321747275135	4.7671321747275135	0.09109212816944212	5.47193045427517	0.01702861716445085	9.602887099917707	497.22728677361107	0.6296285346131031	0	0	0	0	-2.1937572677708417	0.0015337315140652571	-4.550380527917838	-434.95456365890755	-0.24164390366268532
10.5	4.767132174727514	4.767132174727514	4.767132174727514	0.09109212816946476	5.471930454282144	0.01702861716443936	9.602887099917103	497.22728677345935	0.6296285346132053	0	0	0	0	-2.1937570410387983	0.001533730251379885	-4.550380544045421	-434.954577140735	-0.24164388719891047
10.6	4.767132174727514	4.767132174727514	4.767132174727514	0.09109212816949996	5.4719304542933065	0.017028617164421646	9.602887099916163	497.227286773216	0.6296285346133628	0	0	0	0	-2.1937566802154005	0.0015337282489670308	-4.550380557137951	-434.9545922879042	-0.24164386463980259
10.7	4.7671321747275135	4.7671321747275135	4.7671321747275135	0.09109212816949683	5.47193045429045	0.017028617164426843	9.602887099916247	497.22728677328035	0.6296285346133162	0	0	0	0	-2.193756722960113	0.0015337285475275073	-4.550380567723818	-434.9545969952641	-0.2416438639207378
10.8	4.7671321747275135	4.7671321747275135	4.7671321747275135	0.09109212816951473	5.47193045429778	0.017028617164414502	9.602887099915769	497.22728677311864	0.6296285346134262	0	0	0	0	-2.1937565376183623	0.0015337274460342433	-4.550380576289684	-434.95460595064645	-0.24164385080930942
10.9	4.7671321747275135	4.7671321747275135	4.7671321747275135	0.0910921281695222	5.47193045430017	0.017028617164410922	9.60288709991557	497.22728677306657	0.6296285346134579	0	0	0	0	-2.1937564635949536	0.0015337270284271575	-4.550380583234942	-434.95461154656067	-0.24164384446083056
11	4.7671321747275135	4.7671321747275135	4.7671321747275135	0.0910921281695213	5.471930454299279	0.01702861716441271	9.602887099915591	497.22728677308675	0.6296285346134418	0	0	0	0	-2.1937564776884355	0.0015337271237463145	-4.550380588847899	-434.9546144432293	-0.24164384323042948
11.1	4.7671321747275135	4.7671321747275135	4.7671321747275135	0.09109212816953026	5.471930454303572	0.017028617164405145	9.602887099915353	497.22728677299136	0.6296285346135093	0	0	0	0	-2.1937563839209284	0.001533726540388384	-4.550380593402299	-434.95461925660396	-0.24164383605958037
11.2	4.7671321747275135	4.7671321747275135	4.7671321747275135	0.09109212816953124	5.471930454303692	0.01702861716440524	9.602887099915328	497.22728677298903	0.6296285346135084	0	0	0	0	-2.1937563763529124	0.0015337265019457625	-4.550380597092625	-434.95462163254166	-0.24164383419817412
11.3	4.7671321747275135	4.7671321747275135	4.7671321747275135	0.09109212816953195	5.471930454303978	0.017028617164404767	9.602887099915309	497.2272867729827	0.6296285346135126	0	0	0	0	-2.1937563706178858	0.0015337264640789016	-4.55038060007494	-434.954623580733	-0.24164383257796107
11.4	4.7671321747275135	4.7671321747275135	4.7671321747275135	0.0910921281695353	5.47193045430577	0.017028617164401457	9.60288709991522	497.22728677294276	0.6296285346135422	0	0	0	0	-2.1937563357958676	0.0015337262384835923	-4.5503806024958875	-434.9546258813937	-0.24164382942238594
11.5	4.7671321747275135	4.7671321747275135	4.7671321747275135	0.09109212816953519	5.471930454305562	0.017028617164402	9.602887099915224	497.2272867729476	0.6296285346135374	0	0	0	0	-2.193756338549178	0.0015337262585144239	-4.550380604454657	-434.9546270578175	-0.24164382870540352
11.6	4.7671321747275135	4.7671321747275135	4.7671321747275135	0.09109212816953537	5.471930454305592	0.017028617164402047	9.60288709991522	497.22728677294697	0.6296285346135368	0	0	0	0	-2.1937563375079723	0.0015337262522779652	-4.550380606036738	-434.9546281039103	-0.24164382788913147
11.7	4.7671321747275135	4.7671321747275135	4.7671321747275135	0.09109212816949903	5.471930454279765	0.01702861716445777	9.602887099916188	497.2272867735266	0.6296285346130353	0	0	0	0	-2.1937567433710115	0.0015337290894145786	-4.550380607326991	-434.9546196529613	-0.24164385347910883
11.8	4.7671321747275135	4.7671321747275135	4.7671321747275135	0.09109212816942809	5.4719304542295975	0.017028617164565742	9.60288709991808	497.22728677465244	0.6296285346120634	0	0	0	0	-2.193757534149008	0.0015337346109564256	-4.550380608373948	-434.95460223454467	-0.2416439039888723
11.9	4.7671321747275135	4.7671321747275135	4.7671321747275135	0.0910921281693543	5.4719304541775315	0.017028617164677642	9.602887099920048	497.2272867758208	0.6296285346110563	0	0	0	0	-2.1937583564403558	0.0015337403481508374	-4.550380609214684	-434.9545839671187	-0.2416439565804709
12	4.7671321747275135	4.7671321747275135	4.7671321747275135	0.09109212816930938	5.471930454146009	0.01702861716474516	9.602887099921247	497.2272867765281	0.6296285346104485	0	0	0	0	-2.19375885684345	0.0015337438322451456	-4.550380609886274	-434.95457296914145	-0.24164398841595372
12.1	4.7671321747275135	4.7671321747275135	4.7671321747275135	0.09109212816932503	5.471930454157474	0.017028617164719984	9.60288709992083	497.2272867762706	0.6296285346106755	0	0	0	0	-2.1937586819566834	0.0015337425944866809	-4.550380610425796	-434.95457735907127	-0.24164397665736972
12.2	4.7671321747275135	4.7671321747275135	4.7671321747275135	0.09109212816942744	5.4719304542303036	0.017028617164562724	9.602887099918098	497.22728677463607	0.6296285346120912	0	0	0	0	-2.1937575406122263	0.001533734605851337	-4.550380610869753	-434.954603829249	-0.2416439025329215
12.3	4.767132174727513	4.767132174727513	4.767132174727513	0.0910921281694746	5.471930454261048	0.017028617164500433	9.602887099916838	497.2272867739474	0.6296285346126504	0	0	0	0	-2.193757021079336	0.0015337310768218518	-4.550380611231442	-434.9546159996836	-0.24164386969375104
12.4	4.7671321747275135	4.7671321747275135	4.7671321747275135	0.09109212816947382	5.4719304542582226	0.01702861716450978	9.602887099916858	497.227286774012	0.6296285346125651	0	0	0	0	-2.193757034897548	0.0015337312601967988	-4.55038061152294	-434.95461590214404	-0.24164387121248032
12.5	4.7671321747275135	4.7671321747275135	4.7671321747275135	0.09109212816950758	5.471930454283978	0.017028617164451504	9.602887099915957	497.227286773433	0.6296285346130908	0	0	0	0	-2.193756654924729	0.0015337285333737029	-4.550380611762788	-434.95462478711386	-0.24164384583795215
12.6	4.7671321747275135	4.7671321747275135	4.7671321747275135	0.09109212816951431	5.471930454287972	0.017028617164444343	9.60288709991578	497.22728677334374	0.6296285346131546	0	0	0	0	-2.193756581893189	0.0015337280519052837	-4.550380611958565	-434.9546266085681	-0.24164384125914057
12.7	4.7671321747275135	4.7671321747275135	4.7671321747275135	0.09109212816951748	5.471930454290159	0.017028617164439732	9.602887099915694	497.2272867732947	0.6296285346131961	0	0	0	0	-2.193756546896885	0.0015337278090870607	-4.550380612116589	-434.9546275319268	-0.24164383890540475
12.8	4.7671321747275135	4.7671321747275135	4.7671321747275135	0.09109212816952877	5.471930454299443	0.01702861716441771	9.602887099915394	497.22728677308567	0.629628534613395	0	0	0	0	-2.1937564180722817	0.0015337268600519316	-4.550380612243713	-434.95463058319984	-0.24164383003461593
12.9	4.7671321747275135	4.7671321747275135	4.7671321747275135	0.09109212816952907	5.471930454299266	0.01702861716441891	9.602887099915385	497.2272867730898	0.6296285346133839	0	0	0	0	-2.19375641572088	0.0015337268582641054	-4.5503806123461095	-434.9546307193904	-0.241643829943437
13	4.767132174727514	4.767132174727514	4.767132174727514	0.09109212816953269	5.471930454302469	0.017028617164410856	9.602887099915291	497.2272867730177	0.6296285346134567	0	0	0	0	-2.1937563740578523	0.0015337265424730099	-4.5503806124294925	-434.95463174136063	-0.24164382695772885
13.1	4.767132174727513	4.767132174727513	4.767132174727513	0.09109212816953492	5.471930454304355	0.0170286171644063	9.602887099915229	497.2272867729751	0.6296285346134979	0	0	0	0	-2.1937563483732525	0.0015337263513241798	-4.550380612497805	-434.9546323855468	-0.24164382513647656
13.2	4.7671321747275135	4.7671321747275135	4.7671321747275135	0.0910921281695349	5.471930454304219	0.017028617164406845	9.60288709991523	497.22728677297823	0.6296285346134929	0	0	0	0	-2.1937563489260317	0.001533726359518075	-4.550380612552023	-434.9546324187389	-0.24164382516874677
13.3	4.7671321747275135	4.7671321747275135	4.7671321747275135	0.09109212816953668	5.47193045430593	0.017028617164402293	9.602887099915183	497.2272867729396	0.6296285346135342	0	0	0	0	-2.193756328126647	0.0015337261969161871	-4.550380612594571	-434.9546329327107	-0.24164382362670692
13.4	4.7671321747275135	4.7671321747275135	4.7671321747275135	0.09109212816953699	5.471930454306157	0.01702861716440181	9.602887099915176	497.2272867729345	0.6296285346135385	0	0	0	0	-2.1937563247601943	0.0015337261726960528	-4.550380612631799	-434.9546330407114	-0.24164382337216414
13.5	4.7671321747275135	4.7671321747275135	4.7671321747275135	0.09109212816953718	5.471930454306343	0.017028617164401325	9.60288709991517	497.22728677293026	0.6296285346135428	0	0	0	0	-2.19375632243124	0.0015337261546904536	-4.550380612660789	-434.9546331194016	-0.24164382318012342
13.6	4.7671321747275135	4.7671321747275135	4.7671321747275135	0.09109212816953775	5.471930454306922	0.017028617164399733	9.602887099915154	497.2272867729173	0.6296285346135574	0	0	0	0	-2.193756315754411	0.001533726101379662	-4.550380612683445	-434.9546332932014	-0.2416438226652372
13.7	4.7671321747275135	4.7671321747275135	4.7671321747275135	0.09109212816953775	5.471930454306907	0.017028617164399816	9.602887099915154	497.2272867729176	0.6296285346135566	0	0	0	0	-2.193756315721201	0.0015337261018585264	-4.550380612704207	-434.9546333111178	-0.24164382265199655
13.8	4.767132174727514	4.767132174727514	4.767132174727514	0.09109212816953602	5.471930454305036	0.017028617164405613	9.6028870999152	497.2272867729599	0.6296285346135039	0	0	0	0	-2.1937563344761646	0.00153372626164347	-4.550380612720436	-434.95463289577896	-0.24164382411773766
13.9	4.7671321747275135	4.7671321747275135	4.7671321747275135	0.09109212816950074	5.471930454267218	0.01702861716452191	9.602887099916142	497.2272867738149	0.629628534612445	0	0	0	0	-2.1937567167793257	0.0015337295054675948	-4.550380612733807	-434.9546241541317	-0.24164385415910428
14	4.767132174727513	4.767132174727513	4.767132174727513	0.09109212816943474	5.471930454196516	0.017028617164739236	9.602887099917902	497.2272867754134	0.6296285346104658	0	0	0	0	-2.193757431911733	0.0015337355718460677	-4.550380612745493	-434.95460778986165	-0.24164391035302962
14.1	4.7671321747275135	4.7671321747275135	4.7671321747275135	0.09109212816935655	5.4719304541128	0.017028617164996478	9.602887099919988	497.22728677730623	0.6296285346081233	0	0	0	0	-2.193758279038688	0.001533742756536383	-4.550380612755502	-434.95458840159887	-0.2416439769096186
14.2	4.7671321747275135	4.7671321747275135	4.7671321747275135	0.09109212816928472	5.471930454035942	0.01702861716523251	9.602887099921903	497.2272867790439	0.6296285346059738	0	0	0	0	-2.193759057325491	0.0015337493552960333	-4.550380612763834	-434.9545705879733	-0.24164403803897602
14.3	4.7671321747275135	4.7671321747275135	4.7671321747275135	0.09109212816923773	5.471930453985813	0.017028617165386218	9.602887099923157	497.2272867801772	0.6296285346045741	0	0	0	0	-2.1937595659374427	0.0015337536638825122	-4.550380612770497	-434.95455894761477	-0.24164407795120685
14.4	4.7671321747275135	4.7671321747275135	4.7671321747275135	0.09109212816923415	5.471930453982283	0.01702861716539647	9.602887099923253	497.2272867802569	0.629628534604481	0	0	0	0	-2.1937596040398444	0.0015337539780533136	-4.550380612775495	-434.95455807915346	-0.24164408085641595
14.5	4.7671321747275135	4.7671321747275135	4.7671321747275135	0.09109212816929248	5.471930454045226	0.017028617165202153	9.602887099921698	497.22728677883373	0.6296285346062507	0	0	0	0	-2.193758970797996	0.0015337485935659305	-4.5503806127788335	-434.9545725812194	-0.24164403096470816
14.6	4.7671321747275135	4.7671321747275135	4.7671321747275135	0.09109212816942204	5.471930454184459	0.01702861716477343	9.602887099918242	497.2272867756856	0.6296285346101551	0	0	0	0	-2.1937575656309627	0.0015337366619749494	-4.550380612780628	-434.9546047570438	-0.24164392041553456
14.7	4.7671321747275135	4.7671321747275135	4.7671321747275135	0.09109212816948235	5.471930454247127	0.01702861716458476	9.60288709991663	497.22728677426943	0.6296285346118723	0	0	0	0	-2.193756917065335	0.0015337312155259157	-4.550380612782626	-434.95461960967896	-0.24164386995698903
14.8	4.7671321747275135	4.7671321747275135	4.7671321747275135	0.09109212816949953	5.471930454264547	0.017028617164533143	9.602887099916174	497.22728677387585	0.6296285346123419	0	0	0	0	-2.1937567332936676	0.0015337296851419093	-4.550380612784068	-434.9546238195634	-0.2416438557785188
14.9	4.767132174727514	4.767132174727514	4.767132174727514	0.09109212816952264	5.4719304542900975	0.017028617164452926	9.602887099915558	497.2272867732979	0.6296285346130729	0	0	0	0	-2.1937564808692818	0.001533727521224919	-4.550380612782592	-434.9546296006299	-0.2416438357261542
15	4.7671321747275135	4.7671321747275135	4.7671321747275135	0.09109212816952747	5.471930454295021	0.01702861716443831	9.602887099915428	497.2272867731866	0.6296285346132058	0	0	0	0	-2.193756429314263	0.0015337270905163981	-4.55038061278	-434.954630782629	-0.24164383173455367
15.1	4.7671321747275135	4.7671321747275135	4.7671321747275135	0.09109212816953347	5.471930454301905	0.01702861716441612	9.602887099915268	497.2272867730308	0.6296285346134081	0	0	0	0	-2.19375636315189	0.001533726516206422	-4.550380612779772	-434.9546322984962	-0.24164382641120666
15.2	4.7671321747275135	4.7671321747275135	4.7671321747275135	0.09109212816953549	5.471930454304166	0.017028617164409024	9.602887099915215	497.22728677297965	0.6296285346134727	0	0	0	0	-2.19375634075881	0.0015337263243290085	-4.550380612776746	-434.9546328121205	-0.24164382463202408
15.3	4.7671321747275135	4.7671321747275135	4.7671321747275135	0.09109212816953666	5.471930454305533	0.017028617164404576	9.602887099915183	497.2272867729487	0.6296285346135133	0	0	0	0	-2.1937563277434426	0.001533726210893291	-4.550380612774461	-434.9546331107976	-0.24164382357985337
15.4	4.7671321747275135	4.7671321747275135	4.7671321747275135	0.09109212816953753	5.471930454306559	0.01702861716440122	9.60288709991516	497.22728677292554	0.629628534613544	0	0	0	0	-2.1937563181197266	0.0015337261265468093	-4.550380612775832	-434.95463333165173	-0.24164382279756721
15.5	4.7671321747275135	4.7671321747275135	4.7671321747275135	0.09109212816953774	5.471930454306796	0.01702861716440047	9.602887099915154	497.2272867729201	0.6296285346135508	0	0	0	0	-2.1937563158157634	0.0015337261066485754	-4.55038061277837	-434.954633384854	-0.24164382261263195
15.6	4.7671321747275135	4.7671321747275135	4.7671321747275135	0.09109212816953804	5.47193045430718	0.01702861716439916	9.602887099915145	497.22728677291144	0.6296285346135627	0	0	0	0	-2.1937563123431008	0.001533726075690231	-4.550380612779787	-434.9546334647527	-0.24164382232506637
15.7	4.7671321747275135	4.7671321747275135	4.7671321747275135	0.0910921281695381	5.471930454307261	0.017028617164398897	9.602887099915145	497.2272867729096	0.629628534613565	0	0	0	0	-2.1937563115808656	0.0015337260690446717	-4.550380612780814	-434.9546334825341	-0.24164382226300796
15.8	4.7671321747275135	4.7671321747275135	4.7671321747275135	0.09109212816953818	5.471930454307357	0.01702861716439857	9.602887099915144	497.2272867729075	0.6296285346135682	0	0	0	0	-2.1937563107446576	0.0015337260615099543	-4.550380612781769	-434.9546335019474	-0.2416438221929228
15.9	4.7671321747275135	4.7671321747275135	4.7671321747275135	0.09109212816953821	5.471930454307389	0.017028617164398446	9.602887099915142	497.2272867729068	0.6296285346135692	0	0	0	0	-2.1937563104080406	0.0015337260584905876	-4.550380612782579	-434.95463350989985	-0.24164382216473732
16	4.7671321747275135	4.7671321747275135	4.7671321747275135	0.0910921281695381	5.471930454307218	0.017028617164399025	9.602887099915144	497.22728677291065	0.6296285346135638	0	0	0	0	-2.1937563116356875	0.0015337260699794378	-4.550380612783236	-434.95463348201963	-0.24164382227100498
16.1	4.7671321747275135	4.7671321747275135	4.7671321747275135	0.0910921281695196	5.471930454280433	0.017028617164490462	9.602887099915636	497.2272867735186	0.6296285346127289	0	0	0	0	-2.1937565098150515	0.0015337279174816002	-4.550380612784155	-434.954628946503	-0.24164383940267053
16.2	4.7671321747275135	4.7671321747275135	4.7671321747275135	0.09109212816947512	5.4719304542159755	0.017028617164710474	9.602887099916826	497.2272867749817	0.62962853461072	0	0	0	0	-2.1937569867630375	0.0015337323635866435	-4.550380612785527	-434.95461803082327	-0.24164388063131476
16.3	4.7671321747275135	4.7671321747275135	4.7671321747275135	0.09109212816941231	5.4719304541249505	0.01702861716502114	9.6028870999185	497.2272867770477	0.6296285346078833	0	0	0	0	-2.1937576603493802	0.0015337386425134435	-4.550380612787228	-434.95460261468327	-0.24164393885580418
16.4	4.7671321747275135	4.7671321747275135	4.7671321747275135	0.09109212816933877	5.47193045401846	0.017028617165384535	9.602887099920459	497.22728677946475	0.629628534604565	0	0	0	0	-2.1937584484438144	0.001533745988480876	-4.55038061278913	-434.9545845777856	-0.2416440069750053
16.5	4.7671321747275135	4.7671321747275135	4.7671321747275135	0.09109212816926225	5.4719304539076115	0.017028617165762736	9.602887099922498	497.22728678198075	0.6296285346011117	0	0	0	0	-2.193759268916077	0.0015337536357078164	-4.550380612791111	-434.9545657998332	-0.24164407788778472
16.6	4.7671321747275135	4.7671321747275135	4.7671321747275135	0.09109212816919035	5.471930453803505	0.017028617166117824	9.602887099924414	497.22728678434373	0.6296285345978693	0	0	0	0	-2.193760039635902	0.0015337608184131399	-4.550380612793043	-434.95454816052865	-0.241644144493009
16.7	4.7671321747275135	4.7671321747275135	4.7671321747275135	0.09109212816913073	5.471930453717249	0.01702861716641187	9.602887099926003	497.2272867863015	0.6296285345951844	0	0	0	0	-2.1937606784730255	0.0015337667708157227	-4.550380612794801	-434.9545335395749	-0.2416441996895446
16.8	4.7671321747275135	4.7671321747275135	4.7671321747275135	0.09109212816909107	5.4719304536599465	0.017028617166606953	9.602887099927061	497.22728678760217	0.6296285345934033	0	0	0	0	-2.1937611032971827	0.0015337707271344406	-4.550380612796261	-434.9545238166747	-0.24164423637625815
16.9	4.7671321747275135	4.7671321747275135	4.7671321747275135	0.09109212816907901	5.471930453642699	0.017028617166665153	9.602887099927381	497.22728678799365	0.6296285345928719	0	0	0	0	-2.193761231978108	0.0015337719215881686	-4.550380612797298	-434.9545208715306	-0.2416442474520161
17	4.7671321747275135	4.7671321747275135	4.7671321747275135	0.09109212816910224	5.471930453676613	0.01702861716654854	9.602887099926763	497.2272867872238	0.629628534593937	0	0	0	0	-2.1937609823855375	0.0015337695883957825	-4.550380612797784	-434.9545265838456	-0.24164422581568507
17.1	4.7671321747275135	4.7671321747275135	4.7671321747275135	0.09109212816916837	5.471930453772793	0.017028617166219197	9.602887099924995	497.2272867850408	0.6296285345969446	0	0	0	0	-2.193760272389207	0.0015337629617761584	-4.550380612797597	-434.9545428333225	-0.24164416436613156
17.2	4.7671321747275135	4.7671321747275135	4.7671321747275135	0.09109212816928508	5.471930453942343	0.0170286171656392	9.602887099921885	497.2272867811924	0.6296285346022408	0	0	0	0	-2.1937590198588506	0.0015337512759481715	-4.550380612796609	-434.95457149966387	-0.2416440560022221
17.3	4.7671321747275135	4.7671321747275135	4.7671321747275135	0.09109212816943374	5.471930454157693	0.01702861716490437	9.60288709991792	497.2272867763046	0.6296285346089506	0	0	0	0	-2.193757426157005	0.0015337364206046366	-4.550380612795037	-434.95460797447413	-0.2416439182481863
17.4	4.7671321747275135	4.7671321747275135	4.7671321747275135	0.09109212816948362	5.471930454227657	0.017028617164672768	9.602887099916591	497.227286774717	0.6296285346110638	0	0	0	0	-2.1937568974868302	0.001533731544852838	-4.550380612794407	-434.95462007473975	-0.24164387303950752
17.5	4.7671321747275135	4.7671321747275135	4.7671321747275135	0.09109212816950782	5.471930454262544	0.017028617164554175	9.602887099915945	497.2272867739251	0.6296285346121466	0	0	0	0	-2.1937566383690448	0.0015337291339891453	-4.5503806127933775	-434.95462600534466	-0.24164385068379568
17.6	4.7671321747275135	4.7671321747275135	4.7671321747275135	0.0910921281695249	5.4719304542875635	0.017028617164467873	9.602887099915494	497.2272867733571	0.6296285346129348	0	0	0	0	-2.1937564545943466	0.0015337274144087854	-4.5503806127914395	-434.95463021138767	-0.241643834737354
17.7	4.7671321747275135	4.7671321747275135	4.7671321747275135	0.09109212816952947	5.471930454294101	0.01702861716444586	9.602887099915373	497.2272867732087	0.6296285346131357	0	0	0	0	-2.1937564057546104	0.0015337269613525093	-4.55038061278985	-434.9546313292041	-0.24164383053629523
17.8	4.767132174727513	4.767132174727513	4.767132174727513	0.09109212816953477	5.471930454302173	0.01702861716441706	9.60288709991523	497.22728677302524	0.6296285346133991	0	0	0	0	-2.1937563478030566	0.0015337264126148358	-4.550380612786702	-434.9546326554644	-0.24164382544730142
17.9	4.7671321747275135	4.7671321747275135	4.7671321747275135	0.09109212816953603	5.471930454303991	0.01702861716441084	9.602887099915199	497.227286772984	0.6296285346134558	0	0	0	0	-2.193756334374814	0.0015337262873088308	-4.550380612781132	-434.9546329628287	-0.24164382428539405
18	4.7671321747275135	4.7671321747275135	4.7671321747275135	0.09109212816953731	5.471930454305947	0.01702861716440371	9.602887099915165	497.2272867729395	0.6296285346135211	0	0	0	0	-2.193756320537581	0.0015337261553098008	-4.550380612779304	-434.95463327940337	-0.24164382306117174
18.1	4.7671321747275135	4.7671321747275135	4.7671321747275135	0.09109212816953773	5.471930454306596	0.01702861716440139	9.602887099915153	497.2272867729248	0.6296285346135422	0	0	0	0	-2.1937563158573017	0.0015337261110115001	-4.550380612781529	-434.9546333864627	-0.2416438226506853
18.2	4.7671321747275135	4.7671321747275135	4.7671321747275135	0.09109212816953799	5.471930454306993	0.01702861716439993	9.602887099915145	497.22728677291576	0.6296285346135556	0	0	0	0	-2.193756313075586	0.0015337260843692531	-4.550380612783078	-434.9546334500927	-0.241643822403642
18.3	4.7671321747275135	4.7671321747275135	4.7671321747275135	0.09109212816953813	5.4719304543072305	0.017028617164399063	9.602887099915145	497.2272867729104	0.6296285346135636	0	0	0	0	-2.1937563114239684	0.001533726068540431	-4.550380612783469	-434.95463348782795	-0.2416438222566507
18.4	4.7671321747275135	4.7671321747275135	4.7671321747275135	0.09109212816953818	5.471930454307303	0.017028617164398796	9.602887099915144	497.2272867729088	0.6296285346135659	0	0	0	0	-2.193756310913798	0.0015337260636665109	-4.550380612783818	-434.9546334994611	-0.24164382221140862
18.5	4.767132174727514	4.767132174727514	4.767132174727514	0.09109212816953823	5.471930454307384	0.01702861716439849	9.602887099915144	497.22728677290695	0.6296285346135688	0	0	0	0	-2.193756310365322	0.0015337260583412064	-4.550380612784141	-434.95463351199857	-0.2416438221621364
18.6	4.7671321747275135	4.7671321747275135	4.7671321747275135	0.0910921281695382	5.471930454307401	0.017028617164398425	9.602887099915144	497.2272867729065	0.6296285346135693	0	0	0	0	-2.1937563102416235	0.0015337260571578568	-4.55038061278435	-434.9546335148171	-0.24164382215118688
18.7	4.7671321747275135	4.7671321747275135	4.7671321747275135	0.09109212816951837	5.471930454294907	0.017028617164440922	9.602887099915673	497.22728677318594	0.6296285346131811	0	0	0	0	-2.1937563753901483	0.0015337267116619362	-4.550380612784323	-434.954632024319	-0.24164382822420855
18.8	4.767132174727514	4.767132174727514	4.767132174727514	0.09109212816942036	5.471930454233199	0.017028617164650837	9.602887099918286	497.2272867745658	0.6296285346112643	0	0	0	0	-2.1937566972931286	0.0015337299454444217	-4.550380612782938	-434.9546246595997	-0.24164385823030005
18.9	4.7671321747275135	4.7671321747275135	4.7671321747275135	0.091092128169259	5.47193045413162	0.017028617164996398	9.602887099922592	497.2272867768373	0.6296285346081087	0	0	0	0	-2.1937572272740513	0.0015337352694110352	-4.550380612780385	-434.9546125343107	-0.2416439076311715
19	4.7671321747275135	4.7671321747275135	4.7671321747275135	0.09109212816905517	5.471930454003319	0.017028617165432875	9.602887099928026	497.22728677970616	0.6296285346041228	0	0	0	0	-2.1937578968136497	0.0015337419951279398	-4.550380612776977	-434.9545972160842	-0.2416439700388513
19.1	4.7671321747275135	4.7671321747275135	4.7671321747275135	0.09109212816882968	5.471930453861444	0.017028617165915548	9.60288709993404	497.22728678287854	0.629628534599715	0	0	0	0	-2.193758637392657	0.0015337494341613007	-4.550380612773025	-434.9545802725527	-0.241644039065368
19.2	4.7671321747275135	4.7671321747275135	4.7671321747275135	0.09109212816860339	5.471930453719143	0.017028617166399702	9.602887099940073	497.2272867860604	0.6296285345952939	0	0	0	0	-2.193759380491809	0.0015337568980772816	-4.550380612768836	-434.9545632713484	-0.24164410832275016
19.3	4.7671321747275135	4.7671321747275135	4.7671321747275135	0.0910921281683972	5.471930453589566	0.01702861716684061	9.602887099945574	497.22728678895777	0.6296285345912676	0	0	0	0	-2.1937600575918377	0.001533763698442047	-4.550380612764725	-434.95454778010367	-0.24164417142302616
19.4	4.7671321747275135	4.7671321747275135	4.7671321747275135	0.09109212816823192	5.471930453485858	0.017028617167193554	9.602887099949983	497.2272867912765	0.6296285345880446	0	0	0	0	-2.193760600173477	0.0015337691468217608	-4.550380612761	-434.95453536645067	-0.24164422197822463
19.5	4.7671321747275135	4.7671321747275135	4.7671321747275135	0.09109212816812841	5.471930453421171	0.01702861716741381	9.602887099952742	497.2272867927227	0.6296285345860331	0	0	0	0	-2.19376093971746	0.0015337725547825871	-4.550380612757972	-434.95452759802185	-0.24164425360037398
19.6	4.7671321747275135	4.7671321747275135	4.7671321747275135	0.09109212816810755	5.471930453408649	0.017028617167456656	9.602887099953302	497.22728679300224	0.6296285345856418	0	0	0	0	-2.1937610077045218	0.0015337732338906898	-4.550380612755953	-434.9545260424495	-0.2416442599015027
19.7	4.7671321747275135	4.7671321747275135	4.7671321747275135	0.09109212816819016	5.471930453461443	0.01702861716727737	9.602887099951095	497.22728679182114	0.6296285345872789	0	0	0	0	-2.1937607356153945	0.0015337704957122337	-4.550380612755252	-434.95453226736583	-0.24164423449363936
19.8	4.7671321747275135	4.7671321747275135	4.7671321747275135	0.09109212816839711	5.471930453592701	0.017028617166831236	9.602887099945576	497.2272867888854	0.6296285345913527	0	0	0	0	-2.1937600549308125	0.0015337636518133826	-4.5503806127561806	-434.9545478404032	-0.24164417098881244
19.9	4.7671321747275135	4.7671321747275135	4.7671321747275135	0.09109212816874926	5.4719304538155695	0.017028617166073526	9.602887099936185	497.227286783901	0.6296285345982718	0	0	0	0	-2.19375889713151	0.0015337520137603006	-4.550380612759049	-434.954574329194	-0.2416440629990504
20	4.7671321747275135	4.7671321747275135	4.7671321747275135	0.09109212816920381	5.471930454101687	0.017028617165100377	9.602887099924061	497.2272867775031	0.6296285346071584	0	0	0	0	-2.1937574041023873	0.0015337370157407224	-4.550380612763666	-434.954608487696	-0.24164392383283126
20.1	4.7671321747275135	4.7671321747275135	4.7671321747275135	0.09109212816935296	5.471930454187861	0.017028617164805384	9.602887099920082	497.2272867755807	0.6296285346098527	0	0	0	0	-2.193756921414472	0.0015337322149884148	-4.550380612766733	-434.95461953145394	-0.24164387929050735
20.2	4.7671321747275135	4.7671321747275135	4.7671321747275135	0.0910921281694123	5.4719304542234015	0.017028617164683627	9.602887099918501	497.22728677478716	0.6296285346109649	0	0	0	0	-2.193756728204282	0.0015337302854052817	-4.5503806127694695	-434.9546239519906	-0.24164386138684968
20.3	4.7671321747275135	4.7671321747275135	4.7671321747275135	0.09109212816948462	5.471930454271186	0.01702861716452153	9.60288709991657	497.22728677371737	0.629628534612445	0	0	0	0	-2.1937564885397145	0.0015337278637955409	-4.550380612771887	-434.95462943509307	-0.24164383891564895
20.4	4.7671321747275135	4.7671321747275135	4.7671321747275135	0.09109212816949781	5.471930454278548	0.017028617164496492	9.60288709991622	497.2272867735534	0.6296285346126737	0	0	0	0	-2.1937564461143912	0.0015337274434617696	-4.550380612772576	-434.9546304058058	-0.2416438350158181
20.5	4.7671321747275135	4.7671321747275135	4.7671321747275135	0.09109212816952052	5.47193045429478	0.017028617164441328	9.602887099915613	497.2272867731893	0.6296285346131775	0	0	0	0	-2.1937563696530513	0.0015337266633736269	-4.5503806127717565	-434.9546321550334	-0.24164382777662727
20.6	4.7671321747275135	4.7671321747275135	4.7671321747275135	0.09109212816952719	5.471930454299135	0.01702861716442663	9.602887099915437	497.22728677309186	0.6296285346133116	0	0	0	0	-2.1937563476130943	0.0015337264409855818	-4.550380612771008	-434.9546326594147	-0.24164382571298235
20.7	4.7671321747275135	4.7671321747275135	4.7671321747275135	0.09109212816953173	5.471930454302468	0.01702861716441526	9.602887099915316	497.22728677301706	0.6296285346134156	0	0	0	0	-2.193756332226379	0.0015337262834999655	-4.550380612772616	-434.9546330114413	-0.2416438242515236
20.8	4.767132174727513	4.767132174727513	4.767132174727513	0.0910921281695352	5.471930454305037	0.017028617164406516	9.602887099915222	497.2272867729594	0.6296285346134952	0	0	0	0	-2.1937563205371733	0.0015337261635590793	-4.550380612773522	-434.9546332787745	-0.24164382313856803
20.9	4.7671321747275135	4.7671321747275135	4.7671321747275135	0.09109212816953594	5.471930454305539	0.01702861716440482	9.602887099915202	497.22728677294816	0.6296285346135109	0	0	0	0	-2.1937563180639565	0.0015337261384881068	-4.550380612772783	-434.95463333531177	-0.24164382290604383
21	4.7671321747275135	4.7671321747275135	4.7671321747275135	0.09109212816953731	5.471930454306655	0.01702861716440098	9.602887099915165	497.22728677292315	0.629628534613546	0	0	0	0	-2.1937563133172855	0.0015337260892539552	-4.550380612772996	-434.95463344388554	-0.24164382244921004
21.1	4.7671321747275135	4.7671321747275135	4.7671321747275135	0.09109212816953763	5.47193045430687	0.01702861716440026	9.602887099915158	497.22728677291826	0.6296285346135524	0	0	0	0	-2.1937563123186083	0.0015337260790546554	-4.550380612775492	-434.9546334667155	-0.2416438223546893
21.2	4.7671321747275135	4.7671321747275135	4.7671321747275135	0.09109212816953795	5.471930454307145	0.017028617164399303	9.602887099915149	497.2272867729121	0.6296285346135613	0	0	0	0	-2.1937563111877787	0.0015337260672430545	-4.550380612777708	-434.95463349261973	-0.2416438222449472
21.3	4.7671321747275135	4.7671321747275135	4.7671321747275135	0.09109212816953807	5.4719304543072775	0.017028617164398845	9.602887099915145	497.2272867729092	0.6296285346135655	0	0	0	0	-2.1937563106338254	0.0015337260614723942	-4.550380612779334	-434.954633505324	-0.2416438221912482
21.4	4.7671321747275135	4.7671321747275135	4.7671321747275135	0.09109212816953811	5.47193045430732	0.017028617164398695	9.602887099915144	497.22728677290826	0.6296285346135668	0	0	0	0	-2.1937563104541917	0.0015337260595949056	-4.550380612780639	-434.95463350947665	-0.2416438221738172
21.5	4.7671321747275135	4.7671321747275135	4.7671321747275135	0.09109212816949092	5.4719304542679765	0.01702861716453864	9.602887099916403	497.22728677379365	0.6296285346122876	0	0	0	0	-2.1937564480622633	0.0015337275321400583	-4.550380612780915	-434.9546303622401	-0.24164383584453955
21.6	4.7671321747275135	4.7671321747275135	4.7671321747275135	0.09109212816935511	5.4719304541547995	0.01702861716494121	9.602887099920025	497.2272867763407	0.6296285346086078	0	0	0	0	-2.193756844032461	0.0015337317692635773	-4.550380612779548	-434.9546213058661	-0.241643875180677
21.7	4.7671321747275135	4.7671321747275135	4.7671321747275135	0.09109212816915899	5.4719304539914	0.0170286171655224	9.602887099925256	497.22728678001806	0.6296285346032953	0	0	0	0	-2.193757415814788	0.0015337378875160403	-4.550380612776949	-434.9546082283954	-0.24164393198056458
21.8	4.7671321747275135	4.7671321747275135	4.7671321747275135	0.09109212816893106	5.4719304538015585	0.01702861716619763	9.602887099931335	497.2272867842903	0.6296285345971231	0	0	0	0	-2.193758080288623	0.001533744997342007	-4.550380612773539	-434.9545930309202	-0.24164399798585146
21.9	4.7671321747275135	4.7671321747275135	4.7671321747275135	0.0910921281686998	5.471930453609052	0.017028617166882313	9.602887099937501	497.22728678862256	0.6296285345908645	0	0	0	0	-2.193758754333346	0.0015337522091860365	-4.550380612769733	-434.95457761453235	-0.2416440649381868
22	4.7671321747275135	4.7671321747275135	4.7671321747275135	0.09109212816849374	5.471930453437656	0.017028617167491863	9.602887099942997	497.2272867924796	0.6296285345852928	0	0	0	0	-2.193759354828334	0.0015337586334926892	-4.550380612765951	-434.95456388032414	-0.24164412457921972
22.1	4.7671321747275135	4.7671321747275135	4.7671321747275135	0.09109212816834139	5.471930453311148	0.017028617167941698	9.602887099947061	497.2272867953264	0.6296285345811807	0	0	0	0	-2.193759798652967	0.0015337633807065245	-4.550380612762607	-434.95455372938744	-0.24164416865059946
22.2	4.7671321747275135	4.7671321747275135	4.7671321747275135	0.09109212816827122	5.471930453253307	0.017028617168147228	9.60288709994893	497.2272867966278	0.629628534579302	0	0	0	0	-2.1937600026866235	0.0015337655612721018	-4.550380612760122	-434.9545490628143	-0.2416441888939752
22.3	4.7671321747275135	4.7671321747275135	4.7671321747275135	0.09109212816831176	5.471930453287912	0.017028617168023875	9.60288709994785	497.22728679584867	0.6296285345804298	0	0	0	0	-2.1937598838086827	0.0015337642856339815	-4.55038061275891	-434.9545517816969	-0.24164417705099606
22.4	4.7671321747275135	4.7671321747275135	4.7671321747275135	0.09109212816849148	5.471930453438735	0.01702861716748705	9.602887099943056	497.22728679245387	0.6296285345853369	0	0	0	0	-2.193759358898523	0.0015337586642367226	-4.55038061275939	-434.95456378712714	-0.2416441248633112
22.5	4.7671321747275135	4.7671321747275135	4.7671321747275135	0.0910921281688389	5.471930453729559	0.017028617166452174	9.602887099933788	497.2272867859084	0.6296285345947966	0	0	0	0	-2.1937583448355227	0.0015337478075248853	-4.55038061276198	-434.95458698019723	-0.24164402407256982
22.6	4.7671321747275135	4.7671321747275135	4.7671321747275135	0.09109212816926382	5.471930454083337	0.01702861716519411	9.602887099922459	497.2272867779468	0.6296285346062963	0	0	0	0	-2.193757106240766	0.0015337345551769473	-4.5503806127659985	-434.95461530870574	-0.24164390104204042
22.7	4.7671321747275135	4.7671321747275135	4.7671321747275135	0.09109212816940562	5.471930454196735	0.017028617164792887	9.602887099918677	497.22728677539686	0.6296285346099633	0	0	0	0	-2.193756696940774	0.0015337301959580435	-4.550380612768397	-434.9546246701346	-0.2416438605739638
22.8	4.7671321747275135	4.7671321747275135	4.7671321747275135	0.09109212816948137	5.471930454259892	0.017028617164567845	9.602887099916657	497.22728677397555	0.6296285346120204	0	0	0	0	-2.1937564760275396	0.00153372783195629	-4.550380612771739	-434.9546297225515	-0.24164383862746547
22.9	4.7671321747275135	4.7671321747275135	4.7671321747275135	0.09109212816951225	5.471930454285339	0.017028617164477365	9.602887099915835	497.227286773403	0.6296285346128475	0	0	0	0	-2.193756386219867	0.0015337268722215706	-4.55038061277536	-434.95463177648344	-0.24164382971778112
23	4.7671321747275135	4.7671321747275135	4.7671321747275135	0.09109212816952639	5.47193045429731	0.01702861716443457	9.602887099915456	497.2272867731335	0.6296285346132386	0	0	0	0	-2.1937563447615096	0.0015337264278870622	-4.550380612775662	-434.9546327246697	-0.2416438255928218
23.1	4.7671321747275135	4.7671321747275135	4.7671321747275135	0.09109212816953315	5.471930454303013	0.017028617164414183	9.602887099915279	497.22728677300523	0.6296285346134252	0	0	0	0	-2.193756325067028	0.0015337262167333047	-4.550380612778276	-434.9546331750159	-0.2416438236325049
23.2	4.7671321747275135	4.7671321747275135	4.7671321747275135	0.09109212816953578	5.4719304543052765	0.017028617164406068	9.60288709991521	497.22728677295436	0.6296285346134992	0	0	0	0	-2.193756317296376	0.0015337261333302943	-4.550380612778582	-434.95463335276463	-0.2416438228581443
23.3	4.7671321747275135	4.7671321747275135	4.7671321747275135	0.09109212816953725	5.471930454306544	0.017028617164401495	9.602887099915167	497.2272867729257	0.6296285346135411	0	0	0	0	-2.1937563129989894	0.0015337260870864346	-4.5503806127793185	-434.95463345116036	-0.24164382242881077
23.4	4.7671321747275135	4.7671321747275135	4.7671321747275135	0.09109212816953774	5.471930454306974	0.017028617164399948	9.602887099915156	497.22728677291605	0.6296285346135553	0	0	0	0	-2.1937563115348087	0.0015337260713497456	-4.550380612780901	-434.95463348474095	-0.24164382228269923
23.5	4.7671321747275135	4.7671321747275135	4.7671321747275135	0.09109212816953806	5.471930454307257	0.017028617164398928	9.602887099915147	497.2272867729097	0.6296285346135646	0	0	0	0	-2.193756310601828	0.0015337260612881241	-4.550380612781773	-434.95463350614284	-0.24164382218944389
23.6	4.7671321747275135	4.7671321747275135	4.7671321747275135	0.09109212816953816	5.4719304543073415	0.017028617164398633	9.602887099915144	497.2272867729078	0.6296285346135674	0	0	0	0	-2.1937563103221964	0.0015337260582797474	-4.550380612782551	-434.95463351259053	-0.24164382216170377
23.7	4.7671321747275135	4.7671321747275135	4.7671321747275135	0.09109212816953824	5.471930454307402	0.01702861716439841	9.602887099915142	497.22728677290644	0.6296285346135694	0	0	0	0	-2.193756310123348	0.0015337260561126096	-4.550380612783211	-434.9546335172033	-0.24164382214158292
23.8	4.7671321747275135	4.7671321747275135	4.7671321747275135	0.09109212816953824	5.471930454307419	0.01702861716439836	9.60288709991514	497.22728677290615	0.6296285346135699	0	0	0	0	-2.1937563100682063	0.0015337260555072338	-4.550380612783747	-434.9546335185307	-0.24164382213587993
23.9	4.7671321747275135	4.7671321747275135	4.7671321747275135	0.09109212816953825	5.47193045430743	0.017028617164398307	9.60288709991514	497.22728677290587	0.6296285346135704	0	0	0	0	-2.1937563100260786	0.0015337260550562014	-4.5503806127841795	-434.954633519561	-0.24164382213157531
24	4.7671321747275135	4.7671321747275135	4.7671321747275135	0.09109212816953825	5.471930454307434	0.01702861716439829	9.60288709991514	497.2272867729057	0.6296285346135705	0	0	0	0	-2.1937563100121085	0.0015337260549056675	-4.55038061278453	-434.9546335199399	-0.24164382213008054
