0	4.7671321747275135	4.7671321747275135	4.7671321747275135	0.09109212816953825	5.471930454307437	0.017028617164398283	9.60288709991514	497.2272867729056	0.6296285346135705	0	0	0	0	0	0	0	0	0
0.1	4.7671321747275135	4.7671321747275135	4.7671321747275135	0.09109212816953825	5.471930454307437	0.017028617164398283	9.60288709991514	497.2272867729056	0.6296285346135705	0	0	0	59.00140458073771	102.71642095334846	-0.014003447027579411	713.2689234008437	526.452500424499	-0.028999841722315838
0.2	4.7671321747275135	4.7671321747275135	4.7671321747275135	0.09109212816953827	5.471930454307438	0.017028617164398283	9.60288709991514	497.2272867729056	0.6296285346135705	0	0	0	79.74849017747046	494.51412181805347	-0.07133073226864327	2011.7335833604484	5350.140408702657	-0.3059055530313949
0.3	4.7671321747275135	4.7671321747275135	4.7671321747275135	0.09109212816953825	5.471930454307437	0.017028617164398283	9.60288709991514	497.2272867729056	0.6296285346135705	0	0	0	87.04401700224341	1048.6175998048268	-0.16395127314548588	3316.6530423909394	17724.85055648546	-1.070229418815132
0.4	4.7671321747275135	4.7671321747275135	4.7671321747275135	0.09109212816953827	5.471930454307438	0.017028617164398283	9.60288709991514	497.2272867729056	0.6296285346135705	0	0	0	89.60924071826668	1625.7276361921065	-0.2788142928032097	4462.449690530948	37680.03396654933	-2.4283461224970195
0.5	4.7671321747275135	4.7671321747275135	4.7671321747275135	0.09109212816953825	5.471930454307437	0.017028617164398283	9.60288709991514	497.2272867729056	0.6296285346135705	0	0	0	90.51097972424809	2154.097509213777	-0.4061372882877246	5421.601734826343	63441.1561871407	-4.386316577143459
0.6	4.7671321747275135	4.7671321747275135	4.7671321747275135	0.09109212816953825	5.471930454307437	0.017028617164398283	9.60288709991514	497.2272867729056	0.6296285346135705	0	0	0	90.8283254696014	2608.999753869	-0.5386443585304179	6209.288791681728	92791.61114162246	-6.890033698817596
0.7	4.7671321747275135	4.7671321747275135	4.7671321747275135	0.09109212816953824	5.471930454307437	0.017028617164398283	9.60288709991514	497.2272867729056	0.6296285346135705	0	0	0	90.93976160039007	2988.870108026022	-0.6708234618446143	6850.992001372778	123744.39825210157	-9.851112508828052
0.8	4.7671321747275135	4.7671321747275135	4.7671321747275135	0.09109212816953825	5.4719304543074365	0.017028617164398283	9.60288709991514	497.2272867729056	0.6296285346135705	0	0	0	90.97894647437559	3301.2284311694248	-0.7986138300597494	7371.971785192984	154757.46377922138	-13.16466246355318
0.9	4.7671321747275135	4.7671321747275135	4.7671321747275135	0.09109212816953825	5.4719304543074365	0.017028617164398283	9.60288709991514	497.22728677290564	0.6296285346135705	0	0	0	90.99273851250463	3556.102543086095	-0.9192204862426891	7794.318696987893	184740.55153720145	-16.721872109685656
1	4.7671321747275135	4.7671321747275135	4.7671321747275135	0.09109212816953824	5.4719304543074365	0.01702861716439828	9.60288709991514	497.2272867729056	0.6296285346135705	0	0	0	90.99757953454822	3763.27804411243	-1.0309113424625689	8136.481874762997	212985.3873166268	-20.418980178271724
1.1	4.7671321747275135	4.7671321747275135	4.7671321747275135	0.09109212816953824	5.4719304543074365	0.01702861716439828	9.60288709991514	497.22728677290564	0.6296285346135705	0	0	0	90.99927020697088	3931.353366673087	-1.1327931559793203	8413.582877443549	239078.6011650035	-24.163126533093035
1.2	4.7671321747275135	4.7671321747275135	4.7671321747275135	0.09109212816953824	5.471930454307436	0.017028617164398283	9.60288709991514	497.22728677290564	0.6296285346135705	0	0	0	90.99987663170386	4067.6072174917686	-1.2245822003298183	8638.00482815168	262817.55851121794	-27.874775504187568
1.3	4.7671321747275135	4.7671321747275135	4.7671321747275135	0.09109212816953825	5.4719304543074365	0.017028617164398283	9.60288709991514	497.22728677290564	0.6296285346135705	0	0	0	91.00009595083041	4178.016487724747	-1.3064503410388881	8819.747418725558	284156.34022161394	-31.489537189544603
1.4	4.767132174727514	4.767132174727514	4.767132174727514	0.09109212816953825	5.4719304543074365	0.017028617164398286	9.60288709991514	497.22728677290564	0.6296285346135705	0	0	0	91.00017096621926	4267.437716435689	-1.3788619581510606	8966.874417807669	303151.526564747	-34.958091859196024
1.5	4.7671321747275135	4.7671321747275135	4.7671321747275135	0.09109212816953824	5.4719304543074365	0.017028617164398283	9.60288709991514	497.22728677290564	0.6296285346135705	0	0	0	91.00020094085002	4339.906295664872	-1.4424490966479566	9086.063018828483	319920.356922182	-38.24308473894876
1.6	4.767132174727513	4.767132174727513	4.767132174727513	0.09109212816953824	5.4719304543074365	0.017028617164398283	9.60288709991514	497.2272867729056	0.6296285346135705	0	0	0	91.00021100984152	4398.579595684773	-1.4979557748876302	9182.525766423985	334625.108947267	-41.32103400571131
1.7	4.7671321747275135	4.7671321747275135	4.7671321747275135	0.09109212816953824	5.471930454307439	0.017028617164398283	9.602887099915138	497.2272867729056	0.6296285346135706	0	0	0	91.00021524675056	4446.135987816449	-1.5461549508708912	9260.68182602845	347443.33684211556	-44.17633340288579
1.8	4.7671321747275135	4.7671321747275135	4.7671321747275135	0.09109212816953823	5.471930454307439	0.01702861716439828	9.602887099915138	497.2272867729056	0.6296285346135706	0	0	0	91.00021671671068	4484.632760759114	-1.5878172231203918	9323.923221050389	358561.10238088504	-46.80366829189681
1.9	4.7671321747275135	4.7671321747275135	4.7671321747275135	0.09109212816953824	5.471930454307437	0.01702861716439828	9.602887099915138	497.2272867729056	0.6296285346135706	0	0	0	91.00021743274745	4515.846522846594	-1.623691674757678	9375.178671366724	368162.53132396366	-49.2022930502252
2	4.7671321747275135	4.7671321747275135	4.7671321747275135	0.09109212816953824	5.471930454307437	0.01702861716439828	9.602887099915138	497.22728677290564	0.6296285346135706	0	0	0	91.00021764501834	4541.104116747969	-1.6544638937524447	9416.634641356733	376420.5009924553	-51.37837306162852
2.1	4.7671321747275135	4.7671321747275135	4.7671321747275135	0.09109212816953824	5.4719304543074365	0.01702861716439828	9.602887099915138	497.2272867729056	0.6296285346135706	0	0	0	91.00021782116202	4561.59330771913	-1.6807901313807498	9450.248249551298	383501.6823230718	-53.340054250550466
2.2	4.7671321747275135	4.7671321747275135	4.7671321747275135	0.09109212816953821	5.4719304543074365	0.01702861716439828	9.602887099915138	497.2272867729056	0.6296285346135706	0	0	0	91.00021784948608	4578.174090570669	-1.7032359637493775	9477.435977665682	389552.0938578088	-55.09942500441182
2.3	4.7671321747275135	4.7671321747275135	4.7671321747275135	0.09109212816953823	5.471930454307437	0.01702861716439828	9.602887099915138	497.2272867729056	0.6296285346135706	0	0	0	91.00021790070883	4591.612029035092	-1.7223327746169201	9499.458638076843	394709.539245685	-56.669485575928505
2.4	4.7671321747275135	4.7671321747275135	4.7671321747275135	0.09109212816953823	5.471930454307439	0.01702861716439828	9.60288709991514	497.22728677290553	0.6296285346135706	0	0	0	91.00021791004859	4602.5089314040315	-1.7385458475350362	9517.307027494697	399095.6754592307	-58.06437526123539
2.5	4.7671321747275135	4.7671321747275135	4.7671321747275135	0.09109212816953824	5.471930454307439	0.01702861716439828	9.60288709991514	497.22728677290553	0.6296285346135706	0	0	0	91.00021791080952	4611.319170050846	-1.752267473955546	9531.728911962638	402813.84324675484	-59.29863407755784
2.6	4.7671321747275135	4.7671321747275135	4.7671321747275135	0.09109212816953824	5.4719304543074365	0.017028617164398283	9.60288709991514	497.22728677290553	0.6296285346135706	0	0	0	91.00021792868006	4618.4728807861375	-1.7638767235088548	9543.432112371584	405964.0299229921	-60.38680821140936
2.7	4.7671321747275135	4.7671321747275135	4.7671321747275135	0.09109212816953814	5.4719304543074365	0.017028617164398286	9.602887099915142	497.22728677290553	0.6296285346135705	0	0	0	91.00021792008823	4624.2687559218575	-1.7736732891287077	9552.907845055957	408625.8870468999	-61.34283011176007
2.8	4.7671321747275135	4.7671321747275135	4.7671321747275135	0.09109212816953813	5.471930454307438	0.017028617164398286	9.602887099915142	497.2272867729056	0.6296285346135705	0	0	0	91.00021791794374	4628.952228485509	-1.7819172639514258	9560.559597816247	410868.74186221865	-62.179892327433414
2.9	4.7671321747275135	4.7671321747275135	4.7671321747275135	0.09109212816953816	5.471930454307431	0.01702861716439829	9.602887099915142	497.22728677290576	0.6296285346135705	0	0	0	91.00021792871004	4632.758332983073	-1.788861617443489	9566.773730737366	412760.0766021577	-62.91108372226656
3	4.7671321747275135	4.7671321747275135	4.7671321747275135	0.09109212816953806	5.47193045430741	0.017028617164398303	9.602887099915145	497.22728677290615	0.6296285346135703	0	0	0	91.00021790841349	4635.844821941685	-1.7946979228329978	9571.80934853515	414351.2906659426	-63.54793909319405
3.1	4.7671321747275135	4.7671321747275135	4.7671321747275135	0.09109212816953798	5.4719304543074	0.017028617164398307	9.602887099915149	497.2272867729064	0.6296285346135703	0	0	0	91.00021789320327	4638.336400480178	-1.799585444697761	9575.871166563811	415685.2083223805	-64.10079744492226
3.2	4.7671321747275135	4.7671321747275135	4.7671321747275135	0.09109212816953809	5.4719304543074125	0.017028617164398296	9.602887099915145	497.22728677290615	0.6296285346135705	0	0	0	91.0002179141115	4640.357101284359	-1.8036826695024766	9579.162796472956	416804.445767701	-64.57996487960531
3.3	4.7671321747275135	4.7671321747275135	4.7671321747275135	0.09109212816953778	5.471930454307327	0.01702861716439836	9.602887099915153	497.227286772908	0.6296285346135698	0	0	0	91.00021786649488	4642.002095468025	-1.807120834787259	9581.840393403312	417744.40546662384	-64.9947279618176
3.4	4.7671321747275135	4.7671321747275135	4.7671321747275135	0.09109212816953731	5.471930454307207	0.017028617164398446	9.602887099915165	497.22728677291053	0.629628534613569	0	0	0	91.00021778548928	4643.3315362033	-1.8099916010619101	9584.002504484235	418529.90269533126	-65.35240906872001
3.5	4.767132174727514	4.767132174727514	4.767132174727514	0.0910921281695372	5.4719304543071825	0.017028617164398463	9.602887099915169	497.22728677291104	0.6296285346135689	0	0	0	91.00021776722195	4644.403969683803	-1.8123836443966939	9585.745028058029	419184.9379244691	-65.6601100609145
3.6	4.7671321747275135	4.7671321747275135	4.7671321747275135	0.09109212816953739	5.471930454307206	0.017028617164398466	9.602887099915161	497.2272867729106	0.6296285346135689	0	0	0	91.00021780452123	4645.27657855793	-1.8143842472498704	9587.16166368042	419733.14647399704	-65.92487479988674
3.7	4.767132174727513	4.767132174727513	4.767132174727513	0.09109212816953521	5.471930454306486	0.01702861716439913	9.60288709991522	497.2272867729263	0.6296285346135632	0	0	0	91.00021744180974	4645.9869546102145	-1.8160571464857742	9588.314106465457	420191.87175454904	-66.15242447436086
3.8	4.7671321747275135	4.7671321747275135	4.7671321747275135	0.09109212816953241	5.4719304543055935	0.017028617164399934	9.602887099915295	497.2272867729458	0.6296285346135565	0	0	0	91.00021697534504	4646.56048356205	-1.8174479016072578	9589.243699841069	420573.49601885147	-66.3471689624537
3.9	4.7671321747275135	4.7671321747275135	4.7671321747275135	0.09109212816953159	5.4719304543053475	0.01702861716440015	9.602887099915316	497.2272867729511	0.6296285346135545	0	0	0	91.0002168388051	4647.022669024466	-1.8186017555948815	9589.991926082836	420890.3033820971	-66.51346244893544
4	4.767132174727514	4.767132174727514	4.767132174727514	0.0910921281695335	5.471930454305858	0.017028617164399785	9.602887099915268	497.2272867729401	0.6296285346135577	0	0	0	91.0002171571985	4647.398671877423	-1.8195635592197468	9590.599882676686	421154.5016879043	-66.6556436616301
4.1	4.7671321747275135	4.7671321747275135	4.7671321747275135	0.09109212816951684	5.471930454298884	0.01702861716440762	9.60288709991571	497.227286773094	0.6296285346134898	0	0	0	91.00021433424317	4647.704637552889	-1.820365920824296	9591.095986253515	421375.33316033764	-66.77727176119703
4.2	4.7671321747275135	4.7671321747275135	4.7671321747275135	0.09109212816949014	5.471930454288031	0.01702861716441959	9.602887099916424	497.22728677333345	0.6296285346133859	0	0	0	91.00020981956578	4647.951286110917	-1.82103089200104	9591.496783328152	421558.6663003566	-66.88081896094182
4.3	4.7671321747275135	4.7671321747275135	4.7671321747275135	0.09109212816947329	5.471930454281302	0.017028617164426905	9.602887099916874	497.22728677348186	0.6296285346133226	0	0	0	91.00020697392411	4648.150046862676	-1.8215807789581573	9591.818876378726	421710.2499210767	-66.9686815608983
4.4	4.7671321747275135	4.7671321747275135	4.7671321747275135	0.09109212816948623	5.471930454286706	0.0170286171644208	9.60288709991653	497.2272867733625	0.6296285346133756	0	0	0	91.00020915807605	4648.31234911934	-1.8220378879038244	9592.078867883367	421835.8328356131	-67.04325586110039
4.5	4.7671321747275135	4.7671321747275135	4.7671321747275135	0.09109212816950685	5.471930454293965	0.017028617164414075	9.602887099915979	497.22728677320333	0.6296285346134329	0	0	0	91.00021264032566	4648.445578355518	-1.822419367625905	9592.291403306546	421940.6211657389	-67.10676552450045
4.6	4.7671321747275135	4.7671321747275135	4.7671321747275135	0.09109212816948477	5.471930454281996	0.017028617164430694	9.60288709991657	497.22728677347015	0.6296285346132866	0	0	0	91.00020889885435	4648.550938185039	-1.8227326305604332	9592.463741738557	422027.60406745144	-67.16065782537045
4.7	4.7671321747275135	4.7671321747275135	4.7671321747275135	0.0910921281694745	5.471930454276812	0.01702861716443751	9.602887099916844	497.22728677358555	0.6296285346132268	0	0	0	91.00020716074197	4648.636765959445	-1.8229925846582804	9592.602791845396	422099.52755885106	-67.20624113081492
4.8	4.7671321747275135	4.7671321747275135	4.7671321747275135	0.09109212816950335	5.471930454290249	0.017028617164420935	9.602887099916073	497.2272867732875	0.6296285346133715	0	0	0	91.00021204347675	4648.7091728974965	-1.8232112560879274	9592.715480384957	422159.14569654706	-67.24483080256887
4.9	4.7671321747275135	4.7671321747275135	4.7671321747275135	0.09109212816948445	5.4719304542777625	0.017028617164441505	9.602887099916577	497.2272867735673	0.6296285346131888	0	0	0	91.00020884665453	4648.764382213814	-1.8233876144436834	9592.807073194488	422208.65087236115	-67.2775277860639
5	4.7671321747275135	4.7671321747275135	4.7671321747275135	0.09109212816946381	5.4719304542656415	0.01702861716445994	9.602887099917128	497.2272867738381	0.6296285346130255	0	0	0	91.000205357022	4648.8087017390835	-1.8235330233648088	9592.8810203826	422249.5389273068	-67.30510944111917
5.1	4.767132174727514	4.767132174727514	4.767132174727514	0.09109212816949555	5.471930454283508	0.017028617164433567	9.602887099916279	497.22728677343946	0.6296285346132587	0	0	0	91.00021072652048	4648.848920226703	-1.823659246879663	9592.940713863984	422283.2834379007	-67.32834310343068
5.2	4.7671321747275135	4.7671321747275135	4.7671321747275135	0.09109212816948765	5.471930454275896	0.01702861716444968	9.602887099916492	497.2272867736113	0.6296285346131139	0	0	0	91.00020939156876	4648.878176781427	-1.8237583052762356	9592.989348817791	422311.3261429132	-67.34801483650612
5.3	4.7671321747275135	4.7671321747275135	4.7671321747275135	0.09109212816946125	5.4719304542580085	0.017028617164480682	9.602887099917195	497.2272867740124	0.6296285346128374	0	0	0	91.0002049243467	4648.900024742522	-1.8238374755076925	9593.028713775633	422334.50245218864	-67.3645919642725
5.4	4.7671321747275135	4.7671321747275135	4.7671321747275135	0.09109212816948654	5.4719304542744585	0.017028617164452895	9.602887099916522	497.2272867736439	0.6296285346130848	0	0	0	91.00020920107261	4648.922548797588	-1.8239105927598456	9593.060349247135	422353.5317250596	-67.37847470219276
5.5	4.7671321747275135	4.7671321747275135	4.7671321747275135	0.0910921281695012	5.471930454282122	0.01702861716444318	9.602887099916128	497.22728677347334	0.6296285346131698	0	0	0	91.00021168135929	4648.939959175461	-1.8239691157383449	9593.08607931982	422369.3090937599	-67.39019389754174
5.6	4.7671321747275135	4.7671321747275135	4.7671321747275135	0.09109212816948777	5.471930454271258	0.01702861716446509	9.602887099916487	497.2272867737178	0.6296285346129731	0	0	0	91.00020940787667	4648.951385222767	-1.8240129950220982	9593.106987610532	422382.37821343675	-67.40007685849368
5.7	4.7671321747275135	4.7671321747275135	4.7671321747275135	0.09109212816950543	5.471930454283984	0.017028617164441446	9.602887099916016	497.2272867734321	0.6296285346131847	0	0	0	91.00021239652663	4648.964033091147	-1.8240553480935255	9593.123775449065	422393.0827505843	-67.4083221333663
5.8	4.7671321747275135	4.7671321747275135	4.7671321747275135	0.09109212816951648	5.471930454290974	0.017028617164430333	9.60288709991572	497.2272867732756	0.6296285346132832	0	0	0	91.00021426689216	4648.973778660133	-1.8240890740278635	9593.137420130503	422401.9452669922	-67.41526722415118
5.9	4.7671321747275135	4.7671321747275135	4.7671321747275135	0.09109212816951201	5.471930454286704	0.01702861716444019	9.60288709991584	497.22728677337204	0.6296285346131942	0	0	0	91.00021350997386	4648.9801050518345	-1.824114040641737	9593.148507202512	422409.280342723	-67.42111436320114
6	4.7671321747275135	4.7671321747275135	4.7671321747275135	0.09109212816952376	5.47193045429601	0.017028617164421358	9.602887099915527	497.22728677316263	0.6296285346133631	0	0	0	91.0002155004358	4648.987259566973	-1.8241386571425073	9593.157416403099	422415.2837953139	-67.42598207523727
6.1	4.767132174727514	4.767132174727514	4.767132174727514	0.0910921281695267	5.47193045429771	0.017028617164419148	9.60288709991545	497.22728677312466	0.6296285346133828	0	0	0	91.0002159907865	4648.992139872853	-1.824156965553418	9593.164673806492	422420.2610813289	-67.43008449825125
6.2	4.7671321747275135	4.7671321747275135	4.7671321747275135	0.09109212816952496	5.4719304542959035	0.017028617164423648	9.602887099915494	497.2272867731655	0.629628534613342	0	0	0	91.00021569479235	4648.995586973953	-1.8241710866863978	9593.17055527756	422424.3672926787	-67.4335250553772
6.3	4.767132174727514	4.767132174727514	4.767132174727514	0.0910921281695308	5.471930454300866	0.017028617164412972	9.602887099915337	497.2272867730537	0.629628534613438	0	0	0	91.00021668497017	4648.999409331453	-1.8241848980702575	9593.175291060088	422427.7306085973	-67.43638809230688
6.4	4.7671321747275135	4.7671321747275135	4.7671321747275135	0.09109212816952654	5.471930454296374	0.017028617164424564	9.602887099915451	497.22728677315524	0.629628534613333	0	0	0	91.00021596202134	4649.001153827911	-1.8241931900245012	9593.179172619288	422430.5352063249	-67.43881413245678
6.5	4.7671321747275135	4.7671321747275135	4.7671321747275135	0.09109212816952161	5.47193045429153	0.01702861716443641	9.602887099915584	497.2272867732647	0.629628534613226	0	0	0	91.00021512353156	4649.00237220179	-1.8241996551231823	9593.182312077199	422432.84301214106	-67.44084215115568
6.6	4.767132174727513	4.767132174727513	4.767132174727513	0.09109212816952808	5.471930454297701	0.017028617164421635	9.602887099915412	497.2272867731254	0.6296285346133594	0	0	0	91.00021622073713	4649.004974728056	-1.8242087033648837	9593.18480748779	422434.70668149955	-67.44250382555984
6.7	4.7671321747275135	4.7671321747275135	4.7671321747275135	0.09109212816952171	5.47193045429033	0.017028617164442216	9.602887099915582	497.2272867732923	0.6296285346131726	0	0	0	91.00021512437522	4649.00510058004	-1.8242111494253923	9593.186888996006	422436.2904691258	-67.44394105907769
6.8	4.7671321747275135	4.7671321747275135	4.7671321747275135	0.09109212816950822	5.471930454275927	0.017028617164480155	9.60288709991594	497.227286773618	0.6296285346128286	0	0	0	91.00021281817982	4649.003849768013	-1.8242099456074605	9593.188607857448	422437.6212392908	-67.44516808673828
6.9	4.7671321747275135	4.7671321747275135	4.7671321747275135	0.09109212816950932	5.471930454277138	0.017028617164476845	9.602887099915911	497.2272867735906	0.6296285346128587	0	0	0	91.00021300519073	4649.004906080981	-1.8242142388338756	9593.189940564867	422438.6659787184	-67.44614192317763
7	4.7671321747275135	4.7671321747275135	4.7671321747275135	0.09109212816952107	5.471930454288921	0.01702861716444762	9.602887099915598	497.22728677332435	0.6296285346131232	0	0	0	91.00021501165259	4649.007495491181	-1.824221811688115	9593.190975093534	422439.4892486038	-67.44692024607464
7.1	4.7671321747275135	4.7671321747275135	4.7671321747275135	0.09109212816950915	5.471930454274608	0.01702861716448943	9.602887099915916	497.2272867736486	0.6296285346127429	0	0	0	91.00021297805253	4649.005749177087	-1.8242179064499697	9593.191910653057	422440.25387781824	-67.44766183369569
7.2	4.7671321747275135	4.7671321747275135	4.7671321747275135	0.09109212816950281	5.471930454267266	0.017028617164510245	9.602887099916087	497.22728677381474	0.6296285346125537	0	0	0	91.00021189638444	4649.0050237570995	-1.8242167970508543	9593.19265074908	422440.86472465063	-67.44825907110558
7.3	4.7671321747275135	4.7671321747275135	4.7671321747275135	0.09109212816952106	5.471930454287966	0.017028617164452562	9.6028870999156	497.2272867733463	0.6296285346130777	0	0	0	91.00021501443415	4649.008737084315	-1.8242274224225288	9593.19314463709	422441.2700015616	-67.44865237380283
7.4	4.7671321747275135	4.7671321747275135	4.7671321747275135	0.09109212816952278	5.471930454289088	0.01702861716445173	9.602887099915554	497.22728677332117	0.6296285346130847	0	0	0	91.00021531436806	4649.00921572214	-1.824228940857169	9593.19360449548	422441.6616185661	-67.44904674196852
7.5	4.7671321747275135	4.7671321747275135	4.7671321747275135	0.09109212816952247	5.471930454288453	0.01702861716445431	9.60288709991556	497.2272867733356	0.629628534613061	0	0	0	91.0002152664257	4649.009357089992	-1.8242296994918057	9593.1939837641	422441.98841581686	-67.44937903967676
7.6	4.7671321747275135	4.7671321747275135	4.7671321747275135	0.09109212816953108	5.471930454298751	0.017028617164424074	9.602887099915334	497.22728677310243	0.6296285346133359	0	0	0	91.00021672960044	4649.011222377181	-1.8242353442683894	9593.194251417577	422442.2176568842	-67.449610308967
7.7	4.7671321747275135	4.7671321747275135	4.7671321747275135	0.0910921281695314	5.471930454298785	0.017028617164424963	9.602887099915323	497.2272867731017	0.6296285346133276	0	0	0	91.00021678640593	4649.011388156265	-1.8242359804732309	9593.19449817278	422442.4368046764	-67.44983954311684
7.8	4.7671321747275135	4.7671321747275135	4.7671321747275135	0.09109212816953308	5.471930454300843	0.01702861716441873	9.602887099915279	497.227286773055	0.6296285346133842	0	0	0	91.00021706968006	4649.011852749091	-1.8242375962453061	9593.194691350618	422442.6090703277	-67.45002003876053
7.9	4.7671321747275135	4.7671321747275135	4.7671321747275135	0.09109212816953456	5.471930454302567	0.01702861716441391	9.602887099915241	497.2272867730161	0.629628534613428	0	0	0	91.00021732405617	4649.012238531085	-1.8242388760065917	9593.194847556233	422442.75073111575	-67.45017094889309
8	4.7671321747275135	4.7671321747275135	4.7671321747275135	0.0910921281695326	5.471930454299836	0.017028617164423252	9.602887099915291	497.22728677307794	0.6296285346133428	0	0	0	91.00021700215105	4649.011882151995	-1.8242378472403507	9593.194987914861	422442.8821044154	-67.45031525983093
8.1	4.7671321747275135	4.7671321747275135	4.7671321747275135	0.09109212816953353	5.47193045430109	0.01702861716441913	9.602887099915266	497.2272867730496	0.6296285346133803	0	0	0	91.0002171583056	4649.012155412865	-1.82423884956848	9593.195090241725	422442.97693036275	-67.45041805289321
8.2	4.7671321747275135	4.7671321747275135	4.7671321747275135	0.09109212816953355	5.471930454300809	0.017028617164420952	9.602887099915268	497.22728677305605	0.6296285346133634	0	0	0	91.00021716142643	4649.012166100879	-1.824238849303372	9593.195176735704	422443.0598652396	-67.45051128403483
8.3	4.7671321747275135	4.7671321747275135	4.7671321747275135	0.09109212816952846	5.471930454293435	0.017028617164447018	9.602887099915401	497.2272867732234	0.6296285346131253	0	0	0	91.00021632084518	4649.01101457698	-1.8242349947427048	9593.19526919703	422443.1541781567	-67.45062380602462
8.4	4.7671321747275135	4.7671321747275135	4.7671321747275135	0.09109212816952633	5.471930454290389	0.017028617164457634	9.60288709991546	497.22728677329263	0.6296285346130284	0	0	0	91.0002159680265	4649.010557576003	-1.8242335248004677	9593.19533508962	422443.22029124247	-67.45070121940327
8.5	4.7671321747275135	4.7671321747275135	4.7671321747275135	0.09109212816953137	5.471930454297491	0.01702861716443317	9.602887099915325	497.2272867731314	0.6296285346132519	0	0	0	91.00021680267864	4649.011740809544	-1.8242375259227341	9593.195358673518	422443.23925998854	-67.45071788253512
8.6	4.767132174727514	4.767132174727514	4.767132174727514	0.09109212816952547	5.471930454288038	0.01702861716446912	9.602887099915483	497.2272867733463	0.6296285346129228	0	0	0	91.00021581788646	4649.0102261496395	-1.8242319806173288	9593.195422178622	422443.31132649817	-67.4508128142287
8.7	4.7671321747275135	4.7671321747275135	4.7671321747275135	0.09109212816951731	5.471930454275492	0.017028617164515567	9.602887099915701	497.2272867736311	0.6296285346124978	0	0	0	91.00021446397672	4649.0082051624495	-1.8242247670144973	9593.195488341858	422443.3880112005	-67.45091533155534
8.8	4.7671321747275135	4.7671321747275135	4.7671321747275135	0.09109212816952185	5.471930454282495	0.017028617164489616	9.602887099915579	497.2272867734721	0.6296285346127352	0	0	0	91.0002152194708	4649.009360599907	-1.824228948264451	9593.19549247996	422443.3869905261	-67.45090738085402
8.9	4.7671321747275135	4.7671321747275135	4.7671321747275135	0.09109212816952836	5.471930454292015	0.017028617164455993	9.602887099915403	497.2272867732559	0.6296285346130425	0	0	0	91.00021630418657	4649.01092145462	-1.824234306166721	9593.195483305364	422443.37231631624	-67.45088362300365
9	4.7671321747275135	4.7671321747275135	4.7671321747275135	0.09109212816952442	5.471930454285205	0.017028617164483454	9.60288709991551	497.22728677341064	0.6296285346127908	0	0	0	91.00021564749939	4649.009823073174	-1.8242300135864027	9593.195516796894	422443.41426577116	-67.45094378120675
9.1	4.7671321747275135	4.7671321747275135	4.7671321747275135	0.09109212816952697	5.4719304542892715	0.01702861716446792	9.602887099915442	497.2272867733183	0.629628534612933	0	0	0	91.0002160702507	4649.010493223963	-1.824232516807851	9593.195518434866	422443.41294647695	-67.45093811689416
9.2	4.7671321747275135	4.7671321747275135	4.7671321747275135	0.09109212816953279	5.471930454298502	0.01702861716443296	9.602887099915286	497.2272867731086	0.6296285346132529	0	0	0	91.0002170377149	4649.01200206459	-1.8242380781475425	9593.195503118159	422443.3900988994	-67.45090154962804
9.3	4.7671321747275135	4.7671321747275135	4.7671321747275135	0.09109212816953274	5.471930454298132	0.01702861716443529	9.602887099915286	497.22728677311716	0.6296285346132314	0	0	0	91.00021702772737	4649.011946368957	-1.824237734854989	9593.195511865144	422443.4007188384	-67.45091655302956
9.4	4.7671321747275135	4.7671321747275135	4.7671321747275135	0.09109212816953514	5.471930454302179	0.017028617164419214	9.602887099915222	497.2272867730252	0.6296285346133788	0	0	0	91.00021742955951	4649.0126106921	-1.824240306993815	9593.19550801287	422443.3932803372	-67.45090279298843
9.5	4.767132174727514	4.767132174727514	4.767132174727514	0.09109212816953577	5.471930454303081	0.017028617164416136	9.602887099915206	497.2272867730047	0.6296285346134068	0	0	0	91.00021753303376	4649.01276063377	-1.8242408131869137	9593.195510822568	422443.39615935524	-67.45090628879018
9.6	4.7671321747275135	4.7671321747275135	4.7671321747275135	0.09109212816953528	5.471930454302133	0.017028617164420317	9.60288709991522	497.2272867730262	0.6296285346133685	0	0	0	91.0002174510396	4649.012608866252	-1.824240167152861	9593.19551750872	422443.40474681	-67.45091892131917
9.7	4.7671321747275135	4.7671321747275135	4.7671321747275135	0.09109212816953653	5.471930454304335	0.017028617164411262	9.602887099915185	497.22728677297624	0.6296285346134516	0	0	0	91.00021766019034	4649.012970423313	-1.8242416181692465	9593.19551557623	422443.4007382471	-67.450911173557
9.8	4.7671321747275135	4.7671321747275135	4.7671321747275135	0.09109212816953532	5.471930454301978	0.017028617164421844	9.602887099915216	497.2272867730298	0.6296285346133543	0	0	0	91.00021746128456	4649.0125877058745	-1.824239942472976	9593.195523839568	422443.4128985634	-67.45093115493955
9.9	4.7671321747275135	4.7671321747275135	4.7671321747275135	0.09109212816953371	5.471930454298944	0.017028617164435118	9.602887099915261	497.22728677309885	0.6296285346132325	0	0	0	91.00021719508959	4649.0120941219375	-1.8242378404895039	9593.195533326907	422443.4269444849	-67.45095423458643
10	4.7671321747275135	4.7671321747275135	4.7671321747275135	0.09109212816953516	5.471930454301629	0.017028617164423412	9.602887099915222	497.22728677303775	0.62962853461334	0	0	0	91.00021743220303	4649.012533942546	-1.8242397112134587	9593.195528934544	422443.419249237	-67.45094020311002
10.1	4.767132174727514	4.767132174727514	4.767132174727514	0.09109212816953369	5.471930454298617	0.017028617164437748	9.602887099915263	497.22728677310636	0.6296285346132081	0	0	0	91.00021719912279	4649.012044104679	-1.8242374241945394	9593.195536723253	422443.432295749	-67.45096382273194
10.2	4.7671321747275135	4.7671321747275135	4.7671321747275135	0.09109212816952877	5.471930454289046	0.017028617164481234	9.602887099915394	497.227286773324	0.6296285346128087	0	0	0	91.0002164029176	4649.010483940793	-1.824230490990537	9593.195559230177	422443.4693423765	-67.45102963600912
10.3	4.7671321747275135	4.7671321747275135	4.7671321747275135	0.0910921281695272	5.471930454286016	0.01702861716449487	9.602887099915435	497.2272867733929	0.6296285346126835	0	0	0	91.00021614756314	4649.009990482229	-1.8242283210919392	9593.195567065819	422443.4818329012	-67.45105132514462
10.4	4.7671321747275135	4.7671321747275135	4.7671321747275135	0.09109212816953233	5.471930454295847	0.01702861716445073	9.602887099915298	497.22728677316934	0.629628534613089	0	0	0	91.00021697851015	4649.011594398554	-1.8242353633912636	9593.19554573596	422443.44638286246	-67.45098813202158
10.5	4.7671321747275135	4.7671321747275135	4.7671321747275135	0.09109212816952947	5.471930454289584	0.01702861716448142	9.602887099915375	497.2272867733119	0.6296285346128067	0	0	0	91.00021651088248	4649.0105735985035	-1.824230454154433	9593.195558884268	422443.4704744019	-67.45103448815333
10.6	4.7671321747275135	4.7671321747275135	4.7671321747275135	0.09109212816952536	5.47193045428109	0.017028617164521608	9.602887099915487	497.2272867735052	0.6296285346124372	0	0	0	91.00021584184012	4649.009188366873	-1.8242240333131237	9593.195577274118	422443.5026962557	-67.45109449380666
10.7	4.7671321747275135	4.7671321747275135	4.7671321747275135	0.09109212816953043	5.471930454291497	0.017028617164472713	9.60288709991535	497.22728677326836	0.6296285346128865	0	0	0	91.00021667008063	4649.010886126637	-1.8242318472564354	9593.195555625329	422443.4646269782	-67.4510235143399
10.8	4.767132174727514	4.767132174727514	4.767132174727514	0.09109212816953324	5.471930454297005	0.017028617164447857	9.602887099915275	497.2272867731431	0.6296285346131149	0	0	0	91.00021713215372	4649.011785380159	-1.8242358121614601	9593.195543659844	422443.44463467784	-67.4509877903761
10.9	4.7671321747275135	4.7671321747275135	4.7671321747275135	0.09109212816953269	5.4719304542956335	0.017028617164455126	9.60288709991529	497.2272867731742	0.6296285346130478	0	0	0	91.00021704294554	4649.011562839764	-1.8242346447476958	9593.195546329087	422443.4500856037	-67.45099910252443
11	4.7671321747275135	4.7671321747275135	4.7671321747275135	0.09109212816953549	5.471930454301559	0.017028617164426583	9.602887099915215	497.2272867730394	0.6296285346133103	0	0	0	91.00021749791647	4649.012528805144	-1.8242392120319133	9593.195534429255	422443.42840914225	-67.45095757677375
11.1	4.7671321747275135	4.7671321747275135	4.7671321747275135	0.09109212816953614	5.471930454302831	0.01702861716442091	9.602887099915197	497.2272867730104	0.6296285346133624	0	0	0	91.0002176053846	4649.0127364251175	-1.8242401174324343	9593.195531752779	422443.4239410388	-67.45094964782845
11.2	4.7671321747275135	4.7671321747275135	4.7671321747275135	0.09109212816953627	5.471930454303054	0.017028617164419994	9.602887099915193	497.22728677300535	0.6296285346133708	0	0	0	91.00021762609872	4649.012773051264	-1.824240263665347	9593.195531353507	422443.42331666226	-67.45094862283631
11.3	4.7671321747275135	4.7671321747275135	4.7671321747275135	0.09109212816953711	5.471930454304877	0.017028617164411113	9.60288709991517	497.22728677296385	0.6296285346134525	0	0	0	91.00021776373858	4649.013070437366	-1.8242416873928742	9593.195527807022	422443.4167173443	-67.45093579139638
11.4	4.7671321747275135	4.7671321747275135	4.7671321747275135	0.09109212816953652	5.471930454303364	0.017028617164419082	9.602887099915186	497.2272867729983	0.6296285346133791	0	0	0	91.00021766248734	4649.012825199142	-1.824240412108	9593.195530608642	422443.42244331335	-67.45094774901885
11.5	4.7671321747275135	4.7671321747275135	4.7671321747275135	0.09109212816953632	5.471930454302922	0.017028617164421393	9.60288709991519	497.22728677300836	0.629628534613358	0	0	0	91.000217632292	4649.012753383691	-1.8242400433606878	9593.19553149582	422443.4241929992	-67.45095132040946
11.6	4.7671321747275135	4.7671321747275135	4.7671321747275135	0.09109212816953684	5.471930454304087	0.01702861716441568	9.602887099915177	497.2272867729818	0.6296285346134105	0	0	0	91.00021771909518	4649.012943058729	-1.8242409567991615	9593.195529246957	422443.4199681101	-67.45094306600247
11.7	4.767132174727513	4.767132174727513	4.767132174727513	0.09109212816953488	5.471930454299457	0.017028617164440436	9.602887099915229	497.2272867730873	0.6296285346131824	0	0	0	91.00021741453052	4649.0121910928865	-1.824236987116532	9593.195537423173	422443.43717520323	-67.45097974826568
11.8	4.7671321747275135	4.7671321747275135	4.7671321747275135	0.09109212816953315	5.471930454295327	0.017028617164462342	9.602887099915275	497.22728677318145	0.6296285346129807	0	0	0	91.00021713941344	4649.011520266969	-1.8242334760548504	9593.195544803562	422443.4525187132	-67.45101218065807
11.9	4.767132174727514	4.767132174727514	4.767132174727514	0.09109212816953467	5.471930454298986	0.0170286171644429	9.602887099915236	497.22728677309823	0.6296285346131599	0	0	0	91.00021738236057	4649.012114475028	-1.8242365934169755	9593.195538358948	422443.43903341936	-67.45098355320897
12	4.7671321747275135	4.7671321747275135	4.7671321747275135	0.09109212816953408	5.471930454297149	0.01702861716445388	9.60288709991525	497.22728677314007	0.6296285346130586	0	0	0	91.00021728401616	4649.011818231766	-1.8242348266779989	9593.19554101109	422443.44582974986	-67.45099992207162
12.1	4.7671321747275135	4.7671321747275135	4.7671321747275135	0.09109212816952984	5.47193045428638	0.017028617164512955	9.602887099915364	497.22728677338534	0.6296285346125142	0	0	0	91.00021660497116	4649.010072766161	-1.824225346587891	9593.195559145715	422443.485635043	-67.45108733009843
12.2	4.7671321747275135	4.7671321747275135	4.7671321747275135	0.09109212816952852	5.471930454283092	0.017028617164530847	9.602887099915398	497.2272867734602	0.6296285346123492	0	0	0	91.00021639507756	4649.0095397154555	-1.8242224756154715	9593.195564762682	422443.4978079454	-67.45111382628201
12.3	4.7671321747275135	4.7671321747275135	4.7671321747275135	0.09109212816953342	5.471930454295328	0.017028617164464285	9.602887099915268	497.22728677318145	0.6296285346129626	0	0	0	91.00021717722692	4649.011523848135	-1.8242331549410002	9593.195543916754	422443.45262412063	-67.45101547477623
12.4	4.7671321747275135	4.7671321747275135	4.7671321747275135	0.09109212816953301	5.471930454293929	0.01702861716447344	9.602887099915277	497.2272867732133	0.6296285346128778	0	0	0	91.00021711451011	4649.011298195801	-1.824231682551662	9593.195545602144	422443.4577909427	-67.45102910753998
12.5	4.7671321747275135	4.7671321747275135	4.7671321747275135	0.09109212816953206	5.471930454291324	0.017028617164488412	9.602887099915304	497.2272867732727	0.6296285346127398	0	0	0	91.00021696179823	4649.010876330696	-1.824229279079493	9593.195549685373	422443.46742154757	-67.45105129512537
12.6	4.7671321747275135	4.7671321747275135	4.7671321747275135	0.09109212816953538	5.471930454299946	0.017028617164440155	9.602887099915215	497.2272867730762	0.6296285346131845	0	0	0	91.00021748997399	4649.012273736014	-1.8242370238437104	9593.195535605966	422443.435589511	-67.45097993152979
12.7	4.7671321747275135	4.7671321747275135	4.7671321747275135	0.09109212816953605	5.471930454301574	0.01702861716443156	9.602887099915199	497.22728677303917	0.6296285346132637	0	0	0	91.00021759882405	4649.012538621455	-1.824238402240005	9593.195532709098	422443.4295656822	-67.45096725634818
12.8	4.7671321747275135	4.7671321747275135	4.7671321747275135	0.09109212816953646	5.471930454302672	0.017028617164425473	9.602887099915186	497.2272867730141	0.6296285346133198	0	0	0	91.0002176670038	4649.012716543397	-1.824239379224132	9593.195530895808	422443.42551969626	-67.45095826688423
12.9	4.7671321747275135	4.7671321747275135	4.7671321747275135	0.09109212816953728	5.471930454304835	0.017028617164413264	9.602887099915167	497.2272867729648	0.6296285346134325	0	0	0	91.00021779741125	4649.013066676545	-1.8242413387054652	9593.195527421409	422443.4175470329	-67.4509402151967
13	4.7671321747275135	4.7671321747275135	4.7671321747275135	0.09109212816953703	5.471930454304142	0.017028617164417517	9.602887099915172	497.2272867729806	0.6296285346133933	0	0	0	91.00021776133069	4649.012954873471	-1.824240653753649	9593.195528386319	422443.42010197055	-67.45094654709277
13.1	4.7671321747275135	4.7671321747275135	4.7671321747275135	0.09109212816953735	5.471930454305057	0.017028617164412188	9.602887099915163	497.22728677295976	0.6296285346134423	0	0	0	91.0002178136602	4649.013102656032	-1.8242415100339893	9593.195526993171	422443.41673790483	-67.45093865740915
13.2	4.7671321747275135	4.7671321747275135	4.7671321747275135	0.09109212816953724	5.471930454304605	0.017028617164415213	9.602887099915169	497.22728677297005	0.6296285346134145	0	0	0	91.00021779282137	4649.013028799781	-1.8242410229419885	9593.195527551443	422443.4184264144	-67.45094316423341
13.3	4.7671321747275135	4.7671321747275135	4.7671321747275135	0.09109212816953631	5.471930454301989	0.01702861716443108	9.602887099915192	497.22728677302973	0.6296285346132681	0	0	0	91.00021765153741	4649.012604915983	-1.8242384696838407	9593.195531321706	422443.42809375556	-67.4509667314116
13.4	4.7671321747275135	4.7671321747275135	4.7671321747275135	0.09109212816953617	5.471930454301629	0.017028617164433244	9.602887099915195	497.22728677303803	0.629628534613248	0	0	0	91.00021763167996	4649.012546286319	-1.8242381202308404	9593.195531853098	422443.4294328603	-67.45096996014239
13.5	4.7671321747275135	4.7671321747275135	4.7671321747275135	0.09109212816953673	5.471930454303014	0.017028617164425233	9.602887099915181	497.2272867730064	0.6296285346133219	0	0	0	91.00021771202826	4649.0127708835835	-1.8242394090156355	9593.195529711686	422443.4243155095	-67.45095807883717
13.6	4.7671321747275135	4.7671321747275135	4.7671321747275135	0.0910921281695346	5.471930454296229	0.017028617164467498	9.602887099915238	497.22728677316115	0.6296285346129317	0	0	0	91.00021736126433	4649.01167226279	-1.8242326080258293	9593.195539068214	422443.449368854	-67.45102086564526
13.7	4.7671321747275135	4.7671321747275135	4.7671321747275135	0.09109212816953255	5.471930454289771	0.017028617164507487	9.602887099915291	497.2272867733084	0.6296285346125625	0	0	0	91.00021702407875	4649.010626591368	-1.8242261740854697	9593.195548062205	422443.47321368736	-67.45108025860173
13.8	4.7671321747275135	4.7671321747275135	4.7671321747275135	0.0910921281695338	5.471930454293664	0.017028617164483294	9.60288709991526	497.2272867732196	0.6296285346127858	0	0	0	91.00021722640662	4649.011257207442	-1.8242300667640658	9593.195542666306	422443.4588351695	-67.4510443264262
13.9	4.7671321747275135	4.7671321747275135	4.7671321747275135	0.09109212816953498	5.471930454297091	0.017028617164463057	9.602887099915227	497.2272867731415	0.6296285346129725	0	0	0	91.00021741805375	4649.011811592677	-1.8242333206959105	9593.195537555095	422443.4461979091	-67.45101431113108
14	4.7671321747275135	4.7671321747275135	4.7671321747275135	0.09109212816953251	5.471930454288997	0.01702861716451502	9.602887099915293	497.2272867733261	0.6296285346124927	0	0	0	91.00021701868629	4649.01049942606	-1.8242249566450481	9593.195548207135	422443.4761242801	-67.45109155556825
14.1	4.7671321747275135	4.7671321747275135	4.7671321747275135	0.09109212816953209	5.4719304542876195	0.017028617164523804	9.602887099915305	497.22728677335755	0.6296285346124115	0	0	0	91.00021695002745	4649.010276098248	-1.824223542162542	9593.195550039027	422443.4812179606	-67.4511046185542
14.2	4.7671321747275135	4.7671321747275135	4.7671321747275135	0.09109212816953546	5.471930454298476	0.017028617164455105	9.602887099915215	497.22728677310994	0.6296285346130458	0	0	0	91.00021749834941	4649.0120354864	-1.824234599496533	9593.195535415347	422443.44109626627	-67.45100252252877
14.3	4.7671321747275135	4.7671321747275135	4.7671321747275135	0.09109212816953567	5.471930454299075	0.017028617164452056	9.602887099915208	497.2272867730963	0.629628534613074	0	0	0	91.00021753879112	4649.012133510471	-1.8242350901255928	9593.195534336875	422443.4388635596	-67.4509980084499
14.4	4.7671321747275135	4.7671321747275135	4.7671321747275135	0.09109212816953621	5.4719304543007805	0.01702861716444121	9.602887099915193	497.2272867730573	0.629628534613174	0	0	0	91.00021762429404	4649.012409833091	-1.8242368350402338	9593.195532056227	422443.43256234034	-67.45098189655424
14.5	4.7671321747275135	4.7671321747275135	4.7671321747275135	0.09109212816953725	5.471930454304188	0.017028617164419356	9.602887099915163	497.22728677297965	0.629628534613376	0	0	0	91.00021779224659	4649.012961620832	-1.824240353511848	9593.195527576863	422443.4199783725	-67.45094940337765
14.6	4.7671321747275135	4.7671321747275135	4.7671321747275135	0.09109212816953725	5.4719304543041245	0.01702861716442002	9.602887099915165	497.22728677298113	0.6296285346133698	0	0	0	91.00021779255407	4649.012951817195	-1.8242402483831275	9593.195527569049	422443.4202029088	-67.45095037981348
14.7	4.7671321747275135	4.7671321747275135	4.7671321747275135	0.09109212816953767	5.4719304543055305	0.01702861716441081	9.602887099915153	497.2272867729491	0.6296285346134549	0	0	0	91.00021785937527	4649.013179177127	-1.8242417291691289	9593.195525786796	422443.41501729994	-67.4509367011003
14.8	4.7671321747275135	4.7671321747275135	4.7671321747275135	0.09109212816953755	5.471930454305151	0.017028617164413548	9.602887099915156	497.2272867729577	0.6296285346134295	0	0	0	91.00021784458633	4649.013117633937	-1.8242412845535536	9593.195526181455	422443.4164218806	-67.45094081366746
14.9	4.7671321747275135	4.7671321747275135	4.7671321747275135	0.09109212816953718	5.471930454304022	0.017028617164421188	9.602887099915167	497.22728677298346	0.6296285346133588	0	0	0	91.00021779416134	4649.012934945316	-1.8242400515157777	9593.19552752674	422443.4205896092	-67.45095220931417
15	4.767132174727514	4.767132174727514	4.767132174727514	0.09109212816953755	5.471930454305185	0.017028617164413385	9.602887099915156	497.227286772957	0.6296285346134308	0	0	0	91.00021784699184	4649.013123127006	-1.8242413099436936	9593.195526117757	422443.41629702173	-67.45094058068209
15.1	4.7671321747275135	4.7671321747275135	4.7671321747275135	0.09109212816953698	5.471930454303227	0.01702861716442706	9.602887099915172	497.22728677300154	0.6296285346133045	0	0	0	91.00021776427506	4649.012805827333	-1.8242390995316304	9593.195528323924	422443.42353662546	-67.4509610168345
15.2	4.7671321747275135	4.7671321747275135	4.7671321747275135	0.09109212816953563	5.471930454298831	0.01702861716445731	9.60288709991521	497.22728677310187	0.6296285346130249	0	0	0	91.00021757331712	4649.012093963276	-1.8242342155248699	9593.195533417103	422443.4397773803	-67.45100616297395
15.3	4.7671321747275135	4.7671321747275135	4.7671321747275135	0.09109212816953527	5.471930454297643	0.01702861716446544	9.60288709991522	497.22728677312887	0.6296285346129499	0	0	0	91.00021752115968	4649.01190151305	-1.8242329027295006	9593.195534808254	422443.4441679326	-67.45101829727183
15.4	4.7671321747275135	4.7671321747275135	4.7671321747275135	0.09109212816953648	5.471930454301543	0.017028617164438854	9.602887099915186	497.2272867730401	0.6296285346131957	0	0	0	91.00021769366798	4649.012533430255	-1.8242371951870984	9593.195530207138	422443.4297518576	-67.45097862426003
15.5	4.7671321747275135	4.7671321747275135	4.7671321747275135	0.09109212816953455	5.471930454294739	0.017028617164486823	9.602887099915238	497.22728677319515	0.6296285346127519	0	0	0	91.00021741500058	4649.011437158471	-1.8242294495186362	9593.19553763944	422443.4547658088	-67.45105024740037
15.6	4.7671321747275135	4.7671321747275135	4.7671321747275135	0.09109212816953215	5.4719304542863165	0.01702861716454579	9.602887099915302	497.2272867733873	0.6296285346122068	0	0	0	91.00021706378392	4649.0100779522245	-1.8242199291348564	9593.195547006751	422443.4857779974	-67.45113827208075
15.7	4.7671321747275135	4.7671321747275135	4.7671321747275135	0.09109212816953323	5.471930454290113	0.017028617164519175	9.602887099915273	497.22728677330065	0.6296285346124527	0	0	0	91.00021722155417	4649.010690327978	-1.8242242258245838	9593.195542798763	422443.4718057394	-67.45109854448938
15.8	4.7671321747275135	4.7671321747275135	4.7671321747275135	0.09109212816953553	5.471930454297936	0.017028617164464976	9.602887099915211	497.2272867731222	0.6296285346129539	0	0	0	91.00021755542706	4649.011954795047	-1.8242329765846605	9593.195533893706	422443.44295666093	-67.45101764733812
15.9	4.7671321747275135	4.7671321747275135	4.7671321747275135	0.09109212816953473	5.471930454294828	0.017028617164487624	9.602887099915234	497.22728677319316	0.6296285346127445	0	0	0	91.00021743792325	4649.011456713409	-1.8242293200624502	9593.195537027279	422443.45432335563	-67.45105147358451
16	4.7671321747275135	4.7671321747275135	4.7671321747275135	0.09109212816953541	5.4719304542972464	0.017028617164470527	9.602887099915216	497.2272867731381	0.6296285346129026	0	0	0	91.00021753657518	4649.011846345624	-1.8242320802376577	9593.19553439609	422443.44543297734	-67.45102594988798
16.1	4.767132174727513	4.767132174727513	4.767132174727513	0.09109212816953693	5.4719304543027025	0.017028617164431985	9.602887099915174	497.22728677301365	0.629628534613259	0	0	0	91.0002177589715	4649.012725050533	-1.8242383046405601	9593.195528464583	422443.4253831918	-67.45096839203084
16.2	4.7671321747275135	4.7671321747275135	4.7671321747275135	0.09109212816953706	5.47193045430305	0.017028617164429802	9.602887099915172	497.2272867730057	0.6296285346132791	0	0	0	91.00021777637276	4649.012781665975	-1.8242386586752852	9593.195528000384	422443.42409199744	-67.45096512332121
16.3	4.7671321747275135	4.7671321747275135	4.7671321747275135	0.09109212816953763	5.471930454305151	0.017028617164414724	9.602887099915156	497.2272867729577	0.6296285346134185	0	0	0	91.00021785942384	4649.013119731676	-1.8242410920788408	9593.195525785515	422443.4163777301	-67.45094261711677
16.4	4.7671321747275135	4.7671321747275135	4.7671321747275135	0.0910921281695377	5.471930454305337	0.017028617164413562	9.602887099915156	497.22728677295356	0.6296285346134293	0	0	0	91.00021786880991	4649.013150025464	-1.8242412797706804	9593.195525535344	422443.4156868381	-67.45094088440624
16.5	4.7671321747275135	4.7671321747275135	4.7671321747275135	0.0910921281695376	5.471930454304997	0.017028617164416098	9.602887099915158	497.2272867729613	0.6296285346134058	0	0	0	91.00021785673468	4649.013095873195	-1.8242408708944247	9593.19552585756	422443.4169227673	-67.45094466807956
16.6	4.7671321747275135	4.7671321747275135	4.7671321747275135	0.09109212816953786	5.47193045430589	0.017028617164409655	9.60288709991515	497.22728677294106	0.6296285346134655	0	0	0	91.00021789118807	4649.013238893595	-1.8242419103696723	9593.195524938865	422443.41365907004	-67.45093505305174
16.7	4.7671321747275135	4.7671321747275135	4.7671321747275135	0.09109212816953755	5.471930454304189	0.017028617164422458	9.60288709991516	497.2272867729798	0.6296285346133469	0	0	0	91.00021783005398	4649.012965397568	-1.8242398443925556	9593.195526569429	422443.4199011361	-67.4509541712273
16.8	4.7671321747275135	4.7671321747275135	4.7671321747275135	0.09109212816953716	5.471930454302426	0.017028617164435628	9.60288709991517	497.22728677301996	0.629628534613225	0	0	0	91.00021776578494	4649.012682047522	-1.8242377193590804	9593.195528283482	422443.42636792944	-67.45097383434069
16.9	4.767132174727514	4.767132174727514	4.767132174727514	0.0910921281695375	5.47193045430396	0.01702861716442417	9.602887099915161	497.227286772985	0.629628534613331	0	0	0	91.00021782170039	4649.012928541953	-1.824239567952451	9593.195526792055	422443.42074232455	-67.45095672906538
17	4.767132174727514	4.767132174727514	4.767132174727514	0.09109212816953705	5.47193045430166	0.017028617164442053	9.602887099915174	497.22728677303746	0.6296285346131656	0	0	0	91.0002177436972	4649.012557771524	-1.8242366867230908	9593.195528872482	422443.4292053989	-67.45098339971172
17.1	4.7671321747275135	4.7671321747275135	4.7671321747275135	0.09109212816953555	5.471930454294599	0.017028617164495895	9.602887099915213	497.22728677319867	0.6296285346126672	0	0	0	91.00021749558596	4649.011421429603	-1.8242280055292528	9593.19553548998	422443.45514141384	-67.45106374408734
17.2	4.7671321747275135	4.7671321747275135	4.7671321747275135	0.09109212816953485	5.471930454291327	0.017028617164520757	9.602887099915232	497.22728677327336	0.6296285346124371	0	0	0	91.0002173798288	4649.01089485715	-1.8242239958057849	9593.19553857751	422443.46715983306	-67.45110085272896
17.3	4.7671321747275135	4.7671321747275135	4.7671321747275135	0.09109212816953635	5.471930454298438	0.017028617164466665	9.60288709991519	497.227286773111	0.6296285346129377	0	0	0	91.0002176309312	4649.012039264962	-1.8242327182415872	9593.195531880488	422443.441039974	-67.45102012870163
17.4	4.7671321747275135	4.7671321747275135	4.7671321747275135	0.09109212816953595	5.471930454296065	0.01702861716448587	9.6028870999152	497.22728677316513	0.6296285346127598	0	0	0	91.00021755799632	4649.0116570796245	-1.824229619519182	9593.195533825743	422443.4497649015	-67.45104882530981
17.5	4.7671321747275135	4.7671321747275135	4.7671321747275135	0.09109212816953463	5.471930454289274	0.017028617164538684	9.602887099915236	497.2272867733202	0.6296285346122709	0	0	0	91.00021732910434	4649.0105639877365	-1.8242211020433878	9593.195539930408	422443.4747154903	-67.45112767122438
17.6	4.767132174727514	4.767132174727514	4.767132174727514	0.09109212816953563	5.471930454294191	0.017028617164500586	9.602887099915211	497.227286773208	0.6296285346126236	0	0	0	91.00021749625853	4649.011355491452	-1.8242272459687634	9593.195535472018	422443.4566490713	-67.45107079956713
17.7	4.7671321747275135	4.7671321747275135	4.7671321747275135	0.09109212816953692	5.4719304543006615	0.017028617164450893	9.602887099915177	497.22728677306037	0.6296285346130835	0	0	0	91.00021771987245	4649.012396517204	-1.8242352611152381	9593.195529507899	422443.43288786	-67.45099661323472
17.8	4.7671321747275135	4.7671321747275135	4.7671321747275135	0.0910921281695369	5.471930454300509	0.01702861716445255	9.602887099915177	497.22728677306384	0.6296285346130681	0	0	0	91.0002177186132	4649.0123712807435	-1.8242349945829721	9593.195529541588	422443.433464574	-67.45099908733489
17.9	4.7671321747275135	4.7671321747275135	4.7671321747275135	0.09109212816953755	5.471930454303843	0.01702861716442644	9.602887099915158	497.22728677298767	0.6296285346133098	0	0	0	91.0002178296761	4649.01290838193	-1.8242392048065303	9593.195526579666	422443.42120462103	-67.45096011100624
18	4.7671321747275135	4.7671321747275135	4.7671321747275135	0.09109212816953781	5.471930454304961	0.017028617164417826	9.602887099915153	497.22728677296226	0.6296285346133896	0	0	0	91.00021786846382	4649.01308895692	-1.8242405943715798	9593.195525545387	422443.417083031	-67.45094724961857
18.1	4.7671321747275135	4.7671321747275135	4.7671321747275135	0.09109212816953785	5.471930454305139	0.017028617164416508	9.60288709991515	497.2272867729582	0.629628534613402	0	0	0	91.00021787508405	4649.013117708481	-1.8242408078088788	9593.195525368825	422443.4164268667	-67.45094527492039
18.2	4.767132174727514	4.767132174727514	4.767132174727514	0.09109212816953802	5.471930454306062	0.017028617164409256	9.602887099915147	497.22728677293713	0.6296285346134691	0	0	0	91.00021790542961	4649.013266019954	-1.8242419756804007	9593.195524559198	422443.413041472	-67.4509344628154
18.3	4.7671321747275135	4.7671321747275135	4.7671321747275135	0.09109212816953785	5.47193045430515	0.01702861716441667	9.602887099915153	497.2272867729579	0.6296285346134003	0	0	0	91.00021787773038	4649.013119288576	-1.824240777018415	9593.195525297697	422443.4163912849	-67.45094556425356
18.4	4.7671321747275135	4.7671321747275135	4.7671321747275135	0.09109212816953778	5.471930454304772	0.01702861716441973	9.602887099915154	497.2272867729665	0.6296285346133721	0	0	0	91.00021786604448	4649.013058349936	-1.8242402826325455	9593.195525609277	422443.4177824586	-67.45095014270811
18.5	4.7671321747275135	4.7671321747275135	4.7671321747275135	0.09109212816953792	5.47193045430545	0.017028617164414422	9.602887099915149	497.227286772951	0.629628534613421	0	0	0	91.0002178879515	4649.013166519072	-1.8242411383888526	9593.195525025081	422443.41531325376	-67.45094221972776
18.6	4.7671321747275135	4.7671321747275135	4.7671321747275135	0.09109212816953743	5.471930454302227	0.01702861716444112	9.602887099915163	497.22728677302473	0.6296285346131739	0	0	0	91.00021779083151	4649.012642654771	-1.824236824782242	9593.195527615188	422443.427272872	-67.45098217330806
18.7	4.7671321747275135	4.7671321747275135	4.7671321747275135	0.09109212816953693	5.471930454298856	0.01702861716446891	9.602887099915176	497.22728677310164	0.6296285346129165	0	0	0	91.000217688561	4649.01209553632	-1.8242323355200505	9593.195530342615	422443.4397632551	-67.45102375238335
18.8	4.7671321747275135	4.7671321747275135	4.7671321747275135	0.09109212816953711	5.471930454300067	0.017028617164458887	9.602887099915172	497.227286773074	0.6296285346130093	0	0	0	91.00021772508731	4649.0122923170575	-1.824233955008369	9593.195529368428	422443.4352708219	-67.45100875238171
18.9	4.7671321747275135	4.7671321747275135	4.7671321747275135	0.09109212816953725	5.47193045430098	0.01702861716445195	9.602887099915169	497.22728677305315	0.6296285346130737	0	0	0	91.00021775662219	4649.0124383043485	-1.8242350729615477	9593.195528527674	422443.4319387045	-67.45099840546668
19	4.7671321747275135	4.7671321747275135	4.7671321747275135	0.09109212816953599	5.471930454292833	0.017028617164520542	9.602887099915202	497.22728677323926	0.6296285346124382	0	0	0	91.0002175189696	4649.011111170329	-1.8242239873068775	9593.195534866376	422443.4622380838	-67.45110109799101
19.1	4.7671321747275135	4.7671321747275135	4.7671321747275135	0.09109212816953517	5.471930454287514	0.01702861716456513	9.602887099915224	497.22728677336073	0.6296285346120251	0	0	0	91.00021736263848	4649.0102454335165	-1.8242167803420595	9593.195539035985	422443.4820032325	-67.45116785782407
19.2	4.7671321747275135	4.7671321747275135	4.7671321747275135	0.09109212816953646	5.471930454295959	0.017028617164494303	9.602887099915188	497.22728677316786	0.6296285346126812	0	0	0	91.00021761055945	4649.0116198552	-1.824228227263862	9593.195532423528	422443.45062451734	-67.45106182178799
19.3	4.7671321747275135	4.7671321747275135	4.7671321747275135	0.0910921281695369	5.471930454298593	0.017028617164472935	9.602887099915176	497.2272867731077	0.6296285346128792	0	0	0	91.00021769336222	4649.012047414706	-1.8242316791746744	9593.195530215075	422443.44086401083	-67.45102985585122
19.4	4.7671321747275135	4.7671321747275135	4.7671321747275135	0.09109212816953656	5.4719304542961495	0.01702861716449405	9.602887099915188	497.22728677316354	0.6296285346126834	0	0	0	91.00021762641586	4649.011648861062	-1.8242282649520754	9593.195532000847	422443.4499639492	-67.45106149152717
19.5	4.7671321747275135	4.7671321747275135	4.7671321747275135	0.09109212816953734	5.471930454301342	0.017028617164449967	9.602887099915165	497.2272867730449	0.6296285346130919	0	0	0	91.00021777471943	4649.012494570376	-1.8242353902759882	9593.195528045826	422443.43065533414	-67.45099548011619
19.6	4.7671321747275135	4.7671321747275135	4.7671321747275135	0.09109212816953771	5.471930454303788	0.01702861716442942	9.602887099915154	497.22728677298903	0.6296285346132822	0	0	0	91.00021784623766	4649.012892722988	-1.8242387113838514	9593.19552613836	422443.42156529706	-67.45096471530748
19.7	4.7671321747275135	4.7671321747275135	4.7671321747275135	0.09109212816953781	5.4719304543043386	0.017028617164424848	9.602887099915153	497.2272867729764	0.6296285346133245	0	0	0	91.00021786273021	4649.012982255774	-1.8242394501736843	9593.195525698255	422443.41952129884	-67.45095787233748
19.8	4.7671321747275135	4.7671321747275135	4.7671321747275135	0.09109212816953804	5.471930454305896	0.017028617164411564	9.602887099915145	497.22728677294083	0.6296285346134476	0	0	0	91.00021790652661	4649.013235687962	-1.8242415979307842	9593.19552452996	422443.4137350073	-67.45093797363475
19.9	4.7671321747275135	4.7671321747275135	4.7671321747275135	0.09109212816953802	5.471930454305582	0.01702861716441447	9.602887099915147	497.22728677294805	0.6296285346134206	0	0	0	91.0002178986053	4649.013183012191	-1.8242411280850772	9593.195524741115	422443.4149378258	-67.4509423287965
20	4.7671321747275135	4.7671321747275135	4.7671321747275135	0.09109212816953804	5.471930454305875	0.017028617164411942	9.602887099915145	497.22728677294134	0.6296285346134439	0	0	0	91.00021790667842	4649.013230770752	-1.824241536547902	9593.19552452587	422443.41384736006	-67.45093854410926
20.1	4.7671321747275135	4.7671321747275135	4.7671321747275135	0.09109212816953811	5.471930454305816	0.01702861716441264	9.602887099915144	497.2272867729428	0.6296285346134375	0	0	0	91.00021790592547	4649.013219919106	-1.824241421495475	9593.195524545925	422443.41409525205	-67.45093961209507
20.2	4.7671321747275135	4.7671321747275135	4.7671321747275135	0.09109212816953802	5.471930454304012	0.017028617164428744	9.602887099915145	497.22728677298403	0.6296285346132882	0	0	0	91.00021785849452	4649.012921908586	-1.8242388134285343	9593.195525810657	422443.42089989287	-67.45096378282915
20.3	4.7671321747275135	4.7671321747275135	4.7671321747275135	0.09109212816953796	5.471930454303229	0.017028617164435707	9.602887099915147	497.227286773002	0.6296285346132237	0	0	0	91.00021783775948	4649.012792706767	-1.824237686240816	9593.19552636348	422443.42385001254	-67.45097422889786
20.4	4.7671321747275135	4.7671321747275135	4.7671321747275135	0.09109212816953807	5.471930454304707	0.017028617164422662	9.602887099915145	497.22728677296817	0.6296285346133444	0	0	0	91.00021787738528	4649.013036010011	-1.824239797047138	9593.195525306804	422443.4182946626	-67.45095466814446
20.5	4.7671321747275135	4.7671321747275135	4.7671321747275135	0.0910921281695378	5.471930454300243	0.017028617164463373	9.602887099915153	497.22728677307026	0.6296285346129671	0	0	0	91.0002177636131	4649.012292801267	-1.8242332005208104	9593.195528341339	422443.4352654432	-67.45101581095922
20.6	4.7671321747275135	4.7671321747275135	4.7671321747275135	0.09109212816953743	5.471930454294209	0.017028617164518124	9.602887099915161	497.22728677320816	0.6296285346124595	0	0	0	91.00021760851013	4649.011289910519	-1.8242243314352697	9593.195532478006	422443.458165691	-67.45109801520879
20.7	4.7671321747275135	4.7671321747275135	4.7671321747275135	0.09109212816953742	5.4719304542940055	0.01702861716451991	9.602887099915161	497.2272867732128	0.629628534612443	0	0	0	91.0002176029971	4649.011256528606	-1.8242240434782584	9593.195532624766	422443.4589278819	-67.451100683564
20.8	4.7671321747275135	4.7671321747275135	4.7671321747275135	0.0910921281695378	5.471930454300065	0.017028617164465305	9.602887099915154	497.22728677307424	0.6296285346129492	0	0	0	91.00021776024404	4649.012260831773	-1.8242328851064624	9593.195528430611	422443.4359956345	-67.45101873728998
20.9	4.7671321747275135	4.7671321747275135	4.7671321747275135	0.09109212816953749	5.471930454295325	0.017028617164509766	9.602887099915161	497.22728677318264	0.629628534612537	0	0	0	91.00021764420102	4649.011461965111	-1.8242256640613461	9593.195531526093	422443.4542381915	-67.45108567996351
21	4.7671321747275135	4.7671321747275135	4.7671321747275135	0.0910921281695372	5.471930454291099	0.01702861716454893	9.602887099915169	497.22728677327933	0.6296285346121737	0	0	0	91.00021753878818	4649.010753158778	-1.8242193081915115	9593.195534338121	422443.4704238444	-67.4511445976788
21.1	4.7671321747275135	4.7671321747275135	4.7671321747275135	0.0910921281695377	5.471930454298875	0.017028617164477136	9.602887099915154	497.2272867731015	0.6296285346128395	0	0	0	91.00021773384262	4649.012055238315	-1.8242309549338656	9593.195529135766	422443.4406909883	-67.45103663692414
21.2	4.7671321747275135	4.7671321747275135	4.7671321747275135	0.0910921281695379	5.471930454301804	0.017028617164450567	9.602887099915149	497.2272867730345	0.6296285346130857	0	0	0	91.00021780948148	4649.012542546918	-1.824235257987896	9593.195527118089	422443.42956369696	-67.45099675407478
21.3	4.7671321747275135	4.7671321747275135	4.7671321747275135	0.09109212816953792	5.47193045430218	0.017028617164447323	9.602887099915149	497.2272867730258	0.6296285346131157	0	0	0	91.00021781997995	4649.01260405479	-1.824235781083464	9593.19552683798	422443.42815934407	-67.45099190753014
21.4	4.7671321747275135	4.7671321747275135	4.7671321747275135	0.09109212816953811	5.471930454305127	0.017028617164419866	9.602887099915144	497.22728677295845	0.6296285346133704	0	0	0	91.00021789259311	4649.013098887097	-1.8242402391221673	9593.195524901428	422443.4168596792	-67.45095058056589
21.5	4.7671321747275135	4.7671321747275135	4.7671321747275135	0.09109212816953813	5.471930454305428	0.01702861716441725	9.602887099915142	497.22728677295163	0.6296285346133946	0	0	0	91.00021790062948	4649.013147514491	-1.8242406577379677	9593.195524686973	422443.4157493385	-67.4509467015408
21.6	4.7671321747275135	4.7671321747275135	4.7671321747275135	0.09109212816953818	5.471930454306103	0.017028617164410887	9.602887099915142	497.2272867729361	0.6296285346134536	0	0	0	91.00021791711882	4649.013261708939	-1.8242416922926727	9593.195524247058	422443.41314162174	-67.45093711049549
21.7	4.7671321747275135	4.7671321747275135	4.7671321747275135	0.09109212816953817	5.471930454306149	0.017028617164410554	9.602887099915144	497.22728677293503	0.6296285346134568	0	0	0	91.00021791894434	4649.013269230211	-1.8242417449639508	9593.19552419836	422443.41297001287	-67.45093662354739
21.8	4.7671321747275135	4.7671321747275135	4.7671321747275135	0.09109212816953811	5.47193045430532	0.017028617164418523	9.602887099915145	497.2272867729539	0.6296285346133829	0	0	0	91.00021789983764	4649.0131284083445	-1.82424044326957	9593.195524707984	422443.41618599865	-67.45094869339901
21.9	4.7671321747275135	4.7671321747275135	4.7671321747275135	0.09109212816953814	5.471930454305662	0.017028617164415265	9.602887099915144	497.2272867729461	0.6296285346134131	0	0	0	91.00021790777926	4649.013186139184	-1.8242409746639947	9593.195524496157	422443.41486765625	-67.4509437663098
22	4.7671321747275135	4.7671321747275135	4.7671321747275135	0.09109212816953809	5.4719304543050615	0.01702861716442119	9.602887099915145	497.2272867729599	0.6296285346133581	0	0	0	91.00021789520518	4649.013084139719	-1.8242400045207137	9593.19552483162	422443.4171971409	-67.45095276409492
22.1	4.7671321747275135	4.7671321747275135	4.7671321747275135	0.09109212816953781	5.4719304543017255	0.017028617164453457	9.60288709991515	497.22728677303616	0.6296285346130588	0	0	0	91.00021782034511	4649.01251840752	-1.82423473371729	9593.195526828544	422443.43011686415	-67.45100164041236
22.2	4.7671321747275135	4.7671321747275135	4.7671321747275135	0.09109212816953766	5.471930454299638	0.0170286171644736	9.602887099915156	497.22728677308385	0.6296285346128719	0	0	0	91.00021777326411	4649.012164645998	-1.8242314436676013	9593.19552808453	422443.43819573766	-67.45103214867666
22.3	4.7671321747275135	4.7671321747275135	4.7671321747275135	0.09109212816953788	5.471930454302621	0.017028617164444745	9.60288709991515	497.22728677301575	0.6296285346131395	0	0	0	91.00021784039103	4649.012670906384	-1.8242361576374408	9593.19552629418	422443.4266341744	-67.45098843615774
22.4	4.7671321747275135	4.7671321747275135	4.7671321747275135	0.09109212816953803	5.471930454304195	0.017028617164429764	9.602887099915147	497.2272867729798	0.6296285346132786	0	0	0	91.00021787706571	4649.012936411569	-1.8242385971617958	9593.19552531582	422443.42057097505	-67.4509658171544
22.5	4.7671321747275135	4.7671321747275135	4.7671321747275135	0.091092128169538	5.471930454303299	0.017028617164438674	9.602887099915147	497.2272867730003	0.6296285346131959	0	0	0	91.00021785816566	4649.012782755262	-1.8242371336963352	9593.19552581977	422443.42408023804	-67.45097939049701
22.6	4.7671321747275135	4.7671321747275135	4.7671321747275135	0.09109212816953811	5.4719304543049825	0.01702861716442225	9.602887099915145	497.2272867729619	0.6296285346133482	0	0	0	91.00021789523736	4649.013069264992	-1.8242398219967741	9593.195524831108	422443.417537038	-67.45095446032434
22.7	4.7671321747275135	4.7671321747275135	4.7671321747275135	0.09109212816953814	5.471930454305517	0.017028617164417174	9.602887099915145	497.22728677294964	0.6296285346133952	0	0	0	91.00021790770542	4649.013159240423	-1.824240647098442	9593.195524498295	422443.4154822904	-67.45094681019438
22.8	4.7671321747275135	4.7671321747275135	4.7671321747275135	0.09109212816953814	5.4719304543050535	0.017028617164421844	9.602887099915145	497.22728677296027	0.6296285346133519	0	0	0	91.00021789808038	4649.013079091738	-1.824239877853905	9593.19552475457	422443.41731275996	-67.45095394517807
22.9	4.7671321747275135	4.7671321747275135	4.7671321747275135	0.09109212816953821	5.4719304543061655	0.017028617164410856	9.602887099915145	497.2272867729349	0.6296285346134538	0	0	0	91.00021792201653	4649.0132695820275	-1.8242416815315687	9593.195524116045	422443.41296233813	-67.45093721722202
23	4.7671321747275135	4.7671321747275135	4.7671321747275135	0.09109212816953818	5.471930454306288	0.0170286171644097	9.602887099915145	497.2272867729321	0.6296285346134646	0	0	0	91.00021792517562	4649.013290424377	-1.8242418668189648	9593.195524031626	422443.41248643	-67.45093549982144
23.1	4.7671321747275135	4.7671321747275135	4.7671321747275135	0.09109212816953816	5.4719304543060785	0.0170286171644118	9.602887099915145	497.2272867729368	0.6296285346134451	0	0	0	91.00021792102777	4649.013254662943	-1.8242415204751241	9593.195524142006	422443.41330321104	-67.4509387126045
23.2	4.7671321747275135	4.7671321747275135	4.7671321747275135	0.0910921281695382	5.471930454306761	0.017028617164405013	9.602887099915145	497.2272867729212	0.6296285346135081	0	0	0	91.00021793529591	4649.013371544621	-1.8242426366330573	9593.195523761326	422443.410633805	-67.45092836022583
23.3	4.7671321747275135	4.7671321747275135	4.7671321747275135	0.09109212816953818	5.4719304543067455	0.017028617164405218	9.602887099915144	497.2272867729216	0.6296285346135062	0	0	0	91.00021793530175	4649.013368786662	-1.8242426029548615	9593.195523761477	422443.41069683677	-67.45092867326578
23.4	4.7671321747275135	4.7671321747275135	4.7671321747275135	0.09109212816953817	5.47193045430668	0.01702861716440589	9.602887099915144	497.22728677292304	0.6296285346135	0	0	0	91.00021793405736	4649.013357436733	-1.824242491527087	9593.195523794873	422443.4109560768	-67.4509297070487
23.5	4.7671321747275135	4.7671321747275135	4.7671321747275135	0.09109212816953821	5.471930454307069	0.017028617164401988	9.602887099915144	497.2272867729141	0.6296285346135362	0	0	0	91.00021794198577	4649.013424331701	-1.8242431354752149	9593.195523583183	422443.40942826873	-67.45092373391455
23.6	4.7671321747275135	4.7671321747275135	4.7671321747275135	0.09109212816953817	5.471930454307016	0.01702861716440251	9.602887099915144	497.22728677291525	0.6296285346135314	0	0	0	91.00021794121574	4649.013416037181	-1.824243051258486	9593.195523603585	422443.4096177195	-67.45092451533542
23.7	4.7671321747275135	4.7671321747275135	4.7671321747275135	0.09109212816953817	5.471930454307022	0.017028617164402477	9.602887099915144	497.2272867729152	0.6296285346135317	0	0	0	91.00021794133319	4649.013416719831	-1.8242430570624546	9593.195523600316	422443.4096021229	-67.4509244615313
23.8	4.7671321747275135	4.7671321747275135	4.7671321747275135	0.09109212816953821	5.471930454307235	0.017028617164400305	9.602887099915144	497.2272867729103	0.6296285346135517	0	0	0	91.00021794554586	4649.013453364538	-1.8242434125772515	9593.195523487913	422443.40876517183	-67.45092116367907
23.9	4.7671321747275135	4.7671321747275135	4.7671321747275135	0.09109212816953818	5.471930454307203	0.017028617164400597	9.602887099915144	497.22728677291104	0.6296285346135491	0	0	0	91.00021794512817	4649.01344867651	-1.824243364857274	9593.195523499315	422443.40887223015	-67.45092160645797
24	4.7671321747275135	4.7671321747275135	4.7671321747275135	0.09109212816953818	5.471930454307247	0.017028617164400146	9.602887099915144	497.22728677291	0.6296285346135533	0	0	0	91.00021794597447	4649.013456226545	-1.8242434385408628	9593.195523476908	422443.4086997673	-67.45092092288395
