0	4.7671321747275135	4.7671321747275135	4.7671321747275135	0.09109212816953825	5.471930454307437	0.017028617164398283	9.60288709991514	497.2272867729056	0.6296285346135705	0	0	0	0	0	0	0	0	0
0.1	4.7671321747275135	4.7671321747275135	4.7671321747275135	0.09109212816953825	5.471930454307437	0.017028617164398283	9.60288709991514	497.2272867729056	0.6296285346135704	0	0	0	-5330988727861605e-21	-0.0003294624161261442	0	-6444626034768133e-20	-0.003384207099708366	-4217005753401432e-21
0.2	4.7671321747275135	4.7671321747275135	4.7671321747275135	0.09109212816953825	5.471930454307437	0.017028617164398283	9.60288709991514	497.2272867729056	0.6296285346135705	0	0	0	-720561290251866e-20	-0.00047727227090059465	-1326952207043156e-21	-0.00018176580124483043	-0.009892191565739512	-1183020885328192e-20
0.3	4.7671321747275135	4.7671321747275135	4.7671321747275135	0.09109212816953825	5.471930454307437	0.017028617164398283	9.60288709991514	497.2272867729056	0.6296285346135705	0	0	0	-7864744127464784e-21	-0.0005666516602772739	-14265587577291167e-22	-0.0002996710422314363	-0.017108910197627458	-1935324710005369e-20
0.4	4.767132174727514	4.767132174727514	4.767132174727514	0.09109212816953827	5.471930454307438	0.017028617164398283	9.60288709991514	497.22728677290564	0.6296285346135706	0	0	0	-8096546650804977e-21	-0.0006324304025877099	-14436487929927567e-22	-0.00040319737725519523	-0.02426224937358427	-2579504930650187e-20
0.5	4.7671321747275135	4.7671321747275135	4.7671321747275135	0.09109212816953825	5.471930454307437	0.017028617164398283	9.60288709991514	497.2272867729056	0.6296285346135705	0	0	0	-8178004560873677e-21	-0.0006848032678026224	-14328591209477858e-22	-0.0004898607185371642	-0.031064167787187846	-3101213128193277e-20
0.6	4.767132174727513	4.767132174727513	4.767132174727513	0.09109212816953825	5.4719304543074365	0.017028617164398283	9.60288709991514	497.22728677290564	0.6296285346135705	0	0	0	-8206636842183284e-21	-0.0007274061095922759	-14137555711828632e-22	-0.0005610315244259479	-0.03738656998855739	-35124092812593275e-21
0.7	4.7671321747275135	4.7671321747275135	4.7671321747275135	0.09109212816953825	5.471930454307437	0.017028617164398283	9.60288709991514	497.22728677290564	0.6296285346135705	0	0	0	-8216718591884982e-21	-0.0007621534225277901	-13932851814699127e-22	-0.0006190124159072506	-0.04317001167562904	-3831217477860541e-20
0.8	4.7671321747275135	4.7671321747275135	4.7671321747275135	0.09109212816953824	5.471930454307437	0.017028617164398283	9.60288709991514	497.2272867729057	0.6296285346135705	0	0	0	-8220265439529539e-21	-0.0007904450216078166	-1373850464698219e-21	-0.0006660875835688256	-0.048394166291937435	-40752897871059476e-21
0.9	4.7671321747275135	4.7671321747275135	4.7671321747275135	0.09109212816953824	5.471930454307437	0.01702861716439828	9.60288709991514	497.2272867729057	0.6296285346135705	0	0	0	-8221491207988865e-21	-0.0008134313058035309	-13562122654230343e-22	-0.000704245042596489	-0.05306475065783856	-42598515393756435e-21
1	4.7671321747275135	4.7671321747275135	4.7671321747275135	0.09109212816953824	5.471930454307438	0.01702861716439828	9.60288709991514	497.2272867729056	0.6296285346135705	0	0	0	-822192830128118e-20	-0.000832086215710758	-13405447582182654e-22	-0.0007351634722264238	-0.05720388798415848	-4397652976515077e-20
1.1	4.7671321747275135	4.7671321747275135	4.7671321747275135	0.09109212816953824	5.471930454307438	0.01702861716439828	9.60288709991514	497.2272867729056	0.6296285346135705	0	0	0	-822208961214124e-20	-0.0008472093131913815	-13267854263690817e-22	-0.0007602005965710299	-0.060845551246554136	-4498882764531439e-20
1.2	4.7671321747275135	4.7671321747275135	4.7671321747275135	0.09109212816953824	5.471930454307439	0.01702861716439828	9.602887099915138	497.2272867729056	0.6296285346135705	0	0	0	-8222147088655819e-21	-0.0008594664400958361	-13147915064822646e-22	-0.0007804783276770733	-0.06402924220283224	-4571842630566843e-20
1.3	4.767132174727513	4.767132174727513	4.767132174727513	0.09109212816953824	5.471930454307438	0.01702861716439828	9.602887099915138	497.22728677290553	0.6296285346135704	0	0	0	-8222172215180618e-21	-0.0008693960537163183	-13043959075422904e-22	-0.0007968957060895368	-0.06679766418149899	-46230507908684515e-21
1.4	4.7671321747275135	4.7671321747275135	4.7671321747275135	0.09109212816953824	5.4719304543074365	0.017028617164398283	9.602887099915138	497.2272867729056	0.6296285346135705	0	0	0	-8222181612203007e-21	-0.0008774436880725431	-1295425386535692e-21	-0.0008101949428315547	-0.06919364830696345	-4657772524266348e-20
1.5	4.7671321747275135	4.7671321747275135	4.7671321747275135	0.09109212816953825	5.4719304543074365	0.017028617164398283	9.602887099915138	497.2272867729056	0.6296285346135705	0	0	0	-8222185803791676e-21	-0.0008839583654663888	-12877158072463905e-22	-0.0008209554879669612	-0.07125858810297897	-46799783624824715e-21
1.6	4.7671321747275135	4.7671321747275135	4.7671321747275135	0.09109212816953827	5.471930454307439	0.017028617164398283	9.60288709991514	497.2272867729056	0.6296285346135706	0	0	0	-8222188028659303e-21	-0.0008892432335213814	-1281109728526276e-21	-0.0008296805893341367	-0.07303230475799918	-4693037821104555e-20
1.7	4.7671321747275135	4.7671321747275135	4.7671321747275135	0.09109212816953824	5.47193045430744	0.017028617164398283	9.602887099915138	497.22728677290553	0.6296285346135705	0	0	0	-8222188321171354e-21	-0.0008935175904853395	-12754697926171465e-22	-0.000836733770067647	-0.07455005288305296	-4699233818049192e-20
1.8	4.7671321747275135	4.7671321747275135	4.7671321747275135	0.09109212816953825	5.471930454307437	0.017028617164398283	9.602887099915137	497.22728677290553	0.6296285346135704	0	0	0	-822218939446017e-20	-0.0008969851201892626	-12706641641081873e-22	-0.0008424525589834648	-0.07584591670135313	-4700649664460283e-20
1.9	4.7671321747275135	4.7671321747275135	4.7671321747275135	0.09109212816953825	5.471930454307438	0.017028617164398293	9.602887099915138	497.2272867729055	0.6296285346135704	0	0	0	-8222189219624715e-21	-0.0008997951792304681	-12665801302352583e-22	-0.0008470846161639318	-0.07694918167755588	-46986944158818945e-21
2	4.7671321747275135	4.7671321747275135	4.7671321747275135	0.09109212816953825	5.471930454307439	0.0170286171643983	9.602887099915138	497.2272867729055	0.6296285346135704	0	0	0	-8222189166959615e-21	-0.0009020663155085332	-12631203871793486e-22	-0.0008508260499860617	-0.07788542908568999	-46944044132961266e-21
2.1	4.7671321747275135	4.7671321747275135	4.7671321747275135	0.09109212816953824	5.471930454307437	0.017028617164398293	9.602887099915138	497.2272867729054	0.6296285346135704	0	0	0	-8222189613887036e-21	-0.0009039114756755009	-12601900407589859e-22	-0.0008538639174037236	-0.07867961214566296	-4688750097533704e-20
2.2	4.7671321747275135	4.7671321747275135	4.7671321747275135	0.09109212816953824	5.471930454307441	0.01702861716439831	9.60288709991514	497.2272867729055	0.6296285346135704	0	0	0	-8222188884247371e-21	-0.0009054069789373733	-12577143573310774e-22	-0.0008563248502151777	-0.0793514822102919	-46822867324625436e-21
2.3	4.7671321747275135	4.7671321747275135	4.7671321747275135	0.09109212816953824	5.471930454307442	0.017028617164398314	9.60288709991514	497.22728677290536	0.6296285346135703	0	0	0	-8222188406795944e-21	-0.0009066143177787512	-12556301226396688e-22	-0.0008583101669812742	-0.07991789065732868	-4675411533254416e-20
2.4	4.7671321747275135	4.7671321747275135	4.7671321747275135	0.09109212816953825	5.471930454307441	0.017028617164398303	9.602887099915138	497.2272867729054	0.6296285346135704	0	0	0	-8222189177913244e-21	-0.0009075942251628685	-1253874563687578e-21	-0.0008599201035379767	-0.0803955724668134	-4668514638570444e-20
2.5	4.7671321747275135	4.7671321747275135	4.7671321747275135	0.09109212816953832	5.471930454307449	0.017028617164398355	9.602887099915138	497.2272867729053	0.6296285346135698	0	0	0	-8222187598079612e-21	-0.0009083906696915288	-12523960024879233e-22	-0.0008612286605630419	-0.08079830691014818	-4661824554448152e-20
2.6	4.7671321747275135	4.7671321747275135	4.7671321747275135	0.09109212816953838	5.471930454307458	0.017028617164398428	9.602887099915137	497.2272867729052	0.629628534613569	0	0	0	-8222185283392633e-21	-0.0009090337453723892	-12511565503585265e-22	-0.0008622848039683153	-0.0811362657751951	-4655439552702295e-20
2.7	4.7671321747275135	4.7671321747275135	4.7671321747275135	0.09109212816953838	5.471930454307457	0.017028617164398428	9.602887099915135	497.22728677290525	0.6296285346135692	0	0	0	-8222185379848393e-21	-0.0009095534547230145	-12501191734076176e-22	-0.0008631367837725469	-0.08141940450995344	-46494576328296514e-21
2.8	4.7671321747275135	4.7671321747275135	4.7671321747275135	0.09109212816953838	5.471930454307462	0.01702861716439841	9.602887099915138	497.2272867729051	0.6296285346135694	0	0	0	-8222185620197273e-21	-0.0009099766371901829	-12492484496061407e-22	-0.0008638303466765892	-0.08165735890875465	-4643962081883239e-20
2.9	4.7671321747275135	4.7671321747275135	4.7671321747275135	0.09109212816953852	5.47193045430753	0.017028617164398636	9.602887099915131	497.22728677290354	0.6296285346135672	0	0	0	-8222176518190933e-21	-0.0009103173927001798	-12485198252325688e-22	-0.0008643934115544324	-0.08185692379579014	-46389555329715046e-21
3	4.7671321747275135	4.7671321747275135	4.7671321747275135	0.09109212816953867	5.471930454307594	0.01702861716439886	9.60288709991513	497.22728677290206	0.6296285346135649	0	0	0	-8222167605469009e-21	-0.0009105918349296981	-12479123933687976e-22	-0.0008648472205823398	-0.08202343867948243	-4634427137242427e-20
3.1	4.7671321747275135	4.7671321747275135	4.7671321747275135	0.09109212816953863	5.471930454307579	0.017028617164398813	9.60288709991513	497.2272867729024	0.6296285346135654	0	0	0	-8222169631313958e-21	-0.0009108165016919692	-12474051785436673e-22	-0.0008652130904111475	-0.0821622335419143	-4630367297036566e-20
3.2	4.767132174727513	4.767132174727513	4.767132174727513	0.09109212816953845	5.471930454307511	0.01702861716439854	9.602887099915133	497.2272867729039	0.6296285346135679	0	0	0	-8222179992733183e-21	-0.0009110022436353522	-12469803268514999e-22	-0.0008655109247699501	-0.08227840602614686	-46267594002336965e-21
3.3	4.7671321747275135	4.7671321747275135	4.7671321747275135	0.09109212816953853	5.471930454307548	0.017028617164398588	9.602887099915133	497.2272867729031	0.6296285346135675	0	0	0	-8222176857610768e-21	-0.0009111485619018184	-12466282822776872e-22	-0.0008657525237778432	-0.08237543121900406	-46235645711406524e-21
3.4	4.7671321747275135	4.7671321747275135	4.7671321747275135	0.09109212816953854	5.4719304543075555	0.0170286171643986	9.602887099915131	497.2272867729029	0.6296285346135674	0	0	0	-8222176086359002e-21	-0.0009112678476580736	-12463344855575904e-22	-0.0008659475972639351	-0.08245614999284916	-4620751553450127e-20
3.5	4.767132174727514	4.767132174727514	4.767132174727514	0.0910921281695384	5.471930454307501	0.01702861716439844	9.602887099915137	497.22728677290416	0.629628534613569	0	0	0	-8222183070922137e-21	-0.0009113677457581033	-12460879557618554e-22	-0.0008661057615630673	-0.08252340885275004	-46182864270644275e-21
3.6	4.7671321747275135	4.7671321747275135	4.7671321747275135	0.09109212816953846	5.471930454307532	0.017028617164398466	9.602887099915135	497.2272867729033	0.6296285346135687	0	0	0	-8222180785672655e-21	-0.0009114451590445729	-12458857153336405e-22	-0.0008662340538321592	-0.08257946309373906	-4616130967035752e-20
3.7	4.7671321747275135	4.7671321747275135	4.7671321747275135	0.09109212816953846	5.4719304543075395	0.01702861716439847	9.602887099915137	497.22728677290314	0.6296285346135687	0	0	0	-8222180363045039e-21	-0.0009115086341549081	-12457167973602177e-22	-0.0008663376301703804	-0.0826259828729321	-46142564632483204e-21
3.8	4.7671321747275135	4.7671321747275135	4.7671321747275135	0.09109212816953836	5.471930454307492	0.01702861716439838	9.602887099915138	497.2272867729042	0.6296285346135696	0	0	0	-8222185240110218e-21	-0.0009115626433179478	-12455742938810411e-22	-0.0008664215832552809	-0.08266465254555007	-4612631337954424e-20
3.9	4.7671321747275135	4.7671321747275135	4.7671321747275135	0.0910921281695384	5.4719304543075165	0.0170286171643984	9.602887099915137	497.2272867729038	0.6296285346135695	0	0	0	-822218357792318e-20	-0.0009116034797808524	-12454590532556436e-22	-0.000866489711280657	-0.08269683466389027	-4611222744052744e-20
4	4.767132174727513	4.767132174727513	4.767132174727513	0.0910921281695384	5.47193045430752	0.0170286171643984	9.602887099915137	497.2272867729037	0.6296285346135694	0	0	0	-8222183367845368e-21	-0.0009116372731301389	-12453624893314124e-22	-0.0008665447057676992	-0.0827234848070784	-4610008963683311e-20
4.1	4.7671321747275135	4.7671321747275135	4.7671321747275135	0.09109212816953834	5.471930454307482	0.01702861716439834	9.602887099915138	497.2272867729047	0.62962853461357	0	0	0	-822218676924917e-20	-0.0009116666643677397	-1245280257199294e-21	-0.000866589262625957	-0.08274558829091681	-46089653105276687e-21
4.2	4.7671321747275135	4.7671321747275135	4.7671321747275135	0.09109212816953831	5.4719304543075005	0.017028617164398352	9.602887099915138	497.22728677290416	0.62962853461357	0	0	0	-8222185562654449e-21	-0.0009116881098109263	-12452151339073964e-22	-0.0008666254434343776	-0.08276396684410157	-4608066239383728e-20
4.3	4.7671321747275135	4.7671321747275135	4.7671321747275135	0.09109212816953831	5.471930454307503	0.01702861716439835	9.602887099915138	497.2272867729041	0.6296285346135699	0	0	0	-8222185478271581e-21	-0.0009117061171618049	-12451601917622446e-22	-0.0008666546426240585	-0.08277915564805638	-460729711436403e-19
4.4	4.7671321747275135	4.7671321747275135	4.7671321747275135	0.09109212816953828	5.471930454307471	0.017028617164398314	9.602887099915138	497.22728677290485	0.6296285346135702	0	0	0	-8222187847554743e-21	-0.0009117222505152712	-1245112710194332e-21	-0.0008666782869585564	-0.08279172582445092	-46066402414361506e-21
4.5	4.7671321747275135	4.7671321747275135	4.7671321747275135	0.09109212816953824	5.471930454307479	0.01702861716439832	9.60288709991514	497.22728677290473	0.6296285346135702	0	0	0	-8222186973304202e-21	-0.0009117334368127997	-1245076243953695e-21	-0.0008666975031595725	-0.08280217377698265	-4606076722707345e-20
4.6	4.7671321747275135	4.7671321747275135	4.7671321747275135	0.09109212816953824	5.471930454307478	0.017028617164398317	9.60288709991514	497.2272867729047	0.6296285346135703	0	0	0	-8222186959996208e-21	-0.0009117430477885069	-1245045097625659e-21	-0.0008667130059725045	-0.08281079162514193	-4605597567370855e-20
4.7	4.7671321747275135	4.7671321747275135	4.7671321747275135	0.09109212816953827	5.471930454307458	0.0170286171643983	9.60288709991514	497.2272867729052	0.6296285346135704	0	0	0	-8222188608199066e-21	-0.0009117520033748267	-12450175913032553e-22	-0.0008667255505135344	-0.0828179080488846	-4605190731224454e-20
4.8	4.7671321747275135	4.7671321747275135	4.7671321747275135	0.0910921281695383	5.471930454307461	0.01702861716439831	9.60288709991514	497.22728677290513	0.6296285346135704	0	0	0	-8222187975852246e-21	-0.0009117577788720126	-12449973935402803e-22	-0.0008667357577122483	-0.08282382437967478	-4604842593283082e-20
4.9	4.7671321747275135	4.7671321747275135	4.7671321747275135	0.09109212816953828	5.471930454307461	0.01702861716439831	9.60288709991514	497.22728677290513	0.6296285346135704	0	0	0	-8222187999921327e-21	-0.0009117629228001383	-1244979779312767e-21	-0.0008667439882985631	-0.08282869469018861	-460454816464978e-19
5	4.7671321747275135	4.7671321747275135	4.7671321747275135	0.0910921281695383	5.471930454307468	0.01702861716439831	9.602887099915138	497.2272867729049	0.6296285346135704	0	0	0	-8222187780650037e-21	-0.0009117667774896594	-12449661131464884e-22	-0.0008667506837137937	-0.08283273643230796	-4604297279652741e-20
5.1	4.767132174727513	4.767132174727513	4.767132174727513	0.09109212816953836	5.471930454307525	0.017028617164398352	9.602887099915135	497.2272867729036	0.6296285346135698	0	0	0	-8222183461487442e-21	-0.0009117663541504563	-12449617783475376e-22	-0.0008667562197828024	-0.08283615619948627	-460407847958289e-19
5.2	4.7671321747275135	4.7671321747275135	4.7671321747275135	0.09109212816953845	5.4719304543075715	0.017028617164398387	9.602887099915135	497.2272867729027	0.6296285346135695	0	0	0	-822217994306726e-20	-0.000911766031809104	-1244957955182148e-21	-0.0008667606812235422	-0.08283896741596032	-46038941493467784e-21
5.3	4.7671321747275135	4.7671321747275135	4.7671321747275135	0.09109212816953842	5.471930454307539	0.017028617164398366	9.602887099915137	497.22728677290337	0.6296285346135696	0	0	0	-8222182360248435e-21	-0.0009117703852117424	-12449454507046542e-22	-0.0008667641463756237	-0.08284117899279392	-46037470150804654e-21
5.4	4.7671321747275135	4.7671321747275135	4.7671321747275135	0.09109212816953835	5.471930454307497	0.01702861716439832	9.602887099915138	497.2272867729043	0.62962853461357	0	0	0	-8222185893257278e-21	-0.0009117751045510411	-1244933276482772e-21	-0.0008667669275313955	-0.08284298566790108	-4603624028437264e-20
5.5	4.7671321747275135	4.7671321747275135	4.7671321747275135	0.09109212816953839	5.471930454307524	0.017028617164398324	9.602887099915137	497.2272867729037	0.6296285346135702	0	0	0	-822218431267159e-20	-0.0009117748821738493	-12449318085915057e-22	-0.0008667692955442786	-0.08284456673424591	-4603512549415413e-20
5.6	4.7671321747275135	4.7671321747275135	4.7671321747275135	0.09109212816953838	5.47193045430751	0.017028617164398317	9.602887099915138	497.22728677290405	0.6296285346135702	0	0	0	-822218537749234e-20	-0.0009117770539728503	-1244925101405254e-21	-0.0008667711470119984	-0.08284581487629335	-46034237168037935e-21
5.7	4.7671321747275135	4.7671321747275135	4.7671321747275135	0.09109212816953831	5.471930454307484	0.0170286171643983	9.602887099915138	497.22728677290473	0.6296285346135704	0	0	0	-822218743372175e-20	-0.0009117798483773338	-1244917605453681e-21	-0.0008667726190736419	-0.08284682313718722	-46033505281814346e-21
5.8	4.7671321747275135	4.7671321747275135	4.7671321747275135	0.09109212816953831	5.471930454307501	0.017028617164398303	9.60288709991514	497.2272867729043	0.6296285346135703	0	0	0	-8222186357940798e-21	-0.000911779406032117	-12449176810369571e-22	-0.0008667738825170953	-0.08284771479908715	-46032833014566196e-21
5.9	4.7671321747275135	4.7671321747275135	4.7671321747275135	0.09109212816953831	5.471930454307486	0.0170286171643983	9.60288709991514	497.2272867729046	0.6296285346135704	0	0	0	-8222187282170995e-21	-0.0009117809766214565	-12449128962528852e-22	-0.0008667748560913251	-0.08284840447870813	-4603231268655532e-20
6	4.7671321747275135	4.7671321747275135	4.7671321747275135	0.09109212816953828	5.471930454307473	0.017028617164398293	9.602887099915142	497.22728677290496	0.6296285346135704	0	0	0	-8222188446325854e-21	-0.0009117825993129136	-1244908367093355e-21	-0.0008667756358268214	-0.0828489662826813	-4603187976726997e-20
6.1	4.7671321747275135	4.7671321747275135	4.7671321747275135	0.09109212816953827	5.471930454307492	0.0170286171643983	9.60288709991514	497.22728677290456	0.6296285346135705	0	0	0	-8222187724076845e-21	-0.0009117821420010898	-12449090631104087e-22	-0.0008667763105934609	-0.08284946867735195	-4603147631864053e-20
6.2	4.7671321747275135	4.7671321747275135	4.7671321747275135	0.09109212816953827	5.471930454307477	0.017028617164398293	9.602887099915142	497.22728677290485	0.6296285346135705	0	0	0	-8222188467687613e-21	-0.0009117832975623618	-12449055300395296e-22	-0.0008667768208368719	-0.08284984702181522	-460311757163448e-19
6.3	4.7671321747275135	4.7671321747275135	4.7671321747275135	0.09109212816953827	5.471930454307465	0.017028617164398283	9.60288709991514	497.2272867729051	0.6296285346135706	0	0	0	-8222189114163027e-21	-0.0009117842243989638	-124490284364025e-20	-0.0008667772341122082	-0.08285015963391341	-4603092092331783e-20
6.4	4.7671321747275135	4.7671321747275135	4.7671321747275135	0.09109212816953831	5.471930454307475	0.01702861716439828	9.60288709991514	497.22728677290485	0.6296285346135705	0	0	0	-8222188635465745e-21	-0.0009117838313864957	-12449036988217374e-22	-0.000866777594872382	-0.08285044255272735	-4603067969889057e-20
6.5	4.767132174727514	4.767132174727514	4.767132174727514	0.0910921281695383	5.471930454307464	0.017028617164398286	9.602887099915142	497.22728677290513	0.6296285346135705	0	0	0	-8222189205223397e-21	-0.0009117846860477229	-12449010368679001e-22	-0.0008667778611623731	-0.08285064835117047	-460305086762477e-19
6.6	4.7671321747275135	4.7671321747275135	4.7671321747275135	0.09109212816953828	5.471930454307454	0.017028617164398283	9.60288709991514	497.2272867729053	0.6296285346135706	0	0	0	-8222189555964063e-21	-0.0009117852038165906	-12448994838689765e-22	-0.0008667780804033241	-0.08285082218315855	-4603035924690541e-20
6.7	4.7671321747275135	4.7671321747275135	4.7671321747275135	0.0910921281695383	5.471930454307459	0.017028617164398276	9.60288709991514	497.2272867729052	0.6296285346135706	0	0	0	-822218924265281e-20	-0.0009117848953933942	-1244900287027475e-21	-0.0008667782735016818	-0.08285098147588575	-46030215422568616e-21
6.8	4.7671321747275135	4.7671321747275135	4.7671321747275135	0.09109212816953828	5.47193045430745	0.017028617164398276	9.60288709991514	497.22728677290536	0.6296285346135705	0	0	0	-8222189664726917e-21	-0.0009117855264686128	-12448982632390783e-22	-0.0008667784117244035	-0.08285109226736191	-46030119860793875e-21
6.9	4.767132174727513	4.767132174727513	4.767132174727513	0.09109212816953827	5.471930454307449	0.017028617164398283	9.60288709991514	497.2272867729054	0.6296285346135706	0	0	0	-8222189849042335e-21	-0.0009117858064870026	-12448973991216031e-22	-0.000866778528185704	-0.0828511889486028	-46030032383588214e-21
7	4.7671321747275135	4.7671321747275135	4.7671321747275135	0.09109212816953827	5.471930454307454	0.017028617164398286	9.60288709991514	497.2272867729053	0.6296285346135705	0	0	0	-822218964657835e-20	-0.0009117855776711016	-12448980698429282e-22	-0.000866778631661503	-0.08285127863952643	-4602994681596172e-20
7.1	4.7671321747275135	4.7671321747275135	4.7671321747275135	0.09109212816953825	5.471930454307449	0.017028617164398286	9.60288709991514	497.2272867729054	0.6296285346135705	0	0	0	-8222189863767336e-21	-0.0009117859136748986	-12448969571537706e-22	-0.0008667787052593399	-0.08285134041174891	-4602989069436717e-20
7.2	4.7671321747275135	4.7671321747275135	4.7671321747275135	0.09109212816953824	5.471930454307492	0.01702861716439829	9.60288709991514	497.2272867729044	0.6296285346135704	0	0	0	-8222188161476724e-21	-0.0009117834548283943	-12449052390033409e-22	-0.0008667788152764182	-0.08285145345669452	-46029759656816485e-21
7.3	4.7671321747275135	4.7671321747275135	4.7671321747275135	0.09109212816953825	5.471930454307565	0.0170286171643983	9.60288709991514	497.2272867729027	0.6296285346135703	0	0	0	-8222185217296814e-21	-0.0009117792134567207	-12449194332265546e-22	-0.0008667789460137983	-0.0828515966411612	-460295839634809e-19
7.4	4.7671321747275135	4.7671321747275135	4.7671321747275135	0.09109212816953824	5.4719304543076115	0.017028617164398307	9.60288709991514	497.2272867729016	0.6296285346135703	0	0	0	-8222183384671435e-21	-0.000911776595142011	-1244928137184342e-21	-0.0008667790368750938	-0.08285169436976177	-4602946626258468e-20
7.5	4.7671321747275135	4.7671321747275135	4.7671321747275135	0.09109212816953825	5.4719304543075715	0.017028617164398303	9.60288709991514	497.2272867729026	0.6296285346135703	0	0	0	-8222185017044422e-21	-0.0009117790054663987	-12449199482376337e-22	-0.0008667790272639184	-0.0828516710471091	-4602950920235208e-20
7.6	4.7671321747275135	4.7671321747275135	4.7671321747275135	0.09109212816953824	5.471930454307504	0.017028617164398283	9.60288709991514	497.2272867729041	0.6296285346135705	0	0	0	-822218771547005e-20	-0.0009117828529330458	-12449072801283078e-22	-0.0008667789830025826	-0.08285160967427724	-4602959815183242e-20
7.7	4.7671321747275135	4.7671321747275135	4.7671321747275135	0.09109212816953825	5.471930454307519	0.017028617164398258	9.60288709991514	497.2272867729037	0.6296285346135706	0	0	0	-822218713809963e-20	-0.0009117818450712479	-12449112323564529e-22	-0.0008667790208254494	-0.08285165386259467	-4602953980561849e-20
7.8	4.7671321747275135	4.7671321747275135	4.7671321747275135	0.09109212816953825	5.471930454307503	0.01702861716439826	9.60288709991514	497.2272867729041	0.6296285346135706	0	0	0	-822218775973153e-20	-0.0009117827869431891	-12449079528954853e-22	-0.0008667790223714699	-0.08285164990791391	-46029551369112106e-21
7.9	4.767132174727514	4.767132174727514	4.767132174727514	0.09109212816953827	5.471930454307476	0.017028617164398272	9.60288709991514	497.2272867729048	0.6296285346135706	0	0	0	-8222188929515257e-21	-0.0009117845262702535	-12449020067476415e-22	-0.0008667790058903923	-0.08285162475427649	-4602959034410791e-20
8	4.7671321747275135	4.7671321747275135	4.7671321747275135	0.09109212816953825	5.4719304543074845	0.017028617164398265	9.60288709991514	497.22728677290456	0.6296285346135706	0	0	0	-8222188547308346e-21	-0.0009117838490973066	-12449047118715842e-22	-0.0008667790279857973	-0.08285165189465284	-46029552830864104e-21
8.1	4.7671321747275135	4.7671321747275135	4.7671321747275135	0.09109212816953825	5.471930454307469	0.017028617164398272	9.60288709991514	497.2272867729049	0.6296285346135706	0	0	0	-8222189135647411e-21	-0.0009117847988128503	-12449012062762976e-22	-0.0008667790219204473	-0.0828516399409108	-46029574336183954e-21
8.2	4.7671321747275135	4.7671321747275135	4.7671321747275135	0.09109212816953825	5.47193045430746	0.01702861716439827	9.60288709991514	497.22728677290513	0.6296285346135706	0	0	0	-8222189585816952e-21	-0.000911785487255876	-12448987993883273e-22	-0.000866779017729583	-0.08285163221594588	-4602958753713146e-20
8.3	4.7671321747275135	4.7671321747275135	4.7671321747275135	0.09109212816953827	5.471930454307466	0.01702861716439826	9.60288709991514	497.2272867729049	0.6296285346135708	0	0	0	-822218936569914e-20	-0.0009117850845457124	-12449004567232549e-22	-0.0008667790299171273	-0.08285164784874612	-4602956505128151e-20
8.4	4.7671321747275135	4.7671321747275135	4.7671321747275135	0.09109212816953824	5.471930454307454	0.01702861716439827	9.60288709991514	497.2272867729052	0.6296285346135706	0	0	0	-8222189796302139e-21	-0.0009117858175667551	-12448976201365247e-22	-0.0008667790235454701	-0.08285163649421004	-4602958497880844e-20
8.5	4.767132174727513	4.767132174727513	4.767132174727513	0.09109212816953824	5.471930454307449	0.01702861716439826	9.60288709991514	497.22728677290525	0.6296285346135706	0	0	0	-8222189949380313e-21	-0.0009117860517406807	-12448968094799817e-22	-0.0008667790236124403	-0.08285163553441091	-4602958735665713e-20
8.6	4.7671321747275135	4.7671321747275135	4.7671321747275135	0.09109212816953824	5.471930454307451	0.017028617164398255	9.60288709991514	497.2272867729052	0.6296285346135708	0	0	0	-8222189837586025e-21	-0.0009117858387984967	-12448977171730105e-22	-0.0008667790299468339	-0.08285164394383025	-4602957486398848e-20
8.7	4.7671321747275135	4.7671321747275135	4.7671321747275135	0.09109212816953825	5.4719304543074445	0.01702861716439827	9.60288709991514	497.22728677290536	0.6296285346135707	0	0	0	-8222190115967723e-21	-0.0009117863364653628	-12448957078583768e-22	-0.0008667790252380722	-0.08285163555106365	-4602958982681464e-20
8.8	4.7671321747275135	4.7671321747275135	4.7671321747275135	0.09109212816953825	5.471930454307442	0.017028617164398258	9.60288709991514	497.2272867729054	0.6296285346135707	0	0	0	-822219015496772e-20	-0.0009117863895602868	-12448955551406447e-22	-0.0008667790264009621	-0.08285163674527694	-46029588347832024e-21
8.9	4.7671321747275135	4.7671321747275135	4.7671321747275135	0.09109212816953825	5.471930454307442	0.017028617164398248	9.60288709991514	497.2272867729055	0.6296285346135708	0	0	0	-822219010701856e-20	-0.000911786293772211	-12448959801712169e-22	-0.0008667790294594024	-0.08285164088634782	-460295820723928e-19
9	4.7671321747275135	4.7671321747275135	4.7671321747275135	0.09109212816953825	5.471930454307439	0.017028617164398265	9.60288709991514	497.22728677290553	0.6296285346135706	0	0	0	-8222190272540215e-21	-0.0009117866036251631	-12448946793452237e-22	-0.0008667790264875288	-0.08285163544720472	-4602959203736819e-20
9.1	4.7671321747275135	4.7671321747275135	4.7671321747275135	0.09109212816953825	5.471930454307439	0.01702861716439827	9.60288709991514	497.2272867729055	0.6296285346135706	0	0	0	-8222190273043092e-21	-0.000911786594486772	-12448947559361405e-22	-0.0008667790276436106	-0.08285163697544703	-46029589696756875e-21
9.2	4.7671321747275135	4.7671321747275135	4.7671321747275135	0.09109212816953825	5.471930454307439	0.01702861716439827	9.60288709991514	497.2272867729055	0.6296285346135706	0	0	0	-8222190258952314e-21	-0.0009117865643224768	-1244894897521373e-21	-0.0008667790289640935	-0.08285163874013202	-4602958704669611e-20
9.3	4.7671321747275135	4.7671321747275135	4.7671321747275135	0.09109212816953825	5.471930454307437	0.017028617164398237	9.60288709991514	497.2272867729055	0.6296285346135709	0	0	0	-8222189918618321e-21	-0.0009117858478323195	-12448982113580232e-22	-0.0008667790388088401	-0.08285165593482367	-4602955547364755e-20
9.4	4.7671321747275135	4.7671321747275135	4.7671321747275135	0.09109212816953827	5.47193045430744	0.017028617164398074	9.60288709991514	497.2272867729055	0.6296285346135725	0	0	0	-822218816451622e-20	-0.0009117822071523722	-1244914864836678e-21	-0.0008667790862174175	-0.08285173952704665	-46029401531634516e-21
9.5	4.7671321747275135	4.7671321747275135	4.7671321747275135	0.09109212816953828	5.471930454307443	0.017028617164397873	9.60288709991514	497.2272867729054	0.6296285346135745	0	0	0	-822218600484284e-20	-0.0009117777331961235	-12449352994444964e-22	-0.0008667791443216633	-0.0828518419494796	-46029213016803763e-21
9.6	4.7671321747275135	4.7671321747275135	4.7671321747275135	0.0910921281695383	5.471930454307445	0.01702861716439774	9.602887099915137	497.22728677290536	0.6296285346135756	0	0	0	-8222184591453178e-21	-0.0009117748127954147	-12449486110556329e-22	-0.0008667791824215319	-0.0828519088994804	-46029090087849604e-21
9.7	4.7671321747275135	4.7671321747275135	4.7671321747275135	0.09109212816953828	5.4719304543074445	0.01702861716439779	9.60288709991514	497.2272867729054	0.6296285346135753	0	0	0	-8222185076202233e-21	-0.0009117758327820873	-12449438955442424e-22	-0.0008667791698169775	-0.08285188607440677	-460291329034664e-19
9.8	4.7671321747275135	4.7671321747275135	4.7671321747275135	0.09109212816953825	5.471930454307441	0.01702861716439805	9.602887099915138	497.22728677290553	0.6296285346135727	0	0	0	-822218792095646e-20	-0.0009117817306357269	-12449169431072302e-22	-0.0008667790942099067	-0.08285175216120468	-4602938010517907e-20
9.9	4.7671321747275135	4.7671321747275135	4.7671321747275135	0.09109212816953827	5.471930454307443	0.017028617164398116	9.602887099915138	497.2272867729055	0.6296285346135722	0	0	0	-8222188587194103e-21	-0.0009117829971927884	-12449115847547636e-22	-0.0008667790766573356	-0.08285172361651631	-46029428905966755e-21
10	4.7671321747275135	4.7671321747275135	4.7671321747275135	0.0910921281695383	5.471930454307444	0.017028617164398116	9.602887099915138	497.22728677290553	0.6296285346135723	0	0	0	-8222188567875336e-21	-0.0009117828992666035	-12449122469908622e-22	-0.0008667790773477686	-0.08285172607141422	-4602942248922979e-20
10.1	4.7671321747275135	4.7671321747275135	4.7671321747275135	0.09109212816953828	5.471930454307441	0.017028617164398203	9.602887099915138	497.22728677290553	0.6296285346135714	0	0	0	-822218958110946e-20	-0.0009117850705180199	-12449020601267866e-22	-0.0008667790504656333	-0.08285167682185943	-46029515883228066e-21
10.2	4.7671321747275135	4.7671321747275135	4.7671321747275135	0.0910921281695383	5.4719304543074445	0.017028617164398203	9.602887099915138	497.2272867729054	0.6296285346135714	0	0	0	-822218963986876e-20	-0.000911785146193944	-12449018968300927e-22	-0.0008667790490134807	-0.08285167525193149	-460295171504282e-19
10.3	4.7671321747275135	4.7671321747275135	4.7671321747275135	0.09109212816953828	5.471930454307444	0.017028617164398217	9.602887099915138	497.2272867729055	0.6296285346135712	0	0	0	-8222189794118545e-21	-0.0009117854797608057	-1244900319130481e-21	-0.0008667790449924344	-0.08285166777744692	-46029531487723646e-21
10.4	4.7671321747275135	4.7671321747275135	4.7671321747275135	0.09109212816953827	5.471930454307441	0.01702861716439825	9.602887099915138	497.22728677290553	0.6296285346135708	0	0	0	-8222190116959881e-21	-0.0009117861921513781	-124489690010654e-20	-0.0008667790364573281	-0.08285165165522547	-46029562790022216e-21
10.5	4.7671321747275135	4.7671321747275135	4.7671321747275135	0.0910921281695383	5.471930454307441	0.017028617164398248	9.602887099915138	497.22728677290553	0.6296285346135709	0	0	0	-8222190097127167e-21	-0.000911786128265114	-12448972850457863e-22	-0.0008667790370473177	-0.08285165319240775	-4602955912356776e-20
10.6	4.7671321747275135	4.7671321747275135	4.7671321747275135	0.09109212816953827	5.471930454307439	0.01702861716439826	9.602887099915138	497.22728677290553	0.6296285346135708	0	0	0	-8222190237013901e-21	-0.0009117864522548753	-12448956698809346e-22	-0.0008667790333657595	-0.08285164587915389	-460295738916448e-19
10.7	4.7671321747275135	4.7671321747275135	4.7671321747275135	0.09109212816953828	5.47193045430744	0.017028617164398265	9.602887099915138	497.2272867729056	0.6296285346135707	0	0	0	-8222190306428682e-21	-0.0009117866063998091	-12448949275799946e-22	-0.0008667790315544532	-0.08285164242297777	-46029580640189456e-21
10.8	4.767132174727514	4.767132174727514	4.767132174727514	0.0910921281695383	5.471930454307441	0.01702861716439827	9.602887099915138	497.2272867729056	0.6296285346135707	0	0	0	-8222190298856493e-21	-0.0009117865829391806	-1244895067473041e-21	-0.0008667790317887938	-0.08285164300177171	-46029579285208875e-21
10.9	4.7671321747275135	4.7671321747275135	4.7671321747275135	0.09109212816953827	5.471930454307439	0.01702861716439828	9.602887099915138	497.2272867729056	0.6296285346135706	0	0	0	-8222190370873222e-21	-0.0009117867565631223	-1244894175604055e-21	-0.0008667790298942659	-0.0828516390826188	-4602958744294486e-20
11	4.7671321747275135	4.7671321747275135	4.7671321747275135	0.09109212816953828	5.47193045430744	0.017028617164398276	9.602887099915138	497.2272867729056	0.6296285346135706	0	0	0	-8222190380794417e-21	-0.0009117867768163799	-12448940859464955e-22	-0.0008667790296509233	-0.08285163865101318	-4602958822243493e-20
11.1	4.7671321747275135	4.7671321747275135	4.7671321747275135	0.09109212816953828	5.471930454307439	0.017028617164398276	9.602887099915138	497.22728677290564	0.6296285346135706	0	0	0	-822219038575634e-20	-0.0009117867880088994	-12448940314189992e-22	-0.0008667790295357696	-0.08285163842009527	-4602958868791938e-20
11.2	4.767132174727514	4.767132174727514	4.767132174727514	0.09109212816953827	5.471930454307439	0.017028617164398276	9.602887099915138	497.2272867729057	0.6296285346135706	0	0	0	-822219041286051e-20	-0.0009117868554812517	-12448936765979928e-22	-0.0008667790288268144	-0.08285163690251528	-4602959192591442e-20
11.3	4.7671321747275135	4.7671321747275135	4.7671321747275135	0.0910921281695383	5.47193045430744	0.01702861716439827	9.602887099915138	497.2272867729056	0.6296285346135706	0	0	0	-8222190412420803e-21	-0.0009117868528287943	-12448936967248562e-22	-0.0008667790288498275	-0.08285163697914025	-46029591715094344e-21
11.4	4.7671321747275135	4.7671321747275135	4.7671321747275135	0.09109212816953832	5.4719304543074445	0.017028617164398265	9.602887099915138	497.2272867729056	0.6296285346135706	0	0	0	-8222190406270075e-21	-0.0009117868348635349	-12448938020199884e-22	-0.0008667790290230026	-0.08285163740181108	-46029590723546883e-21
11.5	4.7671321747275135	4.7671321747275135	4.7671321747275135	0.09109212816954068	5.471930454307737	0.01702861716439784	9.602887099915074	497.22728677289973	0.6296285346135745	0	0	0	-8222189684587616e-21	-0.0009117848652920783	-1244904862564699e-21	-0.0008667790482786007	-0.08285168230265808	-4602948874031972e-20
11.6	4.767132174727514	4.767132174727514	4.767132174727514	0.09109212816954551	5.471930454308327	0.01702861716439696	9.602887099914946	497.2272867728881	0.6296285346135823	0	0	0	-8222188204897437e-21	-0.0009117808300762032	-12449275115080574e-22	-0.0008667790877497732	-0.0828517742809923	-46029279928932725e-21
11.7	4.767132174727514	4.767132174727514	4.767132174727514	0.09109212816955113	5.471930454309013	0.017028617164395944	9.602887099914797	497.22728677287444	0.6296285346135913	0	0	0	-8222186476171273e-21	-0.0009117761177997424	-12449539526815381e-22	-0.00086677913386183	-0.08285188168882485	-4602903616111207e-20
11.8	4.7671321747275135	4.7671321747275135	4.7671321747275135	0.09109212816955589	5.471930454309588	0.017028617164395077	9.60288709991467	497.22728677286295	0.6296285346135988	0	0	0	-822218500738085e-20	-0.0009117721170465284	-12449763899166145e-22	-0.0008667791730400807	-0.08285197287816676	-46028829308583937e-21
11.9	4.7671321747275135	4.7671321747275135	4.7671321747275135	0.09109212816955817	5.47193045430985	0.017028617164394674	9.602887099914609	497.22728677285784	0.6296285346136025	0	0	0	-8222184307497907e-21	-0.0009117702164003945	-12449870270447604e-22	-0.0008667791917098354	-0.08285201620102915	-46028731243074495e-21
12	4.767132174727513	4.767132174727513	4.767132174727513	0.09109212816955627	5.471930454309592	0.017028617164395035	9.60288709991466	497.227286772863	0.6296285346135994	0	0	0	-8222184885494174e-21	-0.0009117718044451736	-12449780678974497e-22	-0.0008667791762964036	-0.08285198000942309	-4602881383630991e-20
12.1	4.767132174727514	4.767132174727514	4.767132174727514	0.09109212816954862	5.471930454308612	0.01702861716439645	9.602887099914865	497.2272867728826	0.6296285346135867	0	0	0	-8222187249474449e-21	-0.0009117782673741951	-12449417298274902e-22	-0.0008667791132482174	-0.08285183270984572	-46029148835350975e-21
12.2	4.7671321747275135	4.7671321747275135	4.7671321747275135	0.09109212816954282	5.471930454308003	0.01702861716439743	9.602887099915018	497.2272867728944	0.6296285346135782	0	0	0	-8222189036492746e-21	-0.0009117830936844969	-12449148272380049e-22	-0.0008667790655880329	-0.08285172271694471	-4602939681684436e-20
12.3	4.7671321747275135	4.7671321747275135	4.7671321747275135	0.09109212816954193	5.471930454308028	0.017028617164397488	9.60288709991504	497.2272867728934	0.6296285346135775	0	0	0	-8222189313215996e-21	-0.000911783787389267	-12449111736368133e-22	-0.0008667790582089467	-0.08285170691401898	-4602943046262734e-20
12.4	4.7671321747275135	4.7671321747275135	4.7671321747275135	0.0910921281695399	5.471930454307706	0.01702861716439792	9.602887099915096	497.22728677290013	0.6296285346135738	0	0	0	-822218992764158e-20	-0.0009117854981400191	-12449014307259202e-22	-0.0008667790418226012	-0.08285166792164615	-46029520297384816e-21
12.5	4.7671321747275135	4.7671321747275135	4.7671321747275135	0.09109212816953934	5.471930454307646	0.017028617164398012	9.60288709991511	497.22728677290127	0.629628534613573	0	0	0	-8222190110881619e-21	-0.000911785990894548	-12448986942118383e-22	-0.0008667790369362114	-0.08285165669300586	-46029545518513645e-21
12.6	4.7671321747275135	4.7671321747275135	4.7671321747275135	0.09109212816953896	5.471930454307584	0.017028617164398095	9.60288709991512	497.2272867729025	0.6296285346135724	0	0	0	-8222190224212294e-21	-0.000911786308033711	-12448968813583862e-22	-0.0008667790339142512	-0.08285164946531315	-4602956223342209e-20
12.7	4.767132174727513	4.767132174727513	4.767132174727513	0.09109212816953859	5.471930454307511	0.01702861716439819	9.60288709991513	497.227286772904	0.6296285346135715	0	0	0	-8222190338705294e-21	-0.0009117866332888242	-124489500350401e-20	-0.0008667790308611841	-0.08285164205196953	-46029579550566055e-21
12.8	4.767132174727514	4.767132174727514	4.767132174727514	0.09109212816953853	5.471930454307509	0.017028617164398196	9.602887099915131	497.2272867729041	0.6296285346135715	0	0	0	-8222190357274823e-21	-0.0009117866825981277	-12448947325707432e-22	-0.0008667790303663927	-0.0828516409290331	-46029582046111364e-21
12.9	4.7671321747275135	4.7671321747275135	4.7671321747275135	0.09109212816953838	5.471930454307468	0.01702861716439824	9.602887099915135	497.22728677290496	0.6296285346135709	0	0	0	-8222190401849562e-21	-0.0009117868134991585	-12448939595324044e-22	-0.0008667790291779359	-0.08285163794537936	-4602958917674133e-20
13	4.7671321747275135	4.7671321747275135	4.7671321747275135	0.09109212816953834	5.4719304543074605	0.017028617164398248	9.602887099915138	497.22728677290513	0.6296285346135708	0	0	0	-8222190413092158e-21	-0.0009117868451604043	-12448937779557688e-22	-0.0008667790288784326	-0.08285163722420648	-4602959085027441e-20
13.1	4.7671321747275135	4.7671321747275135	4.7671321747275135	0.09109212816953831	5.4719304543074525	0.017028617164398258	9.602887099915138	497.22728677290536	0.6296285346135708	0	0	0	-8222190422155192e-21	-0.0009117868720720293	-1244893617813056e-21	-0.0008667790286369782	-0.08285163661107907	-4602959232708935e-20
13.2	4.7671321747275135	4.7671321747275135	4.7671321747275135	0.09109212816953828	5.4719304543074445	0.01702861716439827	9.60288709991514	497.2272867729055	0.6296285346135708	0	0	0	-822219042944719e-20	-0.0009117868938332775	-12448934879524686e-22	-0.0008667790284426628	-0.08285163611528841	-4602959352468469e-20
13.3	4.767132174727514	4.767132174727514	4.767132174727514	0.09109212816953827	5.471930454307441	0.01702861716439827	9.602887099915138	497.2272867729054	0.6296285346135706	0	0	0	-8222190430755937e-21	-0.0009117868975324928	-1244893466708304e-21	-0.0008667790284079005	-0.08285163603125426	-46029593720084363e-21
13.4	4.767132174727514	4.767132174727514	4.767132174727514	0.09109212816953827	5.47193045430744	0.01702861716439828	9.60288709991514	497.22728677290553	0.6296285346135706	0	0	0	-822219043394079e-20	-0.0009117869073789022	-12448934065471665e-22	-0.0008667790283231367	-0.08285163580696471	-4602959427494484e-20
13.5	4.7671321747275135	4.7671321747275135	4.7671321747275135	0.0910921281695383	5.47193045430744	0.017028617164398283	9.60288709991514	497.2272867729056	0.6296285346135705	0	0	0	-8222190434628682e-21	-0.0009117869094040906	-12448933945780751e-22	-0.0008667790283049581	-0.08285163576097973	-46029594385020284e-21
13.6	4.7671321747275135	4.7671321747275135	4.7671321747275135	0.09109212816953881	5.47193045430753	0.01702861716439825	9.602887099915126	497.2272867729037	0.6296285346135707	0	0	0	-8222190412695433e-21	-0.0009117868365005434	-1244893860776443e-21	-0.0008667790288900634	-0.08285163742387545	-460295900791555e-19
13.7	4.7671321747275135	4.7671321747275135	4.7671321747275135	0.09109212816955091	5.471930454309593	0.017028617164397575	9.602887099914803	497.2272867728608	0.6296285346135755	0	0	0	-822218989822076e-20	-0.0009117851294008073	-1244904765994343e-21	-0.0008667790426118117	-0.0828516763583289	-460294893650318e-19
13.8	4.7671321747275135	4.7671321747275135	4.7671321747275135	0.09109212816957554	5.4719304543137826	0.017028617164396208	9.602887099914145	497.22728677277365	0.6296285346135851	0	0	0	-8222188851993434e-21	-0.000911781658264417	-12449269386254187e-22	-0.0008667790705160292	-0.08285175552563367	-4602928459223362e-20
13.9	4.7671321747275135	4.7671321747275135	4.7671321747275135	0.09109212816960802	5.471930454319302	0.017028617164394407	9.60288709991328	497.22728677265883	0.6296285346135979	0	0	0	-8222187471791382e-21	-0.0009117770795668041	-12449561841414632e-22	-0.0008667791073277409	-0.08285185995334975	-4602901449894217e-20
14	4.7671321747275135	4.7671321747275135	4.7671321747275135	0.09109212816964371	5.471930454325356	0.017028617164392437	9.602887099912328	497.227286772533	0.6296285346136119	0	0	0	-822218595539253e-20	-0.0009117720497834004	-12449883080142707e-22	-0.0008667791477719718	-0.08285197466903713	-4602871782333872e-20
14.1	4.7671321747275135	4.7671321747275135	4.7671321747275135	0.09109212816967795	5.471930454331147	0.017028617164390563	9.602887099911415	497.2272867724125	0.6296285346136251	0	0	0	-8222184500574796e-21	-0.0009117672253896374	-12450191157156352e-22	-0.0008667791865737469	-0.08285208470025585	-4602843330360449e-20
14.2	4.7671321747275135	4.7671321747275135	4.7671321747275135	0.09109212816970608	5.47193045433588	0.017028617164389043	9.602887099910665	497.2272867723142	0.6296285346136358	0	0	0	-8222183305116108e-21	-0.0009117632628609466	-124504441271735e-20	-0.0008667792184580908	-0.08285217507456591	-46028199677920724e-21
14.3	4.7671321747275135	4.7671321747275135	4.7671321747275135	0.09109212816972347	5.471930454338759	0.017028617164388145	9.6028870999102	497.22728677225444	0.6296285346136421	0	0	0	-8222182566794387e-21	-0.0009117608186727595	-12450600044912091e-22	-0.0008667792381500285	-0.08285223081952735	-4602805568446865e-20
14.4	4.7671321747275135	4.7671321747275135	4.7671321747275135	0.09109212816972542	5.471930454338986	0.017028617164388127	9.602887099910149	497.2272867722499	0.6296285346136421	0	0	0	-8222182483387556e-21	-0.0009117605493005081	-12450616965090064e-22	-0.0008667792403745851	-0.08285223696270018	-4602804006142951e-20
14.5	4.7671321747275135	4.7671321747275135	4.7671321747275135	0.09109212816970731	5.471930454335766	0.017028617164389255	9.602887099910632	497.22728677231714	0.6296285346136339	0	0	0	-822218325267354e-20	-0.0009117631112196237	-12450452942425355e-22	-0.0008667792198567853	-0.0828521785316444	-4602819154698454e-20
14.6	4.7671321747275135	4.7671321747275135	4.7671321747275135	0.09109212816966449	5.471930454328302	0.017028617164391788	9.602887099911772	497.22728677247284	0.6296285346136158	0	0	0	-8222185072430265e-21	-0.0009117691609055379	-12450066031635905e-22	-0.0008667791713216538	-0.08285204055392004	-4602854887931497e-20
14.7	4.767132174727513	4.767132174727513	4.767132174727513	0.09109212816959611	5.471930454316512	0.01702861716439572	9.602887099913598	497.22728677271834	0.6296285346135877	0	0	0	-8222187977677305e-21	-0.0009117788106001672	-12449449218806008e-22	-0.0008667790938351805	-0.0828518204698627	-46029118534167686e-21
14.8	4.7671321747275135	4.7671321747275135	4.7671321747275135	0.0910921281695626	5.471930454311413	0.017028617164396968	9.602887099914492	497.22728677282316	0.6296285346135799	0	0	0	-8222189401949931e-21	-0.0009117834939978999	-1244915171838784e-21	-0.000866779055848119	-0.08285171365712621	-4602939326709441e-20
14.9	4.7671321747275135	4.7671321747275135	4.7671321747275135	0.0910921281695505	5.471930454309595	0.017028617164397446	9.602887099914813	497.22728677286045	0.6296285346135766	0	0	0	-8222189916088722e-21	-0.0009117851833175279	-12449044447639822e-22	-0.000866779042135409	-0.08285167512947514	-46029492328002e-18
15	4.7671321747275135	4.7671321747275135	4.7671321747275135	0.09109212816954312	5.471930454308309	0.01702861716439792	9.60288709991501	497.2272867728873	0.6296285346135733	0	0	0	-8222190228521078e-21	-0.0009117862224583385	-12448977961198649e-22	-0.0008667790338024893	-0.08285165142934071	-46029553732015463e-21
15.1	4.7671321747275135	4.7671321747275135	4.7671321747275135	0.09109212816954083	5.4719304543079454	0.017028617164398036	9.602887099915073	497.2272867728949	0.6296285346135724	0	0	0	-8222190326150848e-21	-0.0009117865444968117	-12448957460632854e-22	-0.0008667790311986356	-0.0828516440846566	-4602957266420381e-20
15.2	4.7671321747275135	4.7671321747275135	4.7671321747275135	0.09109212816953924	5.471930454307628	0.01702861716439819	9.602887099915113	497.22728677290155	0.6296285346135712	0	0	0	-8222190394133265e-21	-0.0009117867731249951	-12448942730436176e-22	-0.0008667790293854789	-0.08285163887007878	-46029586269582756e-21
15.3	4.7671321747275135	4.7671321747275135	4.7671321747275135	0.09109212816953881	5.471930454307552	0.017028617164398217	9.602887099915126	497.22728677290314	0.6296285346135712	0	0	0	-8222190413434664e-21	-0.0009117868371341689	-1244893864185065e-21	-0.0008667790288706727	-0.08285163741021719	-460295900455254e-19
15.4	4.7671321747275135	4.7671321747275135	4.7671321747275135	0.09109212816953846	5.471930454307478	0.017028617164398255	9.602887099915137	497.2272867729047	0.6296285346135707	0	0	0	-8222190427644079e-21	-0.0009117868853913256	-1244893551361365e-21	-0.0008667790284916837	-0.08285163630953254	-460295929351119e-19
15.5	4.767132174727514	4.767132174727514	4.767132174727514	0.09109212816953835	5.4719304543074605	0.017028617164398265	9.602887099915137	497.227286772905	0.6296285346135707	0	0	0	-822219043166777e-20	-0.0009117868988418501	-12448934650101295e-22	-0.0008667790283844058	-0.08285163600276108	-46029593732640156e-21
15.6	4.7671321747275135	4.7671321747275135	4.7671321747275135	0.09109212816953828	5.471930454307446	0.017028617164398272	9.602887099915138	497.22728677290536	0.6296285346135707	0	0	0	-8222190434495332e-21	-0.000911786908524126	-12448934019216703e-22	-0.0008667790283090148	-0.08285163578192112	-46029594315429256e-21
15.7	4.7671321747275135	4.7671321747275135	4.7671321747275135	0.09109212816953828	5.471930454307445	0.017028617164398272	9.60288709991514	497.22728677290536	0.6296285346135707	0	0	0	-8222190435364318e-21	-0.0009117869114573971	-12448933829704017e-22	-0.000866779028285862	-0.08285163571501933	-4602959449046814e-20
15.8	4.7671321747275135	4.7671321747275135	4.7671321747275135	0.09109212816953825	5.471930454307443	0.01702861716439828	9.60288709991514	497.22728677290553	0.6296285346135707	0	0	0	-8222190435909318e-21	-0.0009117869133391443	-12448933706556298e-22	-0.0008667790282713203	-0.08285163567209954	-4602959460422524e-20
15.9	4.7671321747275135	4.7671321747275135	4.7671321747275135	0.09109212816953827	5.471930454307439	0.017028617164398283	9.60288709991514	497.2272867729056	0.6296285346135707	0	0	0	-8222190436099499e-21	-0.0009117869139918086	-1244893366410567e-21	-0.0008667790282662038	-0.08285163565721805	-4602959464343113e-20
16	4.767132174727514	4.767132174727514	4.767132174727514	0.09109212816954593	5.47193045430911	0.017028617164398328	9.602887099914936	497.22728677287	0.629628534613569	0	0	0	-8222190379987137e-21	-0.0009117867114398127	-1244894734044981e-21	-0.0008667790297627906	-0.08285164027788687	-460295820039755e-19
16.1	4.7671321747275135	4.7671321747275135	4.7671321747275135	0.09109212816961079	5.471930454323254	0.01702861716439874	9.602887099913206	497.227286772569	0.6296285346135546	0	0	0	-8222189904247847e-21	-0.0009117849943019836	-12449063275207788e-22	-0.0008667790424513271	-0.08285167944966783	-4602947485905388e-20
16.2	4.767132174727513	4.767132174727513	4.767132174727513	0.09109212816973081	5.471930454349415	0.017028617164399504	9.602887099910005	497.22728677201223	0.629628534613528	0	0	0	-8222189023964365e-21	-0.0009117818171150948	-12449277782594395e-22	-0.0008667790659295232	-0.0828517519284499	-4602927661504643e-20
16.3	4.7671321747275135	4.7671321747275135	4.7671321747275135	0.09109212816989272	5.471930454384691	0.017028617164400555	9.602887099905686	497.2272867712616	0.629628534613492	0	0	0	-8222187836559378e-21	-0.0009117775316226558	-12449567110182982e-22	-0.0008667790975990028	-0.08285184969016493	-46029009223584755e-21
16.4	4.7671321747275135	4.7671321747275135	4.7671321747275135	0.0910921281700832	5.471930454426174	0.01702861716440181	9.602887099900606	497.22728677037895	0.6296285346134494	0	0	0	-8222186439455564e-21	-0.0009117724895681769	-12449907505546887e-22	-0.0008667791348613897	-0.08285196471074481	-46028694636300466e-21
16.5	4.7671321747275135	4.7671321747275135	4.7671321747275135	0.091092128170289	5.471930454470962	0.017028617164403206	9.602887099895117	497.22728676942603	0.6296285346134031	0	0	0	-8222184930075604e-21	-0.0009117670426951672	-12450275216259465e-22	-0.0008667791751183076	-0.08285208896612134	-46028354804825176e-21
16.6	4.7671321747275135	4.7671321747275135	4.7671321747275135	0.09109212817049682	5.471930454516147	0.01702861716440465	9.602887099889575	497.22728676846464	0.6296285346133559	0	0	0	-8222183405842177e-21	-0.0009117615427471364	-12450646489894052e-22	-0.0008667792157713802	-0.08285221443222639	-4602801168079049e-20
16.7	4.7671321747275135	4.7671321747275135	4.7671321747275135	0.09109212817069337	5.471930454558828	0.01702861716440609	9.602887099884331	497.22728676755673	0.6296285346133107	0	0	0	-822218196417796e-20	-0.0009117563414675947	-12450997574024008e-22	-0.0008667792542222317	-0.08285233308499182	-46027687215828024e-21
16.8	4.7671321747275135	4.7671321747275135	4.7671321747275135	0.09109212817086539	5.471930454596097	0.017028617164407435	9.602887099879743	497.22728676676405	0.6296285346132704	0	0	0	-8222180702505641e-21	-0.0009117517906000512	-1245130471622267e-21	-0.0008667792878724858	-0.08285243690034945	-46027403361569384e-21
16.9	4.7671321747275135	4.7671321747275135	4.7671321747275135	0.09109212817099958	5.471930454625054	0.017028617164408618	9.602887099876163	497.2272867661485	0.6296285346132379	0	0	0	-8222179718247896e-21	-0.0009117482418880159	-12451544164063393e-22	-0.0008667793141237662	-0.08285251785423116	-4602718206964619e-20
17	4.7671321747275135	4.7671321747275135	4.7671321747275135	0.09109212817108268	5.471930454642788	0.01702861716440956	9.602887099873946	497.2272867657718	0.6296285346132159	0	0	0	-8222179108827406e-21	-0.0009117460470749987	-12451692165119515e-22	-0.0008667793303776968	-0.08285256792256876	-46027045291690034e-21
17.1	4.7671321747275135	4.7671321747275135	4.7671321747275135	0.09109212817110139	5.471930454646399	0.017028617164410193	9.602887099873447	497.2272867656958	0.6296285346132073	0	0	0	-8222178971666851e-21	-0.0009117455579045088	-12451724966964387e-22	-0.0008667793340359015	-0.08285257908129415	-4602701497933254e-20
17.2	4.7671321747275135	4.7671321747275135	4.7671321747275135	0.09109212817104241	5.4719304546329814	0.01702861716441044	9.602887099875021	497.22728676598234	0.6296285346132152	0	0	0	-8222179404188911e-21	-0.0009117471261200562	-12451618817171356e-22	-0.0008667793225000041	-0.08285254330633915	-4602711308420531e-20
17.3	4.7671321747275135	4.7671321747275135	4.7671321747275135	0.09109212817089248	5.47193045459963	0.01702861716441022	9.60288709987902	497.22728676669334	0.629628534613242	0	0	0	-8222180503816269e-21	-0.0009117511034651507	-1245134996331377e-21	-0.0008667792931716282	-0.08285245257363558	-4602736155793995e-20
17.4	4.7671321747275135	4.7671321747275135	4.7671321747275135	0.0910921281706383	5.471930454543439	0.017028617164409468	9.602887099885798	497.2272867678906	0.6296285346132909	0	0	0	-8222182367971602e-21	-0.0009117578416833017	-1245089465296497e-21	-0.0008667792434523979	-0.08285229885911535	-4602778235216808e-20
17.5	4.7671321747275135	4.7671321747275135	4.7671321747275135	0.09109212817026663	5.471930454461506	0.017028617164408105	9.602887099895712	497.2272867696358	0.6296285346133648	0	0	0	-8222185094077591e-21	-0.0009117676925180191	-12450229133698313e-22	-0.000866779170743937	-0.08285207413871028	-4602839741852131e-20
17.6	4.7671321747275135	4.7671321747275135	4.7671321747275135	0.09109212816985363	5.471930454373344	0.017028617164402862	9.602887099906727	497.22728677150883	0.6296285346134795	0	0	0	-8222188123186034e-21	-0.000911778601487068	-12449493552836268e-22	-0.0008667790899540562	-0.08285182528198493	-4602907721898056e-20
17.7	4.7671321747275135	4.7671321747275135	4.7671321747275135	0.0910921281698163	5.4719304543797325	0.01702861716438371	9.602887099907724	497.227286771348	0.6296285346136535	0	0	0	-8222188397071566e-21	-0.0009117794042746264	-12449446564735826e-22	-0.0008667790826492381	-0.08285180697961399	-4602912056290879e-20
17.8	4.7671321747275135	4.7671321747275135	4.7671321747275135	0.0910921281698359	5.471930454390523	0.017028617164375773	9.602887099907202	497.2272867711072	0.6296285346137193	0	0	0	-8222188253417673e-21	-0.0009117788027354215	-1244949038438854e-21	-0.0008667790864806988	-0.0828518207070231	-4602908002924157e-20
17.9	4.7671321747275135	4.7671321747275135	4.7671321747275135	0.09109212816967692	5.4719304543469	0.017028617164386275	9.602887099911442	497.2272867720507	0.6296285346136538	0	0	0	-8222189419363761e-21	-0.0009117831255284425	-1244919408999228e-21	-0.0008667790553835783	-0.08285172208757977	-46029353909678306e-21
18	4.7671321747275135	4.7671321747275135	4.7671321747275135	0.09109212816967259	5.471930454352439	0.0170286171643755	9.602887099911557	497.2272867719218	0.6296285346137502	0	0	0	-8222189451036763e-21	-0.0009117831553262096	-12449195457330318e-22	-0.0008667790545388391	-0.08285172141273946	-46029352607746484e-21
18.1	4.7671321747275135	4.7671321747275135	4.7671321747275135	0.09109212816965569	5.47193045434815	0.01702861716437631	9.602887099912007	497.227286772014	0.6296285346137458	0	0	0	-8222189574850906e-21	-0.0009117836100816194	-12449164443644498e-22	-0.0008667790512365796	-0.08285171103828842	-46029381273582126e-21
18.2	4.7671321747275135	4.7671321747275135	4.7671321747275135	0.09109212816959567	5.4719304543284135	0.017028617164385272	9.602887099913607	497.2272867724452	0.6296285346136768	0	0	0	-8222190015111032e-21	-0.0009117852846300399	-1244904803709357e-21	-0.0008667790394943432	-0.08285167283302153	-4602948889242532e-20
18.3	4.7671321747275135	4.7671321747275135	4.7671321747275135	0.09109212816960123	5.4719304543332825	0.017028617164378448	9.60288709991346	497.22728677233545	0.6296285346137368	0	0	0	-8222189974227957e-21	-0.0009117850888342927	-12449063217889037e-22	-0.0008667790405847724	-0.08285167730231602	-4602947484037675e-20
18.4	4.7671321747275135	4.7671321747275135	4.7671321747275135	0.09109212816957993	5.471930454324643	0.017028617164385012	9.602887099914028	497.227286772526	0.629628534613682	0	0	0	-8222190130588675e-21	-0.0009117857053075051	-12449019509557746e-22	-0.0008667790364144672	-0.08285166323614893	-46029515258497384e-21
18.5	4.7671321747275135	4.7671321747275135	4.7671321747275135	0.09109212816956366	5.471930454318836	0.01702861716438804	9.60288709991446	497.2272867726534	0.629628534613658	0	0	0	-822219024989908e-20	-0.000911786165021887	-12448987334501657e-22	-0.0008667790332323131	-0.08285165274731565	-4602954500701245e-20
18.6	4.7671321747275135	4.7671321747275135	4.7671321747275135	0.09109212816956695	5.471930454321312	0.01702861716438445	9.602887099914375	497.2272867725976	0.6296285346136896	0	0	0	-8222190225743056e-21	-0.000911786054439564	-12448995765009568e-22	-0.0008667790338765844	-0.08285165527127775	-4602953720476169e-20
18.7	4.7671321747275135	4.7671321747275135	4.7671321747275135	0.0910921281695534	5.471930454314749	0.017028617164390993	9.602887099914737	497.2272867727433	0.6296285346136334	0	0	0	-822219032529744e-20	-0.0009117864612042505	-1244896637815824e-21	-0.0008667790312213947	-0.08285164598933821	-4602956438536925e-20
18.8	4.7671321747275135	4.7671321747275135	4.7671321747275135	0.09109212816955005	5.471930454313689	0.017028617164391108	9.602887099914826	497.22728677276643	0.6296285346136331	0	0	0	-8222190349930474e-21	-0.000911786554084705	-12448959965380917e-22	-0.0008667790305644382	-0.08285164387027256	-4602957031355348e-20
18.9	4.7671321747275135	4.7671321747275135	4.7671321747275135	0.09109212816955069	5.471930454314326	0.01702861716438996	9.60288709991481	497.22728677275205	0.6296285346136433	0	0	0	-8222190345125011e-21	-0.0009117865300552892	-12448961868713623e-22	-0.0008667790306926056	-0.08285164441880762	-4602956855134766e-20
19	4.767132174727514	4.767132174727514	4.767132174727514	0.09109212816954407	5.471930454310689	0.017028617164394293	9.602887099914987	497.2272867728332	0.6296285346136056	0	0	0	-822219039365886e-20	-0.0009117867343832526	-12448946877464482e-22	-0.0008667790293981197	-0.08285163975596967	-4602958241955239e-20
19.1	4.7671321747275135	4.7671321747275135	4.7671321747275135	0.09109212816954379	5.471930454310839	0.01702861716439361	9.602887099914994	497.2272867728296	0.6296285346136118	0	0	0	-8222190395500552e-21	-0.0009117867381652161	-12448946750895979e-22	-0.0008667790293489858	-0.0828516396698405	-46029582535068776e-21
19.2	4.7671321747275135	4.7671321747275135	4.7671321747275135	0.09109212816954318	5.471930454310527	0.017028617164393946	9.60288709991501	497.2272867728365	0.6296285346136089	0	0	0	-8222190400000493e-21	-0.0009117867567682194	-12448945398610076e-22	-0.0008667790292289631	-0.08285163924533062	-4602958378592243e-20
19.3	4.7671321747275135	4.7671321747275135	4.7671321747275135	0.09109212816957923	5.471930454336898	0.017028617164349835	9.602887099914046	497.22728677224404	0.6296285346140015	0	0	0	-822219013298528e-20	-0.0009117855428190693	-12449037929519879e-22	-0.0008667790363505736	-0.08285166695215052	-4602949815074133e-20
19.4	4.7671321747275135	4.7671321747275135	4.7671321747275135	0.0910921281696836	5.47193045441245	0.01702861716422478	9.602887099911264	497.22728677054727	0.6296285346151138	0	0	0	-8222189360399325e-21	-0.0009117820412376207	-12449304437028967e-22	-0.0008667790569563581	-0.08285174687075081	-46029251508244525e-21
19.5	4.7671321747275135	4.7671321747275135	4.7671321747275135	0.0910921281698039	5.471930454499297	0.017028617164081446	9.602887099908056	497.22728676859685	0.6296285346163887	0	0	0	-8222188469925357e-21	-0.0009117780087033288	-1244961123349964e-21	-0.0008667790807063548	-0.08285183890745153	-4602896758108109e-20
19.6	4.7671321747275135	4.7671321747275135	4.7671321747275135	0.09109212816988708	5.471930454559089	0.017028617163983267	9.602887099905839	497.22728676725416	0.6296285346172615	0	0	0	-8222187854087587e-21	-0.0009117752237645275	-12449822969536768e-22	-0.0008667790971314748	-0.08285190246945	-4602877162976599e-20
19.7	4.7671321747275135	4.7671321747275135	4.7671321747275135	0.09109212816988016	5.471930454553478	0.01702861716399368	9.602887099906022	497.2272867673805	0.6296285346171684	0	0	0	-8222187905410218e-21	-0.0009117754649695511	-12449804295745217e-22	-0.0008667790957626281	-0.08285189696394354	-4602878891481419e-20
19.8	4.7671321747275135	4.7671321747275135	4.7671321747275135	0.09109212816973196	5.471930454445534	0.01702861716417367	9.602887099909974	497.22728676980506	0.6296285346155668	0	0	0	-8222189002340297e-21	-0.0009117804464066584	-12449424793296785e-22	-0.0008667790665061805	-0.08285178326936506	-4602914013344369e-20
19.9	4.7671321747275135	4.7671321747275135	4.7671321747275135	0.09109212816964168	5.471930454384003	0.01702861716426754	9.602887099912381	497.2272867711851	0.6296285346147356	0	0	0	-8222189670665694e-21	-0.0009117834194224664	-12449200599092045e-22	-0.0008667790486811556	-0.08285171541678309	-4602934759565148e-20
20	4.7671321747275135	4.7671321747275135	4.7671321747275135	0.09109212816964629	5.471930454391671	0.017028617164245936	9.60288709991226	497.2272867710108	0.6296285346149316	0	0	0	-8222189636592447e-21	-0.0009117832015791817	-12449219532545515e-22	-0.0008667790495899578	-0.08285172039130129	-4602933004980936e-20
20.1	4.7671321747275135	4.7671321747275135	4.7671321747275135	0.09109212816959458	5.471930454351359	0.01702861716431882	9.602887099913639	497.22728677191753	0.6296285346142806	0	0	0	-8222190019442096e-21	-0.0009117849789793299	-12449082677509664e-22	-0.0008667790393789169	-0.08285167982299307	-460294567197488e-19
20.2	4.7671321747275135	4.7671321747275135	4.7671321747275135	0.09109212816957865	5.471930454340783	0.017028617164333834	9.602887099914064	497.2272867721547	0.6296285346141481	0	0	0	-8222190137176806e-21	-0.0009117854984265973	-12449043688412504e-22	-0.0008667790362388246	-0.08285166796789593	-46029492797179856e-21
20.3	4.7671321747275135	4.7671321747275135	4.7671321747275135	0.09109212816957765	5.471930454340924	0.01702861716433158	9.602887099914089	497.2272867721511	0.6296285346141691	0	0	0	-8222190144611167e-21	-0.0009117855192124276	-12449042593909187e-22	-0.0008667790360405715	-0.08285166749399485	-4602949380520247e-20
20.4	4.7671321747275135	4.7671321747275135	4.7671321747275135	0.09109212816955603	5.471930454322659	0.01702861716436766	9.602887099914666	497.22728677256265	0.6296285346138454	0	0	0	-8222190304682118e-21	-0.0009117862832970729	-12448982989022727e-22	-0.0008667790317712972	-0.08285165005331784	-4602954898181057e-20
20.5	4.7671321747275135	4.7671321747275135	4.7671321747275135	0.09109212816955464	5.471930454322289	0.017028617164366492	9.602887099914703	497.22728677257055	0.6296285346138567	0	0	0	-82221903150002e-19	-0.0009117863203583897	-12448980545737959e-22	-0.0008667790314961032	-0.08285164920782277	-46029551239179014e-21
20.6	4.7671321747275135	4.7671321747275135	4.7671321747275135	0.0910921281695504	5.471930454318563	0.017028617164374232	9.602887099914817	497.22728677265457	0.629628534613787	0	0	0	-8222190346344411e-21	-0.0009117864722537285	-12448968611847087e-22	-0.0008667790306600896	-0.08285164574064083	-460295622872941e-19
20.7	4.7671321747275135	4.7671321747275135	4.7671321747275135	0.09109212816954453	5.471930454313336	0.017028617164385133	9.602887099914973	497.22728677277246	0.6296285346136891	0	0	0	-8222190389902639e-21	-0.0009117866840701826	-12448951947141992e-22	-0.0008667790294983077	-0.08285164090565875	-46029577715306294e-21
20.8	4.7671321747275135	4.7671321747275135	4.7671321747275135	0.09109212816954479	5.471930454313853	0.017028617164383343	9.602887099914968	497.22728677276075	0.6296285346137054	0	0	0	-822219038801982e-20	-0.0009117866705225644	-12448953174245579e-22	-0.0008667790295485175	-0.08285164121505263	-4602957657769559e-20
20.9	4.7671321747275135	4.7671321747275135	4.7671321747275135	0.09109212816954178	5.47193045431089	0.017028617164390237	9.602887099915046	497.22728677282765	0.629628534613643	0	0	0	-8222190410324444e-21	-0.0009117867833082708	-12448944141295922e-22	-0.0008667790289536432	-0.08285163864042161	-4602958494185075e-20
21	4.7671321747275135	4.7671321747275135	4.7671321747275135	0.09109212816954068	5.471930454309938	0.017028617164392187	9.602887099915076	497.22728677284914	0.6296285346136257	0	0	0	-8222190418317617e-21	-0.0009117868220545857	-12448941098520385e-22	-0.0008667790287404658	-0.0828516377559925	-4602958775876426e-20
21.1	4.7671321747275135	4.7671321747275135	4.7671321747275135	0.09109212816954067	5.4719304543099865	0.017028617164391913	9.602887099915078	497.227286772848	0.6296285346136282	0	0	0	-8222190418437635e-21	-0.0009117868216576495	-12448941166349033e-22	-0.0008667790287372624	-0.0828516377650891	-4602958769561217e-20
21.2	4.7671321747275135	4.7671321747275135	4.7671321747275135	0.09109212816953936	5.471930454308602	0.01702861716439536	9.602887099915112	497.2272867728793	0.629628534613597	0	0	0	-8222190428186903e-21	-0.0009117868723643815	-12448937054869485e-22	-0.0008667790284772388	-0.08285163660752505	-4602959150315971e-20
21.3	4.7671321747275135	4.7671321747275135	4.7671321747275135	0.09109212816953927	5.471930454308539	0.01702861716439538	9.602887099915113	497.2272867728808	0.6296285346135969	0	0	0	-8222190429006003e-21	-0.0009117868758476945	-12448936800431492e-22	-0.0008667790284554139	-0.08285163652802172	-4602959173852098e-20
21.4	4.7671321747275135	4.7671321747275135	4.7671321747275135	0.09109212816953906	5.471930454308307	0.01702861716439597	9.60288709991512	497.22728677288603	0.6296285346135916	0	0	0	-8222190430604164e-21	-0.0009117868842238681	-1244893611893869e-21	-0.0008667790284127804	-0.08285163633679928	-4602959236965697e-20
21.5	4.767132174727513	4.767132174727513	4.767132174727513	0.09109212816957725	5.471930454353861	0.017028617164264032	9.602887099914103	497.2272867718543	0.629628534614791	0	0	0	-8222190157594395e-21	-0.0009117853630677624	-12449063115864044e-22	-0.0008667790356942395	-0.08285167106568159	-4602947472608279e-20
21.6	4.7671321747275135	4.7671321747275135	4.7671321747275135	0.09109212816967134	5.471930454465971	0.01702861716393968	9.602887099911593	497.2272867693155	0.6296285346177397	0	0	0	-822218948492412e-20	-0.000911781617121633	-12449375785013316e-22	-0.0008667790536351297	-0.08285175658776149	-4602918508571679e-20
21.7	4.767132174727513	4.767132174727513	4.767132174727513	0.09109212816979077	5.471930454608179	0.017028617163528458	9.602887099908406	497.22728676609495	0.629628534621478	0	0	0	-8222188631187783e-21	-0.0009117768641121715	-12449772469714066e-22	-0.0008667790764052762	-0.0828518651016345	-4602881761812456e-20
21.8	4.7671321747275135	4.7671321747275135	4.7671321747275135	0.09109212816990497	5.471930454744024	0.017028617163135928	9.602887099905363	497.22728676301864	0.6296285346250465	0	0	0	-8222187814979826e-21	-0.00091177232176607	-1245015151329388e-21	-0.0008667790981745059	-0.0828519688058962	-4602846649287173e-20
21.9	4.7671321747275135	4.7671321747275135	4.7671321747275135	0.09109212816998333	5.471930454837047	0.017028617162867642	9.602887099903272	497.2272867609121	0.6296285346274852	0	0	0	-8222187254894694e-21	-0.0009117692078100203	-12450411259080334e-22	-0.0008667791131126436	-0.0828520398991421	-46028225879523894e-21
22	4.7671321747275135	4.7671321747275135	4.7671321747275135	0.09109212816999528	5.471930454850787	0.017028617162829156	9.602887099902954	497.22728676060103	0.6296285346278347	0	0	0	-8222187169526826e-21	-0.0009117687399707142	-12450450050401005e-22	-0.0008667791153895157	-0.08285205057996775	-4602818994764665e-20
22.1	4.7671321747275135	4.7671321747275135	4.7671321747275135	0.09109212816991022	5.471930454748786	0.01702861716312602	9.602887099905223	497.22728676291115	0.6296285346251356	0	0	0	-8222187777470665e-21	-0.0009117721359748438	-12450166230583466e-22	-0.000866779099174948	-0.0828519730469687	-46028452866805614e-21
22.2	4.7671321747275135	4.7671321747275135	4.7671321747275135	0.09109212816971349	5.471930454513843	0.017028617163807182	9.602887099910468	497.2272867682319	0.6296285346189427	0	0	0	-8222189183738091e-21	-0.0009117799759011391	-12449511543717486e-22	-0.0008667790616681448	-0.08285179405674904	-4602905933726551e-20
22.3	4.7671321747275135	4.7671321747275135	4.7671321747275135	0.09109212816962532	5.471930454412039	0.01702861716409288	9.602887099912818	497.2272867705366	0.6296285346163476	0	0	0	-8222189813830442e-21	-0.0009117834346132796	-12449224581705453e-22	-0.0008667790448628198	-0.08285171509378139	-4602932514800807e-20
22.4	4.7671321747275135	4.7671321747275135	4.7671321747275135	0.09109212816960106	5.471930454384764	0.017028617164167485	9.602887099913465	497.2272867711538	0.6296285346156705	0	0	0	-8222189987256718e-21	-0.0009117843750916974	-12449146949990513e-22	-0.0008667790402373355	-0.08285169362283427	-4602939705400751e-20
22.5	4.767132174727514	4.767132174727514	4.767132174727514	0.09109212816956383	5.471930454338997	0.017028617164303806	9.60288709991446	497.22728677219067	0.6296285346144304	0	0	0	-8222190253453884e-21	-0.0009117858793732498	-12449020631089722e-22	-0.0008667790331375742	-0.08285165927862768	-4602951407619518e-20
22.6	4.7671321747275135	4.7671321747275135	4.7671321747275135	0.09109212816955653	5.471930454330716	0.017028617164326472	9.602887099914653	497.2272867723781	0.6296285346142245	0	0	0	-822219030574313e-20	-0.0009117861637145619	-1244899713730738e-21	-0.0008667790317429592	-0.08285165278714869	-46029535837416514e-21
22.7	4.7671321747275135	4.7671321747275135	4.7671321747275135	0.09109212816954672	5.47193045431825	0.017028617164364893	9.602887099914916	497.2272867726606	0.6296285346138747	0	0	0	-8222190375706133e-21	-0.0009117865659983682	-12448963116482496e-22	-0.0008667790298769407	-0.08285164360243465	-4602956735658604e-20
22.8	4.7671321747275135	4.7671321747275135	4.7671321747275135	0.0910921281695431	5.471930454313788	0.01702861716437819	9.602887099915012	497.2272867727617	0.6296285346137536	0	0	0	-8222190401628588e-21	-0.0009117867125852371	-12448950804146295e-22	-0.0008667790291855953	-0.08285164025570786	-4602957876279455e-20
22.9	4.7671321747275135	4.7671321747275135	4.7671321747275135	0.09109212816954129	5.471930454311476	0.017028617164385355	9.602887099915058	497.22728677281407	0.6296285346136883	0	0	0	-822219041454744e-20	-0.0009117867870289453	-1244894450279684e-21	-0.0008667790288410197	-0.0828516385560447	-46029584600834134e-21
23	4.7671321747275135	4.7671321747275135	4.7671321747275135	0.09109212816953959	5.471930454309241	0.017028617164392447	9.602887099915106	497.2272867728647	0.6296285346136238	0	0	0	-8222190426666869e-21	-0.000911786857885902	-12448938470559185e-22	-0.0008667790285177289	-0.08285163693824517	-46029590189861164e-21
23.1	4.7671321747275135	4.7671321747275135	4.7671321747275135	0.09109212816953924	5.4719304543088185	0.017028617164393692	9.602887099915115	497.2272867728743	0.6296285346136123	0	0	0	-8222190429111905e-21	-0.0009117868717032264	-12448937310380552e-22	-0.0008667790284524871	-0.08285163662277939	-4602959126464835e-20
23.2	4.7671321747275135	4.7671321747275135	4.7671321747275135	0.09109212816953867	5.471930454308016	0.017028617164396367	9.602887099915131	497.2272867728925	0.6296285346135881	0	0	0	-8222190433286653e-21	-0.000911786896699288	-1244893516256158e-21	-0.0008667790283411229	-0.08285163605205753	-4602959325482994e-20
23.3	4.7671321747275135	4.7671321747275135	4.7671321747275135	0.09109212816953853	5.471930454307828	0.017028617164396964	9.602887099915135	497.2272867728968	0.6296285346135826	0	0	0	-8222190434326972e-21	-0.0009117869027464241	-12448934649053456e-22	-0.0008667790283133791	-0.08285163591399208	-4602959373059901e-20
23.4	4.767132174727514	4.767132174727514	4.767132174727514	0.0910921281695384	5.471930454307646	0.017028617164397578	9.602887099915137	497.2272867729009	0.6296285346135769	0	0	0	-8222190435243175e-21	-0.0009117869082965351	-12448934169969518e-22	-0.0008667790282889512	-0.08285163578727196	-46029594174542964e-21
23.5	4.7671321747275135	4.7671321747275135	4.7671321747275135	0.09109212816953834	5.471930454307543	0.01702861716439791	9.60288709991514	497.22728677290326	0.6296285346135739	0	0	0	-822219043575944e-20	-0.0009117869114057509	-12448933901965782e-22	-0.0008667790282752004	-0.08285163571628072	-4602959442288769e-20
23.6	4.7671321747275135	4.7671321747275135	4.7671321747275135	0.09109212816953832	5.471930454307516	0.017028617164398	9.60288709991514	497.227286772904	0.629628534613573	0	0	0	-8222190435909015e-21	-0.0009117869122967577	-12448933825430467e-22	-0.0008667790282712381	-0.08285163569593496	-4602959449380974e-20
23.7	4.767132174727514	4.767132174727514	4.767132174727514	0.09109212816953828	5.47193045430754	0.017028617164397887	9.60288709991514	497.22728677290337	0.6296285346135743	0	0	0	-8222190435790274e-21	-0.000911786911472002	-12448933900162403e-22	-0.0008667790282744324	-0.08285163571476857	-460295944245346e-19
23.8	4.767132174727513	4.767132174727513	4.767132174727513	0.09109212816953824	5.4719304543077	0.017028617164397252	9.60288709991514	497.2272867728996	0.6296285346135799	0	0	0	-8222190435036308e-21	-0.000911786906570731	-12448934334204465e-22	-0.0008667790282945646	-0.08285163582668677	-4602959402224292e-20
23.9	4.7671321747275135	4.7671321747275135	4.7671321747275135	0.09109212816953821	5.471930454307817	0.017028617164396805	9.602887099915142	497.22728677289695	0.6296285346135839	0	0	0	-8222190434490795e-21	-0.0009117869030424132	-12448934646086081e-22	-0.0008667790283091328	-0.0828516359072543	-4602959373318007e-20
24	4.7671321747275135	4.7671321747275135	4.7671321747275135	0.09109212816953823	5.471930454307707	0.017028617164397238	9.602887099915142	497.22728677289945	0.62962853461358	0	0	0	-8222190435007392e-21	-0.0009117869064005772	-1244893434869131e-21	-0.0008667790282953688	-0.0828516358305731	-4602959400882368e-20
