0	4.7671321747275135	4.7671321747275135	4.7671321747275135	0.09109212816953825	5.471930454307437	0.017028617164398283	9.60288709991514	497.2272867729056	0.6296285346135705	0	0	0	0	0	0	0	0	0
0.1	4.767132174727513	4.767132174727513	4.767132174727513	0.09109212816953825	5.471930454307437	0.01702861716439828	9.60288709991514	497.2272867729056	0.6296285346135705	0	0	0	0	3.255001586749829	-2873750207164756e-20	0	33.91796633625314	-5993325982511735e-20
0.2	4.7671321747275135	4.7671321747275135	4.7671321747275135	0.09109212816953825	5.471930454307437	0.017028617164398283	9.60288709991514	497.2272867729056	0.6296285346135705	0	0	0	0	4.399603824141557	-0.0001383519939036576	0	95.66332822361673	-0.0006090853565043543
0.3	4.7671321747275135	4.7671321747275135	4.7671321747275135	0.09109212816953825	5.471930454307437	0.017028617164398283	9.60288709991514	497.2272867729056	0.6296285346135705	0	0	0	0	4.802106427683392	-0.0002933735480994868	0	157.71646667713594	-0.0020178427993238802
0.4	4.7671321747275135	4.7671321747275135	4.7671321747275135	0.09109212816953825	5.471930454307437	0.017028617164398283	9.60288709991514	497.2272867729056	0.6296285346135705	0	0	0	0	4.943686585793831	-0.00045482737356744395	0	212.2034419854909	-0.0042895542339706685
0.5	4.7671321747275135	4.7671321747275135	4.7671321747275135	0.09109212816953825	5.471930454307437	0.017028617164398283	9.60288709991514	497.2272867729056	0.6296285346135705	0	0	0	0	4.993536887462129	-0.0006026388883579684	0	257.81601208584	-0.007222159275240443
0.6	4.7671321747275135	4.7671321747275135	4.7671321747275135	0.09109212816953825	5.471930454307437	0.017028617164398283	9.60288709991514	497.2272867729056	0.6296285346135705	0	0	0	0	5.011154492939346	-0.0007298958502066081	0	295.2765251581981	-0.010563339775879733
0.7	4.7671321747275135	4.7671321747275135	4.7671321747275135	0.09109212816953825	5.4719304543074365	0.017028617164398283	9.60288709991514	497.22728677290564	0.6296285346135705	0	0	0	0	5.017436789231591	-0.0008361569265122345	0	325.79650849547266	-0.014086849399314132
0.8	4.7671321747275135	4.7671321747275135	4.7671321747275135	0.09109212816953825	5.4719304543074365	0.017028617164398283	9.60288709991514	497.22728677290564	0.6296285346135705	0	0	0	0	5.019743483769784	-0.0009235283074206941	0	350.5772864808527	-0.017617111686601104
0.9	4.7671321747275135	4.7671321747275135	4.7671321747275135	0.09109212816953825	5.4719304543074365	0.017028617164398283	9.60288709991514	497.22728677290564	0.6296285346135705	0	0	0	0	5.0206496078694105	-0.0009948176052688726	0	370.6692245837106	-0.02103001518011128
1	4.7671321747275135	4.7671321747275135	4.7671321747275135	0.09109212816953824	5.4719304543074365	0.01702861716439828	9.60288709991514	497.2272867729056	0.6296285346135704	0	0	0	0	5.021056424817969	-0.0010527616498126023	0	386.948769228671	-0.02424506765662889
1.1	4.767132174727514	4.767132174727514	4.767132174727514	0.09109212816953824	5.4719304543074365	0.01702861716439828	9.60288709991514	497.22728677290564	0.6296285346135705	0	0	0	0	5.021281999021307	-0.0010997662114645417	0	400.1348100258709	-0.027215163379944562
1.2	4.7671321747275135	4.7671321747275135	4.7671321747275135	0.09109212816953824	5.4719304543074365	0.017028617164398283	9.60288709991514	497.2272867729056	0.6296285346135705	0	0	0	0	5.0214391175621	-0.001137873799590507	0	410.81764005296975	-0.029917021865178754
1.3	4.7671321747275135	4.7671321747275135	4.7671321747275135	0.09109212816953825	5.4719304543074365	0.017028617164398283	9.60288709991514	497.2272867729056	0.6296285346135705	0	0	0	0	5.02156314765352	-0.0011687448097119294	0	419.46892326608366	-0.03234590385148362
1.4	4.7671321747275135	4.7671321747275135	4.7671321747275135	0.09109212816953825	5.4719304543074365	0.017028617164398283	9.60288709991514	497.2272867729056	0.6296285346135705	0	0	0	0	5.021668360653	-0.0011937526871137636	0	426.47617528419306	-0.03450775440095566
1.5	4.7671321747275135	4.7671321747275135	4.7671321747275135	0.09109212816953825	5.471930454307437	0.017028617164398283	9.60288709991514	497.2272867729056	0.6296285346135705	0	0	0	0	5.02176004390835	-0.0012140137302423762	0	432.1531075459848	-0.03641630926304934
1.6	4.7671321747275135	4.7671321747275135	4.7671321747275135	0.09109212816953825	5.471930454307437	0.017028617164398283	9.60288709991514	497.2272867729056	0.6296285346135704	0	0	0	0	5.0218401597868985	-0.0012304191904005757	0	436.7497076110304	-0.038089827784746136
1.7	4.767132174727514	4.767132174727514	4.767132174727514	0.09109212816953827	5.471930454307438	0.017028617164398286	9.60288709991514	497.2272867729056	0.6296285346135705	0	0	0	0	5.021910274815255	-0.001243714655511977	0	440.47499398434707	-0.039548645850455935
1.8	4.7671321747275135	4.7671321747275135	4.7671321747275135	0.09109212816953827	5.471930454307438	0.017028617164398293	9.60288709991514	497.2272867729056	0.6296285346135704	0	0	0	0	5.02197130352656	-0.0012544787361416238	0	443.4910748088884	-0.040813883950485935
1.9	4.7671321747275135	4.7671321747275135	4.7671321747275135	0.09109212816953825	5.471930454307438	0.017028617164398286	9.60288709991514	497.2272867729056	0.6296285346135704	0	0	0	0	5.0220242705987	-0.0012632010051573308	0	445.9351168471037	-0.04190649988583829
2	4.7671321747275135	4.7671321747275135	4.7671321747275135	0.09109212816953825	5.471930454307438	0.01702861716439829	9.60288709991514	497.2272867729056	0.6296285346135705	0	0	0	0	5.022070016328101	-0.0012702680795450005	0	447.9154219206944	-0.04284637929071723
2.1	4.7671321747275135	4.7671321747275135	4.7671321747275135	0.09109212816953825	5.471930454307438	0.017028617164398293	9.60288709991514	497.22728677290564	0.6296285346135705	0	0	0	0	5.022109386232873	-0.001275986175464562	0	449.51777459059366	-0.04365191518613223
2.2	4.767132174727513	4.767132174727513	4.767132174727513	0.09109212816953824	5.4719304543074365	0.017028617164398286	9.60288709991514	497.2272867729056	0.6296285346135704	0	0	0	0	5.02214317062286	-0.0012806282074317912	0	450.81862931312463	-0.04434070929969556
2.3	4.7671321747275135	4.7671321747275135	4.7671321747275135	0.09109212816953827	5.471930454307437	0.017028617164398296	9.60288709991514	497.2272867729056	0.6296285346135704	0	0	0	0	5.022172041621129	-0.0012843823159652496	0	451.8706927463013	-0.044927489139611664
2.4	4.767132174727514	4.767132174727514	4.767132174727514	0.09109212816953825	5.471930454307437	0.01702861716439829	9.60288709991514	497.2272867729056	0.6296285346135704	0	0	0	0	5.022196664567132	-0.0012874222243252366	0	452.7226348460432	-0.04542628728264295
2.5	4.7671321747275135	4.7671321747275135	4.7671321747275135	0.09109212816953818	5.471930454307436	0.017028617164398286	9.60288709991514	497.2272867729056	0.6296285346135704	0	0	0	0	5.022217622814268	-0.0012898924318420376	0	453.41493933637145	-0.045849859105679576
2.6	4.7671321747275135	4.7671321747275135	4.7671321747275135	0.09109212816953811	5.471930454307432	0.017028617164398286	9.602887099915145	497.22728677290576	0.6296285346135705	0	0	0	0	5.0222353895344005	-0.0012918888387555424	0	453.97447488950525	-0.046208111273064574
2.7	4.7671321747275135	4.7671321747275135	4.7671321747275135	0.09109212816953814	5.471930454307435	0.017028617164398286	9.602887099915144	497.2272867729057	0.6296285346135705	0	0	0	0	5.022250432364708	-0.0012935029484618902	0	454.4268781574094	-0.04651056989282795
2.8	4.7671321747275135	4.7671321747275135	4.7671321747275135	0.09109212816953807	5.471930454307426	0.017028617164398283	9.602887099915147	497.22728677290587	0.6296285346135706	0	0	0	0	5.022263166251143	-0.0012948170275416478	0	454.7952017061003	-0.04676620119709924
2.9	4.7671321747275135	4.7671321747275135	4.7671321747275135	0.09109212816953775	5.471930454307405	0.017028617164398276	9.602887099915156	497.2272867729062	0.6296285346135706	0	0	0	0	5.022273891528072	-0.001295881192197732	0	455.0934895536696	-0.04698145768779229
3	4.7671321747275135	4.7671321747275135	4.7671321747275135	0.09109212816953759	5.471930454307396	0.017028617164398272	9.602887099915161	497.2272867729063	0.6296285346135706	0	0	0	0	5.022282913770279	-0.001296739413425393	0	455.3340582336076	-0.04716208842810187
3.1	4.7671321747275135	4.7671321747275135	4.7671321747275135	0.09109212816953784	5.47193045430741	0.017028617164398276	9.602887099915156	497.2272867729061	0.6296285346135706	0	0	0	0	5.022290532382383	-0.0012974354871680427	0	455.5291767224753	-0.047313830606336094
3.2	4.7671321747275135	4.7671321747275135	4.7671321747275135	0.09109212816953718	5.4719304543072855	0.01702861716439833	9.602887099915172	497.2272867729087	0.6296285346135702	0	0	0	0	5.022296884679407	-0.0012980027370063944	0	455.6882092968492	-0.04744147775531435
3.3	4.7671321747275135	4.7671321747275135	4.7671321747275135	0.09109212816953598	5.471930454307092	0.017028617164398407	9.602887099915204	497.22728677291275	0.6296285346135698	0	0	0	0	5.022302158461091	-0.0012984612971924784	0	455.8167886917277	-0.04754829658355326
3.4	4.7671321747275135	4.7671321747275135	4.7671321747275135	0.09109212816953544	5.471930454307013	0.017028617164398435	9.602887099915218	497.22728677291434	0.6296285346135695	0	0	0	0	5.022306602019182	-0.0012988308599423805	0	455.9204056673145	-0.04763742449579746
3.5	4.7671321747275135	4.7671321747275135	4.7671321747275135	0.09109212816953643	5.47193045430715	0.017028617164398397	9.602887099915192	497.2272867729115	0.6296285346135697	0	0	0	0	5.02231043250556	-0.0012991309869137089	0	456.0045263837359	-0.047711990742689024
3.6	4.7671321747275135	4.7671321747275135	4.7671321747275135	0.0910921281695313	5.471930454305869	0.017028617164399275	9.602887099915327	497.227286772939	0.6296285346135625	0	0	0	0	5.022313198097884	-0.0012993753238482546	0	456.07320270142304	-0.04777452674306551
3.7	4.7671321747275135	4.7671321747275135	4.7671321747275135	0.09109212816952228	5.471930454303755	0.01702861716440066	9.602887099915568	497.2272867729842	0.6296285346135512	0	0	0	0	5.022315147337811	-0.0012995724428889323	0	456.1287591209583	-0.04782665912934422
3.8	4.7671321747275135	4.7671321747275135	4.7671321747275135	0.09109212816951674	5.4719304543025	0.017028617164401457	9.602887099915716	497.2272867730111	0.6296285346135446	0	0	0	0	5.022316916651494	-0.0012997313225379227	0	456.17347922988614	-0.04786995037552885
3.9	4.7671321747275135	4.7671321747275135	4.7671321747275135	0.09109212816952209	5.4719304543038	0.01702861716440058	9.602887099915572	497.2272867729831	0.6296285346135518	0	0	0	0	5.022319142465088	-0.0012998609412974065	0	456.20964661575084	-0.047905962955623126
4	4.7671321747275135	4.7671321747275135	4.7671321747275135	0.09109212816951923	5.4719304543019875	0.01702861716440262	9.602887099915648	497.22728677302376	0.6296285346135342	0	0	0	0	5.02232044930198	-0.0012999657340638175	0	456.2392434975179	-0.04793610562907892
4.1	4.7671321747275135	4.7671321747275135	4.7671321747275135	0.09109212816949136	5.471930454292881	0.01702861716441049	9.60288709991639	497.2272867732227	0.6296285346134673	0	0	0	0	5.022319612456613	-0.0013000472903180909	0	456.263279970008	-0.047961213133694176
4.2	4.7671321747275135	4.7671321747275135	4.7671321747275135	0.09109212816947192	5.471930454286788	0.01702861716441559	9.60288709991691	497.2272867733555	0.6296285346134243	0	0	0	0	5.0223191945658305	-0.001300113602217445	0	456.2826620084199	-0.047982014325115
4.3	4.767132174727514	4.767132174727514	4.767132174727514	0.09109212816949425	5.471930454293998	0.017028617164409347	9.602887099916313	497.22728677319816	0.6296285346134773	0	0	0	0	5.022321760156688	-0.0013001726634877138	0	456.29829765817425	-0.047999238992904765
4.4	4.7671321747275135	4.7671321747275135	4.7671321747275135	0.0910921281695068	5.471930454296461	0.017028617164408705	9.602887099915979	497.2272867731462	0.6296285346134814	0	0	0	0	5.022323436355114	-0.0013002193868617692	0	456.31104948155553	-0.04801359991088212
4.5	4.7671321747275135	4.7671321747275135	4.7671321747275135	0.09109212816949244	5.471930454289897	0.01702861716441618	9.602887099916364	497.2272867732916	0.6296285346134165	0	0	0	0	5.022322947138658	-0.001300253475152935	0	456.32141171343596	-0.048025536255643986
4.6	4.7671321747275135	4.7671321747275135	4.7671321747275135	0.09109212816950359	5.4719304542942035	0.017028617164411713	9.602887099916066	497.2272867731969	0.6296285346134551	0	0	0	0	5.022324296440885	-0.0013002851591261296	0	456.3297594595826	-0.04803538772094254
4.7	4.7671321747275135	4.7671321747275135	4.7671321747275135	0.09109212816951433	5.471930454297292	0.01702861716440978	9.602887099915778	497.2272867731299	0.6296285346134708	0	0	0	0	5.0223255235310225	-0.0013003108037617573	0	456.3365461633449	-0.04804357267517561
4.8	4.7671321747275135	4.7671321747275135	4.7671321747275135	0.09109212816950338	5.471930454291388	0.017028617164417694	9.602887099916071	497.22728677326137	0.6296285346134012	0	0	0	0	5.022325027064182	-0.0013003279908170961	0	456.342073796488	-0.04805037852090813
4.9	4.7671321747275135	4.7671321747275135	4.7671321747275135	0.091092128169511	5.471930454294899	0.017028617164413395	9.602887099915867	497.2272867731835	0.6296285346134386	0	0	0	0	5.0223258943410345	-0.0013003453669995554	0	456.34651880974593	-0.04805597582410533
5	4.767132174727513	4.767132174727513	4.767132174727513	0.09109212816952005	5.471930454298337	0.01702861716441027	9.602887099915625	497.2272867731079	0.6296285346134652	0	0	0	0	5.022326820071913	-0.0013003597759385609	0	456.3501294747088	-0.04806061683349305
5.1	4.7671321747275135	4.7671321747275135	4.7671321747275135	0.09109212816951168	5.471930454293164	0.017028617164418256	9.60288709991585	497.22728677322357	0.6296285346133946	0	0	0	0	5.0223263697842935	-0.0013003681158402698	0	456.3530802075175	-0.04806448272075907
5.2	4.7671321747275135	4.7671321747275135	4.7671321747275135	0.09109212816951676	5.471930454295891	0.017028617164414415	9.602887099915716	497.22728677316286	0.6296285346134285	0	0	0	0	5.022326922462429	-0.0013003777204502608	0	456.3554474016726	-0.048067649241699976
5.3	4.7671321747275135	4.7671321747275135	4.7671321747275135	0.0910921281695244	5.471930454299456	0.017028617164410263	9.602887099915511	497.2272867730839	0.6296285346134647	0	0	0	0	5.0223276386415625	-0.0013003861121478936	0	456.35736700047937	-0.048070267786289624
5.4	4.7671321747275135	4.7671321747275135	4.7671321747275135	0.09109212816951803	5.471930454294999	0.017028617164418024	9.60288709991568	497.22728677318383	0.6296285346133955	0	0	0	0	5.022327254026137	-0.001300389876750136	0	456.35894355600897	-0.04807245714986259
5.5	4.7671321747275135	4.7671321747275135	4.7671321747275135	0.09109212816952136	5.47193045429703	0.017028617164414797	9.602887099915591	497.2272867731384	0.629628534613424	0	0	0	0	5.022327602598398	-0.0013003952269997233	0	456.3602043795046	-0.04807424171539249
5.6	4.7671321747275135	4.7671321747275135	4.7671321747275135	0.09109212816952768	5.471930454300543	0.017028617164409888	9.602887099915423	497.22728677306	0.6296285346134672	0	0	0	0	5.022328165491607	-0.001300400358965139	0	456.36122372355334	-0.04807571174797068
5.7	4.7671321747275135	4.7671321747275135	4.7671321747275135	0.09109212816952282	5.471930454296758	0.017028617164417226	9.602887099915552	497.22728677314524	0.6296285346134015	0	0	0	0	5.0223278487761895	-0.0013004018058475877	0	456.3620670494294	-0.04807694894861104
5.8	4.7671321747275135	4.7671321747275135	4.7671321747275135	0.09109212816952494	5.471930454298208	0.017028617164414662	9.602887099915495	497.2272867731127	0.6296285346134244	0	0	0	0	5.022328065491381	-0.0013004048049512008	0	456.36273870700194	-0.04807795131548144
5.9	4.7671321747275135	4.7671321747275135	4.7671321747275135	0.09109212816953019	5.471930454301555	0.017028617164409256	9.602887099915355	497.22728677303775	0.6296285346134725	0	0	0	0	5.022328511934139	-0.0013004081345436803	0	456.3632789708309	-0.048078772083211894
6	4.7671321747275135	4.7671321747275135	4.7671321747275135	0.09109212816952651	5.471930454298387	0.01702861716441603	9.602887099915455	497.2272867731092	0.6296285346134115	0	0	0	0	5.022328257358261	-0.0013004084491827976	0	456.3637307779184	-0.04807947031674257
6.1	4.7671321747275135	4.7671321747275135	4.7671321747275135	0.09109212816952783	5.471930454299376	0.017028617164414114	9.602887099915419	497.227286773087	0.6296285346134287	0	0	0	0	5.022328388944917	-0.0013004101332531595	0	456.36408867419306	-0.04808003171051107
6.2	4.7671321747275135	4.7671321747275135	4.7671321747275135	0.09109212816952765	5.471930454298606	0.01702861716441692	9.602887099915424	497.2272867731046	0.6296285346134032	0	0	0	0	5.022328392742434	-0.001300410882114573	0	456.36438242235977	-0.04808050151552631
6.3	4.7671321747275135	4.7671321747275135	4.7671321747275135	0.09109212816951469	5.471930454287154	0.017028617164442345	9.602887099915769	497.2272867733627	0.6296285346131739	0	0	0	0	5.022327385814442	-0.001300407135244698	0	456.36464373407915	-0.04808092838095131
6.4	4.7671321747275135	4.7671321747275135	4.7671321747275135	0.09109212816950737	5.471930454280829	0.01702861716445613	9.602887099915963	497.2272867735052	0.6296285346130498	0	0	0	0	5.022326824119637	-0.0013004052799289072	0	456.36484897751274	-0.04808126746327587
6.5	4.7671321747275135	4.7671321747275135	4.7671321747275135	0.0910921281695198	5.471930454291489	0.01702861716443307	9.602887099915632	497.22728677326495	0.6296285346132573	0	0	0	0	5.022327818430477	-0.0013004101178818099	0	456.36498237373553	-0.04808148840631873
6.6	4.7671321747275135	4.7671321747275135	4.7671321747275135	0.09109212816950292	5.47193045427432	0.017028617164476095	9.602887099916083	497.22728677365285	0.6296285346128679	0	0	0	0	5.022326467790325	-0.001300403730843511	0	456.36514062684955	-0.04808176635782596
6.7	4.7671321747275135	4.7671321747275135	4.7671321747275135	0.09109212816947199	5.471930454244521	0.01702861716454764	9.60288709991691	497.2272867743256	0.6296285346122213	0	0	0	0	5.022323997250114	-0.001300392194509855	0	456.365300250452	-0.04808205238937304
6.8	4.7671321747275135	4.7671321747275135	4.7671321747275135	0.09109212816947068	5.4719304542434255	0.017028617164549918	9.602887099916943	497.2272867743503	0.6296285346122009	0	0	0	0	5.022323902389868	-0.0013003920493516894	0	456.36538563073424	-0.048082201317200694
6.9	4.7671321747275135	4.7671321747275135	4.7671321747275135	0.09109212816950432	5.471930454274851	0.017028617164476532	9.602887099916046	497.22728677364125	0.6296285346128634	0	0	0	0	5.022326592140306	-0.0013004048614789797	0	456.36539170404006	-0.04808220533970262
7	4.7671321747275135	4.7671321747275135	4.7671321747275135	0.09109212816949437	5.471930454262779	0.017028617164511366	9.602887099916313	497.2272867739147	0.6296285346125468	0	0	0	0	5.022325774247846	-0.0013004002866954126	0	456.36546547830613	-0.04808234774671837
7.1	4.767132174727513	4.767132174727513	4.767132174727513	0.0910921281694886	5.471930454256372	0.017028617164528657	9.602887099916465	497.2272867740597	0.6296285346123899	0	0	0	0	5.022325305839717	-0.0013003979025187841	0	456.3655207333117	-0.04808245191743171
7.2	4.7671321747275135	4.7671321747275135	4.7671321747275135	0.09109212816951616	5.471930454284736	0.01702861716445625	9.60288709991573	497.22728677341865	0.6296285346130457	0	0	0	0	5.0223275384820285	-0.0013004093231792741	0	456.3655057107852	-0.04808241447743619
7.3	4.7671321747275135	4.7671321747275135	4.7671321747275135	0.0910921281695212	5.4719304542891045	0.0170286171644471	9.602887099915597	497.22728677332015	0.6296285346131278	0	0	0	0	5.022327939462807	-0.0013004111829331235	0	456.3655258706373	-0.04808245302323612
7.4	4.7671321747275135	4.7671321747275135	4.7671321747275135	0.09109212816952629	5.471930454294422	0.017028617164433282	9.602887099915462	497.2272867732	0.6296285346132532	0	0	0	0	5.022328354328153	-0.0013004133832488823	0	456.36554014369483	-0.04808247842216721
7.5	4.7671321747275135	4.7671321747275135	4.7671321747275135	0.09109212816953154	5.471930454299947	0.01702861716441901	9.60288709991532	497.22728677307504	0.6296285346133824	0	0	0	0	5.022328783529215	-0.0013004156480988216	0	456.36554963976664	-0.0480824951409172
7.6	4.7671321747275135	4.7671321747275135	4.7671321747275135	0.09109212816953059	5.471930454298618	0.017028617164423488	9.602887099915346	497.2272867731053	0.6296285346133416	0	0	0	0	5.022328707106808	-0.0013004151810974043	0	456.36556705577163	-0.04808253027431422
7.7	4.7671321747275135	4.7671321747275135	4.7671321747275135	0.09109212816953363	5.4719304543020675	0.0170286171644137	9.602887099915264	497.2272867730272	0.6296285346134305	0	0	0	0	5.022328954875678	-0.001300416593251843	0	456.3655740821974	-0.048082542562392014
7.8	4.7671321747275135	4.7671321747275135	4.7671321747275135	0.09109212816953147	5.471930454299075	0.01702861716442364	9.602887099915323	497.2272867730951	0.6296285346133399	0	0	0	0	5.022328772752462	-0.0013004154532809229	0	456.36558859462673	-0.04808257391475089
7.9	4.7671321747275135	4.7671321747275135	4.7671321747275135	0.09109212816952679	5.47193045429315	0.01702861716444207	9.602887099915446	497.2272867732293	0.6296285346131719	0	0	0	0	5.022328385116222	-0.0013004131458824212	0	456.36560584587863	-0.04808261226250618
8	4.7671321747275135	4.7671321747275135	4.7671321747275135	0.0910921281695287	5.471930454295554	0.017028617164434615	9.602887099915396	497.2272867731749	0.6296285346132399	0	0	0	0	5.022328544048641	-0.0013004141177968321	0	456.3656089752244	-0.04808261726853919
8.1	4.7671321747275135	4.7671321747275135	4.7671321747275135	0.09109212816952657	5.471930454292098	0.017028617164447504	9.602887099915455	497.22728677325335	0.629628534613122	0	0	0	0	5.022328357291386	-0.0013004127851845772	0	456.3656187767061	-0.04808264110981328
8.2	4.7671321747275135	4.7671321747275135	4.7671321747275135	0.09109212816951043	5.471930454270227	0.017028617164519578	9.602887099915884	497.22728677374937	0.6296285346124643	0	0	0	0	5.022326995809189	-0.0013004041922173733	0	456.36565446209863	-0.04808272990307885
8.3	4.7671321747275135	4.7671321747275135	4.7671321747275135	0.09109212816950013	5.471930454256431	0.0170286171645646	9.602887099916158	497.22728677406224	0.6296285346120536	0	0	0	0	5.02232612910999	-0.0013003987724336922	0	456.36567794529464	-0.04808278766209388
8.4	4.7671321747275135	4.7671321747275135	4.7671321747275135	0.09109212816951448	5.471930454275758	0.017028617164501197	9.602887099915774	497.2272867736239	0.629628534612632	0	0	0	0	5.0223273384693385	-0.0013004063912031086	0	456.3656531620958	-0.048082723647805636
8.5	4.7671321747275135	4.7671321747275135	4.7671321747275135	0.09109212816951102	5.471930454269224	0.017028617164528102	9.602887099915865	497.22728677377256	0.6296285346123852	0	0	0	0	5.022327020399067	-0.0013004038587831022	0	456.36566284127014	-0.04808275231254612
8.6	4.7671321747275135	4.7671321747275135	4.7671321747275135	0.09109212816948943	5.471930454237731	0.01702861716463838	9.60288709991644	497.22728677448737	0.6296285346113777	0	0	0	0	5.022325165823364	-0.0013003915080049284	0	456.36570728095074	-0.0480828707058995
8.7	4.7671321747275135	4.7671321747275135	4.7671321747275135	0.0910921281694909	5.471930454239896	0.017028617164630718	9.602887099916401	497.2272867744382	0.6296285346114476	0	0	0	0	5.0223252931191436	-0.0013003923628995514	0	456.36570593327974	-0.04808286629958491
8.8	4.767132174727513	4.767132174727513	4.767132174727513	0.09109212816951673	5.47193045427653	0.017028617164505353	9.602887099915712	497.227286773607	0.6296285346125925	0	0	0	0	5.022327497459383	-0.0013004067584188848	0	456.36565669273995	-0.04808273618979865
8.9	4.7671321747275135	4.7671321747275135	4.7671321747275135	0.09109212816951698	5.47193045427568	0.017028617164511865	9.602887099915707	497.2272867736266	0.6296285346125323	0	0	0	0	5.02232749929059	-0.0013004064452254195	0	456.365657684039	-0.04808274147572902
9	4.767132174727513	4.767132174727513	4.767132174727513	0.09109212816952268	5.4719304542840685	0.01702861716448219	9.602887099915554	497.22728677343616	0.6296285346128034	0	0	0	0	5.0223279908045315	-0.0013004097394690324	0	456.3656472609691	-0.04808271296189306
9.1	4.7671321747275135	4.7671321747275135	4.7671321747275135	0.09109212816953069	5.471930454295903	0.01702861716444026	9.60288709991534	497.2272867731676	0.6296285346131868	0	0	0	0	5.022328681220326	-0.001300414383863498	0	456.3656321231767	-0.048082671624668054
9.2	4.7671321747275135	4.7671321747275135	4.7671321747275135	0.09109212816953126	5.471930454296436	0.01702861716443927	9.602887099915327	497.22728677315547	0.6296285346131956	0	0	0	0	5.022328724989597	-0.0013004146004228353	0	456.3656316732153	-0.048082670927597854
9.3	4.7671321747275135	4.7671321747275135	4.7671321747275135	0.09109212816953456	5.4719304543015985	0.01702861716442015	9.60288709991524	497.22728677303826	0.6296285346133703	0	0	0	0	5.02232901511045	-0.0013004166229627003	0	456.36562547556275	-0.04808265329063517
9.4	4.7671321747275135	4.7671321747275135	4.7671321747275135	0.09109212816953383	5.471930454300086	0.017028617164426788	9.602887099915257	497.22728677307265	0.6296285346133095	0	0	0	0	5.022328943436225	-0.0013004160383359973	0	456.36562748244677	-0.04808265957599527
9.5	4.7671321747275135	4.7671321747275135	4.7671321747275135	0.09109212816953251	5.471930454297784	0.017028617164436013	9.602887099915293	497.2272867731251	0.629628534613225	0	0	0	0	5.022328823044114	-0.0013004151418403314	0	456.36563053623587	-0.04808266858241044
9.6	4.7671321747275135	4.7671321747275135	4.7671321747275135	0.09109212816953458	5.471930454301198	0.0170286171644229	9.602887099915236	497.2272867730474	0.629628534613345	0	0	0	0	5.022329008555545	-0.0013004164767291436	0	456.36562652660086	-0.048082656820082684
9.7	4.767132174727514	4.767132174727514	4.767132174727514	0.0910921281695298	5.471930454292361	0.017028617164459903	9.602887099915366	497.2272867732484	0.6296285346130057	0	0	0	0	5.022328562177805	-0.0013004130371435845	0	456.3656369465305	-0.048082689135169845
9.8	4.7671321747275135	4.7671321747275135	4.7671321747275135	0.09109212816952326	5.471930454280547	0.0170286171645086	9.602887099915542	497.22728677351694	0.6296285346125592	0	0	0	0	5.022327957205838	-0.0013004084362472693	0	456.36565096228287	-0.04808273210504773
9.9	4.7671321747275135	4.7671321747275135	4.7671321747275135	0.09109212816952403	5.471930454281944	0.017028617164502706	9.60288709991552	497.2272867734852	0.6296285346126131	0	0	0	0	5.022328027499998	-0.0013004089807542218	0	456.36564948042076	-0.048082727384463377
10	4.7671321747275135	4.7671321747275135	4.7671321747275135	0.09109212816952682	5.471930454286337	0.017028617164486892	9.602887099915447	497.22728677338546	0.6296285346127578	0	0	0	0	5.02232827412737	-0.0013004106948234532	0	456.36564393398805	-0.048082711800891444
10.1	4.7671321747275135	4.7671321747275135	4.7671321747275135	0.09109212816951068	5.471930454255263	0.017028617164621847	9.602887099915876	497.22728677409236	0.629628534611519	0	0	0	0	5.022326747190036	-0.0013003986005857792	0	456.36567898914495	-0.04808282398992033
10.2	4.7671321747275135	4.7671321747275135	4.7671321747275135	0.09109212816949715	5.471930454229495	0.0170286171647327	9.602887099916236	497.2272867746785	0.6296285346105017	0	0	0	0	5.022325471060117	-0.0013003885699394786	0	456.36570828483406	-0.04808291702613162
10.3	4.7671321747275135	4.7671321747275135	4.7671321747275135	0.09109212816950972	5.4719304542535125	0.017028617164628963	9.602887099915902	497.22728677413215	0.6296285346114537	0	0	0	0	5.022326656980209	-0.0013003979188221267	0	456.365681179868	-0.04808283061810547
10.4	4.7671321747275135	4.7671321747275135	4.7671321747275135	0.09109212816951903	5.4719304542701614	0.01702861716456127	9.602887099915652	497.22728677375363	0.6296285346120744	0	0	0	0	5.022327516399035	-0.0013004044087305323	0	456.3656615391538	-0.04808277068055138
10.5	4.7671321747275135	4.7671321747275135	4.7671321747275135	0.0910921281695108	5.471930454253016	0.01702861716464051	9.602887099915872	497.2272867741438	0.6296285346113462	0	0	0	0	5.022326715557129	-0.0013003977458902684	0	456.36567991337995	-0.04808283249544898
10.6	4.7671321747275135	4.7671321747275135	4.7671321747275135	0.09109212816951745	5.4719304542662135	0.017028617164581695	9.602887099915693	497.2272867738436	0.6296285346118864	0	0	0	0	5.022327351708783	-0.0013004028793459784	0	456.3656653750121	-0.04808278503737637
10.7	4.767132174727514	4.767132174727514	4.767132174727514	0.0910921281695285	5.471930454287851	0.017028617164486212	9.602887099915401	497.2272867733513	0.6296285346127631	0	0	0	0	5.02232840156079	-0.0013004112968455705	0	456.36564135656363	-0.04808270715934072
10.8	4.7671321747275135	4.7671321747275135	4.7671321747275135	0.09109212816952954	5.47193045428954	0.017028617164480172	9.602887099915373	497.2272867733129	0.6296285346128182	0	0	0	0	5.022328495030008	-0.0013004119559563217	0	456.36563923472147	-0.048082701117741294
10.9	4.7671321747275135	4.7671321747275135	4.7671321747275135	0.09109212816953396	5.471930454298613	0.017028617164438726	9.602887099915254	497.22728677310636	0.6296285346131989	0	0	0	0	5.02232892407773	-0.0013004154839102628	0	456.36562942605804	-0.04808266848512183
11	4.7671321747275135	4.7671321747275135	4.7671321747275135	0.0910921281695346	5.471930454299701	0.01702861716443462	9.60288709991524	497.22728677308163	0.6296285346132366	0	0	0	0	5.022328981841969	-0.0013004159073108298	0	456.36562811575914	-0.04808266460383498
11.1	4.7671321747275135	4.7671321747275135	4.7671321747275135	0.09109212816953459	5.471930454299567	0.017028617164435565	9.60288709991524	497.2272867730847	0.6296285346132279	0	0	0	0	5.022328978072035	-0.001300415855806206	0	456.3656282124014	-0.04808266511170911
11.2	4.7671321747275135	4.7671321747275135	4.7671321747275135	0.09109212816953577	5.471930454301974	0.017028617164424588	9.602887099915208	497.2272867730299	0.6296285346133286	0	0	0	0	5.022329091946647	-0.0013004167923902383	0	456.365625613404	-0.04808265646074201
11.3	4.7671321747275135	4.7671321747275135	4.7671321747275135	0.09109212816953337	5.471930454296242	0.01702861716445322	9.602887099915272	497.2272867731605	0.6296285346130652	0	0	0	0	5.0223288392474	-0.0013004145700115657	0	456.365631405284	-0.04808267707725473
11.4	4.7671321747275135	4.7671321747275135	4.7671321747275135	0.09109212816953165	5.471930454292287	0.017028617164472744	9.60288709991532	497.22728677325057	0.6296285346128855	0	0	0	0	5.022328663273972	-0.0013004130363480299	0	456.36563543955566	-0.04808269130591263
11.5	4.7671321747275135	4.7671321747275135	4.7671321747275135	0.09109212816953409	5.471930454297832	0.01702861716444566	9.602887099915254	497.22728677312426	0.6296285346131346	0	0	0	0	5.022328912020966	-0.001300415187346625	0	456.36562974933435	-0.048082671386458394
11.6	4.7671321747275135	4.7671321747275135	4.7671321747275135	0.09109212816952801	5.471930454282941	0.017028617164522756	9.602887099915415	497.2272867734636	0.629628534612425	0	0	0	0	5.0223282712882025	-0.0013004094114804207	0	456.36564441935184	-0.04808272494053976
11.7	4.7671321747275135	4.7671321747275135	4.7671321747275135	0.09109212816951817	5.471930454259203	0.017028617164644173	9.602887099915677	497.2272867740043	0.6296285346113073	0	0	0	0	5.022327240713096	-0.0013004002041219628	0	456.365668013019	-0.04808281029623183
11.8	4.7671321747275135	4.7671321747275135	4.7671321747275135	0.0910921281695161	5.471930454254271	0.01702861716466912	9.602887099915733	497.2272867741167	0.6296285346110777	0	0	0	0	5.02232702485188	-0.0013003982906984073	0	456.3656729568399	-0.04808282803836713
11.9	4.7671321747275135	4.7671321747275135	4.7671321747275135	0.09109212816952778	5.471930454282359	0.017028617164525847	9.60288709991542	497.22728677347686	0.6296285346123965	0	0	0	0	5.022328246800866	-0.001300409185808514	0	456.36564498721197	-0.04808272705456008
12	4.7671321747275135	4.7671321747275135	4.7671321747275135	0.09109212816953012	5.471930454287488	0.01702861716450183	9.602887099915359	497.22728677336016	0.6296285346126174	0	0	0	0	5.022328482081877	-0.0013004111746091473	0	456.36563960183184	-0.04808270863395465
12.1	4.7671321747275135	4.7671321747275135	4.7671321747275135	0.09109212816953056	5.4719304542883735	0.01702861716449805	9.602887099915344	497.2272867733399	0.6296285346126519	0	0	0	0	5.022328524890342	-0.0013004115180390767	0	456.3656386228335	-0.04808270545776841
12.2	4.7671321747275135	4.7671321747275135	4.7671321747275135	0.09109212816953476	5.471930454298754	0.017028617164443916	9.602887099915232	497.22728677310334	0.6296285346131503	0	0	0	0	5.022328969664003	-0.0013004155443387376	0	456.3656284432935	-0.048082668134929944
12.3	4.7671321747275135	4.7671321747275135	4.7671321747275135	0.0910921281695349	5.471930454298825	0.017028617164444468	9.602887099915229	497.22728677310187	0.6296285346131452	0	0	0	0	5.022328977123246	-0.0013004155687202554	0	456.36562827293267	-0.0480826679151722
12.4	4.7671321747275135	4.7671321747275135	4.7671321747275135	0.09109212816953591	5.471930454301395	0.017028617164430767	9.602887099915202	497.2272867730433	0.6296285346132713	0	0	0	0	5.022329085861365	-0.001300416566675977	0	456.365625784831	-0.0480826586645395
12.5	4.767132174727513	4.767132174727513	4.767132174727513	0.09109212816953699	5.471930454304091	0.017028617164416476	9.602887099915176	497.2272867729819	0.629628534613403	0	0	0	0	5.022329200401747	-0.0013004176142876302	0	456.3656231637413	-0.04808264895339756
12.6	4.7671321747275135	4.7671321747275135	4.7671321747275135	0.09109212816953693	5.471930454303829	0.017028617164418187	9.602887099915177	497.2272867729879	0.6296285346133872	0	0	0	0	5.022329190923777	-0.0013004175125692146	0	456.3656233809467	-0.048082649899117674
12.7	4.7671321747275135	4.7671321747275135	4.7671321747275135	0.09109212816953757	5.47193045430556	0.01702861716440864	9.60288709991516	497.22728677294845	0.6296285346134751	0	0	0	0	5.022329262517697	-0.001300418184832669	0	456.36562174285103	-0.048082643665967074
12.8	4.7671321747275135	4.7671321747275135	4.7671321747275135	0.09109212816953774	5.471930454306036	0.01702861716440614	9.602887099915156	497.22728677293753	0.6296285346134981	0	0	0	0	5.022329282886867	-0.0013004183701427938	0	456.36562127695674	-0.048082641948906685
12.9	4.7671321747275135	4.7671321747275135	4.7671321747275135	0.09109212816953774	5.471930454306041	0.01702861716440618	9.602887099915154	497.22728677293736	0.6296285346134979	0	0	0	0	5.022329283445869	-0.0013004183723696497	0	456.3656212643997	-0.048082641929273945
13	4.7671321747275135	4.7671321747275135	4.7671321747275135	0.09109212816953802	5.471930454306803	0.017028617164401877	9.602887099915147	497.2272867729201	0.6296285346135374	0	0	0	0	5.022329314423623	-0.0013004186678370626	0	456.36562055570084	-0.04808263918949022
13.1	4.7671321747275135	4.7671321747275135	4.7671321747275135	0.09109212816953803	5.471930454306831	0.01702861716440176	9.602887099915145	497.22728677291946	0.6296285346135386	0	0	0	0	5.022329315906353	-0.0013004186793698633	0	456.3656205218961	-0.04808263908326081
13.2	4.7671321747275135	4.7671321747275135	4.7671321747275135	0.0910921281695381	5.471930454306976	0.017028617164400933	9.602887099915145	497.2272867729162	0.6296285346135462	0	0	0	0	5.022329321761027	-0.001300418735623905	0	456.36562038806113	-0.04808263856190446
13.3	4.767132174727513	4.767132174727513	4.767132174727513	0.09109212816953818	5.471930454307197	0.017028617164399667	9.602887099915142	497.22728677291116	0.6296285346135578	0	0	0	0	5.022329330668035	-0.0013004188214686776	0	456.3656201843429	-0.04808263776597828
13.4	4.7671321747275135	4.7671321747275135	4.7671321747275135	0.09109212816953818	5.471930454307178	0.017028617164399785	9.602887099915144	497.2272867729116	0.6296285346135566	0	0	0	0	5.022329330075907	-0.0013004188148126163	0	456.36562019794815	-0.04808263782806953
13.5	4.7671321747275135	4.7671321747275135	4.7671321747275135	0.09109212816953807	5.471930454306663	0.01702861716440289	9.602887099915147	497.2272867729234	0.6296285346135279	0	0	0	0	5.022329310362392	-0.0013004186162276683	0	456.36562064903455	-0.04808263967098292
13.6	4.7671321747275135	4.7671321747275135	4.7671321747275135	0.0910921281695364	5.471930454299026	0.01702861716444868	9.602887099915192	497.22728677309783	0.6296285346131054	0	0	0	0	5.022329017243073	-0.0013004156762880248	0	456.36562735522125	-0.04808266695032576
13.7	4.7671321747275135	4.7671321747275135	4.7671321747275135	0.09109212816953352	5.471930454286074	0.017028617164526274	9.602887099915268	497.2272867733938	0.6296285346123894	0	0	0	0	5.022328520070126	-0.001300410691145298	0	456.365638729833	-0.048082713206600056
13.8	4.7671321747275135	4.7671321747275135	4.7671321747275135	0.0910921281695305	5.471930454272369	0.017028617164608358	9.60288709991535	497.2272867737069	0.6296285346116322	0	0	0	0	5.022327993922008	-0.001300405416606577	0	456.36565076734877	-0.04808276214800907
13.9	4.7671321747275135	4.7671321747275135	4.7671321747275135	0.09109212816952832	5.471930454262472	0.01702861716466757	9.602887099915407	497.22728677393303	0.6296285346110858	0	0	0	0	5.022327613877166	-0.0013004016084789507	0	456.36565946224715	-0.04808279748275601
14	4.7671321747275135	4.7671321747275135	4.7671321747275135	0.09109212816952797	5.471930454260944	0.017028617164676577	9.602887099915417	497.227286773968	0.6296285346110027	0	0	0	0	5.022327555014051	-0.0013004010225695084	0	456.3656608090073	-0.04808280291904416
14.1	4.7671321747275135	4.7671321747275135	4.7671321747275135	0.09109212816953048	5.471930454272346	0.01702861716460804	9.602887099915351	497.22728677370753	0.6296285346116351	0	0	0	0	5.022327992411117	-0.0013004054146853392	0	456.36565080210784	-0.048082762165076724
14.2	4.7671321747275135	4.7671321747275135	4.7671321747275135	0.09109212816953499	5.47193045429271	0.017028617164486188	9.60288709991523	497.2272867732423	0.6296285346127595	0	0	0	0	5.022328774239224	-0.0013004132498460501	0	456.3656329150314	-0.0480826894645868
14.3	4.7671321747275135	4.7671321747275135	4.7671321747275135	0.09109212816953592	5.4719304542967775	0.017028617164463106	9.602887099915204	497.22728677314933	0.6296285346129722	0	0	0	0	5.022328932079908	-0.0013004147957649636	0	456.3656293034761	-0.04808267512315651
14.4	4.7671321747275135	4.7671321747275135	4.7671321747275135	0.09109212816953663	5.471930454299895	0.017028617164444433	9.602887099915186	497.2272867730781	0.6296285346131446	0	0	0	0	5.02232905178496	-0.0013004159956852464	0	456.3656265648187	-0.04808266398938609
14.5	4.7671321747275135	4.7671321747275135	4.7671321747275135	0.09109212816953748	5.471930454303872	0.017028617164420248	9.602887099915163	497.2272867729872	0.6296285346133679	0	0	0	0	5.022329204087737	-0.0013004175325224804	0	456.36562308047826	-0.04808264972867909
14.6	4.7671321747275135	4.7671321747275135	4.7671321747275135	0.09109212816953756	5.471930454304236	0.017028617164418315	9.60288709991516	497.22728677297886	0.6296285346133855	0	0	0	0	5.022329218413998	-0.0013004176689609189	0	456.3656227526339	-0.048082648463289905
14.7	4.7671321747275135	4.7671321747275135	4.7671321747275135	0.0910921281695379	5.4719304543059275	0.017028617164407747	9.60288709991515	497.2272867729402	0.6296285346134832	0	0	0	0	5.022329282662232	-0.0013004183259306215	0	456.3656212828834	-0.048082642366451135
14.8	4.7671321747275135	4.7671321747275135	4.7671321747275135	0.09109212816953803	5.471930454306407	0.01702861716440485	9.602887099915149	497.2272867729293	0.6296285346135099	0	0	0	0	5.022329301014285	-0.0013004185107238556	0	456.3656208630304	-0.04808264065172957
14.9	4.7671321747275135	4.7671321747275135	4.7671321747275135	0.09109212816953809	5.4719304543066505	0.017028617164403338	9.602887099915145	497.2272867729237	0.629628534613524	0	0	0	0	5.022329310301702	-0.0013004186053813967	0	456.365620650572	-0.048082639773300864
15	4.767132174727513	4.767132174727513	4.767132174727513	0.09109212816953818	5.471930454307085	0.01702861716440056	9.602887099915142	497.22728677291377	0.6296285346135495	0	0	0	0	5.02232932678078	-0.001300418775388181	0	456.36562027361055	-0.04808263819548298
15.1	4.7671321747275135	4.7671321747275135	4.7671321747275135	0.09109212816953823	5.4719304543071265	0.017028617164400316	9.602887099915144	497.2272867729128	0.6296285346135517	0	0	0	0	5.022329328363691	-0.001300418790916577	0	456.365620237388	-0.04808263805143892
15.2	4.7671321747275135	4.7671321747275135	4.7671321747275135	0.09109212816953824	5.471930454307285	0.0170286171643993	9.602887099915142	497.2272867729092	0.6296285346135612	0	0	0	0	5.0223293342927295	-0.0013004188527504902	0	456.3656201017737	-0.048082637477550774
15.3	4.7671321747275135	4.7671321747275135	4.7671321747275135	0.09109212816953827	5.471930454307338	0.017028617164398952	9.60288709991514	497.227286772908	0.6296285346135644	0	0	0	0	5.022329336401216	-0.0013004188745110554	0	456.36562005355	-0.0480826372756237
15.4	4.7671321747275135	4.7671321747275135	4.7671321747275135	0.09109212816953827	5.471930454307356	0.017028617164398834	9.60288709991514	497.2272867729075	0.6296285346135656	0	0	0	0	5.022329337110148	-0.0013004188818353693	0	456.3656200373409	-0.04808263720767341
15.5	4.7671321747275135	4.7671321747275135	4.7671321747275135	0.09109212816953827	5.471930454307404	0.01702861716439853	9.60288709991514	497.22728677290644	0.6296285346135685	0	0	0	0	5.0223293388401355	-0.001300418900040253	0	456.3656199977843	-0.04808263703871286
15.6	4.7671321747275135	4.7671321747275135	4.7671321747275135	0.09109212816953828	5.47193045430741	0.0170286171643985	9.60288709991514	497.2272867729063	0.6296285346135687	0	0	0	0	5.022329339024158	-0.0013004189019031518	0	456.3656199935946	-0.048082637021439174
15.7	4.7671321747275135	4.7671321747275135	4.7671321747275135	0.09109212816953878	5.471930454307006	0.01702861716440266	9.602887099915128	497.2272867729157	0.6296285346135301	0	0	0	0	5.022329318897186	-0.0013004186850687771	0	456.36562045391616	-0.04808263903455227
15.8	4.7671321747275135	4.7671321747275135	4.7671321747275135	0.09109212816954479	5.471930454302087	0.017028617164453086	9.602887099914966	497.2272867730304	0.6296285346130621	0	0	0	0	5.022329074601698	-0.0013004160542294681	0	456.3656260409901	-0.04808266345945242
15.9	4.7671321747275135	4.7671321747275135	4.7671321747275135	0.09109212816955577	5.471930454293077	0.017028617164545394	9.602887099914675	497.2272867732407	0.6296285346122056	0	0	0	0	5.022328627338896	-0.0013004112378387385	0	456.36563626994536	-0.04808270817515346
16	4.7671321747275135	4.7671321747275135	4.7671321747275135	0.09109212816956948	5.471930454281843	0.01702861716466045	9.602887099914309	497.2272867735029	0.6296285346111379	0	0	0	0	5.02232806982768	-0.0013004052344934138	0	456.36564902029266	-0.04808276391060295
16.1	4.767132174727513	4.767132174727513	4.767132174727513	0.09109212816958362	5.471930454270247	0.017028617164779113	9.602887099913929	497.22728677377336	0.6296285346100366	0	0	0	0	5.022327494786945	-0.0013003990427903186	0	456.3656621715428	-0.04808282139474843
16.2	4.7671321747275135	4.7671321747275135	4.7671321747275135	0.09109212816959592	5.471930454260158	0.017028617164882246	9.6028870999136	497.2272867740088	0.6296285346090795	0	0	0	0	5.0223269949355895	-0.0013003936613262793	0	456.36567360320663	-0.048082871356537465
16.3	4.7671321747275135	4.7671321747275135	4.7671321747275135	0.09109212816960409	5.471930454253439	0.017028617164950712	9.602887099913382	497.22728677416563	0.6296285346084443	0	0	0	0	5.022326662992509	-0.0013003900886981203	0	456.36568119479483	-0.0480829045249176
16.4	4.7671321747275135	4.7671321747275135	4.7671321747275135	0.09109212816960587	5.471930454251957	0.017028617164965367	9.602887099913334	497.22728677420025	0.6296285346083081	0	0	0	0	5.022326591676603	-0.0013003893235026675	0	456.3656828258183	-0.04808291162883639
16.5	4.767132174727513	4.767132174727513	4.767132174727513	0.09109212816959895	5.4719304542575795	0.01702861716490708	9.602887099913518	497.22728677406906	0.6296285346088492	0	0	0	0	5.022326873706764	-0.0013003923643367464	0	456.3656763757876	-0.0480828833972414
16.6	4.7671321747275135	4.7671321747275135	4.7671321747275135	0.09109212816958108	5.47193045427217	0.017028617164756704	9.602887099913996	497.2272867737286	0.6296285346102446	0	0	0	0	5.022327601801894	-0.0013004002097971815	0	456.3656597242137	-0.04808281055908017
16.7	4.7671321747275135	4.7671321747275135	4.7671321747275135	0.09109212816955571	5.471930454292942	0.017028617164543795	9.602887099914673	497.22728677324386	0.6296285346122203	0	0	0	0	5.022328633320949	-0.0013004113181780597	0	456.3656361332609	-0.048082707428073065
16.8	4.7671321747275135	4.7671321747275135	4.7671321747275135	0.09109212816954691	5.471930454300357	0.017028617164471273	9.60288709991491	497.22728677307083	0.6296285346128931	0	0	0	0	5.022328986516564	-0.001300415102885221	0	456.36562805546504	-0.048082672291957895
16.9	4.7671321747275135	4.7671321747275135	4.7671321747275135	0.09109212816954246	5.471930454304027	0.01702861716443379	9.602887099915026	497.22728677298517	0.6296285346132409	0	0	0	0	5.022329168297817	-0.0013004170598937981	0	456.36562389810666	-0.04808265412297569
17	4.7671321747275135	4.7671321747275135	4.7671321747275135	0.09109212816954013	5.471930454305933	0.01702861716441419	9.602887099915089	497.2272867729407	0.6296285346134228	0	0	0	0	5.022329263214689	-0.0013004180824747042	0	456.3656217273655	-0.04808264462921637
17.1	4.7671321747275135	4.7671321747275135	4.7671321747275135	0.09109212816953928	5.471930454306629	0.017028617164407015	9.602887099915112	497.22728677292434	0.6296285346134894	0	0	0	0	5.022329298009673	-0.0013004184574268516	0	456.36562093160865	-0.04808264114812384
17.2	4.7671321747275135	4.7671321747275135	4.7671321747275135	0.09109212816953867	5.471930454307109	0.017028617164401832	9.602887099915128	497.22728677291326	0.6296285346135376	0	0	0	0	5.022329323048079	-0.0013004187285258972	0	456.36562035898277	-0.048082638631135106
17.3	4.7671321747275135	4.7671321747275135	4.7671321747275135	0.09109212816953849	5.471930454307246	0.0170286171644004	9.602887099915133	497.2272867729101	0.6296285346135508	0	0	0	0	5.022329329978152	-0.0013004188032507023	0	456.3656202004681	-0.04808263793738351
17.4	4.7671321747275135	4.7671321747275135	4.7671321747275135	0.09109212816953835	5.471930454307364	0.017028617164399098	9.602887099915138	497.22728677290735	0.629628534613563	0	0	0	0	5.022329336248021	-0.001300418871439813	0	456.3656200570813	-0.04808263730425021
17.5	4.7671321747275135	4.7671321747275135	4.7671321747275135	0.0910921281695383	5.4719304543073966	0.01702861716439876	9.602887099915138	497.22728677290655	0.629628534613566	0	0	0	0	5.022329337870944	-0.0013004188889931575	0	456.3656200199947	-0.048082637141276585
17.6	4.7671321747275135	4.7671321747275135	4.7671321747275135	0.09109212816953827	5.4719304543074205	0.017028617164398473	9.60288709991514	497.227286772906	0.6296285346135688	0	0	0	0	5.022329339243564	-0.0013004189039659629	0	456.36561998857485	-0.04808263700225837
17.7	4.7671321747275135	4.7671321747275135	4.7671321747275135	0.09109212816953825	5.471930454307427	0.017028617164398383	9.60288709991514	497.22728677290587	0.6296285346135696	0	0	0	0	5.022329339666486	-0.0013004189085583013	0	456.36561997886434	-0.04808263695961486
17.8	4.7671321747275135	4.7671321747275135	4.7671321747275135	0.09109212816953825	5.471930454307432	0.01702861716439833	9.60288709991514	497.2272867729057	0.62962853461357	0	0	0	0	5.022329339943857	-0.0013004189115885382	0	456.36561997252545	-0.04808263693148596
17.9	4.7671321747275135	4.7671321747275135	4.7671321747275135	0.09109212816953828	5.471930454307435	0.017028617164398307	9.602887099915138	497.22728677290564	0.6296285346135703	0	0	0	0	5.02232934005757	-0.0013004189128339688	0	456.365619969921	-0.048082636919939976
18	4.767132174727514	4.767132174727514	4.767132174727514	0.09109212816954185	5.471930454307781	0.017028617164400354	9.602887099915042	497.22728677289905	0.629628534613551	0	0	0	0	5.022329333193292	-0.0013004188368023891	0	456.3656201268845	-0.0480826376259841
18.1	4.7671321747275135	4.7671321747275135	4.7671321747275135	0.09109212816962318	5.471930454315647	0.017028617164447424	9.602887099912875	497.22728677274785	0.6296285346131049	0	0	0	0	5.022329175235866	-0.0013004170873449192	0	456.3656237388759	-0.048082653871527416
18.2	4.767132174727513	4.767132174727513	4.767132174727513	0.09109212816979516	5.471930454332261	0.01702861716454694	9.602887099908289	497.22728677242856	0.6296285346121617	0	0	0	0	5.022328841279186	-0.0013004133886493107	0	456.3656313754138	-0.04808268821777652
18.3	4.7671321747275135	4.7671321747275135	4.7671321747275135	0.09109212817003541	5.471930454355448	0.017028617164685986	9.602887099901881	497.22728677198313	0.6296285346108441	0	0	0	0	5.022328374747217	-0.0013004082216951259	0	456.3656420435297	-0.048082736198331824
18.4	4.7671321747275135	4.7671321747275135	4.7671321747275135	0.0910921281703216	5.471930454383033	0.01702861716485163	9.602887099894252	497.2272867714533	0.6296285346092746	0	0	0	0	5.022327819063927	-0.0013004020674619264	0	456.3656547502554	-0.04808279334679375
18.5	4.767132174727513	4.767132174727513	4.767132174727513	0.09109212817063135	5.471930454412838	0.01702861716503093	9.60288709988599	497.22728677088094	0.6296285346075756	0	0	0	0	5.022327217653282	-0.0013003954069292745	0	456.36566850262227	-0.04808285519676272
18.6	4.767132174727514	4.767132174727514	4.767132174727514	0.09109212817094231	5.471930454442692	0.01702861716521097	9.6028870998777	497.22728677030807	0.6296285346058698	0	0	0	0	5.0223266139392475	-0.0013003887210767326	0	456.36568230766227	-0.04808291728183913
18.7	4.7671321747275135	4.7671321747275135	4.7671321747275135	0.09109212817123212	5.471930454470415	0.017028617165378814	9.602887099869971	497.2272867697763	0.6296285346042795	0	0	0	0	5.022326051345791	-0.0013003824908838625	0	456.3656951724069	-0.04808297513562341
18.8	4.7671321747275135	4.7671321747275135	4.7671321747275135	0.09109212817147842	5.471930454493833	0.017028617165521537	9.602887099863404	497.22728676932763	0.6296285346029274	0	0	0	0	5.022325573296879	-0.0013003771973302256	0	456.3657061038878	-0.04808302429171597
18.9	4.7671321747275135	4.7671321747275135	4.7671321747275135	0.09109212817165888	5.47193045451077	0.017028617165626207	9.602887099858592	497.227286769004	0.6296285346019359	0	0	0	0	5.022325223216479	-0.001300373321395385	0	456.3657141091366	-0.048083060283717234
19	4.7671321747275135	4.7671321747275135	4.7671321747275135	0.0910921281717511	5.471930454519051	0.017028617165679893	9.602887099856133	497.2272867688472	0.6296285346014278	0	0	0	0	5.0223250445285545	-0.0013003713440589023	0	456.3657181951849	-0.04808307864522762
19.1	4.7671321747275135	4.7671321747275135	4.7671321747275135	0.09109212817173275	5.4719304545165	0.017028617165669665	9.602887099856622	497.22728676889903	0.6296285346015253	0	0	0	0	5.022325080657073	-0.0013003717463003395	0	456.36571736906444	-0.04808307490984754
19.2	4.7671321747275135	4.7671321747275135	4.7671321747275135	0.09109212817158148	5.471930454500941	0.0170286171655826	9.602887099860656	497.2272867692015	0.6296285346023512	0	0	0	0	5.0223253750260035	-0.0013003750090992583	0	456.3657106378069	-0.048083044611177406
19.3	4.7671321747275135	4.7671321747275135	4.7671321747275135	0.0910921281712749	5.4719304544702	0.01702861716540576	9.602887099868832	497.2272867697963	0.6296285346040278	0	0	0	0	5.02232597105931	-0.0013003816134352216	0	456.3656970084437	-0.04808298328281764
19.4	4.7671321747275135	4.7671321747275135	4.7671321747275135	0.09109212817079072	5.4719304544220995	0.01702861716512622	9.602887099881746	497.2272867707254	0.6296285346066778	0	0	0	0	5.022326912180958	-0.0013003920402877912	0	456.36567548800673	-0.048082886458368654
19.5	4.7671321747275135	4.7671321747275135	4.7671321747275135	0.09109212817012792	5.471930454357153	0.017028617164743014	9.602887099899423	497.22728677197654	0.6296285346103099	0	0	0	0	5.0223281998472205	-0.001300406304148989	0	456.36564604317533	-0.04808275400336971
19.6	4.7671321747275135	4.7671321747275135	4.7671321747275135	0.09109212816988246	5.471930454347459	0.01702861716459118	9.602887099905969	497.22728677211023	0.6296285346117366	0	0	0	0	5.022328667153708	-0.0013004114419073666	0	456.3656353568836	-0.048082706296526924
19.7	4.7671321747275135	4.7671321747275135	4.7671321747275135	0.09109212816989462	5.4719304543606535	0.017028617164590344	9.602887099905644	497.22728677181175	0.6296285346117345	0	0	0	0	5.022328635543423	-0.001300411059368374	0	456.3656360793119	-0.04808270985103075
19.8	4.7671321747275135	4.7671321747275135	4.7671321747275135	0.09109212816971077	5.471930454333319	0.017028617164491014	9.602887099910545	497.227286772373	0.629628534612684	0	0	0	0	5.022328998964439	-0.0013004151102296128	0	456.36562776934704	-0.048082672232771045
19.9	4.7671321747275135	4.7671321747275135	4.7671321747275135	0.09109212816967356	5.471930454333893	0.017028617164464625	9.602887099911536	497.2272867723465	0.6296285346129302	0	0	0	0	5.02232906834881	-0.001300415867463271	0	456.36562618261246	-0.048082665201797214
20	4.7671321747275135	4.7671321747275135	4.7671321747275135	0.09109212816966082	5.471930454333652	0.017028617164456295	9.602887099911873	497.2272867723475	0.6296285346130084	0	0	0	0	5.022329092399481	-0.0013004161311658486	0	456.3656256326005	-0.048082662753200604
20.1	4.7671321747275135	4.7671321747275135	4.7671321747275135	0.09109212816959392	5.471930454319943	0.017028617164423682	9.602887099913659	497.22728677263825	0.6296285346133236	0	0	0	0	5.022329227216622	-0.0013004176438510234	0	456.36562254999745	-0.0480826487050098
20.2	4.7671321747275135	4.7671321747275135	4.7671321747275135	0.09109212816959246	5.4719304543220675	0.01702861716441973	9.602887099913698	497.22728677258897	0.629628534613359	0	0	0	0	5.022329228490101	-0.00130041765184108	0	456.36562252084457	-0.048082648631251085
20.3	4.767132174727513	4.767132174727513	4.767132174727513	0.09109212816957345	5.471930454317093	0.017028617164412042	9.602887099914202	497.2272867726963	0.6296285346134345	0	0	0	0	5.022329267561276	-0.001300418093027097	0	456.36562162750243	-0.048082644533809026
20.4	4.7671321747275135	4.7671321747275135	4.7671321747275135	0.09109212816955836	5.471930454313578	0.017028617164405076	9.602887099914605	497.2272867727716	0.6296285346135023	0	0	0	0	5.022329298206795	-0.0013004184380095304	0	456.36562092677906	-0.048082641329929
20.5	4.7671321747275135	4.7671321747275135	4.7671321747275135	0.0910921281695591	5.471930454314525	0.01702861716440417	9.602887099914584	497.22728677275023	0.6296285346135102	0	0	0	0	5.022329296115513	-0.0013004184125160767	0	456.36562097455686	-0.048082641566843005
20.6	4.7671321747275135	4.7671321747275135	4.7671321747275135	0.09109212816954848	5.471930454310919	0.017028617164401152	9.602887099914867	497.22728677282925	0.6296285346135411	0	0	0	0	5.022329318547608	-0.0013004186678899545	0	456.3656204616629	-0.04808263919493744
20.7	4.7671321747275135	4.7671321747275135	4.7671321747275135	0.09109212816954615	5.471930454310473	0.017028617164399767	9.60288709991493	497.2272867728386	0.6296285346135544	0	0	0	0	5.022329323268509	-0.001300418720742339	0	456.3656203537189	-0.048082638704085925
20.8	4.7671321747275135	4.7671321747275135	4.7671321747275135	0.09109212816954551	5.4719304543103755	0.017028617164399372	9.602887099914948	497.22728677284067	0.6296285346135582	0	0	0	0	5.0223293245067975	-0.0013004187345579308	0	456.36562032542304	-0.0480826385757899
20.9	4.7671321747275135	4.7671321747275135	4.7671321747275135	0.09109212816954153	5.471930454308796	0.017028617164398695	9.602887099915055	497.2272867728756	0.6296285346135656	0	0	0	0	5.022329333062975	-0.001300418832545727	0	456.3656201298216	-0.048082637665648506
21	4.7671321747275135	4.7671321747275135	4.7671321747275135	0.09109212816954142	5.47193045430889	0.017028617164398355	9.602887099915058	497.2272867728734	0.6296285346135688	0	0	0	0	5.0223293332139285	-0.0013004188339303649	0	456.3656201263632	-0.04808263765276448
21.1	4.7671321747275135	4.7671321747275135	4.7671321747275135	0.09109212816954204	5.471930454309358	0.017028617164397925	9.602887099915039	497.2272867728629	0.6296285346135725	0	0	0	0	5.0223293316879305	-0.0013004188159335423	0	456.36562016123787	-0.04808263781996745
21.2	4.7671321747275135	4.7671321747275135	4.7671321747275135	0.09109212816962824	5.471930454357777	0.01702861716437775	9.602887099912742	497.227286771782	0.6296285346137243	0	0	0	0	5.022329134819512	-0.0013004165275438359	0	456.36562466178833	-0.048082659077523696
21.3	4.7671321747275135	4.7671321747275135	4.7671321747275135	0.09109212816980432	5.47193045445641	0.017028617164337297	9.602887099908044	497.2272867695802	0.6296285346140278	0	0	0	0	5.022328732866268	-0.0013004118558805839	0	456.36563385073816	-0.048082702473944514
21.4	4.7671321747275135	4.7671321747275135	4.7671321747275135	0.09109212817000818	5.471930454570422	0.017028617164290962	9.602887099902604	497.22728676703525	0.6296285346143746	0	0	0	0	5.022328267647643	-0.0013004064493307105	0	456.3656444859923	-0.0480827526968954
21.5	4.7671321747275135	4.7671321747275135	4.7671321747275135	0.09109212817017771	5.471930454664973	0.01702861716425316	9.602887099898084	497.227286764925	0.6296285346146564	0	0	0	0	5.022327880983081	-0.0013004019562811405	0	456.36565332545587	-0.04808279443404186
21.6	4.7671321747275135	4.7671321747275135	4.7671321747275135	0.09109212817025081	5.471930454705226	0.0170286171642383	9.602887099896133	497.22728676402687	0.6296285346147649	0	0	0	0	5.022327714692028	-0.0013004000251187978	0	456.365657127034	-0.04808281237304938
21.7	4.7671321747275135	4.7671321747275135	4.7671321747275135	0.09109212817016535	5.471930454656344	0.017028617164260785	9.602887099898414	497.22728676511866	0.6296285346145917	0	0	0	0	5.02232791059393	-0.0013004023042306068	0	456.36565264863174	-0.04808279120158344
21.8	4.7671321747275135	4.7671321747275135	4.7671321747275135	0.09109212816986662	5.471930454487804	0.01702861716433286	9.602887099906383	497.2272867688816	0.6296285346140456	0	0	0	0	5.022328593443623	-0.0013004102433174913	0	456.365637038259	-0.04808271745298296
21.9	4.767132174727514	4.767132174727514	4.767132174727514	0.09109212816969953	5.471930454399336	0.017028617164355768	9.602887099910838	497.2272867708532	0.6296285346138983	0	0	0	0	5.022328970720399	-0.001300414616696402	0	456.36562841331624	-0.048082676828181445
22	4.7671321747275135	4.7671321747275135	4.7671321747275135	0.09109212816967682	5.471930454391273	0.017028617164347202	9.602887099911442	497.2272867710302	0.6296285346139846	0	0	0	0	5.02232901882671	-0.0013004151653565983	0	456.3656273134354	-0.04808267173220414
22.1	4.7671321747275135	4.7671321747275135	4.7671321747275135	0.09109212816959933	5.4719304543444185	0.017028617164375582	9.60288709991351	497.2272867720783	0.6296285346137549	0	0	0	0	5.022329198504611	-0.0013004172613676217	0	456.36562320594294	-0.04808265226125955
22.2	4.7671321747275135	4.7671321747275135	4.7671321747275135	0.09109212816958165	5.471930454335499	0.017028617164376262	9.602887099913982	497.2272867722767	0.6296285346137552	0	0	0	0	5.0223292380275835	-0.0013004177185214202	0	456.36562230239366	-0.048082648014769254
22.3	4.7671321747275135	4.7671321747275135	4.7671321747275135	0.0910921281695664	5.471930454325988	0.017028617164382937	9.602887099914387	497.2272867724896	0.6296285346137	0	0	0	0	5.022329273584739	-0.0013004181339836632	0	456.3656214895363	-0.0480826441552778
22.4	4.7671321747275135	4.7671321747275135	4.7671321747275135	0.0910921281695519	5.4719304543166825	0.01702861716438988	9.602887099914776	497.2272867726981	0.6296285346136422	0	0	0	0	5.022329307710205	-0.0013004185331981423	0	456.36562070939743	-0.04808264044671663
22.5	4.767132174727513	4.767132174727513	4.767132174727513	0.09109212816954998	5.471930454315807	0.017028617164389574	9.602887099914826	497.22728677271755	0.6296285346136457	0	0	0	0	5.022329311921258	-0.0013004185816918022	0	456.36562061310167	-0.048082639996297485
22.6	4.7671321747275135	4.7671321747275135	4.7671321747275135	0.09109212816954347	5.4719304543111615	0.017028617164394397	9.602887099915	497.2272867728219	0.6296285346136041	0	0	0	0	5.022329327601676	-0.001300418766185458	0	456.3656202546717	-0.04808263828231808
22.7	4.7671321747275135	4.7671321747275135	4.7671321747275135	0.09109212816954189	5.471930454310197	0.017028617164394983	9.602887099915042	497.22728677284346	0.6296285346135994	0	0	0	0	5.022329331232785	-0.0013004188085840396	0	456.3656201717057	-0.0480826378884321
22.8	4.7671321747275135	4.7671321747275135	4.7671321747275135	0.09109212816954067	5.471930454309293	0.017028617164395982	9.602887099915074	497.2272867728637	0.6296285346135906	0	0	0	0	5.022329334227192	-0.0013004188438601758	0	456.3656201032762	-0.04808263756071043
22.9	4.7671321747275135	4.7671321747275135	4.7671321747275135	0.0910921281695394	5.471930454308343	0.017028617164397093	9.602887099915108	497.2272867728851	0.629628534613581	0	0	0	0	5.022329337313005	-0.0013004188802699906	0	456.3656200327139	-0.0480826372224794
23	4.7671321747275135	4.7671321747275135	4.7671321747275135	0.09109212816953921	5.471930454308252	0.01702861716439711	9.602887099915113	497.22728677288717	0.6296285346135809	0	0	0	0	5.022329337684072	-0.001300418884580575	0	456.3656200242022	-0.048082637182463424
23.1	4.7671321747275135	4.7671321747275135	4.7671321747275135	0.0910921281695387	5.4719304543078024	0.01702861716439776	9.602887099915128	497.2272867728974	0.6296285346135753	0	0	0	0	5.022329339050728	-0.0013004189007937087	0	456.36561999296384	-0.04808263703184396
23.2	4.7671321747275135	4.7671321747275135	4.7671321747275135	0.09109212816953853	5.4719304543076985	0.01702861716439786	9.602887099915133	497.2272867728996	0.6296285346135743	0	0	0	0	5.0223293393837825	-0.0013004189047235673	0	456.3656199853601	-0.04808263699535732
23.3	4.7671321747275135	4.7671321747275135	4.7671321747275135	0.0910921281695385	5.471930454307666	0.01702861716439789	9.602887099915135	497.22728677290036	0.6296285346135742	0	0	0	0	5.022329339500268	-0.0013004189060928373	0	456.36561998270173	-0.048082636982633695
23.4	4.767132174727514	4.767132174727514	4.767132174727514	0.09109212816954577	5.471930454314967	0.0170286171643837	9.602887099914941	497.2272867727354	0.6296285346137013	0	0	0	0	5.022329319261849	-0.0013004186636786275	0	456.3656204452868	-0.04808263923494551
23.5	4.767132174727514	4.767132174727514	4.767132174727514	0.09109212816956179	5.471930454331059	0.017028617164352496	9.602887099914511	497.2272867723717	0.6296285346139809	0	0	0	0	5.022329274609045	-0.0013004181288895362	0	456.3656214659079	-0.04808264420379155
23.6	4.7671321747275135	4.7671321747275135	4.7671321747275135	0.09109212816958087	5.471930454350216	0.017028617164315397	9.602887099914003	497.2272867719388	0.6296285346143135	0	0	0	0	5.022329221420714	-0.0013004174919079598	0	456.36562268162453	-0.04808265012213781
23.7	4.7671321747275135	4.7671321747275135	4.7671321747275135	0.09109212816959734	5.471930454366712	0.017028617164283517	9.602887099913564	497.227286771566	0.6296285346145991	0	0	0	0	5.022329175575714	-0.0013004169429162973	0	456.3656237294966	-0.048082655222950375
23.8	4.7671321747275135	4.7671321747275135	4.7671321747275135	0.09109212816960548	5.471930454374823	0.017028617164267974	9.602887099913348	497.2272867713827	0.6296285346147383	0	0	0	0	5.022329152952902	-0.001300416672096946	0	456.3656242465839	-0.04808265773919527
23.9	4.7671321747275135	4.7671321747275135	4.7671321747275135	0.09109212816959959	5.471930454368822	0.017028617164279877	9.602887099913502	497.2272867715183	0.6296285346146314	0	0	0	0	5.022329169431138	-0.0013004168696323039	0	456.36562386994626	-0.04808265590383853
24	4.7671321747275135	4.7671321747275135	4.7671321747275135	0.09109212816957399	5.471930454342985	0.017028617164330347	9.602887099914186	497.2272867721022	0.6296285346141791	0	0	0	0	5.022329240889278	-0.001300417725704768	0	456.36562223664345	-0.048082647949846194
