0	4.7671321747275135	4.7671321747275135	4.7671321747275135	0.09109212816953825	5.471930454307437	0.017028617164398283	9.60288709991514	497.2272867729056	0.6296285346135705	0	0	0	0	0	0	0	0	0
0.1	4.7671321747275135	4.7671321747275135	4.7671321747275135	0.09109212816953825	5.471930454307437	0.017028617164398283	9.60288709991514	497.2272867729056	0.6296285346135705	0	0	0	0	0	0	-5059365295533344e-21	-0.00026831712949910893	0
0.2	4.7671321747275135	4.7671321747275135	4.7671321747275135	0.09109212816953825	5.471930454307437	0.017028617164398283	9.60288709991514	497.2272867729056	0.6296285346135705	0	0	0	0	-26857035293828864e-22	0	-915616626313445e-20	-0.0005108680096754435	0
0.3	4.7671321747275135	4.7671321747275135	4.7671321747275135	0.09109212816953825	5.471930454307437	0.017028617164398283	9.60288709991514	497.2272867729056	0.6296285346135705	0	0	0	0	-4428000492059698e-21	0	-1247353377471076e-20	-0.0007378821415972025	0
0.4	4.7671321747275135	4.7671321747275135	4.7671321747275135	0.09109212816953825	5.4719304543074365	0.017028617164398283	9.60288709991514	497.22728677290564	0.6296285346135705	0	0	0	0	-59580825078545715e-22	0	-15159774158208259e-21	-0.0009500577752930351	0
0.5	4.7671321747275135	4.7671321747275135	4.7671321747275135	0.09109212816953827	5.4719304543074365	0.017028617164398283	9.60288709991514	497.2272867729056	0.6296285346135705	0	0	0	0	-7239120410832602e-21	0	-17334962801549116e-21	-0.0011460827236340469	-10875342282846226e-22
0.6	4.7671321747275135	4.7671321747275135	4.7671321747275135	0.09109212816953824	5.471930454307437	0.017028617164398283	9.60288709991514	497.2272867729056	0.6296285346135705	0	0	0	0	-8291436078070957e-21	0	-19096430399875995e-21	-0.001324861793596892	-11838516927948537e-22
0.7	4.7671321747275135	4.7671321747275135	4.7671321747275135	0.09109212816953824	5.471930454307438	0.017028617164398283	9.60288709991514	497.2272867729056	0.6296285346135705	0	0	0	0	-9148891251207548e-21	0	-20522534600059812e-21	-0.0014860368776151212	-12572121273335032e-22
0.8	4.7671321747275135	4.7671321747275135	4.7671321747275135	0.09109212816953824	5.471930454307438	0.017028617164398283	9.60288709991514	497.2272867729056	0.6296285346135705	0	0	0	0	-984579652609771e-20	0	-21678107792209855e-21	-0.001629853086329204	-1312571625360833e-21
0.9	4.767132174727514	4.767132174727514	4.767132174727514	0.09109212816953824	5.471930454307438	0.017028617164398283	9.60288709991514	497.2272867729056	0.6296285346135705	0	0	0	0	-10410173136984466e-21	0	-2261251666537243e-20	-0.0017571727443980133	-13536679835849996e-22
1	4.7671321747275135	4.7671321747275135	4.7671321747275135	0.09109212816953824	5.471930454307438	0.017028617164398283	9.60288709991514	497.2272867729056	0.6296285346135706	0	0	0	0	-10867700369245637e-21	0	-23370083258886945e-21	-0.001869025561190476	-13838388903820564e-22
1.1	4.7671321747275135	4.7671321747275135	4.7671321747275135	0.09109212816953825	5.471930454307439	0.01702861716439828	9.60288709991514	497.2272867729056	0.6296285346135705	0	0	0	0	-1123827295853026e-20	0	-2398304226016897e-20	-0.001966705915514106	-1405458924775729e-21
1.2	4.7671321747275135	4.7671321747275135	4.7671321747275135	0.09109212816953827	5.471930454307437	0.01702861716439828	9.60288709991514	497.2272867729056	0.6296285346135706	0	0	0	0	-11538565254953049e-21	0	-2447957806575144e-20	-0.0020515627436960737	-14205751837639046e-22
1.3	4.7671321747275135	4.7671321747275135	4.7671321747275135	0.09109212816953828	5.471930454307438	0.01702861716439828	9.60288709991514	497.2272867729056	0.6296285346135706	0	0	0	0	-11781952080221191e-21	0	-24881765853407443e-21	-0.002124939904436817	-1430747564559486e-21
1.4	4.7671321747275135	4.7671321747275135	4.7671321747275135	0.09109212816953828	5.471930454307438	0.017028617164398276	9.60288709991514	497.2272867729056	0.6296285346135705	0	0	0	0	-11978865812197586e-21	0	-25207004813392067e-21	-0.0021881259925294154	-14371628193013516e-22
1.5	4.7671321747275135	4.7671321747275135	4.7671321747275135	0.09109212816953825	5.471930454307438	0.017028617164398286	9.60288709991514	497.2272867729056	0.6296285346135706	0	0	0	0	-12138741585193152e-21	0	-25470948923583433e-21	-0.002242373871737523	-14408698682470816e-22
1.6	4.7671321747275135	4.7671321747275135	4.7671321747275135	0.09109212816953825	5.471930454307438	0.01702861716439829	9.60288709991514	497.2272867729057	0.6296285346135706	0	0	0	0	-12268071071491322e-21	0	-2568432616693109e-20	-0.0022887649212668705	-14425348427433279e-22
1.7	4.7671321747275135	4.7671321747275135	4.7671321747275135	0.09109212816953825	5.4719304543074365	0.01702861716439829	9.60288709991514	497.2272867729057	0.6296285346135706	0	0	0	0	-12372739135885775e-21	0	-25856947470940864e-21	-0.002328329656435178	-14427539870972271e-22
1.8	4.7671321747275135	4.7671321747275135	4.7671321747275135	0.0910921281695382	5.471930454307432	0.017028617164398293	9.602887099915142	497.22728677290576	0.6296285346135706	0	0	0	0	-12457879910169193e-21	0	-25997257814983424e-21	-0.002362035228136753	-14420197802519301e-22
1.9	4.7671321747275135	4.7671321747275135	4.7671321747275135	0.09109212816953811	5.471930454307426	0.017028617164398307	9.602887099915145	497.2272867729058	0.6296285346135704	0	0	0	0	-12526742745138946e-21	0	-26110638965352253e-21	-0.002390629594219476	-1440603120889976e-21
2	4.7671321747275135	4.7671321747275135	4.7671321747275135	0.09109212816953809	5.471930454307425	0.01702861716439831	9.602887099915147	497.22728677290576	0.6296285346135703	0	0	0	0	-12582285945332419e-21	0	-2620206073159091e-20	-0.002414816839503771	-14387471845645696e-22
2.1	4.7671321747275135	4.7671321747275135	4.7671321747275135	0.09109212816953811	5.471930454307424	0.017028617164398307	9.602887099915145	497.2272867729058	0.6296285346135704	0	0	0	0	-12627427868019008e-21	0	-2627635939301638e-20	-0.00243529155375037	-1436685838434099e-21
2.2	4.7671321747275135	4.7671321747275135	4.7671321747275135	0.0910921281695378	5.471930454307368	0.01702861716439836	9.602887099915154	497.2272867729071	0.6296285346135699	0	0	0	0	-12664240008251047e-21	0	-2633672848946285e-20	-0.002452595740377696	-1434544047401387e-21
2.3	4.7671321747275135	4.7671321747275135	4.7671321747275135	0.09109212816953745	5.471930454307309	0.017028617164398414	9.602887099915165	497.2272867729083	0.6296285346135696	0	0	0	0	-12693985568161298e-21	0	-26385415762417294e-21	-0.002467151270188309	-14323891416228516e-22
2.4	4.7671321747275135	4.7671321747275135	4.7671321747275135	0.09109212816953746	5.471930454307311	0.01702861716439841	9.602887099915167	497.2272867729082	0.6296285346135696	0	0	0	0	-12717895516605286e-21	0	-2642467539296755e-20	-0.0024793770335266307	-14302894396511274e-22
2.5	4.7671321747275135	4.7671321747275135	4.7671321747275135	0.09109212816953759	5.4719304543073095	0.017028617164398418	9.60288709991516	497.2272867729083	0.6296285346135694	0	0	0	0	-12737338551602109e-21	0	-26456646956572816e-21	-0.002489674289348405	-14283096715681067e-22
2.6	4.7671321747275135	4.7671321747275135	4.7671321747275135	0.09109212816953638	5.471930454307009	0.017028617164398758	9.602887099915193	497.22728677291474	0.6296285346135665	0	0	0	0	-12753550915097602e-21	0	-26482604737152805e-21	-0.0024983174965384327	-14264741349943978e-22
2.7	4.7671321747275135	4.7671321747275135	4.7671321747275135	0.09109212816953512	5.471930454306718	0.017028617164399087	9.602887099915227	497.22728677292093	0.6296285346135636	0	0	0	0	-12766715510402664e-21	0	-2650353008197317e-20	-0.0025055436235857107	-14247819647482972e-22
2.8	4.7671321747275135	4.7671321747275135	4.7671321747275135	0.0910921281695354	5.4719304543067935	0.017028617164398997	9.602887099915222	497.2272867729194	0.6296285346135645	0	0	0	0	-1277694396862181e-20	0	-26520414466678683e-21	-0.002511591515768552	-14232319403350602e-22
2.9	4.7671321747275135	4.7671321747275135	4.7671321747275135	0.09109212816953624	5.471930454306908	0.017028617164398893	9.602887099915197	497.2272867729171	0.6296285346135653	0	0	0	0	-12785092020095535e-21	0	-26534170953150026e-21	-0.0025166689524069715	-14218353661466121e-22
3	4.7671321747275135	4.7671321747275135	4.7671321747275135	0.09109212816953402	5.471930454306128	0.01702861716439982	9.602887099915256	497.2272867729341	0.6296285346135572	0	0	0	0	-12792609586147457e-21	0	-26545320683444843e-21	-0.0025208924428050156	-14206052328420042e-22
3.1	4.7671321747275135	4.7671321747275135	4.7671321747275135	0.09109212816953237	5.471930454305593	0.017028617164400447	9.6028870999153	497.2272867729459	0.6296285346135517	0	0	0	0	-12798633716851974e-21	0	-26554312497258417e-21	-0.002524411273423629	-14195076199194618e-22
3.2	4.7671321747275135	4.7671321747275135	4.7671321747275135	0.09109212816953483	5.471930454306387	0.01702861716439951	9.602887099915236	497.22728677292855	0.6296285346135598	0	0	0	0	-12802331294271764e-21	0	-265615965339382e-19	-0.0025273740145467303	-14185097391527293e-22
3.3	4.7671321747275135	4.7671321747275135	4.7671321747275135	0.09109212816953564	5.471930454306517	0.017028617164399438	9.602887099915213	497.2272867729259	0.6296285346135605	0	0	0	0	-12805711695123828e-21	0	-26567515105033268e-21	-0.002529838776897608	-14176431947561063e-22
3.4	4.7671321747275135	4.7671321747275135	4.7671321747275135	0.09109212816953498	5.471930454306186	0.017028617164399903	9.60288709991523	497.22728677293327	0.6296285346135563	0	0	0	0	-12808862266635024e-21	0	-26572296996693e-18	-0.002531878692394534	-14168936189008954e-22
3.5	4.7671321747275135	4.7671321747275135	4.7671321747275135	0.09109212816953648	5.471930454306766	0.017028617164399153	9.60288709991519	497.2272867729206	0.6296285346135629	0	0	0	0	-12810775778985833e-21	0	-26576169777574863e-21	-0.0025335910321066485	-14162219136189497e-22
3.6	4.7671321747275135	4.7671321747275135	4.7671321747275135	0.09109212816953707	5.471930454306939	0.017028617164398966	9.602887099915172	497.2272867729167	0.6296285346135645	0	0	0	0	-12812527732175786e-21	0	-2657931100321934e-20	-0.0025350115181700774	-1415643979202017e-21
3.7	4.7671321747275135	4.7671321747275135	4.7671321747275135	0.09109212816953711	5.471930454306922	0.01702861716439901	9.60288709991517	497.2272867729172	0.629628534613564	0	0	0	0	-12814082398415722e-21	0	-26581849490107064e-21	-0.0025361871370837854	-14151464816105502e-22
3.8	4.7671321747275135	4.7671321747275135	4.7671321747275135	0.09109212816953775	5.471930454307205	0.01702861716439862	9.602887099915154	497.22728677291093	0.6296285346135676	0	0	0	0	-12815152667803075e-21	0	-26583908204718963e-21	-0.002537168772726507	-1414710466096272e-21
3.9	4.7671321747275135	4.7671321747275135	4.7671321747275135	0.09109212816953782	5.471930454307211	0.017028617164398643	9.60288709991515	497.22728677291076	0.6296285346135673	0	0	0	0	-12816163701986366e-21	0	-2658557503028383e-20	-0.002537980016198954	-14143390024497292e-22
4	4.767132174727514	4.767132174727514	4.767132174727514	0.09109212816953793	5.471930454307266	0.017028617164398557	9.602887099915149	497.2272867729095	0.6296285346135682	0	0	0	0	-1281695964398497e-20	0	-26586922790933367e-21	-0.0025386527948183554	-14140185697803196e-22
4.1	4.7671321747275135	4.7671321747275135	4.7671321747275135	0.09109212816953788	5.471930454307187	0.01702861716439871	9.60288709991515	497.22728677291127	0.6296285346135668	0	0	0	0	-12817670335666432e-21	0	-2658801785913544e-20	-0.002539210377017683	-14137455234775296e-22
4.2	4.7671321747275135	4.7671321747275135	4.7671321747275135	0.09109212816953749	5.471930454306891	0.017028617164399223	9.602887099915161	497.2272867729179	0.6296285346135622	0	0	0	0	-12818374285066817e-21	0	-2658890337387114e-20	-0.0025396690345628973	-1413515909364359e-21
4.3	4.7671321747275135	4.7671321747275135	4.7671321747275135	0.09109212816953734	5.47193045430678	0.017028617164399414	9.602887099915167	497.2272867729205	0.6296285346135606	0	0	0	0	-12818877300670219e-21	0	-26589617266048173e-21	-0.0025400493261189456	-14133171602479226e-22
4.4	4.7671321747275135	4.7671321747275135	4.7671321747275135	0.09109212816953759	5.47193045430693	0.017028617164399202	9.60288709991516	497.22728677291707	0.6296285346135625	0	0	0	0	-12819147808673613e-21	0	-26590196906678094e-21	-0.002540367891970424	-14131427736068177e-22
4.5	4.767132174727513	4.767132174727513	4.767132174727513	0.09109212816953603	5.471930454305554	0.017028617164402002	9.602887099915199	497.22728677294816	0.6296285346135372	0	0	0	0	-1282010135805332e-20	0	-2659066849727076e-20	-0.0025406155146118783	-14130219750921752e-22
4.6	4.7671321747275135	4.7671321747275135	4.7671321747275135	0.0910921281695339	5.471930454303708	0.017028617164405683	9.602887099915256	497.22728677298977	0.6296285346135042	0	0	0	0	-1282123705473578e-20	0	-26591049013985755e-21	-0.0025408116925472583	-14129318896802335e-22
4.7	4.7671321747275135	4.7671321747275135	4.7671321747275135	0.09109212816953317	5.471930454303103	0.01702861716440687	9.602887099915273	497.22728677300347	0.6296285346134937	0	0	0	0	-12821728118624316e-21	0	-26591355283761646e-21	-0.002540983288658197	-14128375540252358e-22
4.8	4.767132174727513	4.767132174727513	4.767132174727513	0.09109212816953556	5.471930454305152	0.017028617164402765	9.602887099915211	497.2272867729572	0.6296285346135304	0	0	0	0	-1282088822248698e-20	0	-2659160396097319e-20	-0.0025411538739007456	-14127094989442128e-22
4.9	4.7671321747275135	4.7671321747275135	4.7671321747275135	0.09109212816953675	5.471930454306127	0.017028617164400968	9.60288709991518	497.22728677293526	0.6296285346135465	0	0	0	0	-12820513897409459e-21	0	-2659180622088928e-20	-0.002541287785396139	-14126151173404517e-22
5	4.7671321747275135	4.7671321747275135	4.7671321747275135	0.09109212816953695	5.47193045430625	0.017028617164400805	9.602887099915174	497.22728677293253	0.6296285346135478	0	0	0	0	-12820539886346967e-21	0	-26591969711900327e-21	-0.002541390505073011	-1412548348583293e-21
5.1	4.7671321747275135	4.7671321747275135	4.7671321747275135	0.0910921281695377	5.471930454306924	0.01702861716439938	9.602887099915154	497.2272867729173	0.6296285346135606	0	0	0	0	-12820309423099375e-21	0	-26592102279939647e-21	-0.0025414811311941293	-14124811422600434e-22
5.2	4.7671321747275135	4.7671321747275135	4.7671321747275135	0.09109212816953781	5.471930454307014	0.017028617164399244	9.60288709991515	497.22728677291525	0.6296285346135619	0	0	0	0	-12820326211032966e-21	0	-2659220959120441e-20	-0.002541551126171562	-14124333169554557e-22
5.3	4.7671321747275135	4.7671321747275135	4.7671321747275135	0.09109212816953798	5.4719304543071745	0.017028617164398883	9.602887099915147	497.22728677291167	0.6296285346135653	0	0	0	0	-12820309237516983e-21	0	-2659229640742235e-20	-0.00254160951596912	-14123914189036084e-22
5.4	4.767132174727514	4.767132174727514	4.767132174727514	0.0910921281695381	5.471930454307296	0.01702861716439861	9.602887099915145	497.22728677290894	0.6296285346135676	0	0	0	0	-12820298359333436e-21	0	-26592366826107463e-21	-0.002541657641967573	-14123562855945597e-22
5.5	4.7671321747275135	4.7671321747275135	4.7671321747275135	0.09109212816953811	5.471930454307305	0.017028617164398595	9.602887099915144	497.22728677290877	0.6296285346135677	0	0	0	0	-12820327827058735e-21	0	-26592423750505506e-21	-0.002541696374167693	-14123284268159104e-22
5.6	4.7671321747275135	4.7671321747275135	4.7671321747275135	0.09109212816953818	5.471930454307378	0.017028617164398418	9.602887099915142	497.227286772907	0.6296285346135694	0	0	0	0	-12820326944222755e-21	0	-26592469894265055e-21	-0.002541728890517734	-1412303785544082e-21
5.7	4.7671321747275135	4.7671321747275135	4.7671321747275135	0.09109212816953823	5.47193045430739	0.01702861716439838	9.60288709991514	497.2272867729068	0.6296285346135696	0	0	0	0	-12820344607254309e-21	0	-26592507260119782e-21	-0.0025417552535348304	-14122839531200063e-22
5.8	4.7671321747275135	4.7671321747275135	4.7671321747275135	0.09109212816953823	5.471930454307405	0.017028617164398352	9.60288709991514	497.2272867729064	0.6296285346135698	0	0	0	0	-12820357877943137e-21	0	-2659253748093547e-20	-0.0025417769729368968	-14122672241446674e-22
5.9	4.7671321747275135	4.7671321747275135	4.7671321747275135	0.09109212816953825	5.4719304543074205	0.01702861716439831	9.60288709991514	497.22728677290604	0.6296285346135703	0	0	0	0	-12820367401789843e-21	0	-26592561997044065e-21	-0.0025417949119592373	-14122531060703683e-22
6	4.7671321747275135	4.7671321747275135	4.7671321747275135	0.09109212816953828	5.471930454307421	0.017028617164398296	9.60288709991514	497.22728677290604	0.6296285346135703	0	0	0	0	-12820379407255245e-21	0	-26592581817511343e-21	-0.0025418095638044306	-1412241480110752e-21
6.1	4.7671321747275135	4.7671321747275135	4.7671321747275135	0.09109212816953827	5.471930454307429	0.01702861716439829	9.60288709991514	497.22728677290576	0.6296285346135704	0	0	0	0	-12820386816169283e-21	0	-2659259787886799e-20	-0.002541821684482132	-1412231603334819e-21
6.2	4.7671321747275135	4.7671321747275135	4.7671321747275135	0.09109212816953828	5.471930454307435	0.01702861716439829	9.60288709991514	497.22728677290564	0.6296285346135704	0	0	0	0	-12820394419421924e-21	0	-26592610889538237e-21	-0.002541831624746592	-14122234079250628e-22
6.3	4.7671321747275135	4.7671321747275135	4.7671321747275135	0.09109212816953828	5.471930454307436	0.01702861716439829	9.60288709991514	497.2272867729056	0.6296285346135705	0	0	0	0	-12820400762538905e-21	0	-2659262140985302e-20	-0.0025418397897098315	-14122165563979402e-22
6.4	4.7671321747275135	4.7671321747275135	4.7671321747275135	0.09109212816954212	5.4719304543077865	0.017028617164398338	9.602887099915037	497.22728677289894	0.6296285346135698	0	0	0	0	-12820514483688939e-21	0	-26592629991840832e-21	-0.0025418440689695372	-14122167587689446e-22
6.5	4.7671321747275135	4.7671321747275135	4.7671321747275135	0.09109212816955148	5.4719304543086364	0.01702861716439846	9.602887099914788	497.22728677288296	0.6296285346135682	0	0	0	0	-12820784052701183e-21	0	-26592636955749103e-21	-0.0025418435792996775	-14122265077424787e-22
6.6	4.7671321747275135	4.7671321747275135	4.7671321747275135	0.09109212816956375	5.471930454309743	0.01702861716439862	9.602887099914462	497.22728677286204	0.6296285346135658	0	0	0	0	-1282113468089252e-20	0	-26592642520121488e-21	-0.002541840184481665	-1412241570877236e-21
6.7	4.7671321747275135	4.7671321747275135	4.7671321747275135	0.09109212816957626	5.471930454310865	0.017028617164398796	9.602887099914128	497.227286772841	0.6296285346135634	0	0	0	0	-1282149157957983e-20	0	-2659264690350164e-20	-0.0025418357482969106	-141225771573191e-20
6.8	4.7671321747275135	4.7671321747275135	4.7671321747275135	0.09109212816958637	5.471930454311758	0.017028617164398935	9.602887099913856	497.22728677282424	0.6296285346135614	0	0	0	0	-12821779960079991e-21	0	-26592650324433223e-21	-0.0025418321345268267	-14122707098651935e-22
6.9	4.7671321747275135	4.7671321747275135	4.7671321747275135	0.09109212816959145	5.471930454312183	0.017028617164399018	9.602887099913723	497.2272867728164	0.6296285346135603	0	0	0	0	-12821925033709885e-21	0	-26592653001459887e-21	-0.0025418312069528256	-14122763208357806e-22
7	4.7671321747275135	4.7671321747275135	4.7671321747275135	0.09109212816958882	5.471930454311893	0.01702861716439901	9.60288709991379	497.2272867728221	0.6296285346135606	0	0	0	0	-12821852011786393e-21	0	-2659265515312529e-20	-0.002541834829356318	-14122703162023641e-22
7.1	4.7671321747275135	4.7671321747275135	4.7671321747275135	0.09109212816957586	5.471930454310651	0.01702861716439887	9.602887099914136	497.22728677284584	0.6296285346135628	0	0	0	0	-1282148610562639e-20	0	-26592656997973087e-21	-0.0025418448655187167	-14122484635236378e-22
7.2	4.7671321747275135	4.7671321747275135	4.7671321747275135	0.09109212816955427	5.471930454308689	0.017028617164398574	9.602887099914712	497.22728677288296	0.6296285346135669	0	0	0	0	-12820876208220137e-21	0	-265926587110152e-19	-0.002541860319631414	-14122134432902663e-22
7.3	4.7671321747275135	4.7671321747275135	4.7671321747275135	0.09109212816954729	5.471930454308411	0.01702861716439826	9.602887099914899	497.2272867728867	0.6296285346135702	0	0	0	0	-12820681459739045e-21	0	-26592660143033867e-21	-0.0025418660195853987	-14122018900774015e-22
7.4	4.7671321747275135	4.7671321747275135	4.7671321747275135	0.09109212816954412	5.471930454308177	0.01702861716439821	9.602887099914984	497.227286772891	0.6296285346135708	0	0	0	0	-12820592810790104e-21	0	-26592661301156846e-21	-0.002541869065374835	-1412196064619205e-21
7.5	4.7671321747275135	4.7671321747275135	4.7671321747275135	0.09109212816954083	5.4719304543077865	0.017028617164398217	9.602887099915073	497.22728677289865	0.629628534613571	0	0	0	0	-12820498850512658e-21	0	-26592662240407015e-21	-0.0025418720526554192	-1412189961678078e-21
7.6	4.767132174727514	4.767132174727514	4.767132174727514	0.0910921281695402	5.47193045430777	0.01702861716439818	9.602887099915087	497.22728677289876	0.6296285346135713	0	0	0	0	-1282048153284833e-20	0	-26592662999936712e-21	-0.0025418731333355592	-14121883552663794e-22
7.7	4.7671321747275135	4.7671321747275135	4.7671321747275135	0.09109212816953909	5.471930454307579	0.017028617164398237	9.602887099915119	497.2272867729027	0.6296285346135708	0	0	0	0	-12820450214404874e-21	0	-2659266361547208e-20	-0.0025418744128269397	-14121859602010635e-22
7.8	4.7671321747275135	4.7671321747275135	4.7671321747275135	0.0910921281695388	5.4719304543075475	0.017028617164398234	9.602887099915124	497.22728677290337	0.629628534613571	0	0	0	0	-12820442184389603e-21	0	-2659266411385169e-20	-0.0025418750579190704	-14121850330509884e-22
7.9	4.7671321747275135	4.7671321747275135	4.7671321747275135	0.09109212816953857	5.471930454307502	0.01702861716439825	9.602887099915131	497.2272867729044	0.6296285346135708	0	0	0	0	-12820435725739448e-21	0	-26592664517129032e-21	-0.0025418755841176274	-14121842531762239e-22
8	4.7671321747275135	4.7671321747275135	4.7671321747275135	0.09109212816953842	5.471930454307469	0.017028617164398265	9.602887099915135	497.22728677290496	0.6296285346135707	0	0	0	0	-1282043163489127e-20	0	-2659266484409911e-20	-0.002541875988536808	-14121836797663384e-22
8.1	4.7671321747275135	4.7671321747275135	4.7671321747275135	0.0910921281695384	5.471930454307462	0.01702861716439827	9.602887099915137	497.227286772905	0.6296285346135707	0	0	0	0	-12820430739380366e-21	0	-26592665108466084e-21	-0.0025418762636523584	-14121833526364739e-22
8.2	4.7671321747275135	4.7671321747275135	4.7671321747275135	0.09109212816953831	5.471930454307448	0.017028617164398276	9.602887099915137	497.2272867729053	0.6296285346135706	0	0	0	0	-12820429055509602e-21	0	-2659266532283386e-20	-0.002541876511339151	-14121830197356883e-22
8.3	4.7671321747275135	4.7671321747275135	4.7671321747275135	0.09109212816953828	5.471930454307445	0.017028617164398283	9.60288709991514	497.2272867729053	0.6296285346135706	0	0	0	0	-1282042881096667e-20	0	-26592665496277195e-21	-0.002541876688348927	-14121828151782187e-22
8.4	4.7671321747275135	4.7671321747275135	4.7671321747275135	0.09109212816953827	5.471930454307441	0.017028617164398283	9.60288709991514	497.22728677290553	0.6296285346135706	0	0	0	0	-1282042843840633e-20	0	-2659266563672442e-20	-0.0025418768374680526	-14121826334546286e-22
8.5	4.7671321747275135	4.7671321747275135	4.7671321747275135	0.09109212816953827	5.471930454307441	0.017028617164398283	9.60288709991514	497.2272867729055	0.6296285346135706	0	0	0	0	-12820428324222879e-21	0	-26592665750531667e-21	-0.0025418769554360994	-14121824950001808e-22
8.6	4.7671321747275135	4.7671321747275135	4.7671321747275135	0.09109212816953827	5.471930454307444	0.01702861716439829	9.602887099915138	497.2272867729055	0.6296285346135704	0	0	0	0	-12820428420836734e-21	0	-265926658425662e-19	-0.002541877047703909	-1412182392606718e-21
8.7	4.7671321747275135	4.7671321747275135	4.7671321747275135	0.09109212816955507	5.471930454310911	0.01702861716439981	9.60288709991469	497.22728677283203	0.6296285346135536	0	0	0	0	-1282053367450475e-20	0	-26592665915640977e-21	-0.0025418747132676897	-14121893914675768e-22
8.8	4.7671321747275135	4.7671321747275135	4.7671321747275135	0.09109212816959816	5.471930454319794	0.01702861716440372	9.602887099913543	497.22728677264377	0.6296285346135105	0	0	0	0	-128208035253741e-19	0	-26592665971190076e-21	-0.0025418685921817946	-14122074918724359e-22
8.9	4.7671321747275135	4.7671321747275135	4.7671321747275135	0.09109212816965988	5.471930454332507	0.017028617164409326	9.602887099911896	497.22728677237444	0.6296285346134486	0	0	0	0	-12821189938966944e-21	0	-26592666011672874e-21	-0.002541859786895114	-14122334555285307e-22
9	4.7671321747275135	4.7671321747275135	4.7671321747275135	0.09109212816973251	5.471930454347462	0.017028617164415942	9.602887099909958	497.22728677205765	0.6296285346133758	0	0	0	0	-12821644880805436e-21	0	-2659266603954873e-20	-0.0025418493998565373	-1412264044143097e-21
9.1	4.7671321747275135	4.7671321747275135	4.7671321747275135	0.09109212816980845	5.471930454363072	0.017028617164422877	9.602887099907933	497.22728677172694	0.6296285346132993	0	0	0	0	-12822120316411741e-21	0	-26592666057277012e-21	-0.0025418385335149543	-14122960194233702e-22
9.2	4.7671321747275135	4.7671321747275135	4.7671321747275135	0.09109212816988	5.471930454377748	0.017028617164429445	9.602887099906027	497.2272867714161	0.6296285346132269	0	0	0	0	-12822568211308014e-21	0	-26592666067317084e-21	-0.002541828290319254	-14123261430765858e-22
9.3	4.7671321747275135	4.7671321747275135	4.7671321747275135	0.09109212816993946	5.471930454389903	0.017028617164434955	9.602887099904441	497.2272867711588	0.6296285346131665	0	0	0	0	-1282294053101642e-20	0	-26592666072128312e-21	-0.0025418197727183284	-14123511768099794e-22
9.4	4.7671321747275135	4.7671321747275135	4.7671321747275135	0.09109212816997922	5.471930454397952	0.017028617164438712	9.602887099903382	497.2272867709885	0.6296285346131253	0	0	0	0	-12823189241059118e-21	0	-26592666074170054e-21	-0.002541814083161065	-14123678823307863e-22
9.5	4.7671321747275135	4.7671321747275135	4.7671321747275135	0.09109212816999156	5.471930454400305	0.017028617164440034	9.602887099903054	497.227286770939	0.6296285346131114	0	0	0	0	-12823266306958267e-21	0	-26592666075901688e-21	-0.0025418123240963557	-14123730213462424e-22
9.6	4.7671321747275135	4.7671321747275135	4.7671321747275135	0.09109212816996884	5.471930454395375	0.017028617164438226	9.60288709990366	497.22728677104396	0.6296285346131318	0	0	0	0	-12823123694236027e-21	0	-26592666079782576e-21	-0.002541815597973089	-1412363355563583e-21
9.7	4.7671321747275135	4.7671321747275135	4.7671321747275135	0.09109212816990339	5.471930454381576	0.017028617164432606	9.602887099905406	497.2272867713369	0.6296285346131949	0	0	0	0	-12822713368414557e-21	0	-26592666088272076e-21	-0.002541825007240155	-1412335646690044e-21
9.8	4.7671321747275135	4.7671321747275135	4.7671321747275135	0.09109212816978753	5.47193045435732	0.017028617164422475	9.602887099908495	497.22728677185154	0.6296285346133077	0	0	0	0	-12821987295016019e-21	0	-26592666103829557e-21	-0.0025418416543464433	-14122866564328604e-22
9.9	4.7671321747275135	4.7671321747275135	4.7671321747275135	0.09109212816964063	5.471930454327082	0.01702861716440903	9.602887099912413	497.2272867724922	0.6296285346134558	0	0	0	0	-12821067489033638e-21	0	-2659266612701294e-20	-0.002541862744808345	-14122246994653874e-22
10	4.7671321747275135	4.7671321747275135	4.7671321747275135	0.09109212816959118	5.471930454318794	0.017028617164402245	9.602887099913731	497.2272867726644	0.6296285346135254	0	0	0	0	-12820760370263471e-21	0	-2659266614749651e-20	-0.0025418697973976995	-14122043884499429e-22
10.1	4.767132174727514	4.767132174727514	4.767132174727514	0.09109212816956672	5.471930454313884	0.0170286171644	9.602887099914385	497.2272867727682	0.62962853461355	0	0	0	0	-12820607391610441e-21	0	-26592666164068063e-21	-0.0025418733154071744	-1412194099896343e-21
10.2	4.7671321747275135	4.7671321747275135	4.7671321747275135	0.09109212816955081	5.471930454310423	0.017028617164398813	9.602887099914808	497.2272867728418	0.6296285346135636	0	0	0	0	-12820507522508775e-21	0	-26592666177502995e-21	-0.002541875614271662	-14121873258232526e-22
10.3	4.7671321747275135	4.7671321747275135	4.7671321747275135	0.0910921281695462	5.471930454309526	0.017028617164398345	9.60288709991493	497.2272867728607	0.6296285346135686	0	0	0	0	-12820478739665966e-21	0	-26592666188367114e-21	-0.0025418762826901684	-1412185389277997e-21
10.4	4.7671321747275135	4.7671321747275135	4.7671321747275135	0.09109212816954136	5.471930454308259	0.017028617164398296	9.602887099915058	497.22728677288796	0.62962853461357	0	0	0	0	-12820448207490654e-21	0	-26592666197174312e-21	-0.0025418769895080955	-14121832702929801e-22
10.5	4.767132174727514	4.767132174727514	4.767132174727514	0.09109212816954024	5.471930454308016	0.01702861716439819	9.602887099915089	497.2272867728931	0.6296285346135712	0	0	0	0	-12820441038257697e-21	0	-26592666204299296e-21	-0.0025418771598349145	-14121827804727816e-22
10.6	4.767132174727514	4.767132174727514	4.767132174727514	0.09109212816953907	5.471930454307675	0.017028617164398244	9.60288709991512	497.22728677290047	0.6296285346135708	0	0	0	0	-12820433636911968e-21	0	-26592666210071788e-21	-0.0025418773343717778	-14121822560833049e-22
10.7	4.7671321747275135	4.7671321747275135	4.7671321747275135	0.0910921281695387	5.471930454307587	0.017028617164398237	9.60288709991513	497.2272867729024	0.629628534613571	0	0	0	0	-12820431369843987e-21	0	-26592666214744696e-21	-0.002541877390412309	-14121820954961622e-22
10.8	4.7671321747275135	4.7671321747275135	4.7671321747275135	0.09109212816953846	5.471930454307511	0.017028617164398255	9.602887099915135	497.227286772904	0.6296285346135707	0	0	0	0	-12820429844929664e-21	0	-265926662185278e-19	-0.0025418774287135943	-14121819840429593e-22
10.9	4.7671321747275135	4.7671321747275135	4.7671321747275135	0.09109212816953838	5.471930454307476	0.01702861716439827	9.602887099915138	497.2272867729049	0.6296285346135708	0	0	0	0	-12820429096792077e-21	0	-2659266622159359e-20	-0.0025418774486211885	-14121819282829777e-22
11	4.7671321747275135	4.7671321747275135	4.7671321747275135	0.09109212816953834	5.47193045430746	0.01702861716439827	9.602887099915138	497.2272867729052	0.6296285346135706	0	0	0	0	-12820428809548328e-21	0	-26592666224073473e-21	-0.002541877457473704	-14121819054751236e-22
11.1	4.7671321747275135	4.7671321747275135	4.7671321747275135	0.09109212816953828	5.471930454307447	0.01702861716439828	9.60288709991514	497.22728677290536	0.6296285346135706	0	0	0	0	-1282042857163655e-20	0	-2659266622608428e-20	-0.002541877464790668	-14121818862903304e-22
11.2	4.7671321747275135	4.7671321747275135	4.7671321747275135	0.09109212816953827	5.471930454307446	0.017028617164398283	9.60288709991514	497.2272867729055	0.6296285346135706	0	0	0	0	-12820428513375331e-21	0	-2659266622771051e-20	-0.002541877467656636	-14121818804760742e-22
11.3	4.7671321747275135	4.7671321747275135	4.7671321747275135	0.09109212816954634	5.471930454312508	0.01702861716439982	9.602887099914923	497.2272867727921	0.6296285346135524	0	0	0	0	-12820485279953641e-21	0	-26592666228996452e-21	-0.0025418761689935403	-14121861856727582e-22
11.4	4.7671321747275135	4.7671321747275135	4.7671321747275135	0.09109212816957665	5.471930454331519	0.017028617164405607	9.602887099914115	497.22728677236626	0.6296285346134838	0	0	0	0	-1282069847423753e-20	0	-2659266622993023e-20	-0.0025418712879923407	-14122023575110156e-22
11.5	4.7671321747275135	4.7671321747275135	4.7671321747275135	0.09109212816962418	5.471930454361328	0.01702861716441469	9.602887099912847	497.2272867716986	0.6296285346133762	0	0	0	0	-1282103285292467e-20	0	-26592666230559164e-21	-0.002541863631727497	-14122277215842699e-22
11.6	4.7671321747275135	4.7671321747275135	4.7671321747275135	0.09109212816968336	5.471930454398414	0.017028617164426024	9.60288709991127	497.2272867708678	0.629628534613242	0	0	0	0	-12821448941509464e-21	0	-265926662309328e-19	-0.0025418541041653977	-14122592824980002e-22
11.7	4.7671321747275135	4.7671321747275135	4.7671321747275135	0.09109212816974853	5.4719304544392555	0.017028617164438552	9.60288709990953	497.227286769953	0.6296285346130938	0	0	0	0	-12821907265486317e-21	0	-26592666231100726e-21	-0.002541843609272431	-14122940448576857e-22
11.8	4.7671321747275135	4.7671321747275135	4.7671321747275135	0.09109212816981412	5.471930454480328	0.017028617164451205	9.602887099907782	497.227286769033	0.6296285346129443	0	0	0	0	-12822368350349626e-21	0	-2659266623111249e-20	-0.0025418330510149855	-14123290132688056e-22
11.9	4.7671321747275135	4.7671321747275135	4.7671321747275135	0.09109212816987447	5.47193045451811	0.017028617164462936	9.602887099906175	497.22728676818684	0.629628534612806	0	0	0	0	-12822792721593797e-21	0	-26592666231017666e-21	-0.002541823333359449	-14123611923368386e-22
12	4.7671321747275135	4.7671321747275135	4.7671321747275135	0.091092128169924	5.471930454549075	0.01702861716447268	9.602887099904851	497.22728676749324	0.6296285346126913	0	0	0	0	-12823140904713235e-21	0	-2659266623086581e-20	-0.0025418153602722086	-14123875866672634e-22
12.1	4.7671321747275135	4.7671321747275135	4.7671321747275135	0.0910921281699571	5.471930454569704	0.017028617164479388	9.602887099903969	497.22728676703133	0.629628534612613	0	0	0	0	-12823373425202338e-21	0	-26592666230706483e-21	-0.0025418100357196527	-14124052008655597e-22
12.2	4.7671321747275135	4.7671321747275135	4.7671321747275135	0.09109212816996813	5.471930454576472	0.017028617164481997	9.602887099903676	497.22728676687984	0.6296285346125835	0	0	0	0	-12823450808555513e-21	0	-26592666230589264e-21	-0.0025418082636681706	-14124110395372062e-22
12.3	4.7671321747275135	4.7671321747275135	4.7671321747275135	0.0910921281699515	5.471930454565855	0.01702861716447945	9.602887099904118	497.22728676711773	0.6296285346126155	0	0	0	0	-1282333358026716e-20	0	-26592666230563704e-21	-0.002541810948084149	-14124021072876824e-22
12.4	4.7671321747275135	4.7671321747275135	4.7671321747275135	0.09109212816990163	5.4719304545343315	0.017028617164470686	9.60288709990545	497.22728676782407	0.6296285346127214	0	0	0	0	-12822982265831682e-21	0	-2659266623067937e-20	-0.0025418189929339763	-14123754087224663e-22
12.5	4.7671321747275135	4.7671321747275135	4.7671321747275135	0.09109212816981284	5.471930454478376	0.017028617164454658	9.602887099907816	497.2272867690776	0.6296285346129139	0	0	0	0	-12822357390743482e-21	0	-26592666230985828e-21	-0.0025418333021840402	-1412327948447038e-21
12.6	4.7671321747275135	4.7671321747275135	4.7671321747275135	0.09109212816967979	5.471930454394624	0.017028617164430326	9.602887099911365	497.22728677095387	0.6296285346132052	0	0	0	0	-12821421160050419e-21	0	-26592666231532188e-21	-0.0025418547413415303	-14122568596524183e-22
12.7	4.7671321747275135	4.7671321747275135	4.7671321747275135	0.09109212816960252	5.471930454347901	0.017028617164409662	9.602887099913426	497.2272867719995	0.6296285346134339	0	0	0	0	-12820880665037825e-21	0	-26592666232127086e-21	-0.002541867119020076	-1412216207416949e-21
12.8	4.7671321747275135	4.7671321747275135	4.7671321747275135	0.09109212816959185	5.471930454343175	0.017028617164401037	9.602887099913712	497.22728677210415	0.6296285346135181	0	0	0	0	-12820809020823616e-21	0	-26592666232604403e-21	-0.0025418687604014524	-14122111686123469e-22
12.9	4.7671321747275135	4.7671321747275135	4.7671321747275135	0.09109212816956268	5.47193045432373	0.017028617164399504	9.602887099914488	497.22728677254037	0.6296285346135473	0	0	0	0	-12820601872999896e-21	0	-26592666232991958e-21	-0.0025418735038890347	-14121952214780651e-22
13	4.7671321747275135	4.7671321747275135	4.7671321747275135	0.09109212816955434	5.471930454318786	0.01702861716439686	9.602887099914712	497.227286772651	0.6296285346135757	0	0	0	0	-12820543835510465e-21	0	-2659266623330455e-20	-0.0025418748331764835	-14121908729804116e-22
13.1	4.767132174727514	4.767132174727514	4.767132174727514	0.09109212816954915	5.4719304543153	0.017028617164396735	9.602887099914849	497.2272867727292	0.6296285346135795	0	0	0	0	-12820506985248026e-21	0	-2659266623355752e-20	-0.0025418756771338857	-14121880295853426e-22
13.2	4.767132174727513	4.767132174727513	4.767132174727513	0.09109212816954329	5.471930454311127	0.017028617164397256	9.602887099915005	497.2272867728228	0.6296285346135777	0	0	0	0	-12820464682342243e-21	0	-2659266623376372e-20	-0.0025418766458648718	-14121847254469068e-22
13.3	4.7671321747275135	4.7671321747275135	4.7671321747275135	0.09109212816954249	5.471930454310677	0.017028617164396815	9.60288709991503	497.2272867728328	0.6296285346135821	0	0	0	0	-12820459019201391e-21	0	-265926662339302e-19	-0.002541876775680772	-14121843089659454e-22
13.4	4.7671321747275135	4.7671321747275135	4.7671321747275135	0.09109212816954017	5.471930454308898	0.017028617164397616	9.60288709991509	497.22728677287284	0.629628534613576	0	0	0	0	-12820442206743422e-21	0	-26592666234064105e-21	-0.0025418771606893677	-14121829666859824e-22
13.5	4.7671321747275135	4.7671321747275135	4.7671321747275135	0.09109212816953952	5.471930454308459	0.01702861716439763	9.602887099915108	497.2272867728826	0.629628534613576	0	0	0	0	-1282043772553594e-20	0	-2659266623417253e-20	-0.0025418772633757866	-14121826181508177e-22
13.6	4.7671321747275135	4.7671321747275135	4.7671321747275135	0.09109212816953909	5.471930454308129	0.0170286171643978	9.602887099915117	497.22728677289007	0.6296285346135747	0	0	0	0	-12820434633301562e-21	0	-2659266623426061e-20	-0.002541877334235857	-14121823703735286e-22
13.7	4.7671321747275135	4.7671321747275135	4.7671321747275135	0.09109212816953863	5.471930454307763	0.017028617164398033	9.60288709991513	497.2272867728982	0.6296285346135728	0	0	0	0	-12820431320746769e-21	0	-2659266623433258e-20	-0.0025418774101253526	-14121821025175523e-22
13.8	4.7671321747275135	4.7671321747275135	4.7671321747275135	0.09109212816953857	5.471930454307718	0.01702861716439802	9.602887099915131	497.2272867728992	0.629628534613573	0	0	0	0	-12820430870814377e-21	0	-26592666234390812e-21	-0.002541877420473062	-14121820680139872e-22
13.9	4.7671321747275135	4.7671321747275135	4.7671321747275135	0.0910921281695384	5.471930454307562	0.017028617164398165	9.602887099915135	497.2272867729027	0.6296285346135716	0	0	0	0	-1282042950650149e-20	0	-2659266623443757e-20	-0.0025418774517406632	-14121819553815071e-22
14	4.7671321747275135	4.7671321747275135	4.7671321747275135	0.09109212816953835	5.471930454307526	0.017028617164398182	9.602887099915138	497.2272867729036	0.6296285346135715	0	0	0	0	-12820429160366025e-21	0	-26592666234475387e-21	-0.00254187745969517	-1412181927504153e-21
14.1	4.767132174727513	4.767132174727513	4.767132174727513	0.09109212816953849	5.471930454307661	0.01702861716439796	9.602887099915133	497.2272867729006	0.6296285346135735	0	0	0	0	-1282043020332851e-20	0	-26592666234506012e-21	-0.002541877435850772	-1412182017998431e-21
14.2	4.7671321747275135	4.7671321747275135	4.7671321747275135	0.09109212816955596	5.47193045432378	0.01702861716437288	9.602887099914668	497.22728677253673	0.6296285346137958	0	0	0	0	-12820558745933398e-21	0	-2659266623452986e-20	-0.0025418744939252674	-14121930747278104e-22
14.3	4.7671321747275135	4.7671321747275135	4.7671321747275135	0.09109212816959587	5.471930454360625	0.0170286171643156	9.602887099913602	497.2272867717051	0.6296285346143033	0	0	0	0	-12820852626197754e-21	0	-26592666234547408e-21	-0.002541867767921085	-14122183507805039e-22
14.4	4.767132174727513	4.767132174727513	4.767132174727513	0.09109212816964939	5.471930454409995	0.017028617164238893	9.602887099912175	497.22728677059075	0.6296285346149834	0	0	0	0	-12821246491870023e-21	0	-26592666234559877e-21	-0.002541858753550321	-14122522239453746e-22
14.5	4.767132174727513	4.767132174727513	4.767132174727513	0.09109212816970762	5.471930454463689	0.017028617164155536	9.602887099910623	497.2272867693789	0.6296285346157221	0	0	0	0	-12821674990698643e-21	0	-26592666234568476e-21	-0.0025418489465250725	-14122890720112854e-22
14.6	4.7671321747275135	4.7671321747275135	4.7671321747275135	0.09109212816976167	5.471930454513508	0.017028617164078295	9.60288709990918	497.2272867682545	0.6296285346164067	0	0	0	0	-12822072770432059e-21	0	-2659266623457442e-20	-0.002541839842557438	-14123232727670988e-22
14.7	4.7671321747275135	4.7671321747275135	4.7671321747275135	0.0910921281698027	5.471930454551252	0.017028617164019946	9.602887099908088	497.2272867674026	0.6296285346169237	0	0	0	0	-12822374478818708e-21	0	-2659266623457892e-20	-0.002541832937359514	-14123492040016775e-22
14.8	4.7671321747275135	4.7671321747275135	4.7671321747275135	0.0910921281698218	5.471930454568721	0.017028617163993263	9.602887099907576	497.2272867670083	0.62962853461716	0	0	0	0	-12822514763607032e-21	0	-265926662345832e-19	-0.0025418297266433976	-14123612435038844e-22
14.9	4.7671321747275135	4.7671321747275135	4.7671321747275135	0.09109212816981009	5.471930454557713	0.017028617164011012	9.602887099907889	497.2272867672568	0.6296285346170024	0	0	0	0	-12822428272545474e-21	0	-26592666234588462e-21	-0.0025418317061211863	-14123537690625825e-22
15	4.7671321747275135	4.7671321747275135	4.7671321747275135	0.09109212816975874	5.471930454510028	0.017028617164085977	9.60288709990926	497.22728676833316	0.6296285346163375	0	0	0	0	-12822049653382475e-21	0	-26592666234595926e-21	-0.002541840371504977	-14123211584666337e-22
15.1	4.767132174727513	4.767132174727513	4.767132174727513	0.09109212816965884	5.471930454417472	0.017028617164230916	9.602887099911923	497.2272867704224	0.6296285346150522	0	0	0	0	-12821313577710866e-21	0	-26592666234606812e-21	-0.0025418572179611546	-14122577915654556e-22
15.2	4.7671321747275135	4.7671321747275135	4.7671321747275135	0.09109212816958573	5.4719304543507885	0.017028617164332103	9.602887099913874	497.2272867719272	0.6296285346141566	0	0	0	0	-1282077699733406e-20	0	-26592666234616255e-21	-0.002541869498804687	-14122117699789236e-22
15.3	4.7671321747275135	4.7671321747275135	4.7671321747275135	0.09109212816956656	5.471930454334069	0.01702861716435519	9.602887099914383	497.2272867723042	0.6296285346139535	0	0	0	0	-12820637902314485e-21	0	-26592666234621642e-21	-0.0025418726824556416	-14121999629394642e-22
15.4	4.7671321747275135	4.7671321747275135	4.7671321747275135	0.09109212816954926	5.471930454317761	0.017028617164381674	9.602887099914845	497.22728677267247	0.629628534613718	0	0	0	0	-1282050983875565e-20	0	-26592666234625915e-21	-0.0025418756133748933	-14121888931883876e-22
15.5	4.7671321747275135	4.7671321747275135	4.7671321747275135	0.09109212816954453	5.471930454313466	0.017028617164388034	9.602887099914973	497.2272867727694	0.629628534613662	0	0	0	0	-12820474964097963e-21	0	-26592666234628276e-21	-0.0025418764115715075	-14121859106814487e-22
15.6	4.7671321747275135	4.7671321747275135	4.7671321747275135	0.09109212816954089	5.471930454309966	0.017028617164393987	9.602887099915069	497.2272867728485	0.6296285346136088	0	0	0	0	-12820447955978852e-21	0	-26592666234629296e-21	-0.0025418770296766514	-14121835629679006e-22
15.7	4.7671321747275135	4.7671321747275135	4.7671321747275135	0.09109212816953959	5.471930454308767	0.01702861716439592	9.602887099915105	497.2272867728755	0.6296285346135917	0	0	0	0	-12820438526989055e-21	0	-26592666234630448e-21	-0.002541877245474709	-14121827486383637e-22
15.8	4.7671321747275135	4.7671321747275135	4.7671321747275135	0.09109212816953888	5.47193045430807	0.01702861716439715	9.602887099915122	497.2272867728913	0.6296285346135807	0	0	0	0	-12820433193991198e-21	0	-26592666234631705e-21	-0.0025418773675236206	-14121822832796196e-22
15.9	4.7671321747275135	4.7671321747275135	4.7671321747275135	0.09109212816953854	5.471930454307732	0.017028617164397738	9.602887099915135	497.227286772899	0.6296285346135755	0	0	0	0	-12820430615182007e-21	0	-26592666234633026e-21	-0.0025418774265416224	-14121820583412134e-22
16	4.767132174727514	4.767132174727514	4.767132174727514	0.09109212816953843	5.471930454307598	0.017028617164397977	9.602887099915137	497.2272867729021	0.6296285346135733	0	0	0	0	-12820429592773637e-21	0	-26592666234633938e-21	-0.0025418774499404474	-14121819689455215e-22
16.1	4.7671321747275135	4.7671321747275135	4.7671321747275135	0.09109212816953832	5.471930454307507	0.017028617164398158	9.60288709991514	497.22728677290416	0.6296285346135716	0	0	0	0	-12820428899196858e-21	0	-2659266623463511e-20	-0.002541877465813151	-14121819078864913e-22
16.2	4.7671321747275135	4.7671321747275135	4.7671321747275135	0.09109212816953828	5.471930454307483	0.017028617164398206	9.60288709991514	497.22728677290473	0.6296285346135714	0	0	0	0	-12820428699700216e-21	0	-2659266623463599e-20	-0.0025418774703790813	-1412181890430615e-21
16.3	4.7671321747275135	4.7671321747275135	4.7671321747275135	0.09109212816953827	5.471930454307454	0.017028617164398255	9.60288709991514	497.22728677290536	0.6296285346135709	0	0	0	0	-12820428520267874e-21	0	-26592666234636093e-21	-0.0025418774744856783	-14121818745015294e-22
16.4	4.7671321747275135	4.7671321747275135	4.7671321747275135	0.09109212816953825	5.471930454307446	0.01702861716439826	9.60288709991514	497.2272867729055	0.6296285346135708	0	0	0	0	-12820428474504908e-21	0	-26592666234636225e-21	-0.002541877475533349	-14121818704798741e-22
16.5	4.7671321747275135	4.7671321747275135	4.7671321747275135	0.09109212816955657	5.471930454314882	0.01702861716438606	9.60288709991465	497.2272867727415	0.6296285346136793	0	0	0	0	-12820471947742653e-21	0	-26592666234634897e-21	-0.002541876480834658	-14121858345460985e-22
16.6	4.7671321747275135	4.7671321747275135	4.7671321747275135	0.09109212816963902	5.471930454348339	0.017028617164331145	9.602887099912454	497.22728677200365	0.6296285346141677	0	0	0	0	-12820667615757239e-21	0	-26592666234628568e-21	-0.0025418720038095297	-141220367582153e-20
16.7	4.7671321747275135	4.7671321747275135	4.7671321747275135	0.09109212816977455	5.471930454403336	0.017028617164240877	9.602887099908838	497.22728677079067	0.6296285346149706	0	0	0	0	-12820989325245183e-21	0	-26592666234618088e-21	-0.0025418646428638798	-1412233009159325e-21
16.8	4.7671321747275135	4.7671321747275135	4.7671321747275135	0.09109212816994866	5.471930454473963	0.01702861716412497	9.602887099904192	497.2272867692331	0.6296285346160014	0	0	0	0	-1282140255429147e-20	0	-26592666234604583e-21	-0.0025418551878834635	-14122706863398904e-22
16.9	4.7671321747275135	4.7671321747275135	4.7671321747275135	0.09109212817014678	5.471930454554307	0.01702861716399312	9.60288709989891	497.22728676746124	0.629628534617174	0	0	0	0	-12821872780981081e-21	0	-2659266623458917e-20	-0.0025418444287540363	-14123135591436335e-22
17	4.7671321747275135	4.7671321747275135	4.7671321747275135	0.09109212817035438	5.471930454638456	0.017028617163855043	9.602887099893373	497.2272867656055	0.6296285346184022	0	0	0	0	-12822365483399e-18	0	-26592666234572975e-21	-0.0025418331553613547	-14123584793509605e-22
17.1	4.7671321747275135	4.7671321747275135	4.7671321747275135	0.09109212817055691	5.4719304547205	0.01702861716372044	9.60288709988797	497.2272867637962	0.6296285346195994	0	0	0	0	-12822846139630206e-21	0	-26592666234557112e-21	-0.0025418221575911723	-1412402298742279e-21
17.2	4.7671321747275135	4.7671321747275135	4.7671321747275135	0.09109212817073986	5.471930454794527	0.01702861716359902	9.602887099883091	497.22728676216377	0.6296285346206794	0	0	0	0	-12823280227759685e-21	0	-26592666234542712e-21	-0.0025418122253292466	-1412441869097995e-21
17.3	4.7671321747275135	4.7671321747275135	4.7671321747275135	0.09109212817088863	5.471930454854626	0.017028617163500487	9.602887099879121	497.2272867608387	0.6296285346215558	0	0	0	0	-12823633225872417e-21	0	-2659266623453089e-20	-0.002541804148461332	-14124740421985156e-22
17.4	4.7671321747275135	4.7671321747275135	4.7671321747275135	0.09109212817098876	5.471930454894884	0.017028617163434547	9.602887099876451	497.22728675995114	0.6296285346221422	0	0	0	0	-12823870612053386e-21	0	-2659266623452278e-20	-0.0025417987168731854	-14124956698242483e-22
17.5	4.7671321747275135	4.7671321747275135	4.7671321747275135	0.09109212817102565	5.471930454909391	0.017028617163410913	9.602887099875465	497.2272867596316	0.6296285346223524	0	0	0	0	-12823957864387575e-21	0	-2659266623451949e-20	-0.0025417967204505614	-14125036037555992e-22
17.6	4.7671321747275135	4.7671321747275135	4.7671321747275135	0.09109212817098478	5.471930454892235	0.017028617163439286	9.602887099876558	497.22728676001066	0.6296285346220999	0	0	0	0	-12823860460959961e-21	0	-2659266623452214e-20	-0.002541798949079216	-14124946957729757e-22
17.7	4.7671321747275135	4.7671321747275135	4.7671321747275135	0.09109212817085159	5.471930454837504	0.017028617163529373	9.602887099880109	497.22728676121835	0.6296285346212984	0	0	0	0	-12823543879855533e-21	0	-26592666234531863e-21	-0.0025418061926449046	-1412465797656784e-21
17.8	4.7671321747275135	4.7671321747275135	4.7671321747275135	0.09109212817061159	5.471930454739287	0.01702861716369088	9.60288709988651	497.2272867633853	0.6296285346198619	0	0	0	0	-12822973599159269e-21	0	-2659266623454978e-20	-0.002541819241033383	-14124137611874317e-22
17.9	4.7671321747275135	4.7671321747275135	4.7671321747275135	0.09109212817025018	5.471930454591672	0.017028617163933522	9.602887099896149	497.2272867666419	0.6296285346177038	0	0	0	0	-12822115096956153e-21	0	-26592666234577004e-21	-0.002541838884130407	-14123354381453253e-22
18	4.7671321747275135	4.7671321747275135	4.7671321747275135	0.09109212816984105	5.4719304544271425	0.017028617164202526	9.602887099907061	497.2272867702691	0.6296285346153115	0	0	0	0	-12821145034992057e-21	0	-26592666234607947e-21	-0.002541861079933054	-14122470575980859e-22
18.1	4.7671321747275135	4.7671321747275135	4.7671321747275135	0.09109212816977538	5.47193045441244	0.01702861716421991	9.602887099908815	497.22728677058234	0.6296285346151599	0	0	0	0	-12820997469371795e-21	0	-26592666234612945e-21	-0.0025418644570123403	-14122341609720523e-22
18.2	4.7671321747275135	4.7671321747275135	4.7671321747275135	0.09109212816976232	5.471930454411185	0.01702861716422011	9.602887099909163	497.2272867706062	0.6296285346151588	0	0	0	0	-12820969245539156e-21	0	-265926662346143e-19	-0.002541865103021775	-14122317769392135e-22
18.3	4.7671321747275135	4.7671321747275135	4.7671321747275135	0.09109212816964003	5.471930454355531	0.017028617164314662	9.602887099912426	497.2272867718391	0.6296285346143164	0	0	0	0	-1282067476486395e-20	0	-26592666234624637e-21	-0.002541871840613934	-14122046444032638e-22
18.4	4.7671321747275135	4.7671321747275135	4.7671321747275135	0.09109212816963731	5.47193045435904	0.017028617164304823	9.602887099912499	497.2272867717574	0.6296285346144058	0	0	0	0	-12820671585843316e-21	0	-26592666234626237e-21	-0.002541871913610871	-14122045694667854e-22
18.5	4.767132174727513	4.767132174727513	4.767132174727513	0.09109212816960766	5.471930454344022	0.01702861716433182	9.60288709991329	497.22728677209125	0.6296285346141646	0	0	0	0	-1282059904656813e-20	0	-2659266623462913e-20	-0.0025418735731953	-14121978166160722e-22
18.6	4.7671321747275135	4.7671321747275135	4.7671321747275135	0.09109212816957618	5.471930454328529	0.01702861716435875	9.60288709991413	497.22728677243543	0.6296285346139244	0	0	0	0	-12820522485560538e-21	0	-2659266623463262e-20	-0.002541875324813065	-14121907082467974e-22
18.7	4.7671321747275135	4.7671321747275135	4.7671321747275135	0.0910921281695785	5.471930454331373	0.01702861716435197	9.602887099914067	497.22728677237103	0.6296285346139857	0	0	0	0	-1282052938149611e-20	0	-26592666234633806e-21	-0.0025418751671350006	-14121914252464365e-22
18.8	4.7671321747275135	4.7671321747275135	4.7671321747275135	0.09109212816955928	5.471930454319943	0.01702861716437408	9.60288709991458	497.2272867726263	0.6296285346137875	0	0	0	0	-12820481157294808e-21	0	-2659266623463513e-20	-0.0025418762703366695	-14121868592823168e-22
18.9	4.7671321747275135	4.7671321747275135	4.7671321747275135	0.09109212816955353	5.471930454317243	0.01702861716437842	9.602887099914733	497.22728677268617	0.6296285346137489	0	0	0	0	-1282046735982319e-20	0	-26592666234634707e-21	-0.002541876586011369	-1412185583258692e-21
19	4.7671321747275135	4.7671321747275135	4.7671321747275135	0.09109212816955337	5.4719304543175165	0.01702861716437747	9.60288709991474	497.2272867726798	0.6296285346137577	0	0	0	0	-12820467257498955e-21	0	-26592666234634148e-21	-0.002541876588371254	-14121855893805631e-22
19.1	4.767132174727513	4.767132174727513	4.767132174727513	0.09109212816954512	5.471930454312056	0.017028617164388672	9.602887099914957	497.22728677280224	0.6296285346136569	0	0	0	0	-12820446078873801e-21	0	-26592666234634815e-21	-0.002541877072835923	-14121835605660788e-22
19.2	4.7671321747275135	4.7671321747275135	4.7671321747275135	0.09109212816954466	5.471930454312045	0.017028617164388235	9.60288709991497	497.22728677280224	0.629628534613661	0	0	0	0	-1282044506710841e-20	0	-26592666234634886e-21	-0.002541877095996388	-14121834770714857e-22
19.3	4.7671321747275135	4.7671321747275135	4.7671321747275135	0.09109212816954318	5.4719304543110265	0.0170286171643904	9.602887099915009	497.2272867728252	0.6296285346136415	0	0	0	0	-12820441244993794e-21	0	-26592666234635046e-21	-0.0025418771834257664	-14121831091485366e-22
19.4	4.7671321747275135	4.7671321747275135	4.7671321747275135	0.09109212816954076	5.4719304543093195	0.01702861716439405	9.602887099915074	497.22728677286347	0.6296285346136087	0	0	0	0	-12820434981354783e-21	0	-26592666234634863e-21	-0.002541877326701838	-14121825042992217e-22
19.5	4.7671321747275135	4.7671321747275135	4.7671321747275135	0.0910921281695409	5.471930454309528	0.01702861716439342	9.60288709991507	497.2272867728587	0.6296285346136146	0	0	0	0	-12820435414791515e-21	0	-26592666234634087e-21	-0.002541877316793335	-1412182551080962e-21
19.6	4.7671321747275135	4.7671321747275135	4.7671321747275135	0.0910921281695456	5.471930454313804	0.017028617164382486	9.602887099914945	497.2272867727623	0.6296285346137136	0	0	0	0	-12820448257085434e-21	0	-26592666234633223e-21	-0.002541877023085236	-1412183832550059e-21
19.7	4.7671321747275135	4.7671321747275135	4.7671321747275135	0.09109212816962224	5.471930454381904	0.017028617164211068	9.602887099912902	497.227286771227	0.6296285346152652	0	0	0	0	-1282065686943903e-20	0	-26592666234627724e-21	-0.0025418722519565434	-14122045780971622e-22
19.8	4.767132174727513	4.767132174727513	4.767132174727513	0.09109212816975418	5.4719304544989535	0.01702861716391674	9.602887099909381	497.22728676858827	0.6296285346179293	0	0	0	0	-12821015872200459e-21	0	-2659266623461865e-20	-0.0025418640412719017	-14122402718148202e-22
19.9	4.7671321747275135	4.7671321747275135	4.7671321747275135	0.09109212816989531	5.471930454623995	0.017028617163602586	9.602887099905617	497.2272867657696	0.629628534620773	0	0	0	0	-12821399733079893e-21	0	-26592666234609177e-21	-0.0025418552620547837	-141227843111635e-20
20	4.7671321747275135	4.7671321747275135	4.7671321747275135	0.0910921281699995	5.471930454716067	0.017028617163371652	9.602887099902837	497.2272867636941	0.6296285346228632	0	0	0	0	-12821682919787525e-21	0	-2659266623460246e-20	-0.002541848785328661	-14123065734150684e-22
20.1	4.7671321747275135	4.7671321747275135	4.7671321747275135	0.09109212817002062	5.471930454734214	0.01702861716332702	9.602887099902276	497.22728676328524	0.6296285346232667	0	0	0	0	-12821739900033533e-21	0	-2659266623460166e-20	-0.0025418474821170046	-14123122161242924e-22
20.2	4.7671321747275135	4.7671321747275135	4.7671321747275135	0.09109212816991255	5.471930454637475	0.017028617163571767	9.602887099905159	497.22728676546643	0.6296285346210508	0	0	0	0	-12821445141528106e-21	0	-26592666234609957e-21	-0.002541854223443287	-14122828766573394e-22
20.3	4.7671321747275135	4.7671321747275135	4.7671321747275135	0.0910921281696983	5.471930454447701	0.017028617164048274	9.602887099910872	497.2272867697444	0.629628534616738	0	0	0	0	-128208624587538e-19	0	-26592666234625478e-21	-0.0025418675498841705	-14122249543664255e-22
20.4	4.7671321747275135	4.7671321747275135	4.7671321747275135	0.09109212816964704	5.471930454407393	0.017028617164139937	9.60288709991224	497.227286770651	0.6296285346159112	0	0	0	0	-12820727288186865e-21	0	-2659266623462877e-20	-0.0025418706415813465	-1412211711866012e-21
20.5	4.7671321747275135	4.7671321747275135	4.7671321747275135	0.09109212816962012	5.471930454384204	0.017028617164197183	9.602887099912957	497.2272867711735	0.6296285346153933	0	0	0	0	-12820654604885692e-21	0	-26592666234630438e-21	-0.0025418723039395165	-14122045119567402e-22
20.6	4.7671321747275135	4.7671321747275135	4.7671321747275135	0.09109212816957506	5.471930454342441	0.017028617164305454	9.602887099914158	497.2272867721157	0.6296285346144123	0	0	0	0	-12820530486958991e-21	0	-26592666234633477e-21	-0.0025418751425356698	-14121921037121754e-22
20.7	4.7671321747275135	4.7671321747275135	4.7671321747275135	0.09109212816957048	5.471930454339447	0.01702861716431061	9.60288709991428	497.2272867721827	0.6296285346143663	0	0	0	0	-12820518873870334e-21	0	-26592666234633643e-21	-0.002541875408186194	-14121909905294684e-22
20.8	4.7671321747275135	4.7671321747275135	4.7671321747275135	0.0910921281695542	5.471930454323291	0.017028617164354824	9.602887099914714	497.2272867725476	0.6296285346139652	0	0	0	0	-12820473184793378e-21	0	-2659266623463522e-20	-0.0025418764530535224	-14121863821484096e-22
20.9	4.7671321747275135	4.7671321747275135	4.7671321747275135	0.09109212816954848	5.471930454317972	0.017028617164368508	9.602887099914868	497.2272867726675	0.629628534613841	0	0	0	0	-12820457352941977e-21	0	-2659266623463538e-20	-0.002541876815130822	-14121847996796732e-22
21	4.7671321747275135	4.7671321747275135	4.7671321747275135	0.09109212816954648	5.471930454316098	0.01702861716437341	9.60288709991492	497.2272867727099	0.6296285346137966	0	0	0	0	-12820451834789011e-21	0	-26592666234635222e-21	-0.002541876941330825	-14121842470889123e-22
21.1	4.767132174727513	4.767132174727513	4.767132174727513	0.09109212816954182	5.47193045431123	0.017028617164387312	9.602887099915044	497.22728677281987	0.6296285346136703	0	0	0	0	-12820438595611689e-21	0	-26592666234635317e-21	-0.0025418772440868012	-14121829018216918e-22
21.2	4.7671321747275135	4.7671321747275135	4.7671321747275135	0.0910921281695413	5.471930454310818	0.017028617164388218	9.602887099915058	497.22728677282925	0.6296285346136622	0	0	0	0	-12820437220330306e-21	0	-26592666234634866e-21	-0.002541877275542467	-1412182766672123e-21
21.3	4.7671321747275135	4.7671321747275135	4.7671321747275135	0.09109212816953988	5.471930454309221	0.017028617164392967	9.602887099915096	497.22728677286534	0.629628534613619	0	0	0	0	-12820433049366361e-21	0	-2659266623463515e-20	-0.0025418773709212365	-1412182339830214e-21
21.4	4.7671321747275135	4.7671321747275135	4.7671321747275135	0.09109212816953922	5.471930454308544	0.017028617164394914	9.602887099915113	497.2272867728806	0.6296285346136014	0	0	0	0	-12820431218509452e-21	0	-2659266623463582e-20	-0.0025418774127893007	-14121821535686034e-22
21.5	4.7671321747275135	4.7671321747275135	4.7671321747275135	0.09109212816953909	5.471930454308397	0.01702861716439532	9.602887099915119	497.22728677288393	0.6296285346135975	0	0	0	0	-12820430797004732e-21	0	-2659266623463588e-20	-0.0025418774224285966	-1412182111002892e-21
21.6	4.7671321747275135	4.7671321747275135	4.7671321747275135	0.09109212816953863	5.47193045430785	0.017028617164397002	9.60288709991513	497.2272867728963	0.6296285346135823	0	0	0	0	-1282042943124592e-20	0	-26592666234635496e-21	-0.0025418774536585735	-14121819701765708e-22
21.7	4.7671321747275135	4.7671321747275135	4.7671321747275135	0.09109212816953859	5.471930454307792	0.017028617164397145	9.602887099915131	497.2272867728977	0.629628534613581	0	0	0	0	-12820429263582062e-21	0	-2659266623463576e-20	-0.0025418774574930817	-1412181953319572e-21
21.8	4.7671321747275135	4.7671321747275135	4.7671321747275135	0.09109212816954232	5.471930454312132	0.017028617164382427	9.602887099915032	497.22728677279935	0.6296285346137155	0	0	0	0	-12820438992804406e-21	0	-26592666234635666e-21	-0.0025418772350427462	-1412182974464679e-21
21.9	4.7671321747275135	4.7671321747275135	4.7671321747275135	0.09109212816960945	5.471930454390083	0.01702861716411863	9.60288709991324	497.22728677103515	0.6296285346161237	0	0	0	0	-12820614179628309e-21	0	-26592666234630844e-21	-0.002541873229533191	-14122013533704123e-22
22	4.7671321747275135	4.7671321747275135	4.7671321747275135	0.09109212816973943	5.4719304545409235	0.017028617163608258	9.602887099909772	497.22728676762125	0.6296285346207832	0	0	0	0	-12820953248803276e-21	0	-26592666234621483e-21	-0.0025418654769803197	-14122369239910682e-22
22.1	4.7671321747275135	4.7671321747275135	4.7671321747275135	0.09109212816990483	5.471930454732806	0.017028617162959114	9.602887099905363	497.22728676327847	0.6296285346267094	0	0	0	0	-12821384652333844e-21	0	-26592666234609577e-21	-0.0025418556132724528	-14122821796729732e-22
22.2	4.767132174727514	4.767132174727514	4.767132174727514	0.09109212817007821	5.47193045493388	0.017028617162279026	9.602887099900737	497.2272867587277	0.6296285346329181	0	0	0	0	-12821836842224558e-21	0	-2659266623459712e-20	-0.0025418452742979117	-1412329613762455e-21
22.3	4.7671321747275135	4.7671321747275135	4.7671321747275135	0.09109212817023216	5.471930455112298	0.01702861716167581	9.60288709989663	497.2272867546897	0.6296285346384248	0	0	0	0	-12822238270479946e-21	0	-26592666234586094e-21	-0.0025418360959450167	-14123717196058401e-22
22.4	4.7671321747275135	4.7671321747275135	4.7671321747275135	0.09109212817033928	5.471930455236214	0.017028617161257278	9.602887099893774	497.22728675188534	0.6296285346422456	0	0	0	0	-12822517389104555e-21	0	-26592666234578508e-21	-0.002541829714102089	-14124009905494563e-22
22.5	4.7671321747275135	4.7671321747275135	4.7671321747275135	0.09109212817037213	5.471930455273775	0.017028617161131257	9.602887099892897	497.22728675103536	0.6296285346433959	0	0	0	0	-12822602650102919e-21	0	-2659266623457636e-20	-0.002541827764657449	-14124099199396305e-22
22.6	4.7671321747275135	4.7671321747275135	4.7671321747275135	0.0910921281703033	5.471930455193135	0.017028617161405562	9.602887099894733	497.2272867528607	0.6296285346408913	0	0	0	0	-12822422505479576e-21	0	-2659266623458163e-20	-0.0025418318834994178	-14123910011226896e-22
22.7	4.7671321747275135	4.7671321747275135	4.7671321747275135	0.0910921281701054	5.471930454962447	0.017028617162188012	9.60288709990001	497.22728675808213	0.6296285346337476	0	0	0	0	-12821905407239066e-21	0	-26592666234596316e-21	-0.002541843706516316	-14123367274449614e-22
22.8	4.767132174727513	4.767132174727513	4.767132174727513	0.09109212816978643	5.471930454591675	0.017028617163443623	9.602887099908518	497.2272867664737	0.6296285346222843	0	0	0	0	-12821072860729872e-21	0	-26592666234619657e-21	-0.002541862742024833	-14122493713778735e-22
22.9	4.7671321747275135	4.7671321747275135	4.7671321747275135	0.09109212816965216	5.471930454439682	0.017028617163950138	9.602887099912099	497.22728676991267	0.629628534617662	0	0	0	0	-1282072563384312e-20	0	-26592666234628273e-21	-0.002541870681219269	-14122130462543025e-22
23	4.7671321747275135	4.7671321747275135	4.7671321747275135	0.0910921281695983	5.4719304543780485	0.01702861716415712	9.602887099913538	497.22728677130726	0.6296285346157727	0	0	0	0	-12820585783544468e-21	0	-26592666234631603e-21	-0.0025418738788163336	-14121983988444085e-22
23.1	4.7671321747275135	4.7671321747275135	4.7671321747275135	0.0910921281695632	5.47193045433694	0.017028617164297096	9.602887099914474	497.22728677223773	0.6296285346144948	0	0	0	0	-12820493936358939e-21	0	-2659266623463427e-20	-0.0025418759788187824	-1412188753337626e-21
23.2	4.7671321747275135	4.7671321747275135	4.7671321747275135	0.09109212816955276	5.471930454324963	0.01702861716433739	9.602887099914753	497.2272867725087	0.6296285346141268	0	0	0	0	-12820466825148798e-21	0	-26592666234634632e-21	-0.0025418765986999	-14121859127328014e-22
23.3	4.767132174727514	4.767132174727514	4.767132174727514	0.09109212816954385	5.471930454314203	0.017028617164374787	9.602887099914991	497.22728677275245	0.6296285346137851	0	0	0	0	-12820443247776786e-21	0	-2659266623463465e-20	-0.0025418771377646483	-14121834280224204e-22
23.4	4.7671321747275135	4.7671321747275135	4.7671321747275135	0.09109212816954154	5.471930454311507	0.017028617164383933	9.602887099915053	497.22728677281333	0.6296285346137016	0	0	0	0	-1282043719989386e-20	0	-2659266623463475e-20	-0.0025418772760445597	-14121827933482455e-22
23.5	4.7671321747275135	4.7671321747275135	4.7671321747275135	0.09109212816953956	5.471930454309033	0.01702861716439266	9.602887099915105	497.2272867728694	0.6296285346136219	0	0	0	0	-12820431863696116e-21	0	-2659266623463563e-20	-0.002541877398047815	-14121822294907309e-22
23.6	4.7671321747275135	4.7671321747275135	4.7671321747275135	0.09109212816953897	5.471930454308338	0.01702861716439507	9.60288709991512	497.22728677288507	0.6296285346135999	0	0	0	0	-12820430328962967e-21	0	-2659266623463664e-20	-0.00254187743313771	-14121820679275924e-22
23.7	4.767132174727513	4.767132174727513	4.767132174727513	0.09109212816953856	5.471930454307824	0.0170286171643969	9.602887099915131	497.2272867728967	0.6296285346135831	0	0	0	0	-12820429231636741e-21	0	-26592666234635903e-21	-0.0025418774582259347	-14121819517501543e-22
23.8	4.7671321747275135	4.7671321747275135	4.7671321747275135	0.0910921281695384	5.471930454307633	0.017028617164397575	9.602887099915137	497.22728677290104	0.6296285346135772	0	0	0	0	-12820428821573781e-21	0	-26592666234634714e-21	-0.0025418774676012937	-1412181908421467e-21
23.9	4.7671321747275135	4.7671321747275135	4.7671321747275135	0.09109212816953832	5.471930454307532	0.017028617164397943	9.60288709991514	497.22728677290337	0.6296285346135738	0	0	0	0	-12820428606113018e-21	0	-26592666234634697e-21	-0.002541877472527287	-14121818855780926e-22
24	4.7671321747275135	4.7671321747275135	4.7671321747275135	0.09109212816953828	5.47193045430747	0.01702861716439816	9.60288709991514	497.2272867729048	0.6296285346135718	0	0	0	0	-1282042847817819e-20	0	-26592666234635073e-21	-0.002541877475452232	-14121818719893688e-22
