0	4.7671321747275135	4.7671321747275135	4.7671321747275135	0.09109212816953825	5.471930454307437	0.017028617164398283	9.60288709991514	497.2272867729056	0.6296285346135705	0	0	0	0	0	0	0	0	0
0.1	4.7671321747275135	4.7671321747275135	4.7671321747275135	0.09109212816953825	5.471930454307437	0.017028617164398283	9.602887099915138	497.22728677290553	0.6296285346135705	0	0	0	0	-53037807042657374e-21	0.0010071649661328496	0	-0.0002718354598055721	0.00427047390812781
0.2	4.7671321747275135	4.7671321747275135	4.7671321747275135	0.09109212816953825	5.471930454307437	0.017028617164398283	9.60288709991514	497.2272867729056	0.6296285346135705	0	0	0	0	-0.0002553410315378014	0.0013613329005375623	0	-0.002762625417339093	0.012044548221364833
0.3	4.7671321747275135	4.7671321747275135	4.7671321747275135	0.09109212816953825	5.471930454307437	0.017028617164398283	9.60288709991514	497.2272867729056	0.6296285346135705	0	0	0	0	-0.0005414505590027549	0.0014858647246364853	0	-0.009152137450233674	0.01985750657747237
0.4	4.7671321747275135	4.7671321747275135	4.7671321747275135	0.09109212816953825	5.471930454307437	0.017028617164398283	9.60288709991514	497.2272867729056	0.6296285346135705	0	0	0	0	-0.0008394286232907807	0.0015296748090146413	0	-0.019455839275175246	0.02671772187636995
0.5	4.7671321747275135	4.7671321747275135	4.7671321747275135	0.09109212816953824	5.4719304543074365	0.017028617164398283	9.60288709991514	497.2272867729056	0.6296285346135705	0	0	0	0	-0.0011122228989368214	0.001545105382379044	0	-0.03275706645495129	0.032460582681699476
0.6	4.7671321747275135	4.7671321747275135	4.7671321747275135	0.09109212816953825	5.471930454307438	0.017028617164398283	9.60288709991514	497.2272867729056	0.6296285346135705	0	0	0	0	-0.0013470909973168001	0.0015505532728764026	0	-0.04791155698728869	0.03717709539083271
0.7	4.7671321747275135	4.7671321747275135	4.7671321747275135	0.09109212816953825	5.4719304543074365	0.017028617164398283	9.60288709991514	497.22728677290564	0.6296285346135705	0	0	0	0	-0.0015432049130435772	0.0015524975820288545	0	-0.06389295476513349	0.0410197381610173
0.8	4.7671321747275135	4.7671321747275135	4.7671321747275135	0.09109212816953825	5.4719304543074365	0.017028617164398283	9.60288709991514	497.22728677290564	0.6296285346135705	0	0	0	0	-0.0017044560865253514	0.0015532116424208616	0	-0.0799049792878608	0.044139780368121405
0.9	4.7671321747275135	4.7671321747275135	4.7671321747275135	0.09109212816953825	5.4719304543074365	0.017028617164398283	9.60288709991514	497.22728677290564	0.6296285346135705	0	0	0	0	-0.0018360267239647726	0.001553492356690725	0	-0.09538459547080758	0.04666948231627353
1	4.767132174727513	4.767132174727513	4.767132174727513	0.09109212816953824	5.4719304543074365	0.017028617164398283	9.60288709991514	497.22728677290564	0.6296285346135705	0	0	0	0	-0.0019429690164438906	0.0015536184597614681	0	-0.10996668259293232	0.048719207393682
1.1	4.7671321747275135	4.7671321747275135	4.7671321747275135	0.09109212816953824	5.4719304543074365	0.01702861716439828	9.60288709991514	497.2272867729057	0.6296285346135705	0	0	0	0	-0.0020297198065149374	0.0015536882680781843	0	-0.12343804545306993	0.05037939972337732
1.2	4.7671321747275135	4.7671321747275135	4.7671321747275135	0.09109212816953824	5.4719304543074365	0.017028617164398283	9.60288709991514	497.2272867729056	0.6296285346135705	0	0	0	0	-0.00210004898069594	0.001553736855175938	0	-0.13569287142481576	0.05172439491348643
1.3	4.7671321747275135	4.7671321747275135	4.7671321747275135	0.09109212816953825	5.4719304543074365	0.017028617164398283	9.60288709991514	497.22728677290564	0.6296285346135705	0	0	0	0	-0.002157026808544636	0.001553775278028419	0	-0.14670919131196644	0.05281369486133274
1.4	4.7671321747275135	4.7671321747275135	4.7671321747275135	0.09109212816953825	5.4719304543074365	0.017028617164398283	9.60288709991514	497.2272867729056	0.6296285346135705	0	0	0	0	-0.0022031781761558946	0.0015538078237412414	0	-0.15651474725853304	0.05369589285717916
1.5	4.7671321747275135	4.7671321747275135	4.7671321747275135	0.09109212816953824	5.471930454307437	0.017028617164398283	9.60288709991514	497.2272867729056	0.6296285346135706	0	0	0	0	-0.0022405742211085945	0.0015538361995984628	0	-0.16517113006338766	0.05441069999118285
1.6	4.7671321747275135	4.7671321747275135	4.7671321747275135	0.09109212816953824	5.471930454307437	0.017028617164398283	9.60288709991514	497.2272867729056	0.6296285346135706	0	0	0	0	-0.0022708497181925303	0.0015538609884753244	0	-0.17276166816983363	0.054989395981274884
1.7	4.7671321747275135	4.7671321747275135	4.7671321747275135	0.09109212816953824	5.4719304543074365	0.017028617164398283	9.60288709991514	497.2272867729056	0.6296285346135706	0	0	0	0	-0.002295390154107874	0.0015538826837164649	0	-0.1793783020887479	0.05545847868866707
1.8	4.7671321747275135	4.7671321747275135	4.7671321747275135	0.09109212816953824	5.471930454307437	0.017028617164398283	9.60288709991514	497.2272867729056	0.6296285346135706	0	0	0	0	-0.0023152531960848504	0.0015539015667877195	0	-0.185116927120504	0.055838163060809236
1.9	4.767132174727514	4.767132174727514	4.767132174727514	0.09109212816953824	5.471930454307437	0.017028617164398283	9.60288709991514	497.22728677290564	0.6296285346135706	0	0	0	0	-0.0023313548771107706	0.001553917956525077	0	-0.1900727621017735	0.05614595794929947
2	4.7671321747275135	4.7671321747275135	4.7671321747275135	0.09109212816953824	5.4719304543074365	0.017028617164398283	9.60288709991514	497.22728677290576	0.6296285346135706	0	0	0	0	-0.002344393929539821	0.0015539321101373828	0	-0.1943354906499376	0.05639521613050722
2.1	4.7671321747275135	4.7671321747275135	4.7671321747275135	0.09109212816953824	5.471930454307436	0.017028617164398283	9.60288709991514	497.2272867729057	0.6296285346135706	0	0	0	0	-0.0023549504776144113	0.0015539442933908646	0	-0.19798935899554873	0.05659702469216925
2.2	4.7671321747275135	4.7671321747275135	4.7671321747275135	0.09109212816953828	5.471930454307438	0.017028617164398283	9.60288709991514	497.2272867729056	0.6296285346135706	0	0	0	0	-0.0023635170963548675	0.0015539547460712662	0	-0.20111339881218482	0.05676079721160753
2.3	4.7671321747275135	4.7671321747275135	4.7671321747275135	0.0910921281695383	5.47193045430744	0.017028617164398283	9.602887099915138	497.22728677290553	0.6296285346135706	0	0	0	0	-0.002370442331101169	0.001553963678628339	0	-0.20377446175597763	0.056893194972023595
2.4	4.767132174727513	4.767132174727513	4.767132174727513	0.09109212816953827	5.471930454307439	0.017028617164398283	9.602887099915138	497.22728677290553	0.6296285346135705	0	0	0	0	-0.0023760574562300928	0.001553971299400141	0	-0.20603743914508937	0.057000549382065675
2.5	4.7671321747275135	4.7671321747275135	4.7671321747275135	0.0910921281695383	5.471930454307443	0.017028617164398283	9.602887099915138	497.2272867729056	0.6296285346135706	0	0	0	0	-0.0023806151314814815	0.0015539777833060312	0	-0.20795838832127336	0.05708768947863209
2.6	4.7671321747275135	4.7671321747275135	4.7671321747275135	0.09109212816953834	5.471930454307446	0.017028617164398286	9.602887099915137	497.22728677290553	0.6296285346135706	0	0	0	0	-0.0023842962655088408	0.0015539832796614959	0	-0.20958271969832035	0.057158073031092334
2.7	4.767132174727513	4.767132174727513	4.767132174727513	0.09109212816953831	5.471930454307442	0.01702861716439828	9.602887099915137	497.22728677290553	0.6296285346135706	0	0	0	0	-0.002387278767360943	0.001553987936787512	0	-0.21095517027167174	0.05721510049953355
2.8	4.767132174727513	4.767132174727513	4.767132174727513	0.09109212816953836	5.471930454307456	0.017028617164398293	9.602887099915137	497.22728677290525	0.6296285346135704	0	0	0	0	-0.002389705197056932	0.0015539918764544455	0	-0.21211490839906713	0.05726149718939841
2.9	4.7671321747275135	4.7671321747275135	4.7671321747275135	0.09109212816953849	5.4719304543074765	0.017028617164398317	9.602887099915135	497.2272867729048	0.6296285346135702	0	0	0	0	-0.0023916662620016398	0.001553995194815451	0	-0.2130905572887554	0.05729899688458043
3	4.7671321747275135	4.7671321747275135	4.7671321747275135	0.0910921281695385	5.471930454307478	0.017028617164398317	9.602887099915135	497.22728677290473	0.6296285346135702	0	0	0	0	-0.0023932490864160276	0.0015539979887472387	0	-0.21390956679273282	0.0573292646357217
3.1	4.7671321747275135	4.7671321747275135	4.7671321747275135	0.09109212816953845	5.471930454307479	0.017028617164398303	9.602887099915135	497.22728677290473	0.6296285346135703	0	0	0	0	-0.002394537334201411	0.001554000345257578	0	-0.21459873211288943	0.05735390012301609
3.2	4.7671321747275135	4.7671321747275135	4.7671321747275135	0.09109212816953875	5.471930454307581	0.017028617164398338	9.602887099915126	497.2272867729025	0.6296285346135699	0	0	0	0	-0.0023955839863310908	0.0015540023112906609	0	-0.21517763548724372	0.057373917995341056
3.3	4.7671321747275135	4.7671321747275135	4.7671321747275135	0.09109212816953911	5.471930454307686	0.017028617164398376	9.602887099915115	497.22728677290024	0.6296285346135695	0	0	0	0	-0.002396428393275631	0.0015540039537580146	0	-0.21566153405108193	0.057390068721389756
3.4	4.7671321747275135	4.7671321747275135	4.7671321747275135	0.09109212816953907	5.471930454307671	0.017028617164398376	9.602887099915117	497.2272867729005	0.6296285346135695	0	0	0	0	-0.002397110078448007	0.0015540053427371835	0	-0.21606563833250603	0.057403105733550716
3.5	4.7671321747275135	4.7671321747275135	4.7671321747275135	0.09109212816953921	5.471930454307765	0.017028617164398296	9.602887099915115	497.2272867728984	0.6296285346135703	0	0	0	0	-0.0023976659585111595	0.001554006500374165	0	-0.21640457584083467	0.05741373954394317
3.6	4.7671321747275135	4.7671321747275135	4.7671321747275135	0.09109212816954139	5.4719304543086205	0.017028617164398196	9.602887099915057	497.2272867728796	0.6296285346135706	0	0	0	0	-0.0023981170321494545	0.0015540073723748213	0	-0.21668820322758423	0.05742238453904272
3.7	4.7671321747275135	4.7671321747275135	4.7671321747275135	0.09109212816954373	5.471930454309511	0.017028617164398116	9.602887099914994	497.2272867728599	0.6296285346135706	0	0	0	0	-0.002398480605611193	0.0015540080748228068	0	-0.21692421733347397	0.05742935680799449
3.8	4.7671321747275135	4.7671321747275135	4.7671321747275135	0.09109212816954405	5.47193045430962	0.01702861716439813	9.602887099914986	497.2272867728576	0.6296285346135704	0	0	0	0	-0.0023987742034437174	0.0015540087359812095	0	-0.217120318108959	0.0574349747491027
3.9	4.767132174727514	4.767132174727514	4.767132174727514	0.09109212816954358	5.471930454309652	0.017028617164397693	9.602887099914998	497.22728677285676	0.6296285346135744	0	0	0	0	-0.0023990133935294575	0.0015540093226019556	0	-0.2172841415664177	0.05743955211283912
4	4.7671321747275135	4.7671321747275135	4.7671321747275135	0.09109212816956505	5.471930454319783	0.017028617164392756	9.602887099914424	497.2272867726319	0.6296285346136128	0	0	0	0	-0.002399197721142372	0.001554008779480192	0	-0.21742137265774905	0.057443298554823274
4.1	4.7671321747275135	4.7671321747275135	4.7671321747275135	0.09109212816959607	5.4719304543341885	0.017028617164386133	9.6028870999136	497.2272867723122	0.629628534613664	0	0	0	0	-0.0023993399719226894	0.0015540077052921268	0	-0.2175354652077254	0.05744633195619791
4.2	4.7671321747275135	4.7671321747275135	4.7671321747275135	0.09109212816961568	5.471930454343172	0.017028617164382212	9.602887099913076	497.227286772113	0.6296285346136938	0	0	0	0	-0.0023994571862649013	0.001554007104273481	0	-0.2176297539679894	0.057448768364914415
4.3	4.7671321747275135	4.7671321747275135	4.7671321747275135	0.09109212816960285	5.4719304543370395	0.017028617164385387	9.602887099913417	497.2272867722493	0.6296285346136687	0	0	0	0	-0.0023995664045635004	0.001554007980659976	0	-0.2177075736901838	0.05745072382892418
4.4	4.7671321747275135	4.7671321747275135	4.7671321747275135	0.09109212816956497	5.471930454319629	0.017028617164393026	9.602887099914428	497.22728677263535	0.6296285346136105	0	0	0	0	-0.0023996691538626944	0.00155400999677281	0	-0.21777226550721618	0.057452313132922136
4.5	4.7671321747275135	4.7671321747275135	4.7671321747275135	0.09109212816955711	5.471930454316791	0.017028617164392666	9.602887099914637	497.2272867726977	0.6296285346136161	0	0	0	0	-0.00239974005768002	0.001554010554145553	0	-0.21782624933686945	0.05745361263223699
4.6	4.7671321747275135	4.7671321747275135	4.7671321747275135	0.0910921281695492	5.471930454312955	0.017028617164394803	9.602887099914849	497.2272867727829	0.629628534613599	0	0	0	0	-0.0023997994314299016	0.0015540110847174745	0	-0.2178709544551104	0.05745466459413855
4.7	4.7671321747275135	4.7671321747275135	4.7671321747275135	0.09109212816954378	5.471930454310356	0.017028617164396156	9.602887099914994	497.22728677284067	0.6296285346135883	0	0	0	0	-0.002399847063098707	0.0015540114698891457	0	-0.21790805967999613	0.05745551908212425
4.8	4.7671321747275135	4.7671321747275135	4.7671321747275135	0.09109212816954268	5.471930454309932	0.017028617164396177	9.602887099915023	497.22728677285	0.6296285346135884	0	0	0	0	-0.002399883745770342	0.0015540116270817458	0	-0.21793880885692923	0.05745621218990727
4.9	4.7671321747275135	4.7671321747275135	4.7671321747275135	0.09109212816954011	5.4719304543084855	0.017028617164397387	9.602887099915092	497.2272867728823	0.6296285346135783	0	0	0	0	-0.0023999148185706956	0.0015540118392320882	0	-0.217964265076704	0.05745677406731406
5	4.7671321747275135	4.7671321747275135	4.7671321747275135	0.09109212816953963	5.471930454308258	0.017028617164397453	9.602887099915105	497.22728677288734	0.6296285346135776	0	0	0	0	-0.002399938903929556	0.0015540119362664172	0	-0.21798535227043742	0.0574572301044421
5.1	4.7671321747275135	4.7671321747275135	4.7671321747275135	0.09109212816953902	5.471930454307892	0.01702861716439781	9.60288709991512	497.2272867728954	0.6296285346135746	0	0	0	0	-0.0023999586498889254	0.001554012026474453	0	-0.2180027866292504	0.05745759956059808
5.2	4.7671321747275135	4.7671321747275135	4.7671321747275135	0.09109212816953867	5.471930454307689	0.017028617164397998	9.602887099915128	497.2272867729	0.629628534613573	0	0	0	0	-0.002399974569893046	0.0015540120936149919	0	-0.21801721966791615	0.057457899560196125
5.3	4.7671321747275135	4.7671321747275135	4.7671321747275135	0.0910921281695386	5.4719304543076435	0.017028617164398026	9.602887099915133	497.227286772901	0.6296285346135727	0	0	0	0	-0.0023999873158586714	0.001554012139078935	0	-0.21802913992036274	0.05745814250820735
5.4	4.7671321747275135	4.7671321747275135	4.7671321747275135	0.09109212816953838	5.471930454307523	0.01702861716439817	9.602887099915137	497.22728677290365	0.6296285346135716	0	0	0	0	-0.0023999977698960333	0.001554012182292442	0	-0.2180389976930985	0.05745833973450239
5.5	4.7671321747275135	4.7671321747275135	4.7671321747275135	0.09109212816953835	5.471930454307507	0.017028617164398182	9.602887099915137	497.22728677290405	0.6296285346135715	0	0	0	0	-0.0024000061431983513	0.001554012212195669	0	-0.2180471379710942	0.05745849959374032
5.6	4.7671321747275135	4.7671321747275135	4.7671321747275135	0.0910921281695383	5.471930454307474	0.01702861716439823	9.602887099915137	497.2272867729048	0.629628534613571	0	0	0	0	-0.002400012955133708	0.001554012237933208	0	-0.21805385753391907	0.05745862917645412
5.7	4.7671321747275135	4.7671321747275135	4.7671321747275135	0.0910921281695383	5.471930454307458	0.017028617164398248	9.60288709991514	497.22728677290513	0.6296285346135709	0	0	0	0	-0.0024000184706078286	0.0015540122584109957	0	-0.21805940861212883	0.057458734375272325
5.8	4.7671321747275135	4.7671321747275135	4.7671321747275135	0.0910921281695383	5.471930454307454	0.01702861716439825	9.60288709991514	497.2272867729052	0.6296285346135708	0	0	0	0	-0.0024000229263461048	0.0015540122747010423	0	-0.2180639838849008	0.05745881955587161
5.9	4.7671321747275135	4.7671321747275135	4.7671321747275135	0.09109212816954189	5.471930454309064	0.017028617164395462	9.602887099915044	497.22728677286955	0.6296285346135957	0	0	0	0	-0.002400024847890269	0.0015540122093287108	0	-0.21806781903249356	0.05745888974836098
6	4.7671321747275135	4.7671321747275135	4.7671321747275135	0.09109212816955285	5.471930454313948	0.017028617164386993	9.602887099914753	497.22728677276143	0.6296285346136713	0	0	0	0	-0.002400022610116056	0.0015540119810891853	0	-0.21807108843698142	0.05745894847947085
6.1	4.7671321747275135	4.7671321747275135	4.7671321747275135	0.09109212816956806	5.471930454320733	0.017028617164375228	9.602887099914344	497.22728677261125	0.6296285346137762	0	0	0	0	-0.002400017762084168	0.0015540116574893307	0	-0.21807383634990465	0.05745899682420283
6.2	4.7671321747275135	4.7671321747275135	4.7671321747275135	0.09109212816958444	5.471930454328015	0.017028617164362606	9.602887099913909	497.2272867724501	0.6296285346138888	0	0	0	0	-0.002400011884367411	0.0015540113075022048	0	-0.218076105936873	0.057459035838162774
6.3	4.7671321747275135	4.7671321747275135	4.7671321747275135	0.09109212816959877	5.4719304543343865	0.01702861716435157	9.602887099913527	497.22728677230907	0.6296285346139872	0	0	0	0	-0.002400006557538592	0.0015540110001008658	0	-0.21807794036349604	0.0574590665769565
6.4	4.7671321747275135	4.7671321747275135	4.7671321747275135	0.09109212816960796	5.471930454338442	0.01702861716434455	9.602887099913282	497.22728677221926	0.6296285346140497	0	0	0	0	-0.002400003362170516	0.001554010804258372	0	-0.21807938279538355	0.05745909009618985
6.5	4.7671321747275135	4.7671321747275135	4.7671321747275135	0.09109212816960885	5.471930454338778	0.017028617164343996	9.602887099913259	497.22728677221187	0.6296285346140547	0	0	0	0	-0.0024000038788359905	0.001554010788947781	0	-0.2180804763981451	0.057459107451468656
6.6	4.7671321747275135	4.7671321747275135	4.7671321747275135	0.09109212816959826	5.471930454333988	0.01702861716435234	9.602887099913541	497.227286772318	0.6296285346139802	0	0	0	0	-0.002400009688107821	0.0015540110231421513	0	-0.2180812643373904	0.05745911969839874
6.7	4.7671321747275135	4.7671321747275135	4.7671321747275135	0.09109212816957313	5.471930454322666	0.01702861716437202	9.602887099914211	497.2272867725687	0.6296285346138046	0	0	0	0	-0.002400022370558814	0.001554011575814541	0	-0.2180817897787291	0.05745912789258594
6.8	4.7671321747275135	4.7671321747275135	4.7671321747275135	0.09109212816955219	5.471930454313549	0.017028617164387683	9.60288709991477	497.2272867727704	0.6296285346136651	0	0	0	0	-0.0024000327853609107	0.0015540120350065608	0	-0.21808227365651972	0.05745913585326609
6.9	4.7671321747275135	4.7671321747275135	4.7671321747275135	0.09109212816954751	5.471930454311813	0.017028617164390487	9.602887099914893	497.22728677280844	0.6296285346136401	0	0	0	0	-0.002400035288556637	0.0015540121379794987	0	-0.21808280840543687	0.057459144819914376
7	4.7671321747275135	4.7671321747275135	4.7671321747275135	0.09109212816954214	5.471930454309275	0.017028617164395004	9.602887099915035	497.2272867728647	0.6296285346135998	0	0	0	0	-0.0024000383468180523	0.0015540122573369974	0	-0.21808322640028396	0.05745915176285134
7.1	4.7671321747275135	4.7671321747275135	4.7671321747275135	0.09109212816954053	5.471930454308573	0.01702861716439619	9.60288709991508	497.2272867728803	0.6296285346135893	0	0	0	0	-0.002400039446186696	0.001554012294461488	0	-0.218083602374803	0.057459157951084326
7.2	4.7671321747275135	4.7671321747275135	4.7671321747275135	0.09109212816953942	5.471930454308025	0.01702861716439719	9.602887099915108	497.22728677289246	0.6296285346135804	0	0	0	0	-0.0024000402816133463	0.0015540123199406137	0	-0.21808391320713139	0.057459163011125365
7.3	4.7671321747275135	4.7671321747275135	4.7671321747275135	0.09109212816953881	5.471930454307732	0.017028617164397727	9.602887099915124	497.22728677289905	0.6296285346135756	0	0	0	0	-0.0024000408096520663	0.0015540123341291523	0	-0.2180841727448938	0.05745916718006574
7.4	4.7671321747275135	4.7671321747275135	4.7671321747275135	0.0910921281695386	5.471930454307635	0.017028617164397904	9.602887099915131	497.22728677290115	0.629628534613574	0	0	0	0	-0.002400041092034614	0.0015540123393189143	0	-0.2180843894426842	0.05745917061641104
7.5	4.767132174727514	4.767132174727514	4.767132174727514	0.09109212816953839	5.471930454307519	0.017028617164398126	9.602887099915137	497.2272867729038	0.6296285346135719	0	0	0	0	-0.0024000413528170255	0.0015540123445843903	0	-0.21808456721315841	0.05745917339785636
7.6	4.7671321747275135	4.7671321747275135	4.7671321747275135	0.09109212816953834	5.471930454307497	0.017028617164398168	9.602887099915138	497.22728677290434	0.6296285346135715	0	0	0	0	-0.0024000414959133797	0.0015540123461347001	0	-0.2180847148570567	0.05745917567696655
7.7	4.7671321747275135	4.7671321747275135	4.7671321747275135	0.09109212816953831	5.471930454307461	0.017028617164398237	9.602887099915138	497.2272867729051	0.629628534613571	0	0	0	0	-0.00240004162474459	0.0015540123478139298	0	-0.2180848360527582	0.0574591775232438
7.8	4.7671321747275135	4.7671321747275135	4.7671321747275135	0.09109212816953825	5.471930454307452	0.01702861716439825	9.60288709991514	497.22728677290525	0.6296285346135709	0	0	0	0	-0.0024000417119956004	0.0015540123485214264	0	-0.2180849360676221	0.05745917902679368
7.9	4.7671321747275135	4.7671321747275135	4.7671321747275135	0.09109212816953827	5.471930454307444	0.01702861716439827	9.60288709991514	497.2272867729055	0.6296285346135707	0	0	0	0	-0.0024000417827264634	0.0015540123490751503	0	-0.21808501825477059	0.057459180246304475
8	4.7671321747275135	4.7671321747275135	4.7671321747275135	0.09109212816953827	5.471930454307442	0.017028617164398276	9.60288709991514	497.22728677290553	0.6296285346135707	0	0	0	0	-0.0024000418379814957	0.0015540123494455422	0	-0.21808508589182146	0.05745918123722708
8.1	4.7671321747275135	4.7671321747275135	4.7671321747275135	0.0910921281695383	5.471930454307443	0.017028617164398276	9.602887099915138	497.2272867729054	0.6296285346135706	0	0	0	0	-0.0024000418793635684	0.0015540123496267935	0	-0.21808514148864183	0.057459182041301085
8.2	4.7671321747275135	4.7671321747275135	4.7671321747275135	0.09109212816957214	5.471930454311244	0.01702861716439554	9.602887099914238	497.22728677283067	0.6296285346135935	0	0	0	0	-0.0024000397526708047	0.0015540122777694145	0	-0.21808523535795268	0.057459183344912894
8.3	4.767132174727514	4.767132174727514	4.767132174727514	0.09109212816966004	5.471930454321105	0.017028617164388436	9.602887099911895	497.22728677263666	0.6296285346136528	0	0	0	0	-0.0024000341686498876	0.00155401209085782	0	-0.2180853974952818	0.05745918555611363
8.4	4.7671321747275135	4.7671321747275135	4.7671321747275135	0.09109212816978746	5.471930454335381	0.017028617164378146	9.602887099908495	497.22728677235574	0.6296285346137386	0	0	0	0	-0.0024000260571416217	0.001554011819844841	0	-0.21808560812898137	0.057459188409541236
8.5	4.7671321747275135	4.7671321747275135	4.7671321747275135	0.0910921281699398	5.471930454352432	0.017028617164365854	9.602887099904432	497.22728677202036	0.6296285346138412	0	0	0	0	-0.002400016347986813	0.0015540114956833077	0	-0.21808584748740364	0.05745919163983369
8.6	4.7671321747275135	4.7671321747275135	4.7671321747275135	0.09109212817010261	5.471930454370614	0.017028617164352743	9.60288709990009	497.2272867716628	0.6296285346139506	0	0	0	0	-0.002400005971026266	0.0015540111493260508	0	-0.21808609579890081	0.057459194981628985
8.7	4.7671321747275135	4.7671321747275135	4.7671321747275135	0.09109212817026129	5.471930454388285	0.01702861716433999	9.60288709989586	497.2272867713155	0.6296285346140572	0	0	0	0	-0.002399995856100785	0.0015540108117259	0	-0.21808633329182517	0.05745919816956504
8.8	4.7671321747275135	4.7671321747275135	4.7671321747275135	0.09109212817040131	5.471930454403803	0.017028617164328776	9.602887099892126	497.22728677101077	0.6296285346141508	0	0	0	0	-0.002399986933051176	0.001554010513835687	0	-0.2180865401945289	0.057459200938279845
8.9	4.7671321747275135	4.7671321747275135	4.7671321747275135	0.09109212817050813	5.471930454415524	0.017028617164320293	9.602887099889278	497.22728677078095	0.6296285346142216	0	0	0	0	-0.0023999801317182434	0.001554010286608241	0	-0.2180866967353642	0.05745920302241136
9	4.7671321747275135	4.7671321747275135	4.7671321747275135	0.09109212817056722	5.471930454421806	0.017028617164315713	9.602887099887704	497.22728677065834	0.62962853461426	0	0	0	0	-0.0023999763819427928	0.0015540101609963933	0	-0.21808678314268337	0.057459204156597554
9.1	4.7671321747275135	4.7671321747275135	4.7671321747275135	0.09109212817056402	5.471930454421006	0.01702861716431622	9.602887099887791	497.2272867706755	0.6296285346142558	0	0	0	0	-0.0023999766135656283	0.0015540101679529742	0	-0.2180867796448386	0.05745920407547639
9.2	4.7671321747275135	4.7671321747275135	4.7671321747275135	0.091092128170484	5.471930454411481	0.017028617164323002	9.602887099889925	497.2272867708646	0.6296285346141994	0	0	0	0	-0.0023999817564275554	0.0015540103384308142	0	-0.2180866664701821	0.05745920251368584
9.3	4.7671321747275135	4.7671321747275135	4.7671321747275135	0.0910921281703126	5.4719304543915905	0.01702861716433723	9.602887099894495	497.2272867712581	0.6296285346140807	0	0	0	0	-0.0023999927403693787	0.0015540107033827433	0	-0.21808642384706614	0.057459199205863856
9.4	4.7671321747275135	4.7671321747275135	4.7671321747275135	0.09109212817003533	5.471930454359689	0.017028617164360098	9.602887099901892	497.2272867718883	0.6296285346138901	0	0	0	0	-0.002400010495231904	0.0015540112937615924	0	-0.2180860320038429	0.05745919388664843
9.5	4.7671321747275135	4.7671321747275135	4.7671321747275135	0.091092128169737	5.471930454327312	0.01702861716438327	9.602887099909847	497.22728677252167	0.6296285346136968	0	0	0	0	-0.0024000294751359346	0.0015540119282943493	0	-0.2180856159906771	0.057459188234170934
9.6	4.7671321747275135	4.7671321747275135	4.7671321747275135	0.09109212816966479	5.47193045432454	0.0170286171643852	9.602887099911772	497.2272867725588	0.6296285346136805	0	0	0	0	-0.0024000337500483864	0.0015540120801774847	0	-0.21808553080322046	0.05745918704503932
9.7	4.7671321747275135	4.7671321747275135	4.7671321747275135	0.09109212816961033	5.471930454317887	0.017028617164390362	9.602887099913223	497.2272867726916	0.6296285346136371	0	0	0	0	-0.0024000372701388916	0.0015540121962980542	0	-0.2180854605802198	0.05745918614653133
9.8	4.7671321747275135	4.7671321747275135	4.7671321747275135	0.09109212816957304	5.471930454313143	0.01702861716439372	9.602887099914216	497.22728677278695	0.6296285346136091	0	0	0	0	-0.0024000396936488338	0.001554012275870363	0	-0.21808541352572983	0.05745918555429115
9.9	4.7671321747275135	4.7671321747275135	4.7671321747275135	0.09109212816956434	5.471930454312497	0.01702861716439412	9.602887099914446	497.2272867727987	0.6296285346136058	0	0	0	0	-0.0024000402344339614	0.0015540122943175562	0	-0.21808540770633064	0.05745918550384317
10	4.7671321747275135	4.7671321747275135	4.7671321747275135	0.09109212816954892	5.471930454309518	0.017028617164396537	9.602887099914858	497.22728677286153	0.6296285346135854	0	0	0	0	-0.0024000413041244677	0.0015540123275724817	0	-0.2180853887784349	0.05745918529237451
10.1	4.7671321747275135	4.7671321747275135	4.7671321747275135	0.09109212816954573	5.471930454309184	0.017028617164396697	9.602887099914943	497.22728677286807	0.6296285346135841	0	0	0	0	-0.0024000415087916493	0.0015540123343085685	0	-0.21808538851054	0.05745918530960033
10.2	4.7671321747275135	4.7671321747275135	4.7671321747275135	0.09109212816954196	5.471930454308313	0.017028617164397485	9.602887099915042	497.2272867728867	0.6296285346135775	0	0	0	0	-0.0024000417827508085	0.0015540123425392752	0	-0.21808538590224383	0.05745918529775067
10.3	4.7671321747275135	4.7671321747275135	4.7671321747275135	0.09109212816954028	5.47193045430797	0.017028617164397766	9.602887099915087	497.22728677289405	0.6296285346135749	0	0	0	0	-0.0024000419031545697	0.0015540123461956607	0	-0.2180853861433762	0.05745918531634622
10.4	4.7671321747275135	4.7671321747275135	4.7671321747275135	0.09109212816953965	5.471930454307833	0.017028617164397887	9.602887099915105	497.227286772897	0.629628534613574	0	0	0	0	-0.0024000419500245017	0.0015540123475743437	0	-0.21808538752507187	0.05745918534617596
10.5	4.7671321747275135	4.7671321747275135	4.7671321747275135	0.09109212816953882	5.471930454307609	0.017028617164398106	9.602887099915126	497.22728677290183	0.6296285346135722	0	0	0	0	-0.0024000420121210527	0.0015540123493437271	0	-0.21808538813573242	0.05745918536434989
10.6	4.7671321747275135	4.7671321747275135	4.7671321747275135	0.09109212816953868	5.471930454307583	0.01702861716439812	9.602887099915128	497.22728677290235	0.629628534613572	0	0	0	0	-0.0024000420237588723	0.0015540123496663259	0	-0.2180853895337416	0.05745918538943458
10.7	4.767132174727514	4.767132174727514	4.767132174727514	0.09109212816953845	5.471930454307501	0.01702861716439821	9.602887099915135	497.2272867729042	0.6296285346135713	0	0	0	0	-0.0024000420439268446	0.0015540123502138898	0	-0.21808539044130465	0.05745918540712661
10.8	4.7671321747275135	4.7671321747275135	4.7671321747275135	0.09109212816953838	5.4719304543074765	0.017028617164398227	9.602887099915138	497.22728677290473	0.629628534613571	0	0	0	0	-0.00240004205026799	0.0015540123503802528	0	-0.21808539142120106	0.05745918542406555
10.9	4.767132174727514	4.767132174727514	4.767132174727514	0.09109212816953913	5.471930454307762	0.017028617164397804	9.602887099915117	497.22728677289854	0.6296285346135748	0	0	0	0	-0.0024000419902900825	0.0015540123488283692	0	-0.21808539370773336	0.057459185453524846
11	4.767132174727514	4.767132174727514	4.767132174727514	0.09109212816957349	5.471930454320696	0.017028617164378746	9.602887099914202	497.22728677261415	0.6296285346137432	0	0	0	0	-0.0024000392062474537	0.0015540122771849462	0	-0.21808545767444024	0.05745918613376276
11.1	4.7671321747275135	4.7671321747275135	4.7671321747275135	0.09109212816964804	5.471930454348759	0.017028617164337387	9.602887099912213	497.22728677199706	0.6296285346141091	0	0	0	0	-0.002400033161882495	0.0015540121216389364	0	-0.21808559551628917	0.057459187593938525
11.2	4.767132174727514	4.767132174727514	4.767132174727514	0.09109212816974815	5.471930454386415	0.017028617164281903	9.602887099909545	497.2272867711692	0.6296285346145997	0	0	0	0	-0.0024000250483602412	0.001554011912825097	0	-0.21808578020885155	0.05745918954870895
11.3	4.7671321747275135	4.7671321747275135	4.7671321747275135	0.09109212816985914	5.4719304544281195	0.017028617164220466	9.602887099906585	497.2272867702522	0.6296285346151429	0	0	0	0	-0.002400016056845726	0.001554011681378187	0	-0.21808598472769872	0.05745919171273079
11.4	4.767132174727513	4.767132174727513	4.767132174727513	0.09109212816996626	5.471930454468335	0.01702861716416124	9.602887099903725	497.227286769368	0.6296285346156666	0	0	0	0	-0.0024000073785039834	0.0015540114579329636	0	-0.21808618204840202	0.05745919380066088
11.5	4.7671321747275135	4.7671321747275135	4.7671321747275135	0.09109212817005488	5.471930454501522	0.0170286171641124	9.602887099901363	497.2272867686384	0.6296285346160986	0	0	0	0	-0.002400000204500047	0.0015540112731241861	0	-0.2180863451465329	0.05745919552715599
11.6	4.7671321747275135	4.7671321747275135	4.7671321747275135	0.09109212817011031	5.47193045452214	0.017028617164082115	9.602887099899885	497.2272867681853	0.6296285346163664	0	0	0	0	-0.0023999957259989504	0.0015540111575866118	0	-0.2180864469976627	0.057459196606872924
11.7	4.7671321747275135	4.7671321747275135	4.7671321747275135	0.09109212817011787	5.471930454524649	0.017028617164078552	9.602887099899682	497.2272867681304	0.6296285346163979	0	0	0	0	-0.002399995134165728	0.0015540111419549989	0	-0.21808646057736272	0.05745919675446848
11.8	4.7671321747275135	4.7671321747275135	4.7671321747275135	0.09109212817006287	5.471930454503511	0.01702861716410988	9.60288709990115	497.2272867685956	0.6296285346161208	0	0	0	0	-0.0023999996201654124	0.001554011256864106	0	-0.21808635886120442	0.05745919568459944
11.9	4.7671321747275135	4.7671321747275135	4.7671321747275135	0.09109212816993063	5.471930454453183	0.017028617164184277	9.60288709990468	497.22728676970263	0.6296285346154628	0	0	0	0	-0.002400010375163039	0.0015540115329486907	0	-0.2180861148247592	0.0574591931119226
12	4.767132174727514	4.767132174727514	4.767132174727514	0.09109212816971834	5.471930454372791	0.017028617164302932	9.60288709991034	497.2272867714707	0.6296285346144137	0	0	0	0	-0.002400027615547209	0.0015540119759914304	0	-0.2180857235733405	0.05745918898279786
12.1	4.7671321747275135	4.7671321747275135	4.7671321747275135	0.09109212816961446	5.471930454335646	0.017028617164356576	9.602887099913108	497.2272867722856	0.6296285346139397	0	0	0	0	-0.0024000359144039705	0.001554012191851498	0	-0.2180855353300363	0.057459186972010835
12.2	4.7671321747275135	4.7671321747275135	4.7671321747275135	0.09109212816957722	5.471930454322411	0.017028617164375807	9.602887099914101	497.2272867725759	0.6296285346137698	0	0	0	0	-0.0024000388846408087	0.0015540122692105248	0	-0.21808546801524573	0.05745918625243008
12.3	4.7671321747275135	4.7671321747275135	4.7671321747275135	0.09109212816955381	5.471930454313446	0.017028617164389193	9.602887099914724	497.22728677277314	0.6296285346136512	0	0	0	0	-0.0024000407923074622	0.0015540123181232183	0	-0.21808542478916132	0.05745918579781126
12.4	4.7671321747275135	4.7671321747275135	4.7671321747275135	0.0910921281695467	5.471930454310857	0.017028617164392995	9.602887099914915	497.2272867728301	0.6296285346136177	0	0	0	0	-0.0024000413646492595	0.0015540123329637172	0	-0.21808541186725047	0.057459185660635785
12.5	4.7671321747275135	4.7671321747275135	4.7671321747275135	0.09109212816954147	5.4719304543087315	0.017028617164396267	9.602887099915053	497.22728677287694	0.6296285346135885	0	0	0	0	-0.0024000417976230816	0.0015540123439124762	0	-0.2180854020945966	0.0574591855595326
12.6	4.7671321747275135	4.7671321747275135	4.7671321747275135	0.09109212816954002	5.471930454308187	0.01702861716439708	9.602887099915094	497.22728677288893	0.6296285346135814	0	0	0	0	-0.0024000419150147687	0.0015540123469356298	0	-0.21808539947642458	0.05745918553214623
12.7	4.7671321747275135	4.7671321747275135	4.7671321747275135	0.09109212816953892	5.47193045430772	0.01702861716439783	9.602887099915122	497.2272867728993	0.6296285346135747	0	0	0	0	-0.002400042007552174	0.001554012349245275	0	-0.21808539741580443	0.05745918551126429
12.8	4.7671321747275135	4.7671321747275135	4.7671321747275135	0.0910921281695386	5.471930454307599	0.017028617164398022	9.602887099915133	497.22728677290206	0.629628534613573	0	0	0	0	-0.002400042033394039	0.0015540123499005437	0	-0.21808539686361708	0.057459185505686856
12.9	4.7671321747275135	4.7671321747275135	4.7671321747275135	0.09109212816953838	5.471930454307501	0.017028617164398182	9.602887099915137	497.2272867729042	0.6296285346135716	0	0	0	0	-0.002400042051955377	0.0015540123503624075	0	-0.21808539646652306	0.057459185501811075
13	4.7671321747275135	4.7671321747275135	4.7671321747275135	0.09109212816953832	5.471930454307473	0.017028617164398224	9.602887099915137	497.22728677290485	0.6296285346135712	0	0	0	0	-0.002400042057912636	0.0015540123505093338	0	-0.21808539635335855	0.05745918550078639
13.1	4.7671321747275135	4.7671321747275135	4.7671321747275135	0.09109212816953828	5.471930454307451	0.017028617164398255	9.602887099915138	497.22728677290525	0.6296285346135708	0	0	0	0	-0.002400042061501575	0.0015540123505992584	0	-0.21808539628938609	0.057459185500234926
13.2	4.7671321747275135	4.7671321747275135	4.7671321747275135	0.09109212816953825	5.471930454307443	0.01702861716439827	9.60288709991514	497.2272867729055	0.6296285346135707	0	0	0	0	-0.0024000420628241003	0.001554012350632991	0	-0.21808539627328155	0.05745918550015189
13.3	4.767132174727513	4.767132174727513	4.767132174727513	0.09109212816953968	5.471930454308438	0.01702861716439659	9.602887099915103	497.2272867728831	0.6296285346135856	0	0	0	0	-0.0024000417958913115	0.0015540123443994914	0	-0.21808540235186172	0.05745918555844605
13.4	4.767132174727514	4.767132174727514	4.767132174727514	0.09109212816955613	5.471930454319898	0.017028617164377282	9.602887099914664	497.2272867726261	0.6296285346137577	0	0	0	0	-0.0024000387263903773	0.001554012272709793	0	-0.21808547212562024	0.057459186226892923
13.5	4.767132174727514	4.767132174727514	4.767132174727514	0.09109212816958803	5.471930454342123	0.01702861716433983	9.602887099913813	497.2272867721276	0.6296285346140912	0	0	0	0	-0.002400032771913793	0.0015540121336349779	0	-0.21808560746756817	0.05745918752347802
13.6	4.7671321747275135	4.7671321747275135	4.7671321747275135	0.0910921281696317	5.471930454372557	0.017028617164288547	9.602887099912646	497.22728677144494	0.6296285346145479	0	0	0	0	-0.002400024618140021	0.0015540119431844857	0	-0.21808579279363785	0.05745918929896279
13.7	4.7671321747275135	4.7671321747275135	4.7671321747275135	0.09109212816968348	5.4719304544086365	0.017028617164227766	9.602887099911262	497.2272867706357	0.629628534615089	0	0	0	0	-0.0024000149507475274	0.0015540117173677543	0	-0.21808601251976148	0.05745919140410871
13.8	4.7671321747275135	4.7671321747275135	4.7671321747275135	0.09109212816973972	5.4719304544478025	0.017028617164161805	9.602887099909763	497.2272867697572	0.6296285346156766	0	0	0	0	-0.002400004455414775	0.001554011472194223	0	-0.21808625106187143	0.05745919368967724
13.9	4.767132174727514	4.767132174727514	4.767132174727514	0.09109212816979673	5.471930454487493	0.017028617164094973	9.60288709990824	497.227286768867	0.6296285346162718	0	0	0	0	-0.0023999938178202278	0.0015540112236733306	0	-0.21808649283590004	0.0574591960064298
14	4.7671321747275135	4.7671321747275135	4.7671321747275135	0.09109212816985081	5.471930454525146	0.0170286171640316	9.602887099906797	497.22728676802245	0.6296285346168361	0	0	0	0	-0.0023999837236423492	0.001554010987814515	0	-0.21808672225777953	0.05745919820512787
14.1	4.7671321747275135	4.7671321747275135	4.7671321747275135	0.09109212816989835	5.471930454558204	0.01702861716397601	9.602887099905528	497.22728676728104	0.6296285346173313	0	0	0	0	-0.0023999748585596045	0.001554010780627216	0	-0.21808692374344227	0.057459200136532905
14.2	4.7671321747275135	4.7671321747275135	4.7671321747275135	0.09109212816993563	5.471930454584103	0.017028617163932506	9.602887099904532	497.2272867667003	0.6296285346177187	0	0	0	0	-0.0023999679082504564	0.0015540106181208715	0	-0.2180870817088205	0.057459201651406354
14.3	4.7671321747275135	4.7671321747275135	4.7671321747275135	0.09109212816995901	5.471930454600283	0.01702861716390542	9.602887099903908	497.22728676633744	0.6296285346179599	0	0	0	0	-0.00239996355839337	0.0015540105163049207	0	-0.21808718056984658	0.057459202600509685
14.4	4.7671321747275135	4.7671321747275135	4.7671321747275135	0.0910921281699648	5.471930454604185	0.017028617163899074	9.602887099903754	497.2272867662502	0.6296285346180163	0	0	0	0	-0.0023999624946668087	0.001554010491188802	0	-0.21808720474245274	0.05745920283460434
14.5	4.7671321747275135	4.7671321747275135	4.7671321747275135	0.09109212816994933	5.471930454593245	0.01702861716391778	9.602887099904166	497.2272867664957	0.6296285346178497	0	0	0	0	-0.002399965402749236	0.0015540105587819545	0	-0.21808713864257137	0.05745920220445178
14.6	4.7671321747275135	4.7671321747275135	4.7671321747275135	0.09109212816990893	5.471930454564906	0.017028617163965868	9.602887099905242	497.2272867671316	0.6296285346174214	0	0	0	0	-0.0023999729683191165	0.0015540107350938167	0	-0.21808696668613473	0.05745920056081347
14.7	4.7671321747275135	4.7671321747275135	4.7671321747275135	0.09109212816983994	5.471930454516603	0.01702861716404765	9.602887099907083	497.2272867682154	0.6296285346166931	0	0	0	0	-0.002399985877054913	0.0015540110361338272	0	-0.2180866732890751	0.057459197754450846
14.8	4.7671321747275135	4.7671321747275135	4.7671321747275135	0.09109212816973866	5.471930454445778	0.017028617164167446	9.602887099909786	497.2272867698044	0.6296285346156261	0	0	0	0	-0.002400004814635092	0.001554011477911425	0	-0.21808624286732486	0.05745919363612538
14.9	4.7671321747275135	4.7671321747275135	4.7671321747275135	0.09109212816962485	5.471930454366927	0.017028617164299365	9.602887099912824	497.22728677157295	0.6296285346144519	0	0	0	0	-0.002400026006071905	0.0015540119738423031	0	-0.21808576123795234	0.05745918901296302
15	4.7671321747275135	4.7671321747275135	4.7671321747275135	0.09109212816961224	5.471930454362088	0.017028617164299924	9.602887099913163	497.2272867716791	0.6296285346144499	0	0	0	0	-0.002400027859200637	0.0015540120252775442	0	-0.2180857192165585	0.057459188533350816
15.1	4.7671321747275135	4.7671321747275135	4.7671321747275135	0.09109212816961633	5.471930454366715	0.017028617164288842	9.602887099913055	497.227286771574	0.6296285346145499	0	0	0	0	-0.0024000268690877644	0.0015540120058052135	0	-0.21808574176502282	0.05745918871489208
15.2	4.767132174727514	4.767132174727514	4.767132174727514	0.09109212816957442	5.471930454335099	0.0170286171643467	9.602887099914174	497.2272867722844	0.6296285346140326	0	0	0	0	-0.0024000349993876426	0.001554012190738195	0	-0.2180855569218186	0.05745918699112498
15.3	4.7671321747275135	4.7671321747275135	4.7671321747275135	0.09109212816957302	5.471930454335818	0.017028617164341644	9.602887099914211	497.2272867722672	0.6296285346140792	0	0	0	0	-0.002400035042945977	0.0015540121952503166	0	-0.2180855559699913	0.05745918694902876
15.4	4.7671321747275135	4.7671321747275135	4.7671321747275135	0.09109212816956783	5.471930454331916	0.017028617164348822	9.602887099914351	497.22728677235483	0.6296285346140149	0	0	0	0	-0.002400036049401108	0.0015540122181776884	0	-0.2180855330900882	0.057459186735375804
15.5	4.7671321747275135	4.7671321747275135	4.7671321747275135	0.09109212816955281	5.47193045431979	0.01702861716437262	9.602887099914753	497.22728677262756	0.6296285346138015	0	0	0	0	-0.0024000390634575795	0.001554012285124782	0	-0.21808546455204114	0.05745918611143461
15.6	4.7671321747275135	4.7671321747275135	4.7671321747275135	0.09109212816955409	5.471930454321621	0.01702861716436726	9.602887099914717	497.22728677258607	0.6296285346138503	0	0	0	0	-0.0024000387018969786	0.0015540122785714277	0	-0.21808547279530638	0.05745918617251474
15.7	4.7671321747275135	4.7671321747275135	4.7671321747275135	0.0910921281695483	5.471930454316462	0.01702861716437851	9.602887099914872	497.2272867727023	0.6296285346137488	0	0	0	0	-0.002400039927100711	0.0015540123048804041	0	-0.2180854449240763	0.05745918592736345
15.8	4.7671321747275135	4.7671321747275135	4.7671321747275135	0.09109212816954455	5.471930454313324	0.01702861716438479	9.602887099914973	497.2272867727729	0.6296285346136926	0	0	0	0	-0.0024000406958975184	0.001554012321782709	0	-0.21808542743976048	0.057459185769858444
15.9	4.7671321747275135	4.7671321747275135	4.7671321747275135	0.09109212816954526	5.471930454314212	0.01702861716438221	9.602887099914954	497.2272867727528	0.6296285346137159	0	0	0	0	-0.0024000405140040507	0.0015540123183601057	0	-0.21808543158428464	0.057459185801764984
16	4.7671321747275135	4.7671321747275135	4.7671321747275135	0.0910921281695418	5.47193045431088	0.017028617164390112	9.602887099915044	497.227286772828	0.6296285346136444	0	0	0	0	-0.0024000412767654303	0.0015540123342563511	0	-0.21808541422692634	0.0574591856536546
16.1	4.7671321747275135	4.7671321747275135	4.7671321747275135	0.09109212816954111	5.471930454310356	0.017028617164391014	9.602887099915066	497.2272867728398	0.6296285346136364	0	0	0	0	-0.002400041412375816	0.0015540123373212803	0	-0.21808541114556174	0.0574591856250983
16.2	4.7671321747275135	4.7671321747275135	4.7671321747275135	0.09109212816954115	5.471930454310463	0.017028617164390608	9.602887099915064	497.2272867728373	0.6296285346136402	0	0	0	0	-0.0024000413948096428	0.001554012337064649	0	-0.21808541154803446	0.057459185627497036
16.3	4.7671321747275135	4.7671321747275135	4.7671321747275135	0.0910921281695396	5.471930454308846	0.017028617164394685	9.602887099915106	497.22728677287375	0.6296285346136032	0	0	0	0	-0.002400041753780636	0.001554012344374625	0	-0.21808540337660043	0.05745918555939913
16.4	4.7671321747275135	4.7671321747275135	4.7671321747275135	0.09109212816953959	5.4719304543088985	0.017028617164394386	9.602887099915108	497.22728677287256	0.629628534613606	0	0	0	0	-0.0024000417497364547	0.0015540123444026516	0	-0.2180854034693042	0.05745918555914852
16.5	4.7671321747275135	4.7671321747275135	4.7671321747275135	0.09109212816953935	5.471930454308645	0.01702861716439504	9.602887099915113	497.22728677287824	0.6296285346136	0	0	0	0	-0.002400041805370819	0.0015540123455275044	0	-0.2180854022024281	0.057459185548674685
16.6	4.7671321747275135	4.7671321747275135	4.7671321747275135	0.0910921281695502	5.471930454321875	0.017028617164356507	9.602887099914824	497.22728677257857	0.6296285346139505	0	0	0	0	-0.0024000390831364535	0.0015540122931632816	0	-0.21808546420068464	0.05745918603646977
16.7	4.7671321747275135	4.7671321747275135	4.7671321747275135	0.09109212816957749	5.471930454355006	0.0170286171642604	9.602887099914094	497.2272867718281	0.6296285346148243	0	0	0	0	-0.00240003225175205	0.001554012161536079	0	-0.21808561978195076	0.057459187262642916
16.8	4.7671321747275135	4.7671321747275135	4.7671321747275135	0.09109212816960803	5.471930454392004	0.01702861716415322	9.602887099913282	497.2272867709901	0.6296285346157987	0	0	0	0	-0.0024000246177859784	0.0015540120143630602	0	-0.21808579364100603	0.05745918863363671
16.9	4.7671321747275135	4.7671321747275135	4.7671321747275135	0.09109212816962858	5.47193045441683	0.017028617164081498	9.602887099912733	497.2272867704278	0.6296285346164507	0	0	0	0	-0.002400019489970255	0.0015540119154031705	0	-0.21808591042335487	0.05745918955550449
17	4.7671321747275135	4.7671321747275135	4.7671321747275135	0.09109212816962592	5.471930454413439	0.01702861716409177	9.602887099912804	497.22728677050475	0.6296285346163574	0	0	0	0	-0.0024000201770368974	0.001554011928415356	0	-0.2180858947745019	0.05745918943429961
17.1	4.767132174727513	4.767132174727513	4.767132174727513	0.09109212816958741	5.471930454366517	0.017028617164228405	9.60288709991383	497.2272867715676	0.6296285346151148	0	0	0	0	-0.002400029838585587	0.0015540121143057405	0	-0.21808567473657214	0.05745918770265009
17.2	4.7671321747275135	4.7671321747275135	4.7671321747275135	0.0910921281695644	5.471930454339652	0.017028617164303414	9.602887099914444	497.2272867721759	0.6296285346144337	0	0	0	0	-0.0024000354553383157	0.00155401222395819	0	-0.2180855468341403	0.05745918668113203
17.3	4.7671321747275135	4.7671321747275135	4.7671321747275135	0.09109212816956516	5.471930454341694	0.017028617164294282	9.602887099914424	497.2272867721294	0.6296285346145174	0	0	0	0	-0.002400035118923949	0.0015540122190584689	0	-0.21808555451212824	0.05745918672671827
17.4	4.7671321747275135	4.7671321747275135	4.7671321747275135	0.091092128169552	5.471930454324944	0.017028617164345124	9.602887099914774	497.227286772509	0.6296285346140547	0	0	0	0	-0.002400038515027317	0.0015540122834179157	0	-0.2180854771544442	0.05745918612721727
17.5	4.7671321747275135	4.7671321747275135	4.7671321747275135	0.09109212816954813	5.471930454320557	0.01702861716435701	9.602887099914875	497.22728677260824	0.6296285346139469	0	0	0	0	-0.002400039438812124	0.0015540123015662364	0	-0.21808545611817454	0.057459185958136566
17.6	4.7671321747275135	4.7671321747275135	4.7671321747275135	0.09109212816954762	5.4719304543201055	0.017028617164357766	9.60288709991489	497.2272867726184	0.6296285346139402	0	0	0	0	-0.002400039545642699	0.001554012303874452	0	-0.2180854536879521	0.05745918593662412
17.7	4.7671321747275135	4.7671321747275135	4.7671321747275135	0.09109212816954244	5.471930454313147	0.017028617164379898	9.602887099915026	497.2272867727762	0.6296285346137382	0	0	0	0	-0.002400040930958229	0.001554012329654178	0	-0.21808542212953264	0.05745918569651977
17.8	4.7671321747275135	4.7671321747275135	4.7671321747275135	0.09109212816954208	5.471930454312936	0.017028617164379947	9.602887099915037	497.22728677278093	0.629628534613738	0	0	0	0	-0.002400040986046674	0.0015540123309406865	0	-0.2180854208774614	0.05745918568453873
17.9	4.7671321747275135	4.7671321747275135	4.7671321747275135	0.09109212816954092	5.47193045431129	0.017028617164385376	9.602887099915067	497.22728677281816	0.6296285346136885	0	0	0	0	-0.0024000413099962152	0.0015540123368950327	0	-0.21808541349585028	0.05745918562908321
18	4.7671321747275135	4.7671321747275135	4.7671321747275135	0.09109212816953968	5.47193045430954	0.017028617164391104	9.602887099915101	497.22728677285795	0.6296285346136362	0	0	0	0	-0.002400041655392427	0.0015540123432540899	0	-0.21808540562620843	0.05745918556985161
18.1	4.7671321747275135	4.7671321747275135	4.7671321747275135	0.09109212816953975	5.471930454309662	0.01702861716439048	9.602887099915101	497.22728677285505	0.629628534613642	0	0	0	0	-0.002400041635060814	0.0015540123429622383	0	-0.21808540609009658	0.057459185572563985
18.2	4.7671321747275135	4.7671321747275135	4.7671321747275135	0.09109212816953902	5.471930454308571	0.017028617164394307	9.60288709991512	497.22728677287984	0.629628534613607	0	0	0	0	-0.0024000418454695337	0.0015540123467398966	0	-0.2180854012937455	0.05745918553738504
18.3	4.7671321747275135	4.7671321747275135	4.7671321747275135	0.0910921281695388	5.471930454308286	0.01702861716439522	9.602887099915126	497.22728677288626	0.6296285346135988	0	0	0	0	-0.002400041902119931	0.0015540123477873567	0	-0.21808540000312937	0.057459185527629755
18.4	4.7671321747275135	4.7671321747275135	4.7671321747275135	0.09109212816953877	5.471930454308253	0.017028617164395292	9.602887099915128	497.22728677288694	0.6296285346135979	0	0	0	0	-0.0024000419092478488	0.0015540123479276895	0	-0.21808539984239564	0.05745918552632221
18.5	4.7671321747275135	4.7671321747275135	4.7671321747275135	0.09109212816953849	5.471930454307805	0.017028617164396926	9.602887099915133	497.2272867728972	0.629628534613583	0	0	0	0	-0.00240004199450271	0.0015540123494348543	0	-0.2180853979001164	0.05745918551228735
18.6	4.7671321747275135	4.7671321747275135	4.7671321747275135	0.09109212816953847	5.471930454307793	0.017028617164396943	9.602887099915133	497.2272867728975	0.6296285346135828	0	0	0	0	-0.002400041997797554	0.001554012349506477	0	-0.2180853978232635	0.05745918551161957
18.7	4.7671321747275135	4.7671321747275135	4.7671321747275135	0.09109212816953854	5.47193045430788	0.01702861716439656	9.602887099915133	497.2272867728955	0.6296285346135865	0	0	0	0	-0.002400041982058234	0.001554012349246593	0	-0.21808539818098333	0.057459185514037295
18.8	4.7671321747275135	4.7671321747275135	4.7671321747275135	0.09109212816954995	5.471930454326264	0.017028617164322985	9.602887099914827	497.22728677247795	0.6296285346142606	0	0	0	0	-0.002400038617548307	0.001554012291773261	0	-0.21808547488831775	0.05745918604913592
18.9	4.767132174727513	4.767132174727513	4.767132174727513	0.09109212816957495	5.4719304543664435	0.017028617164162263	9.602887099914161	497.2272867715652	0.6296285346157334	0	0	0	0	-0.0024000312625702697	0.0015540121661090087	0	-0.2180856425739627	0.057459187219122076
19	4.7671321747275135	4.7671321747275135	4.7671321747275135	0.09109212816960588	5.4719304544161735	0.017028617163963408	9.602887099913337	497.22728677043557	0.6296285346175559	0	0	0	0	-0.002400022158295122	0.001554012010537735	0	-0.21808585014146906	0.057459188667556865
19.1	4.7671321747275135	4.7671321747275135	4.7671321747275135	0.09109212816963515	5.471930454463207	0.017028617163775416	9.602887099912556	497.2272867693673	0.6296285346192785	0	0	0	0	-0.0024000135458938626	0.0015540118633433377	0	-0.21808604649438773	0.057459190038001394
19.2	4.7671321747275135	4.7671321747275135	4.7671321747275135	0.09109212816965516	5.471930454495299	0.0170286171636473	9.602887099912023	497.2272867686383	0.6296285346204524	0	0	0	0	-0.00240000766653749	0.0015540117628097159	0	-0.21808618053626952	0.05745919097401675
19.3	4.7671321747275135	4.7671321747275135	4.7671321747275135	0.0910921281696583	5.471930454500203	0.017028617163628065	9.602887099911937	497.2272867685269	0.6296285346206286	0	0	0	0	-0.002400006761397003	0.0015540117472207682	0	-0.21808620117066535	0.05745919111916404
19.4	4.7671321747275135	4.7671321747275135	4.7671321747275135	0.09109212816963694	5.4719304544656735	0.017028617163766722	9.602887099912508	497.22728676931126	0.6296285346193579	0	0	0	0	-0.0024000130716434003	0.0015540118548603927	0	-0.21808605730112612	0.05745919011700436
19.5	4.767132174727513	4.767132174727513	4.767132174727513	0.09109212816958619	5.471930454383854	0.017028617164094536	9.60288709991386	497.2272867711698	0.6296285346163537	0	0	0	0	-0.0024000280383093403	0.0015540121103974772	0	-0.21808571607425345	0.05745918773785751
19.6	4.7671321747275135	4.7671321747275135	4.7671321747275135	0.09109212816956098	5.471930454344174	0.01702861716425076	9.602887099914534	497.22728677207107	0.6296285346149226	0	0	0	0	-0.002400035347904531	0.0015540122360506229	0	-0.2180855494332154	0.057459186567937866
19.7	4.7671321747275135	4.7671321747275135	4.7671321747275135	0.09109212816955453	5.471930454334337	0.017028617164288617	9.602887099914707	497.2272867722945	0.6296285346145759	0	0	0	0	-0.002400037176992245	0.0015540122677736475	0	-0.21808550773929158	0.05745918627255874
19.8	4.7671321747275135	4.7671321747275135	4.7671321747275135	0.09109212816954482	5.471930454318317	0.017028617164353877	9.602887099914966	497.22728677265843	0.6296285346139777	0	0	0	0	-0.0024000400879674506	0.0015540123171545667	0	-0.21808544136867575	0.05745918581282072
19.9	4.7671321747275135	4.7671321747275135	4.7671321747275135	0.09109212816954279	5.471930454315144	0.017028617164366214	9.602887099915018	497.2272867727305	0.6296285346138647	0	0	0	0	-0.002400040674775303	0.0015540123272833998	0	-0.218085427991038	0.0574591857185186
20	4.7671321747275135	4.7671321747275135	4.7671321747275135	0.09109212816954036	5.47193045431104	0.017028617164383274	9.602887099915083	497.22728677282373	0.6296285346137082	0	0	0	0	-0.002400041414727302	0.0015540123397391945	0	-0.21808541111847876	0.0574591856025556
20.1	4.7671321747275135	4.7671321747275135	4.7671321747275135	0.09109212816953943	5.471930454309482	0.01702861716438963	9.602887099915108	497.22728677285915	0.6296285346136499	0	0	0	0	-0.0024000416975759682	0.0015540123445330427	0	-0.21808540466915652	0.05745918555792114
20.2	4.7671321747275135	4.7671321747275135	4.7671321747275135	0.09109212816953897	5.47193045430872	0.01702861716439281	9.602887099915122	497.2272867728765	0.6296285346136208	0	0	0	0	-0.002400041834962398	0.0015540123468435548	0	-0.21808540153632194	0.05745918553640728
20.3	4.7671321747275135	4.7671321747275135	4.7671321747275135	0.0910921281695386	5.471930454308003	0.017028617164395847	9.602887099915131	497.22728677289274	0.6296285346135928	0	0	0	0	-0.0024000419632561948	0.001554012348984185	0	-0.21808539861273513	0.0574591855164785
20.4	4.7671321747275135	4.7671321747275135	4.7671321747275135	0.09109212816953849	5.471930454307859	0.017028617164396437	9.602887099915133	497.227286772896	0.6296285346135876	0	0	0	0	-0.002400041989424154	0.0015540123494263336	0	-0.21808539801863344	0.05745918551236295
20.5	4.7671321747275135	4.7671321747275135	4.7671321747275135	0.09109212816953835	5.4719304543076115	0.01702861716439752	9.602887099915138	497.22728677290155	0.6296285346135776	0	0	0	0	-0.0024000420332468473	0.0015540123501526313	0	-0.2180853970187926	0.05745918550560102
20.6	4.7671321747275135	4.7671321747275135	4.7671321747275135	0.09109212816953831	5.471930454307554	0.017028617164397766	9.602887099915137	497.22728677290286	0.6296285346135753	0	0	0	0	-0.0024000420436914452	0.0015540123503298136	0	-0.21808539677817892	0.05745918550395318
20.7	4.7671321747275135	4.7671321747275135	4.7671321747275135	0.0910921281695383	5.471930454307498	0.01702861716439801	9.602887099915138	497.22728677290416	0.629628534613573	0	0	0	0	-0.0024000420535983187	0.001554012350492309	0	-0.21808539655145645	0.05745918550244471
20.8	4.7671321747275135	4.7671321747275135	4.7671321747275135	0.09109212816953827	5.471930454307469	0.017028617164398137	9.60288709991514	497.22728677290485	0.6296285346135719	0	0	0	0	-0.0024000420588236562	0.0015540123505757954	0	-0.21808539643451677	0.057459185501664733
20.9	4.7671321747275135	4.7671321747275135	4.7671321747275135	0.09109212816953827	5.47193045430746	0.017028617164398182	9.60288709991514	497.22728677290513	0.6296285346135716	0	0	0	0	-0.0024000420605054204	0.0015540123506031307	0	-0.21808539639741784	0.05745918550140882
21	4.767132174727513	4.767132174727513	4.767132174727513	0.09109212816954576	5.471930454318802	0.017028617164345762	9.60288709991494	497.22728677264774	0.6296285346140532	0	0	0	0	-0.0024000402357806042	0.001554012319999695	0	-0.21808543800495128	0.05745918578631654
21.1	4.7671321747275135	4.7671321747275135	4.7671321747275135	0.09109212816956712	5.471930454351144	0.017028617164196302	9.602887099914373	497.22728677191367	0.6296285346154269	0	0	0	0	-0.002400035032626015	0.0015540122327321443	0	-0.21808555664969184	0.057459186598739755
21.2	4.767132174727514	4.767132174727514	4.767132174727514	0.09109212816959834	5.471930454398417	0.017028617163977845	9.602887099913538	497.22728677084086	0.6296285346174343	0	0	0	0	-0.002400027426990183	0.001554012105166363	0	-0.21808573007744486	0.05745918778631988
21.3	4.7671321747275135	4.7671321747275135	4.7671321747275135	0.09109212816963541	5.471930454454526	0.01702861716371857	9.60288709991255	497.22728676956746	0.6296285346198169	0	0	0	0	-0.002400018399160997	0.001554011953741015	0	-0.21808593593506104	0.05745918919602083
21.4	4.7671321747275135	4.7671321747275135	4.7671321747275135	0.0910921281696743	5.471930454513378	0.017028617163446644	9.602887099911513	497.22728676823186	0.6296285346223158	0	0	0	0	-0.0024000089294263457	0.0015540117948947643	0	-0.21808615186939087	0.05745919067480652
21.5	4.7671321747275135	4.7671321747275135	4.7671321747275135	0.09109212816971098	5.471930454568875	0.017028617163190245	9.602887099910536	497.2272867669723	0.6296285346246719	0	0	0	0	-0.0023999999980741185	0.001554011645066275	0	-0.21808635552728506	0.05745919206964087
21.6	4.7671321747275135	4.7671321747275135	4.7671321747275135	0.09109212816974142	5.471930454614927	0.017028617162977544	9.602887099909724	497.2272867659272	0.6296285346266267	0	0	0	0	-0.002399992585392204	0.0015540115206942118	0	-0.2180865245555943	0.05745919322748777
21.7	4.7671321747275135	4.7671321747275135	4.7671321747275135	0.09109212816976164	5.471930454645436	0.01702861716283671	9.602887099909186	497.22728676523485	0.6296285346279208	0	0	0	0	-0.0023999876716684914	0.0015540114382172382	0	-0.21808663660116911	0.05745919399531114
21.8	4.7671321747275135	4.7671321747275135	4.7671321747275135	0.09109212816976758	5.471930454654308	0.017028617162795915	9.602887099909028	497.22728676503345	0.6296285346282955	0	0	0	0	-0.0023999862371908705	0.0015540114140740189	0	-0.2180866693108601	0.05745919422007487
21.9	4.7671321747275135	4.7671321747275135	4.7671321747275135	0.09109212816975523	5.471930454635449	0.01702861716288334	9.602887099909358	497.2272867654615	0.6296285346274921	0	0	0	0	-0.0023999892622472295	0.0015540114647032176	0	-0.21808660033151794	0.05745919374874289
22	4.7671321747275135	4.7671321747275135	4.7671321747275135	0.09109212816972055	5.471930454582764	0.017028617163127154	9.602887099910284	497.2272867666572	0.6296285346252515	0	0	0	0	-0.0023999977271254576	0.0015540116065434987	0	-0.21808640730999324	0.05745919242827909
22.1	4.7671321747275135	4.7671321747275135	4.7671321747275135	0.09109212816965954	5.471930454490157	0.017028617163555523	9.602887099911909	497.2272867687589	0.6296285346213149	0	0	0	0	-0.002400012612113444	0.0015540118560335263	0	-0.21808606789313664	0.057459190105647394
22.2	4.7671321747275135	4.7671321747275135	4.7671321747275135	0.09109212816958678	5.471930454380074	0.017028617164064	9.602887099913849	497.2272867712571	0.6296285346166421	0	0	0	0	-0.0024000303294052436	0.0015540121532709812	0	-0.21808566389418796	0.05745918733849791
22.3	4.7671321747275135	4.7671321747275135	4.7671321747275135	0.09109212816956451	5.47193045434755	0.0170286171642121	9.602887099914444	497.227286771995	0.6296285346152816	0	0	0	0	-0.0024000356320247472	0.0015540122430312915	0	-0.21808554298668129	0.05745918650283092
22.4	4.7671321747275135	4.7671321747275135	4.7671321747275135	0.09109212816955166	5.471930454328052	0.017028617164302352	9.602887099914787	497.22728677243754	0.6296285346144521	0	0	0	0	-0.002400038766727374	0.0015540122955814474	0	-0.2180854715053707	0.05745918601361749
22.5	4.7671321747275135	4.7671321747275135	4.7671321747275135	0.09109212816954443	5.471930454317038	0.017028617164353384	9.602887099914978	497.2272867726876	0.6296285346139832	0	0	0	0	-0.002400040535504629	0.0015540123252009645	0	-0.21808543117480883	0.05745918573788282
22.6	4.7671321747275135	4.7671321747275135	4.7671321747275135	0.09109212816954206	5.4719304543134015	0.017028617164370208	9.602887099915042	497.2272867727702	0.6296285346138285	0	0	0	0	-0.0024000411205169696	0.001554012335011141	0	-0.21808541783701846	0.05745918564655698
22.7	4.7671321747275135	4.7671321747275135	4.7671321747275135	0.09109212816953978	5.471930454309838	0.017028617164386965	9.602887099915101	497.2272867728511	0.6296285346136745	0	0	0	0	-0.002400041684449841	0.001554012344370212	0	-0.21808540497435958	0.05745918555942961
22.8	4.7671321747275135	4.7671321747275135	4.7671321747275135	0.09109212816953922	5.471930454309018	0.01702861716439076	9.602887099915117	497.2272867728696	0.6296285346136398	0	0	0	0	-0.0024000418159550096	0.0015540123465757091	0	-0.2180854019724591	0.05745918553889517
22.9	4.7671321747275135	4.7671321747275135	4.7671321747275135	0.09109212816953866	5.471930454308075	0.017028617164395254	9.602887099915131	497.22728677289115	0.6296285346135982	0	0	0	0	-0.0024000419642223663	0.0015540123490192092	0	-0.2180853985898137	0.0574591855161535
23	4.7671321747275135	4.7671321747275135	4.7671321747275135	0.09109212816953847	5.471930454307819	0.017028617164396433	9.602887099915137	497.22728677289695	0.6296285346135875	0	0	0	0	-0.002400042004451443	0.001554012349690684	0	-0.2180853976706857	0.05745918550991215
23.1	4.7671321747275135	4.7671321747275135	4.7671321747275135	0.09109212816953838	5.471930454307615	0.017028617164397426	9.602887099915142	497.2272867729016	0.6296285346135785	0	0	0	0	-0.0024000420364741868	0.0015540123502134611	0	-0.21808539694000215	0.0574591855050406
23.2	4.7671321747275135	4.7671321747275135	4.7671321747275135	0.0910921281695383	5.47193045430753	0.01702861716439784	9.60288709991514	497.22728677290354	0.6296285346135746	0	0	0	0	-0.002400042050093186	0.0015540123504363143	0	-0.2180853966294901	0.05745918550296349
23.3	4.7671321747275135	4.7671321747275135	4.7671321747275135	0.09109212816953828	5.471930454307491	0.017028617164398033	9.60288709991514	497.22728677290445	0.6296285346135729	0	0	0	0	-0.0024000420562832712	0.0015540123505373474	0	-0.2180853964884054	0.0574591855020266
23.4	4.7671321747275135	4.7671321747275135	4.7671321747275135	0.09109212816953825	5.4719304543074605	0.017028617164398175	9.60288709991514	497.22728677290513	0.6296285346135715	0	0	0	0	-0.0024000420607583994	0.0015540123506091192	0	-0.21808539638701002	0.05745918550135843
23.5	4.767132174727514	4.767132174727514	4.767132174727514	0.09109212816953827	5.471930454307453	0.017028617164398213	9.60288709991514	497.2272867729053	0.6296285346135713	0	0	0	0	-0.0024000420619542046	0.0015540123506283103	0	-0.21808539636027907	0.05745918550117891
23.6	4.7671321747275135	4.7671321747275135	4.7671321747275135	0.09109212816953832	5.4719304543075	0.017028617164398047	9.602887099915138	497.2272867729043	0.6296285346135727	0	0	0	0	-0.0024000420567599334	0.0015540123505390037	0	-0.218085396478788	0.05745918550201281
23.7	4.7671321747275135	4.7671321747275135	4.7671321747275135	0.09109212816953847	5.471930454307649	0.017028617164397495	9.602887099915135	497.227286772901	0.6296285346135777	0	0	0	0	-0.002400042039589403	0.00155401235024567	0	-0.21808539687079476	0.057459185504744326
23.8	4.7671321747275135	4.7671321747275135	4.7671321747275135	0.09109212816953864	5.471930454307801	0.017028617164396933	9.602887099915131	497.22728677289746	0.6296285346135829	0	0	0	0	-0.002400042022033214	0.001554012349945973	0	-0.2180853972715684	0.05745918550753404
23.9	4.7671321747275135	4.7671321747275135	4.7671321747275135	0.0910921281695387	5.471930454307853	0.01702861716439674	9.602887099915131	497.2272867728963	0.6296285346135847	0	0	0	0	-0.002400042015905142	0.001554012349841375	0	-0.2180853974112677	0.057459185508507246
24	4.7671321747275135	4.7671321747275135	4.7671321747275135	0.09109212816953856	5.471930454307704	0.01702861716439729	9.602887099915135	497.2272867728996	0.6296285346135797	0	0	0	0	-0.0024000420330189637	0.001554012350133339	0	-0.21808539702005145	0.05745918550578928
