0	4.7671321747275135	4.7671321747275135	4.7671321747275135	0.09109212816953825	5.471930454307437	0.017028617164398283	9.60288709991514	497.2272867729056	0.6296285346135705	0	0	0	0	0	0	0	0	0
0.1	4.7671321747275135	4.7671321747275135	4.7671321747275135	0.09109212816953825	5.471930454307437	0.017028617164398283	9.60288709991514	497.2272867729056	0.6296285346135705	0	0	0	0	-0.02491752436302815	0	0	-0.259647296723256	0
0.2	4.7671321747275135	4.7671321747275135	4.7671321747275135	0.09109212816953825	5.471930454307437	0.017028617164398283	9.60288709991514	497.2272867729056	0.6296285346135705	0	0	0	0	-0.03367950828391503	10591079448834977e-22	0	-0.7323200136272413	466256934751639e-20
0.3	4.7671321747275135	4.7671321747275135	4.7671321747275135	0.09109212816953825	5.471930454307437	0.017028617164398283	9.60288709991514	497.2272867729056	0.6296285346135705	0	0	0	0	-0.03676092168841851	22458122428532183e-22	0	-1.2073420185167658	1544694431148013e-20
0.4	4.767132174727513	4.767132174727513	4.767132174727513	0.09109212816953824	5.471930454307437	0.017028617164398283	9.60288709991514	497.2272867729056	0.6296285346135704	0	0	0	0	-0.03784470009481843	34817667478192884e-22	0	-1.6244490348405645	32837184866043424e-21
0.5	4.7671321747275135	4.7671321747275135	4.7671321747275135	0.09109212816953825	5.471930454307437	0.017028617164398283	9.60288709991514	497.2272867729056	0.6296285346135705	0	0	0	0	-0.038226191986515605	4613307251233672e-21	0	-1.9736215694973465	5528682468755712e-20
0.6	4.7671321747275135	4.7671321747275135	4.7671321747275135	0.09109212816953825	5.471930454307437	0.017028617164398283	9.60288709991514	497.22728677290553	0.6296285346135705	0	0	0	0	-0.038361135768878195	558746541847859e-20	0	-2.2603869192727575	8086390945576725e-20
0.7	4.7671321747275135	4.7671321747275135	4.7671321747275135	0.09109212816953824	5.471930454307437	0.017028617164398283	9.60288709991514	497.2272867729056	0.6296285346135704	0	0	0	0	-0.03840927529987417	6400904342901598e-21	0	-2.494023769030902	0.00010783634000366048
0.8	4.7671321747275135	4.7671321747275135	4.7671321747275135	0.09109212816953825	5.4719304543074365	0.017028617164398283	9.60288709991514	497.2272867729056	0.6296285346135705	0	0	0	0	-0.03842691333336057	7069754340020201e-21	0	-2.683725460342801	0.00013486091259834666
0.9	4.7671321747275135	4.7671321747275135	4.7671321747275135	0.09109212816953824	5.4719304543074365	0.017028617164398283	9.60288709991514	497.22728677290564	0.6296285346135705	0	0	0	0	-0.03843381654078218	761547354324307e-20	0	-2.8375256048924564	0.00016098874124810016
1	4.767132174727514	4.767132174727514	4.767132174727514	0.09109212816953824	5.4719304543074365	0.01702861716439828	9.60288709991514	497.22728677290564	0.6296285346135705	0	0	0	0	-0.03843692646241382	805903159036326e-20	0	-2.9621444882317265	0.0001856008871054859
1.1	4.7671321747275135	4.7671321747275135	4.7671321747275135	0.09109212816953824	5.4719304543074365	0.01702861716439828	9.60288709991514	497.22728677290564	0.6296285346135705	0	0	0	0	-0.0384386761630459	8418947766765115e-21	0	-3.063113369221016	0.00020833303951869138
1.2	4.7671321747275135	4.7671321747275135	4.7671321747275135	0.09109212816953824	5.471930454307435	0.017028617164398276	9.602887099915138	497.22728677290564	0.6296285346135705	0	0	0	0	-0.03843986007800986	8710567116439265e-21	0	-3.1448613649175847	0.00022902072388188117
1.3	4.7671321747275135	4.7671321747275135	4.7671321747275135	0.09109212816953825	5.471930454307437	0.01702861716439828	9.60288709991514	497.22728677290564	0.6296285346135705	0	0	0	0	-0.03844081739519298	8946993061325595e-21	0	-3.2111183099448244	0.00024761085458986827
1.4	4.7671321747275135	4.7671321747275135	4.7671321747275135	0.09109212816953825	5.471930454307438	0.01702861716439828	9.60288709991514	497.22728677290564	0.6296285346135705	0	0	0	0	-0.038441620588573984	9138344867139765e-21	0	-3.2647349478396417	0.00026416272526486224
1.5	4.767132174727513	4.767132174727513	4.767132174727513	0.09109212816953827	5.471930454307438	0.01702861716439828	9.60288709991514	497.2272867729056	0.6296285346135705	0	0	0	0	-0.038442328429980625	929350688692617e-20	0	-3.3082103867293235	0.0002787721087811348
1.6	4.7671321747275135	4.7671321747275135	4.7671321747275135	0.0910921281695383	5.47193045430744	0.017028617164398283	9.60288709991514	497.22728677290564	0.6296285346135705	0	0	0	0	-0.03844294196755346	9419054350687978e-21	0	-3.3433872657914168	0.000291583707288841
1.7	4.7671321747275135	4.7671321747275135	4.7671321747275135	0.09109212816953825	5.471930454307438	0.017028617164398283	9.60288709991514	497.2272867729056	0.6296285346135705	0	0	0	0	-0.038443481371268524	9520833556195322e-21	0	-3.3719052423030207	0.0003027513890204954
1.8	4.7671321747275135	4.7671321747275135	4.7671321747275135	0.09109212816953827	5.471930454307441	0.017028617164398283	9.60288709991514	497.22728677290564	0.6296285346135705	0	0	0	0	-0.038443948856882446	9603265729974489e-21	0	-3.395002739066194	0.00031243728112093907
1.9	4.767132174727514	4.767132174727514	4.767132174727514	0.09109212816953827	5.47193045430744	0.017028617164398286	9.60288709991514	497.22728677290564	0.6296285346135706	0	0	0	0	-0.038444354867793705	9669969052006897e-21	0	-3.4136935174027827	0.0003208005318000732
2	4.767132174727514	4.767132174727514	4.767132174727514	0.09109212816953827	5.4719304543074365	0.017028617164398283	9.60288709991514	497.2272867729057	0.6296285346135706	0	0	0	0	-0.038444705625568724	9724116330085668e-21	0	-3.428866501588774	0.0003279967215076491
2.1	4.7671321747275135	4.7671321747275135	4.7671321747275135	0.09109212816953824	5.471930454307435	0.017028617164398283	9.60288709991514	497.2272867729057	0.6296285346135705	0	0	0	0	-0.038445006726944	9767897674666252e-21	0	-3.441135165749306	0.0003341634571929367
2.2	4.7671321747275135	4.7671321747275135	4.7671321747275135	0.09109212816953824	5.471930454307435	0.017028617164398283	9.60288709991514	497.2272867729057	0.6296285346135704	0	0	0	0	-0.03844526574183357	9803363584518931e-21	0	-3.451073903980381	0.0003394336547797892
2.3	4.7671321747275135	4.7671321747275135	4.7671321747275135	0.09109212816953818	5.471930454307431	0.017028617164398283	9.602887099915142	497.22728677290576	0.6296285346135705	0	0	0	0	-0.03844548679069757	9832166014381484e-21	0	-3.4591456560699356	0.00034392857783422927
2.4	4.7671321747275135	4.7671321747275135	4.7671321747275135	0.09109212816953813	5.471930454307426	0.017028617164398286	9.602887099915144	497.22728677290587	0.6296285346135705	0	0	0	0	-0.038445674811848796	9855437916083971e-21	0	-3.4656677475003264	0.0003477469981435653
2.5	4.7671321747275135	4.7671321747275135	4.7671321747275135	0.0910921281695382	5.47193045430743	0.01702861716439829	9.602887099915144	497.22728677290576	0.6296285346135705	0	0	0	0	-0.03844583550881777	987427861877092e-20	0	-3.470948014323206	0.0003509851914557926
2.6	4.7671321747275135	4.7671321747275135	4.7671321747275135	0.09109212816953806	5.471930454307411	0.017028617164398293	9.602887099915145	497.22728677290615	0.6296285346135705	0	0	0	0	-0.038445971282219375	9889605908326712e-21	0	-3.475243985727962	0.00035373077693713774
2.7	4.7671321747275135	4.7671321747275135	4.7671321747275135	0.09109212816953781	5.471930454307376	0.017028617164398317	9.602887099915153	497.22728677290684	0.6296285346135704	0	0	0	0	-0.03844608529867254	990199804204821e-20	0	-3.478717603470338	0.00035604890547658274
2.8	4.7671321747275135	4.7671321747275135	4.7671321747275135	0.09109212816953775	5.471930454307373	0.017028617164398314	9.602887099915154	497.22728677290695	0.6296285346135704	0	0	0	0	-0.03844618235944462	991200030650654e-20	0	-3.4815211895886757	0.00035800113525601444
2.9	4.767132174727514	4.767132174727514	4.767132174727514	0.09109212816953785	5.471930454307362	0.01702861716439833	9.602887099915153	497.22728677290723	0.6296285346135703	0	0	0	0	-0.03844626491788456	9920137481284146e-21	0	-3.483802083450315	0.00035964796373977163
3	4.7671321747275135	4.7671321747275135	4.7671321747275135	0.09109212816953709	5.471930454307142	0.017028617164398484	9.602887099915172	497.227286772912	0.6296285346135689	0	0	0	0	-0.03844632912481721	9926744668004981e-21	0	-3.4856561792345593	0.00036103515272643306
3.1	4.7671321747275135	4.7671321747275135	4.7671321747275135	0.09109212816953623	5.471930454306912	0.01702861716439864	9.602887099915197	497.2272867729171	0.6296285346135677	0	0	0	0	-0.03844638160944718	9932073309289463e-21	0	-3.487152072024677	0.0003621977289734057
3.2	4.7671321747275135	4.7671321747275135	4.7671321747275135	0.09109212816953619	5.471930454306906	0.017028617164398636	9.602887099915197	497.2272867729172	0.6296285346135677	0	0	0	0	-0.03844643019821423	9936376472768547e-21	0	-3.4883584002344343	0.0003631704802358586
3.3	4.767132174727513	4.767132174727513	4.767132174727513	0.09109212816953574	5.471930454306668	0.01702861716439892	9.602887099915206	497.22728677292247	0.6296285346135652	0	0	0	0	-0.03844646846520809	9939876352482946e-21	0	-3.4893418139224264	0.0003639877089492764
3.4	4.7671321747275135	4.7671321747275135	4.7671321747275135	0.09109212816952743	5.471930454303769	0.017028617164401592	9.602887099915428	497.2272867729861	0.6296285346135425	0	0	0	0	-0.03844644822447123	9942640185698126e-21	0	-3.4901442080998692	0.0003646745184715865
3.5	4.7671321747275135	4.7671321747275135	4.7671321747275135	0.09109212816951691	5.471930454300162	0.017028617164404857	9.60288709991571	497.22728677306503	0.6296285346135145	0	0	0	0	-0.0384464076822076	9944829748004338e-21	0	-3.490792351360779	0.0003652477873834808
3.6	4.7671321747275135	4.7671321747275135	4.7671321747275135	0.09109212816951158	5.471930454298384	0.017028617164406432	9.60288709991585	497.22728677310386	0.6296285346135013	0	0	0	0	-0.038446396713203275	9946626393990513e-21	0	-3.4913129679807446	0.00036572410457035145
3.7	4.7671321747275135	4.7671321747275135	4.7671321747275135	0.09109212816951896	5.471930454300973	0.017028617164404028	9.602887099915655	497.22728677304707	0.6296285346135218	0	0	0	0	-0.03844646519224434	9948211478245572e-21	0	-3.491732782235355	0.00036612005891759053
3.8	4.7671321747275135	4.7671321747275135	4.7671321747275135	0.09109212816952782	5.471930454303672	0.017028617164401925	9.602887099915419	497.2272867729883	0.6296285346135394	0	0	0	0	-0.03844654020758407	9949527740377158e-21	0	-3.492076085583375	0.0003664517145615171
3.9	4.7671321747275135	4.7671321747275135	4.7671321747275135	0.09109212816952444	5.47193045430184	0.017028617164404274	9.602887099915508	497.22728677302905	0.6296285346135189	0	0	0	0	-0.038446531892758165	9950463494810218e-21	0	-3.4923557101066245	0.00036672906514174025
4	4.7671321747275135	4.7671321747275135	4.7671321747275135	0.09109212816952655	5.471930454302654	0.01702861716440341	9.602887099915451	497.2272867730111	0.6296285346135262	0	0	0	0	-0.038446557436051264	9951295144408616e-21	0	-3.492581190270736	0.0003669589988796042
4.1	4.7671321747275135	4.7671321747275135	4.7671321747275135	0.09109212816953151	5.471930454304479	0.017028617164401724	9.602887099915321	497.227286772971	0.6296285346135406	0	0	0	0	-0.03844659985988183	9952008877595884e-21	0	-3.492764010040415	0.00036715029552679196
4.2	4.7671321747275135	4.7671321747275135	4.7671321747275135	0.09109212816952922	5.471930454303099	0.017028617164403747	9.602887099915382	497.2272867730019	0.6296285346135228	0	0	0	0	-0.03844659273026192	9952493843798161e-21	0	-3.4929129754779678	0.00036731004609139506
4.3	4.7671321747275135	4.7671321747275135	4.7671321747275135	0.0910921281695312	5.471930454304037	0.017028617164402574	9.60288709991533	497.22728677298113	0.629628534613533	0	0	0	0	-0.03844661246312734	9952953170895012e-21	0	-3.4930329492777203	0.00036744200986113583
4.4	4.7671321747275135	4.7671321747275135	4.7671321747275135	0.0910921281695339	5.471930454305176	0.017028617164401346	9.602887099915256	497.2272867729559	0.6296285346135436	0	0	0	0	-0.038446635785197365	9953338936166152e-21	0	-3.4931303291597358	0.00036755168051709816
4.5	4.7671321747275135	4.7671321747275135	4.7671321747275135	0.09109212816953235	5.47193045430416	0.017028617164402987	9.602887099915296	497.22728677297863	0.6296285346135291	0	0	0	0	-0.03844663028068042	995358812122615e-20	0	-3.49320971303196	0.0003676431690979279
4.6	4.7671321747275135	4.7671321747275135	4.7671321747275135	0.09109212816953399	5.4719304543050695	0.017028617164401672	9.602887099915254	497.2272867729584	0.6296285346135407	0	0	0	0	-0.03844664495907366	995384620319362e-20	0	-3.4932735456035178	0.00036771845751549425
4.7	4.7671321747275135	4.7671321747275135	4.7671321747275135	0.09109212816953542	5.4719304543057365	0.017028617164400895	9.602887099915216	497.2272867729435	0.6296285346135475	0	0	0	0	-0.038446657473607544	995405376999217e-20	0	-3.493325433036475	0.00036778101045171075
4.8	4.7671321747275135	4.7671321747275135	4.7671321747275135	0.09109212816953442	5.471930454305007	0.017028617164402203	9.602887099915241	497.2272867729599	0.6296285346135357	0	0	0	0	-0.03844665349351466	9954180465816991e-21	0	-3.4933677500233378	0.0003678331489408759
4.9	4.7671321747275135	4.7671321747275135	4.7671321747275135	0.0910921281695357	5.471930454305808	0.0170286171644009	9.60288709991521	497.2272867729419	0.6296285346135472	0	0	0	0	-0.03844666406759402	9954328240718028e-21	0	-3.493401709202896	0.00036787587805745794
5	4.767132174727513	4.767132174727513	4.767132174727513	0.09109212816953641	5.471930454306183	0.01702861716440047	9.602887099915188	497.2272867729336	0.6296285346135511	0	0	0	0	-0.03844667061599061	9954439222659143e-21	0	-3.4934293662927267	0.000367911400026724
5.1	4.7671321747275135	4.7671321747275135	4.7671321747275135	0.09109212816953577	5.471930454305681	0.01702861716440149	9.602887099915206	497.22728677294504	0.629628534613542	0	0	0	0	-0.03844666787298522	995450283702555e-20	0	-3.493451930957443	0.00036794098696376644
5.2	4.7671321747275135	4.7671321747275135	4.7671321747275135	0.0910921281695367	5.471930454306337	0.01702861716440028	9.60288709991518	497.22728677293026	0.6296285346135527	0	0	0	0	-0.038446675309352724	9954589175546366e-21	0	-3.4934699944064795	0.00036796512313622083
5.3	4.7671321747275135	4.7671321747275135	4.7671321747275135	0.09109212816953707	5.471930454306526	0.017028617164400062	9.60288709991517	497.22728677292616	0.6296285346135546	0	0	0	0	-0.038446678618407296	9954647944441644e-21	0	-3.4934847419777038	0.0003679852193246395
5.4	4.7671321747275135	4.7671321747275135	4.7671321747275135	0.0910921281695367	5.471930454306186	0.017028617164400812	9.602887099915181	497.2272867729338	0.6296285346135478	0	0	0	0	-0.038446676801729925	9954679429890023e-21	0	-3.493496777527437	0.00036800194624784594
5.5	4.767132174727514	4.767132174727514	4.767132174727514	0.09109212816953695	5.471930454306343	0.01702861716440057	9.602887099915176	497.2272867729302	0.6296285346135501	0	0	0	0	-0.03844667914358921	9954719154295093e-21	0	-3.493506449553489	0.00036801563135785783
5.6	4.7671321747275135	4.7671321747275135	4.7671321747275135	0.09109212816953079	5.471930454300773	0.017028617164413215	9.602887099915339	497.22728677305577	0.6296285346134359	0	0	0	0	-0.03844663645568323	9954563445854391e-21	0	-3.4935153610209473	0.00036802870759141646
5.7	4.767132174727513	4.767132174727513	4.767132174727513	0.09109212816952067	5.471930454291711	0.017028617164433615	9.602887099915609	497.2272867732602	0.6296285346132521	0	0	0	0	-0.03844656595157302	9954287170981358e-21	0	-3.493523398336437	0.00036804083894934286
5.8	4.7671321747275135	4.7671321747275135	4.7671321747275135	0.0910921281695132	5.471930454285041	0.01702861716444856	9.60288709991581	497.2272867734107	0.6296285346131174	0	0	0	0	-0.03844651384555075	9954085439541907e-21	0	-3.4935297576763613	0.0003680505570882627
5.9	4.7671321747275135	4.7671321747275135	4.7671321747275135	0.09109212816951494	5.47193045428665	0.017028617164444815	9.602887099915764	497.22728677337443	0.6296285346131513	0	0	0	0	-0.03844652635190858	9954153361401952e-21	0	-3.4935336352171196	0.0003680563936648013
6	4.7671321747275135	4.7671321747275135	4.7671321747275135	0.09109212816952748	5.47193045429787	0.01702861716441965	9.60288709991543	497.22728677312136	0.629628534613378	0	0	0	0	-0.03844661479056885	9954535785433259e-21	0	-3.493535014751968	0.0003680582450311677
6.1	4.7671321747275135	4.7671321747275135	4.7671321747275135	0.09109212816952918	5.471930454298899	0.017028617164418426	9.602887099915383	497.22728677309846	0.6296285346133889	0	0	0	0	-0.038446626497219735	9954579353859552e-21	0	-3.4935375205552353	0.00036806227591930146
6.2	4.7671321747275135	4.7671321747275135	4.7671321747275135	0.09109212816952902	5.471930454298559	0.017028617164419613	9.602887099915385	497.22728677310613	0.629628534613378	0	0	0	0	-0.038446625395004194	9954576025477483e-21	0	-3.4935397911340615	0.0003680659493831932
6.3	4.7671321747275135	4.7671321747275135	4.7671321747275135	0.09109212816953398	5.4719304543032745	0.017028617164408386	9.602887099915256	497.2272867729997	0.6296285346134793	0	0	0	0	-0.03844666050140187	9954738240155117e-21	0	-3.493540810223666	0.00036806746370759893
6.4	4.7671321747275135	4.7671321747275135	4.7671321747275135	0.09109212816953396	5.471930454302999	0.017028617164409617	9.602887099915256	497.22728677300586	0.629628534613468	0	0	0	0	-0.038446660078178714	9954734219049059e-21	0	-3.4935422994254424	0.0003680699750745536
6.5	4.7671321747275135	4.7671321747275135	4.7671321747275135	0.0910921281695347	5.4719304543037115	0.017028617164407876	9.602887099915234	497.22728677298977	0.6296285346134839	0	0	0	0	-0.038446665376022815	9954762065689995e-21	0	-3.4935433758575507	0.00036807175255909813
6.6	4.7671321747275135	4.7671321747275135	4.7671321747275135	0.09109212816953645	5.471930454305505	0.017028617164403383	9.602887099915188	497.22728677294924	0.6296285346135243	0	0	0	0	-0.038446678104770225	9954824747891983e-21	0	-3.493544057924862	0.0003680728530750481
6.7	4.7671321747275135	4.7671321747275135	4.7671321747275135	0.09109212816953625	5.471930454305185	0.01702861716440448	9.602887099915193	497.2272867729566	0.6296285346135144	0	0	0	0	-0.038446676513585104	9954816711940813e-21	0	-3.4935448834761478	0.0003680743056715099
6.8	4.767132174727513	4.767132174727513	4.767132174727513	0.09109212816953696	5.471930454306012	0.01702861716440221	9.602887099915174	497.2272867729378	0.6296285346135351	0	0	0	0	-0.03844668200922414	9954846474147845e-21	0	-3.493545397015324	0.0003680751649001058
6.9	4.767132174727513	4.767132174727513	4.767132174727513	0.09109212816953742	5.471930454306491	0.01702861716440099	9.602887099915161	497.2272867729269	0.6296285346135461	0	0	0	0	-0.03844668538449327	995486422012934e-20	0	-3.4935458395198693	0.0003680759352830563
7	4.7671321747275135	4.7671321747275135	4.7671321747275135	0.09109212816953732	5.471930454306335	0.01702861716440152	9.602887099915165	497.2272867729305	0.6296285346135413	0	0	0	0	-0.03844668460050952	9954860479591072e-21	0	-3.4935462784215905	0.00036807673633330027
7.1	4.7671321747275135	4.7671321747275135	4.7671321747275135	0.09109212816953777	5.471930454306871	0.017028617164399948	9.602887099915153	497.2272867729183	0.6296285346135556	0	0	0	0	-0.03844668796258971	9954879574543925e-21	0	-3.4935465429591974	0.0003680771908072413
7.2	4.7671321747275135	4.7671321747275135	4.7671321747275135	0.09109212816953785	5.471930454306961	0.01702861716439976	9.60288709991515	497.22728677291633	0.6296285346135573	0	0	0	0	-0.03844668863073655	99548834282292e-19	0	-3.493546805127555	0.00036807767406650755
7.3	4.7671321747275135	4.7671321747275135	4.7671321747275135	0.09109212816953782	5.471930454306933	0.017028617164399875	9.602887099915154	497.2272867729169	0.6296285346135563	0	0	0	0	-0.03844668852047125	9954883229899177e-21	0	-3.493547032280786	0.0003680781014308344
7.4	4.7671321747275135	4.7671321747275135	4.7671321747275135	0.09109212816953804	5.471930454307202	0.017028617164399035	9.602887099915145	497.22728677291093	0.6296285346135638	0	0	0	0	-0.038446690144443005	9954892932269207e-21	0	-3.4935471775861755	0.00036807836206821626
7.5	4.7671321747275135	4.7671321747275135	4.7671321747275135	0.09109212816953807	5.471930454307196	0.01702861716439908	9.602887099915145	497.2272867729111	0.6296285346135635	0	0	0	0	-0.03844669016872747	995489322961562e-20	0	-3.493547325130325	0.00036807864697501803
7.6	4.7671321747275135	4.7671321747275135	4.7671321747275135	0.09109212816953811	5.471930454307226	0.017028617164398987	9.602887099915145	497.2272867729105	0.6296285346135643	0	0	0	0	-0.038446690361072816	9954894664388699e-21	0	-3.493547440655108	0.00036807886961694934
7.7	4.7671321747275135	4.7671321747275135	4.7671321747275135	0.09109212816953585	5.471930454304113	0.017028617164409864	9.602887099915206	497.227286772981	0.6296285346134649	0	0	0	0	-0.03844667395827218	9954791505861209e-21	0	-3.4935479145460815	0.00036808001693533623
7.8	4.767132174727514	4.767132174727514	4.767132174727514	0.09109212816952966	5.4719304542955625	0.01702861716443968	9.602887099915371	497.227286773175	0.6296285346131925	0	0	0	0	-0.03844662874797747	995450732627944e-20	0	-3.4935490305947527	0.00036808280146416813
7.9	4.7671321747275135	4.7671321747275135	4.7671321747275135	0.09109212816952222	5.471930454285302	0.017028617164475426	9.602887099915568	497.22728677340774	0.6296285346128658	0	0	0	0	-0.03844657444192838	9954166149310645e-21	0	-3.4935503396071814	0.00036808608273801414
8	4.7671321747275135	4.7671321747275135	4.7671321747275135	0.09109212816951627	5.471930454277085	0.01702861716450402	9.602887099915726	497.2272867735942	0.6296285346126045	0	0	0	0	-0.0384465308960518	9953892902978526e-21	0	-3.4935513890817296	0.0003680887119362738
8.1	4.7671321747275135	4.7671321747275135	4.7671321747275135	0.09109212816951451	5.471930454274665	0.017028617164512372	9.602887099915772	497.22728677364904	0.6296285346125282	0	0	0	0	-0.03844651796627463	9953812515306782e-21	0	-3.493551726516759	0.0003680895402383466
8.2	4.7671321747275135	4.7671321747275135	4.7671321747275135	0.09109212816951964	5.471930454281798	0.017028617164487378	9.602887099915636	497.2272867734872	0.6296285346127565	0	0	0	0	-0.03844655550852377	9954049914319107e-21	0	-3.49355089941063	0.0003680874188236322
8.3	4.7671321747275135	4.7671321747275135	4.7671321747275135	0.09109212816953033	5.471930454296541	0.017028617164436054	9.602887099915351	497.22728677315274	0.6296285346132254	0	0	0	0	-0.038446633622441266	9954540660702435e-21	0	-3.4935491369298743	0.00036808294707846593
8.4	4.7671321747275135	4.7671321747275135	4.7671321747275135	0.09109212816953265	5.471930454299498	0.017028617164426548	9.60288709991529	497.2272867730857	0.6296285346133123	0	0	0	0	-0.03844665045319903	9954639441276472e-21	0	-3.4935487738964217	0.00036808208482641053
8.5	4.7671321747275135	4.7671321747275135	4.7671321747275135	0.09109212816953409	5.471930454301451	0.017028617164419804	9.602887099915252	497.22728677304144	0.6296285346133739	0	0	0	0	-0.03844666088810649	9954704484729696e-21	0	-3.493548553203898	0.0003680815244376632
8.6	4.7671321747275135	4.7671321747275135	4.7671321747275135	0.09109212816953635	5.471930454304664	0.017028617164408344	9.602887099915192	497.22728677296845	0.6296285346134785	0	0	0	0	-0.03844667751968514	9954811421122731e-21	0	-3.493548187056041	0.00036808056972158763
8.7	4.7671321747275135	4.7671321747275135	4.7671321747275135	0.09109212816953655	5.471930454304885	0.017028617164407768	9.602887099915186	497.2272867729635	0.6296285346134838	0	0	0	0	-0.038446678960465705	9954818961195158e-21	0	-3.4935481661971424	0.00036808052727118875
8.8	4.7671321747275135	4.7671321747275135	4.7671321747275135	0.0910921281695374	5.471930454306176	0.017028617164402973	9.602887099915161	497.22728677293424	0.6296285346135276	0	0	0	0	-0.03844668536824192	9954861755468467e-21	0	-3.49354802924343	0.0003680801539639284
8.9	4.7671321747275135	4.7671321747275135	4.7671321747275135	0.0910921281695377	5.471930454306592	0.017028617164401502	9.602887099915154	497.22728677292474	0.6296285346135412	0	0	0	0	-0.038446687531385394	99548756558906e-19	0	-3.4935479876978968	0.0003680800437361517
9	4.7671321747275135	4.7671321747275135	4.7671321747275135	0.0910921281695378	5.4719304543067375	0.017028617164400982	9.60288709991515	497.2272867729214	0.629628534613546	0	0	0	0	-0.03844668828102505	995488052143502e-20	0	-3.4935479770249827	0.000368080013653475
9.1	4.7671321747275135	4.7671321747275135	4.7671321747275135	0.09109212816953804	5.471930454307132	0.017028617164399476	9.602887099915145	497.2272867729125	0.6296285346135597	0	0	0	0	-0.038446690168898394	995489351486586e-20	0	-3.493547939057333	0.0003680799057431427
9.2	4.7671321747275135	4.7671321747275135	4.7671321747275135	0.09109212816953804	5.471930454307165	0.01702861716439937	9.602887099915145	497.2272867729117	0.6296285346135607	0	0	0	0	-0.038446690357763894	99548946431409e-19	0	-3.493547939017466	0.0003680799053210771
9.3	4.7671321747275135	4.7671321747275135	4.7671321747275135	0.09109212816953816	5.471930454307293	0.017028617164398865	9.602887099915142	497.22728677290894	0.6296285346135653	0	0	0	0	-0.03844669094776211	9954898825136983e-21	0	-3.493547928980642	0.0003680798748329366
9.4	4.7671321747275135	4.7671321747275135	4.7671321747275135	0.09109212816953816	5.471930454307346	0.017028617164398654	9.602887099915144	497.2272867729077	0.6296285346135673	0	0	0	0	-0.03844669121984237	995490071397432e-20	0	-3.4935479255754602	0.00036807986408261324
9.5	4.767132174727514	4.767132174727514	4.767132174727514	0.09109212816953816	5.471930454307355	0.017028617164398616	9.602887099915142	497.2272867729076	0.6296285346135676	0	0	0	0	-0.03844669127414857	9954901078596214e-21	0	-3.493547926623214	0.000368079866203435
9.6	4.767132174727514	4.767132174727514	4.767132174727514	0.09109212816953823	5.471930454307401	0.017028617164398425	9.602887099915142	497.2272867729065	0.6296285346135694	0	0	0	0	-0.038446691477018374	995490256266146e-20	0	-3.4935479238388707	0.0003680798569788796
9.7	4.7671321747275135	4.7671321747275135	4.7671321747275135	0.09109212816953824	5.471930454307404	0.017028617164398404	9.60288709991514	497.2272867729064	0.6296285346135695	0	0	0	0	-0.038446691502970476	9954902737785754e-21	0	-3.49354792475556	0.00036807985904724664
9.8	4.7671321747275135	4.7671321747275135	4.7671321747275135	0.0910921281695381	5.471930454307196	0.017028617164399226	9.602887099915145	497.2272867729111	0.629628534613562	0	0	0	0	-0.03844669072058421	9954896623301184e-21	0	-3.493547943901135	0.0003680799186683953
9.9	4.7671321747275135	4.7671321747275135	4.7671321747275135	0.09109212816953503	5.471930454302237	0.017028617164418877	9.602887099915225	497.2272867730238	0.629628534613382	0	0	0	0	-0.03844667194469206	995475025153242e-20	0	-3.4935483749383804	0.00036808127610470754
10	4.7671321747275135	4.7671321747275135	4.7671321747275135	0.09109212816952894	5.471930454292401	0.017028617164457815	9.602887099915387	497.2272867732472	0.6296285346130251	0	0	0	0	-0.03844663471385629	9954460055068292e-21	0	-3.4935492284681304	0.00036808396445005064
10.1	4.767132174727513	4.767132174727513	4.767132174727513	0.09109212816952124	5.471930454279941	0.017028617164507136	9.602887099915593	497.22728677353024	0.6296285346125734	0	0	0	0	-0.03844658754362962	9954092436138792e-21	0	-3.4935503094799945	0.0003680873690842235
10.2	4.7671321747275135	4.7671321747275135	4.7671321747275135	0.09109212816951329	5.4719304542671106	0.01702861716455792	9.602887099915804	497.2272867738218	0.6296285346121082	0	0	0	0	-0.0384465389495648	9953713796973915e-21	0	-3.4935514229635816	0.00036809087538702503
10.3	4.7671321747275135	4.7671321747275135	4.7671321747275135	0.09109212816950651	5.471930454256155	0.01702861716460125	9.602887099915984	497.22728677407065	0.6296285346117113	0	0	0	0	-0.03844649744721454	9953390539803651e-21	0	-3.4935523739084986	0.00036809386873825397
10.4	4.7671321747275135	4.7671321747275135	4.7671321747275135	0.09109212816950227	5.471930454249329	0.01702861716462821	9.602887099916098	497.2272867742257	0.6296285346114644	0	0	0	0	-0.03844647155213158	9953189066857998e-21	0	-3.493552967304356	0.00036809573451770933
10.5	4.7671321747275135	4.7671321747275135	4.7671321747275135	0.09109212816950198	5.471930454248882	0.017028617164629882	9.602887099916105	497.2272867742359	0.6296285346114491	0	0	0	0	-0.038446469779868646	9953175780366944e-21	0	-3.493553008140761	0.00036809585810518964
10.6	4.767132174727514	4.767132174727514	4.767132174727514	0.09109212816950701	5.471930454257067	0.017028617164597356	9.602887099915971	497.22728677404996	0.6296285346117472	0	0	0	0	-0.038446500645978474	9953417082560488e-21	0	-3.493552301407322	0.000368093624880494
10.7	4.7671321747275135	4.7671321747275135	4.7671321747275135	0.09109212816951877	5.471930454276131	0.017028617164521708	9.602887099915657	497.22728677361687	0.6296285346124401	0	0	0	0	-0.03844657266601378	9953979375668618e-21	0	-3.4935506520936483	0.0003680884202234212
10.8	4.7671321747275135	4.7671321747275135	4.7671321747275135	0.09109212816953077	5.471930454295458	0.01702861716444542	9.602887099915337	497.2272867731779	0.6296285346131391	0	0	0	0	-0.03844664600019201	9954549813069887e-21	0	-3.4935489726521576	0.0003680831403524906
10.9	4.7671321747275135	4.7671321747275135	4.7671321747275135	0.09109212816953385	5.471930454300246	0.017028617164427048	9.602887099915256	497.22728677306907	0.6296285346133073	0	0	0	0	-0.038446664616576955	9954691747679015e-21	0	-3.4935485463883214	0.00036808182718464584
11	4.7671321747275135	4.7671321747275135	4.7671321747275135	0.0910921281695364	5.471930454304389	0.01702861716441047	9.602887099915188	497.2272867729749	0.629628534613459	0	0	0	0	-0.03844668017658869	9954813864491193e-21	0	-3.4935481901423495	0.00036808069700223746
11.1	4.7671321747275135	4.7671321747275135	4.7671321747275135	0.09109212816953728	5.471930454305811	0.017028617164404874	9.602887099915167	497.22728677294265	0.6296285346135102	0	0	0	0	-0.03844668558303577	9954855824119219e-21	0	-3.493548066414809	0.0003680803088659514
11.2	4.7671321747275135	4.7671321747275135	4.7671321747275135	0.09109212816953777	5.471930454306642	0.017028617164401523	9.602887099915153	497.2272867729237	0.629628534613541	0	0	0	0	-0.03844668867935198	9954880276667981e-21	0	-3.4935479955841053	0.0003680800826935551
11.3	4.7671321747275135	4.7671321747275135	4.7671321747275135	0.09109212816953803	5.471930454307067	0.017028617164399802	9.602887099915147	497.227286772914	0.6296285346135567	0	0	0	0	-0.03844669026888546	9954892834664369e-21	0	-3.493547959247246	0.00036807996660372344
11.4	4.7671321747275135	4.7671321747275135	4.7671321747275135	0.09109212816953813	5.471930454307227	0.01702861716439916	9.602887099915145	497.22728677291036	0.6296285346135625	0	0	0	0	-0.0384466908596376	9954897509605135e-21	0	-3.4935479457721215	0.0003680799234642999
11.5	4.7671321747275135	4.7671321747275135	4.7671321747275135	0.09109212816953823	5.471930454307351	0.01702861716439864	9.602887099915144	497.2272867729075	0.6296285346135673	0	0	0	0	-0.03844669131507124	9954901166435126e-21	0	-3.493547935386401	0.0003680798897198921
11.6	4.7671321747275135	4.7671321747275135	4.7671321747275135	0.09109212816953824	5.471930454307383	0.017028617164398505	9.602887099915144	497.22728677290684	0.6296285346135685	0	0	0	0	-0.038446691434977705	9954902115992816e-21	0	-3.493547932676144	0.0003680798810240347
11.7	4.7671321747275135	4.7671321747275135	4.7671321747275135	0.09109212816953824	5.471930454307418	0.017028617164398373	9.602887099915142	497.2272867729061	0.6296285346135698	0	0	0	0	-0.038446691554681424	9954903090241398e-21	0	-3.493547929963903	0.00036807987207982475
11.8	4.7671321747275135	4.7671321747275135	4.7671321747275135	0.09109212816953824	5.471930454307424	0.017028617164398338	9.60288709991514	497.227286772906	0.62962853461357	0	0	0	0	-0.03844669158536069	995490333564443e-20	0	-3.493547929284695	0.0003680798698714827
11.9	4.7671321747275135	4.7671321747275135	4.7671321747275135	0.09109212816953825	5.471930454307431	0.017028617164398307	9.60288709991514	497.2272867729058	0.6296285346135704	0	0	0	0	-0.03844669161176638	9954903552615169e-21	0	-3.4935479286993343	0.0003680798679142002
12	4.7671321747275135	4.7671321747275135	4.7671321747275135	0.09109212816953825	5.471930454307435	0.017028617164398293	9.60288709991514	497.22728677290564	0.6296285346135704	0	0	0	0	-0.0384466916206356	9954903624702464e-21	0	-3.493547928511882	0.00036807986728927273
12.1	4.7671321747275135	4.7671321747275135	4.7671321747275135	0.09109212816953917	5.471930454307322	0.01702861716440003	9.602887099915115	497.22728677290866	0.6296285346135543	0	0	0	0	-0.03844669049222121	995489394248491e-20	0	-3.4935479543593435	0.00036807995703841835
12.2	4.7671321747275135	4.7671321747275135	4.7671321747275135	0.0910921281695513	5.471930454305829	0.017028617164422877	9.602887099914794	497.22728677294714	0.6296285346133418	0	0	0	0	-0.038446675658839705	9954766689189271e-21	0	-3.4935482939755613	0.0003680811361772448
12.3	4.7671321747275135	4.7671321747275135	4.7671321747275135	0.09109212816957504	5.4719304543029	0.017028617164467654	9.60288709991416	497.2272867730229	0.6296285346129251	0	0	0	0	-0.03844664658449476	995451727292668e-20	0	-3.4935489596322897	0.00036808344725355527
12.4	4.7671321747275135	4.7671321747275135	4.7671321747275135	0.09109212816960734	5.471930454298912	0.017028617164528574	9.602887099913296	497.22728677312585	0.6296285346123585	0	0	0	0	-0.0384466070289761	9954177955364229e-21	0	-3.4935498652505586	0.00036808659133547895
12.5	4.767132174727513	4.767132174727513	4.767132174727513	0.09109212816964513	5.471930454294243	0.017028617164599847	9.602887099912287	497.2272867732465	0.6296285346116954	0	0	0	0	-0.038446560752073464	9953780998169015e-21	0	-3.4935509247513963	0.0003680902694911455
12.6	4.7671321747275135	4.7671321747275135	4.7671321747275135	0.09109212816968536	5.471930454289267	0.017028617164675675	9.602887099911216	497.22728677337506	0.62962853461099	0	0	0	0	-0.03844651151357657	9953358663008135e-21	0	-3.493552052055832	0.00036809418278868427
12.7	4.7671321747275135	4.7671321747275135	4.7671321747275135	0.09109212816972492	5.471930454284362	0.01702861716475028	9.602887099910163	497.22728677350176	0.629628534610296	0	0	0	0	-0.038446463073275164	9952943211548683e-21	0	-3.493553161084895	0.0003680980322962248
12.8	4.7671321747275135	4.7671321747275135	4.7671321747275135	0.09109212816976076	5.471930454279902	0.017028617164817853	9.602887099909207	497.227286773617	0.6296285346096674	0	0	0	0	-0.038446419190958966	9952566905457752e-21	0	-3.4935541657596145	0.0003681015190818965
12.9	4.7671321747275135	4.7671321747275135	4.7671321747275135	0.09109212816978982	5.471930454276266	0.01702861716487262	9.60288709990843	497.2272867737108	0.629628534609158	0	0	0	0	-0.03844638362641772	9952262006402441e-21	0	-3.4935549800010186	0.00036810434421382884
13	4.7671321747275135	4.7671321747275135	4.7671321747275135	0.09109212816980901	5.47193045427383	0.017028617164908784	9.60288709990792	497.22728677377347	0.6296285346088215	0	0	0	0	-0.03844636013944115	9952060776049841e-21	0	-3.4935555177301367	0.00036810620876015124
13.1	4.7671321747275135	4.7671321747275135	4.7671321747275135	0.09109212816981528	5.471930454272969	0.01702861716492055	9.602887099907754	497.2272867737956	0.6296285346087122	0	0	0	0	-0.03844635248981899	995199547606705e-20	0	-3.493555692867998	0.0003681068137889931
13.2	4.7671321747275135	4.7671321747275135	4.7671321747275135	0.09109212816980554	5.471930454274061	0.017028617164902133	9.602887099908012	497.2272867737671	0.6296285346088836	0	0	0	0	-0.038446364437340966	9952098368121165e-21	0	-3.4935554193356313	0.000368105860368484
13.3	4.7671321747275135	4.7671321747275135	4.7671321747275135	0.09109212816977676	5.471930454277482	0.017028617164847742	9.602887099908779	497.2272867736784	0.6296285346093896	0	0	0	0	-0.03844639974179682	9952401713879277e-21	0	-3.493554611054065	0.00036810304956675326
13.4	4.7671321747275135	4.7671321747275135	4.7671321747275135	0.09109212816972583	5.471930454283607	0.017028617164751583	9.602887099910136	497.22728677351955	0.6296285346102843	0	0	0	0	-0.03844646216297628	9952937775008481e-21	0	-3.4935531819443293	0.0003680980824519304
13.5	4.7671321747275135	4.7671321747275135	4.7671321747275135	0.09109212816964968	5.471930454292814	0.017028617164607865	9.602887099912168	497.2272867732812	0.6296285346116214	0	0	0	0	-0.03844655546066907	9953738813175876e-21	0	-3.493551045927452	0.00036809066009214496
13.6	4.7671321747275135	4.7671321747275135	4.7671321747275135	0.09109212816958535	5.471930454301464	0.017028617164486826	9.602887099913886	497.2272867730597	0.6296285346127469	0	0	0	0	-0.03844663400950654	9954410006438104e-21	0	-3.4935492475466954	0.0003680844411579811
13.7	4.7671321747275135	4.7671321747275135	4.7671321747275135	0.09109212816957908	5.4719304543039895	0.017028617164475835	9.602887099914051	497.22728677299926	0.6296285346128477	0	0	0	0	-0.038446641099645865	9954464347043602e-21	0	-3.493549085152687	0.0003680839382376135
13.8	4.7671321747275135	4.7671321747275135	4.7671321747275135	0.09109212816956383	5.471930454305422	0.01702861716444704	9.602887099914458	497.22728677296095	0.6296285346131159	0	0	0	0	-0.03844665988118035	9954627108183507e-21	0	-3.4935486551770647	0.00036808242997809424
13.9	4.767132174727514	4.767132174727514	4.767132174727514	0.09109212816955223	5.4719304543067055	0.017028617164424883	9.602887099914769	497.2272867729274	0.6296285346133221	0	0	0	0	-0.03844667419731932	9954750488109222e-21	0	-3.493548327422573	0.0003680812867139322
14	4.7671321747275135	4.7671321747275135	4.7671321747275135	0.09109212816955158	5.471930454307165	0.01702861716442371	9.602887099914787	497.2272867729166	0.6296285346133327	0	0	0	0	-0.03844667487530415	9954754905273097e-21	0	-3.493548311887791	0.0003680812459171082
14.1	4.7671321747275135	4.7671321747275135	4.7671321747275135	0.09109212816954439	5.4719304543073175	0.017028617164409954	9.602887099914977	497.2272867729106	0.6296285346134614	0	0	0	0	-0.03844668393219964	9954835318615217e-21	0	-3.4935481045657335	0.0003680805005805205
14.2	4.7671321747275135	4.7671321747275135	4.7671321747275135	0.09109212816954292	5.471930454307539	0.017028617164407126	9.602887099915018	497.22728677290496	0.6296285346134878	0	0	0	0	-0.03844668569824776	9954850312987554e-21	0	-3.4935480641333507	0.0003680803616633259
14.3	4.7671321747275135	4.7671321747275135	4.7671321747275135	0.09109212816954186	5.471930454307568	0.0170286171644051	9.602887099915044	497.2272867729039	0.6296285346135067	0	0	0	0	-0.03844668703315785	9954862146973958e-21	0	-3.4935480335771665	0.00036808025198073143
14.4	4.7671321747275135	4.7671321747275135	4.7671321747275135	0.09109212816953993	5.471930454307521	0.017028617164401443	9.602887099915096	497.2272867729043	0.6296285346135408	0	0	0	0	-0.038446689478652075	9954884166333311e-21	0	-3.493547977601366	0.0003680800478624146
14.5	4.7671321747275135	4.7671321747275135	4.7671321747275135	0.09109212816953982	5.471930454307573	0.017028617164401228	9.6028870999151	497.227286772903	0.6296285346135428	0	0	0	0	-0.038446689587521614	9954884940826384e-21	0	-3.4935479751083505	0.00036808004070304083
14.6	4.7671321747275135	4.7671321747275135	4.7671321747275135	0.09109212816953909	5.4719304543075085	0.01702861716439982	9.602887099915119	497.22728677290434	0.6296285346135562	0	0	0	0	-0.038446690563386385	9954893901419394e-21	0	-3.493547952773567	0.00036807995762460944
14.7	4.7671321747275135	4.7671321747275135	4.7671321747275135	0.09109212816953877	5.471930454307501	0.01702861716439927	9.602887099915126	497.2272867729044	0.6296285346135613	0	0	0	0	-0.03844669093164435	9954897218604e-18	0	-3.493547944344885	0.0003680799268754941
14.8	4.7671321747275135	4.7671321747275135	4.7671321747275135	0.09109212816953868	5.471930454307505	0.017028617164399167	9.602887099915128	497.2272867729043	0.6296285346135623	0	0	0	0	-0.038446690999505366	9954897810123299e-21	0	-3.4935479427919045	0.0003680799213950942
14.9	4.7671321747275135	4.7671321747275135	4.7671321747275135	0.09109212816953843	5.471930454307467	0.017028617164398668	9.602887099915135	497.2272867729051	0.6296285346135669	0	0	0	0	-0.03844669135445739	9954901122865252e-21	0	-3.493547934668804	0.0003680798906767746
15	4.7671321747275135	4.7671321747275135	4.7671321747275135	0.09109212816953845	5.4719304543074685	0.017028617164398616	9.602887099915137	497.22728677290485	0.6296285346135675	0	0	0	0	-0.038446691387772076	9954901408504578e-21	0	-3.493547933906653	0.00036807988803094055
15.1	4.7671321747275135	4.7671321747275135	4.7671321747275135	0.09109212816953868	5.471930454307544	0.01702861716439907	9.60288709991513	497.22728677290326	0.6296285346135632	0	0	0	0	-0.038446691025605696	9954897874680686e-21	0	-3.4935479421940303	0.00036807992081393747
15.2	4.7671321747275135	4.7671321747275135	4.7671321747275135	0.09109212816954852	5.471930454310379	0.01702861716441827	9.602887099914867	497.2272867728415	0.6296285346133814	0	0	0	0	-0.038446676001788097	9954752214744145e-21	0	-3.493548285972527	0.00036808127198168037
15.3	4.7671321747275135	4.7671321747275135	4.7671321747275135	0.09109212816956838	5.471930454316075	0.017028617164456934	9.602887099914335	497.22728677271755	0.6296285346130154	0	0	0	0	-0.038446645765450274	995445911848618e-20	0	-3.49354897784766	0.00036808399079007857
15.4	4.7671321747275135	4.7671321747275135	4.7671321747275135	0.09109212816959253	5.471930454322993	0.01702861716450401	9.602887099913692	497.22728677256686	0.6296285346125697	0	0	0	0	-0.038446608973325566	995410251842984e-20	0	-3.4935498197342607	0.00036808729866617346
15.5	4.7671321747275135	4.7671321747275135	4.7671321747275135	0.09109212816961532	5.471930454329501	0.017028617164548433	9.602887099913085	497.2272867724252	0.6296285346121492	0	0	0	0	-0.03844657428214726	9953766347098174e-21	0	-3.4935506135471615	0.00036809041703700655
15.6	4.7671321747275135	4.7671321747275135	4.7671321747275135	0.09109212816963104	5.471930454333961	0.01702861716457915	9.602887099912666	497.2272867723281	0.6296285346118584	0	0	0	0	-0.03844655034864866	9953534537014232e-21	0	-3.4935511612011942	0.00036809256732961914
15.7	4.7671321747275135	4.7671321747275135	4.7671321747275135	0.09109212816963402	5.471930454334739	0.017028617164585102	9.602887099912586	497.22728677231123	0.6296285346118021	0	0	0	0	-0.038446545829563084	9953491020701066e-21	0	-3.4935512646111917	0.0003680929709710527
15.8	4.7671321747275135	4.7671321747275135	4.7671321747275135	0.09109212816961859	5.4719304543302	0.01702861716455523	9.602887099912998	497.22728677241025	0.629628534612085	0	0	0	0	-0.03844656938162382	9953719730681725e-21	0	-3.493550725691987	0.00036809084938834856
15.9	4.767132174727513	4.767132174727513	4.767132174727513	0.09109212816957976	5.4719304543189216	0.017028617164479818	9.602887099914033	497.2272867726559	0.6296285346127991	0	0	0	0	-0.03844662858923839	9954294158254241e-21	0	-3.493549370895098	0.00036808552086672224
16	4.7671321747275135	4.7671321747275135	4.7671321747275135	0.091092128169557	5.471930454312855	0.017028617164434615	9.60288709991464	497.2272867727874	0.6296285346132265	0	0	0	0	-0.03844666306534381	9954626657783087e-21	0	-3.493548581985915	0.00036808243668236
16.1	4.7671321747275135	4.7671321747275135	4.7671321747275135	0.09109212816955214	5.471930454311874	0.017028617164424477	9.60288709991477	497.2272867728083	0.6296285346133221	0	0	0	0	-0.03844667025853989	9954694905824457e-21	0	-3.493548417373087	0.00036808180372013236
16.2	4.7671321747275135	4.7671321747275135	4.7671321747275135	0.09109212816954397	5.471930454309263	0.017028617164409062	9.602887099914987	497.22728677286557	0.6296285346134685	0	0	0	0	-0.03844668283073918	995481774076527e-20	0	-3.4935481297039748	0.0003680806642071402
16.3	4.7671321747275135	4.7671321747275135	4.7671321747275135	0.09109212816954203	5.4719304543087794	0.017028617164405194	9.60288709991504	497.227286772876	0.629628534613505	0	0	0	0	-0.038446685714323754	9954845451940073e-21	0	-3.493548063718429	0.00036808040717298593
16.4	4.7671321747275135	4.7671321747275135	4.7671321747275135	0.09109212816954018	5.471930454308132	0.017028617164401794	9.602887099915089	497.22728677289024	0.6296285346135371	0	0	0	0	-0.03844668860214064	9954873854589763e-21	0	-3.4935479976432973	0.0003680801436730284
16.5	4.7671321747275135	4.7671321747275135	4.7671321747275135	0.09109212816953924	5.471930454307821	0.017028617164400055	9.602887099915115	497.22728677289706	0.6296285346135537	0	0	0	0	-0.038446690049680717	9954888043438725e-21	0	-3.4935479645225063	0.00036808001204261074
16.6	4.7671321747275135	4.7671321747275135	4.7671321747275135	0.09109212816953893	5.47193045430772	0.01702861716439948	9.602887099915122	497.2272867728992	0.6296285346135593	0	0	0	0	-0.03844669052848908	995489273325519e-20	0	-3.4935479535669884	0.00036807996853543235
16.7	4.7671321747275135	4.7671321747275135	4.7671321747275135	0.09109212816953854	5.4719304543075555	0.017028617164398772	9.602887099915135	497.227286772903	0.6296285346135659	0	0	0	0	-0.03844669117500604	9954899166040112e-21	0	-3.493547938774878	0.00036807990885101213
16.8	4.7671321747275135	4.7671321747275135	4.7671321747275135	0.09109212816953845	5.47193045430753	0.01702861716439862	9.602887099915137	497.22728677290354	0.6296285346135675	0	0	0	0	-0.0384466912959329	9954900346859789e-21	0	-3.493547936007803	0.000368079897897105
16.9	4.767132174727514	4.767132174727514	4.767132174727514	0.09109212816953834	5.471930454307478	0.01702861716439843	9.60288709991514	497.2272867729047	0.6296285346135693	0	0	0	0	-0.03844669148261311	9954902221207236e-21	0	-3.4935479317367126	0.00036807988050534024
17	4.7671321747275135	4.7671321747275135	4.7671321747275135	0.0910921281695383	5.471930454307465	0.017028617164398366	9.60288709991514	497.22728677290496	0.6296285346135699	0	0	0	0	-0.038446691541095375	9954902802533335e-21	0	-3.4935479303987313	0.00036807987511179883
17.1	4.7671321747275135	4.7671321747275135	4.7671321747275135	0.09109212816953827	5.471930454307455	0.01702861716439833	9.60288709991514	497.22728677290525	0.6296285346135702	0	0	0	0	-0.038446691578069646	9954903174863626e-21	0	-3.4935479295528844	0.00036807987165685585
17.2	4.7671321747275135	4.7671321747275135	4.7671321747275135	0.09109212816953827	5.471930454307446	0.0170286171643983	9.60288709991514	497.2272867729054	0.6296285346135705	0	0	0	0	-0.038446691606281364	9954903459919675e-21	0	-3.4935479289074305	0.00036807986901170846
17.3	4.7671321747275135	4.7671321747275135	4.7671321747275135	0.09109212816953824	5.4719304543074445	0.017028617164398293	9.60288709991514	497.2272867729055	0.6296285346135705	0	0	0	0	-0.03844669161254023	9954903522440588e-21	0	-3.493547928764145	0.00036807986843167043
17.4	4.7671321747275135	4.7671321747275135	4.7671321747275135	0.0910921281695476	5.471930454310616	0.01702861716439954	9.60288709991489	497.227286772836	0.6296285346135565	0	0	0	0	-0.03844668629539379	9954848297432375e-21	0	-3.4935480503907312	0.00036808038099958763
17.5	4.767132174727514	4.767132174727514	4.767132174727514	0.09109212816958301	5.471930454322621	0.017028617164404285	9.602887099913948	497.2272867725731	0.6296285346135032	0	0	0	0	-0.03844666615599667	9954639134835119e-21	0	-3.4935485110680484	0.0003680823223300737
17.6	4.7671321747275135	4.7671321747275135	4.7671321747275135	0.09109212816963784	5.4719304543412015	0.017028617164411643	9.602887099912484	497.2272867721663	0.6296285346134203	0	0	0	0	-0.038446634969353154	995431524679935e-20	0	-3.4935492244450534	0.0003680853284774056
17.7	4.767132174727514	4.767132174727514	4.767132174727514	0.09109212816970468	5.471930454363835	0.017028617164420636	9.602887099910703	497.22728677167055	0.6296285346133192	0	0	0	0	-0.038446596963297004	9953920548458053e-21	0	-3.493550093812482	0.0003680889918454008
17.8	4.7671321747275135	4.7671321747275135	4.7671321747275135	0.09109212816977606	5.471930454387996	0.01702861716443027	9.602887099908799	497.2272867711415	0.6296285346132109	0	0	0	0	-0.038446556365662	9953498954944193e-21	0	-3.4935510224610704	0.00036809290483787643
17.9	4.7671321747275135	4.7671321747275135	4.7671321747275135	0.09109212816984455	5.471930454411159	0.017028617164439562	9.60288709990697	497.2272867706344	0.6296285346131065	0	0	0	0	-0.03844651740428189	9953094381390743e-21	0	-3.4935519136815527	0.0003680966598586499
18	4.7671321747275135	4.7671321747275135	4.7671321747275135	0.09109212816990278	5.471930454430798	0.01702861716444753	9.602887099905418	497.22728677020433	0.6296285346130172	0	0	0	0	-0.03844648430699048	9952750742930684e-21	0	-3.4935526707646654	0.0003680998493115386
18.1	4.7671321747275135	4.7671321747275135	4.7671321747275135	0.09109212816994326	5.471930454444389	0.017028617164453193	9.602887099904338	497.22728676990687	0.6296285346129541	0	0	0	0	-0.03844646130162149	9952511954696984e-21	0	-3.4935531970011433	0.0003681020656003597
18.2	4.7671321747275135	4.7671321747275135	4.7671321747275135	0.09109212816995858	5.471930454449407	0.01702861716445555	9.60288709990393	497.22728676979716	0.6296285346129283	0	0	0	0	-0.03844645261600874	995242193182262e-20	0	-3.493553395681721	0.00036810290112893057
18.3	4.7671321747275135	4.7671321747275135	4.7671321747275135	0.09109212816994132	5.471930454443329	0.017028617164453624	9.60288709990439	497.2272867699305	0.6296285346129509	0	0	0	0	-0.03844646247798596	995252458944056e-20	0	-3.4935531700971354	0.0003681019483010685
18.4	4.7671321747275135	4.7671321747275135	4.7671321747275135	0.09109212816988405	5.4719304544236245	0.017028617164446435	9.602887099905917	497.2272867703623	0.629628534613033	0	0	0	0	-0.03844649511538693	9952863842683785e-21	0	-3.4935524235381203	0.0003680987995205907
18.5	4.7671321747275135	4.7671321747275135	4.7671321747275135	0.09109212816977928	5.471930454387772	0.01702861716443299	9.602887099908711	497.22728677114776	0.6296285346131858	0	0	0	0	-0.03844655475604542	9953483606685265e-21	0	-3.4935510592954113	0.00036809304719131466
18.6	4.7671321747275135	4.7671321747275135	4.7671321747275135	0.0910921281696395	5.471930454340319	0.017028617164414308	9.60288709991244	497.22728677218697	0.6296285346133963	0	0	0	0	-0.038446634285595666	9954309638723356e-21	0	-3.493549240102187	0.00036808538041894145
18.7	4.7671321747275135	4.7671321747275135	4.7671321747275135	0.09109212816958794	5.471930454324514	0.017028617164404215	9.602887099913815	497.2272867725314	0.6296285346135027	0	0	0	0	-0.038446663326401384	9954609507566024e-21	0	-3.4935485757906646	0.00036808259733248127
18.8	4.7671321747275135	4.7671321747275135	4.7671321747275135	0.09109212816956508	5.4719304543170155	0.01702861716440081	9.602887099914424	497.2272867726953	0.6296285346135401	0	0	0	0	-0.03844667628399659	995474382355202e-20	0	-3.4935482793901063	0.0003680813507052607
18.9	4.7671321747275135	4.7671321747275135	4.7671321747275135	0.09109212816954976	5.471930454311638	0.017028617164399126	9.602887099914835	497.22728677281344	0.6296285346135597	0	0	0	0	-0.03844668504058696	99548349507004e-19	0	-3.4935480790899054	0.0003680805049002343
19	4.7671321747275135	4.7671321747275135	4.7671321747275135	0.09109212816954536	5.471930454310205	0.017028617164398446	9.60288709991495	497.2272867728447	0.6296285346135672	0	0	0	0	-0.038446687531069904	995486075616764e-20	0	-3.4935480221208297	0.000368080265392729
19.1	4.7671321747275135	4.7671321747275135	4.7671321747275135	0.09109212816954104	5.471930454308512	0.017028617164398338	9.602887099915067	497.22728677288194	0.6296285346135695	0	0	0	0	-0.03844669003110276	995488695153377e-20	0	-3.4935479649367593	0.00036808002224474284
19.2	4.7671321747275135	4.7671321747275135	4.7671321747275135	0.09109212816953996	5.471930454308147	0.017028617164398196	9.602887099915097	497.22728677288995	0.6296285346135709	0	0	0	0	-0.03844669063785266	9954893257181754e-21	0	-3.4935479510577783	0.00036807996371875264
19.3	4.7671321747275135	4.7671321747275135	4.7671321747275135	0.09109212816953896	5.471930454307727	0.017028617164398248	9.602887099915124	497.2272867728993	0.6296285346135708	0	0	0	0	-0.03844669122493724	9954899438360935e-21	0	-3.4935479376295384	0.0003680799063422943
19.4	4.7671321747275135	4.7671321747275135	4.7671321747275135	0.09109212816953866	5.471930454307609	0.01702861716439824	9.602887099915131	497.2272867729018	0.6296285346135709	0	0	0	0	-0.03844669140333658	9954901305330383e-21	0	-3.4935479335490682	0.0003680798890130152
19.5	4.7671321747275135	4.7671321747275135	4.7671321747275135	0.09109212816953843	5.471930454307519	0.017028617164398258	9.602887099915137	497.22728677290377	0.6296285346135707	0	0	0	0	-0.03844669152420689	9954902581889069e-21	0	-3.493547930784446	0.0003680798771629201
19.6	4.7671321747275135	4.7671321747275135	4.7671321747275135	0.09109212816953836	5.471930454307478	0.017028617164398265	9.60288709991514	497.22728677290473	0.6296285346135708	0	0	0	0	-0.03844669157902205	9954903159877352e-21	0	-3.493547929530516	0.00036807987179760047
19.7	4.7671321747275135	4.7671321747275135	4.7671321747275135	0.09109212816953832	5.471930454307461	0.017028617164398272	9.60288709991514	497.22728677290513	0.6296285346135707	0	0	0	0	-0.038446691602255625	995490340555299e-20	0	-3.4935479289990683	0.0003680798695171032
19.8	4.7671321747275135	4.7671321747275135	4.7671321747275135	0.09109212816953827	5.471930454307446	0.01702861716439828	9.60288709991514	497.22728677290536	0.6296285346135706	0	0	0	0	-0.03844669161872343	9954903580458621e-21	0	-3.493547928622398	0.00036807986789349736
19.9	4.7671321747275135	4.7671321747275135	4.7671321747275135	0.09109212816953825	5.471930454307442	0.01702861716439828	9.602887099915142	497.22728677290553	0.6296285346135706	0	0	0	0	-0.03844669162324775	9954903628290726e-21	0	-3.4935479285188347	0.00036807986744952323
20	4.7671321747275135	4.7671321747275135	4.7671321747275135	0.09109212816954347	5.471930454312171	0.017028617164395143	9.602887099915003	497.2272867727988	0.6296285346135962	0	0	0	0	-0.03844668580991601	9954840691594185e-21	0	-3.493548061466688	0.00036808045178223625
20.1	4.7671321747275135	4.7671321747275135	4.7671321747275135	0.09109212816956022	5.47193045432738	0.017028617164385064	9.602887099914556	497.2272867724555	0.6296285346136791	0	0	0	0	-0.03844666710935823	9954638238234552e-21	0	-3.493548489138874	0.00036808233145023487
20.2	4.7671321747275135	4.7671321747275135	4.7671321747275135	0.09109212816958574	5.471930454350565	0.017028617164369715	9.602887099913874	497.22728677193214	0.6296285346138051	0	0	0	0	-0.03844663860101709	9954329609964819e-21	0	-3.4935491411101456	0.0003680851968934584
20.3	4.7671321747275135	4.7671321747275135	4.7671321747275135	0.09109212816961723	5.471930454379129	0.017028617164350817	9.602887099913033	497.2272867712873	0.6296285346139601	0	0	0	0	-0.038446603470279395	995394929550637e-20	0	-3.4935499445323686	0.00036808872790287543
20.4	4.767132174727513	4.767132174727513	4.767132174727513	0.09109212816965176	5.471930454410486	0.017028617164330094	9.602887099912113	497.22728677057944	0.6296285346141299	0	0	0	0	-0.038446564902531934	9953531783580593e-21	0	-3.4935508265574087	0.00036809260426945493
20.5	4.7671321747275135	4.7671321747275135	4.7671321747275135	0.09109212816968655	5.471930454442039	0.017028617164309277	9.602887099911186	497.22728676986713	0.6296285346143009	0	0	0	0	-0.038446526083161514	9953111562908869e-21	0	-3.4935517143371326	0.0003680965057841659
20.6	4.7671321747275135	4.7671321747275135	4.7671321747275135	0.0910921281697187	5.4719304544712	0.01702861716429009	9.602887099910328	497.2272867692089	0.6296285346144581	0	0	0	0	-0.038446490197554924	9952723122212587e-21	0	-3.4935525350234053	0.00036810011223797705
20.7	4.7671321747275135	4.7671321747275135	4.7671321747275135	0.09109212816974536	5.471930454495372	0.01702861716427426	9.602887099909616	497.22728676866313	0.6296285346145878	0	0	0	0	-0.03844646043109895	9952400950213127e-21	0	-3.4935532157680926	0.0003681031034218573
20.8	4.7671321747275135	4.7671321747275135	4.7671321747275135	0.09109212816976373	5.471930454511967	0.01702861716426351	9.602887099909127	497.22728676828865	0.6296285346146758	0	0	0	0	-0.03844643996918041	995217953563188e-20	0	-3.4935536837230616	0.00036810515912677553
20.9	4.7671321747275135	4.7671321747275135	4.7671321747275135	0.09109212816977089	5.471930454518393	0.017028617164259567	9.602887099908935	497.2272867681436	0.6296285346147079	0	0	0	0	-0.03844643199718608	995209336719023e-20	0	-3.493553866040176	0.0003681059591437005
21	4.7671321747275135	4.7671321747275135	4.7671321747275135	0.09109212816976402	5.471930454512057	0.017028617164264157	9.602887099909118	497.22728676828666	0.6296285346146697	0	0	0	0	-0.03844643970050276	9952176933609557e-21	0	-3.4935536898713035	0.0003681051832636012
21.1	4.7671321747275135	4.7671321747275135	4.7671321747275135	0.09109212816974027	5.471930454490365	0.017028617164279006	9.60288709990975	497.22728676877637	0.6296285346145473	0	0	0	0	-0.038446466264517254	9952464723611251e-21	0	-3.4935530823683094	0.00036810251127744647
21.2	4.7671321747275135	4.7671321747275135	4.7671321747275135	0.09109212816969676	5.471930454450728	0.01702861716430584	9.60288709991091	497.2272867696712	0.6296285346143267	0	0	0	0	-0.03844651487461635	9952991225916694e-21	0	-3.493551970683059	0.0003680976229762052
21.3	4.7671321747275135	4.7671321747275135	4.7671321747275135	0.09109212816963068	5.471930454390551	0.017028617164346387	9.602887099912675	497.22728677102975	0.6296285346139932	0	0	0	0	-0.03844658871618684	9953790929247275e-21	0	-3.4935502819674182	0.00036809019815084616
21.4	4.7671321747275135	4.7671321747275135	4.7671321747275135	0.09109212816957687	5.471930454342355	0.01702861716437563	9.60288709991411	497.22728677211745	0.6296285346137562	0	0	0	0	-0.03844664855299452	9954437621648051e-21	0	-3.493548913517738	0.00036808419404644435
21.5	4.7671321747275135	4.7671321747275135	4.7671321747275135	0.09109212816956998	5.471930454337494	0.017028617164373188	9.602887099914295	497.2272867722267	0.6296285346137827	0	0	0	0	-0.03844665575255127	995451321652942e-20	0	-3.4935487488409547	0.0003680834923558847
21.6	4.7671321747275135	4.7671321747275135	4.7671321747275135	0.09109212816955588	5.471930454324209	0.017028617164384006	9.602887099914671	497.2272867725267	0.6296285346136916	0	0	0	0	-0.03844667167194103	9954686357498729e-21	0	-3.4935483847814948	0.00036808188478067155
21.7	4.7671321747275135	4.7671321747275135	4.7671321747275135	0.09109212816954819	5.471930454317215	0.017028617164388672	9.602887099914874	497.22728677268464	0.6296285346136532	0	0	0	0	-0.03844668024784746	9954779244470908e-21	0	-3.4935481886550215	0.0003680810223730526
21.8	4.7671321747275135	4.7671321747275135	4.7671321747275135	0.09109212816954679	5.471930454316092	0.017028617164388787	9.602887099914913	497.22728677270993	0.629628534613653	0	0	0	0	-0.03844668175616557	9954795327161834e-21	0	-3.493548154157493	0.000368080873071545
21.9	4.7671321747275135	4.7671321747275135	4.7671321747275135	0.09109212816954192	5.47193045431115	0.017028617164394154	9.602887099915042	497.2272867728217	0.6296285346136065	0	0	0	0	-0.03844668740430972	9954857300250428e-21	0	-3.493548024996709	0.0003680802976270104
22	4.7671321747275135	4.7671321747275135	4.7671321747275135	0.09109212816954115	5.471930454310512	0.01702861716439434	9.602887099915062	497.227286772836	0.6296285346136052	0	0	0	0	-0.038446688229640355	9954866158357165e-21	0	-3.4935480061210455	0.0003680802153898187
22.1	4.7671321747275135	4.7671321747275135	4.7671321747275135	0.09109212816953997	5.471930454309263	0.0170286171643959	9.602887099915094	497.22728677286426	0.6296285346135916	0	0	0	0	-0.03844668961878661	9954881477646612e-21	0	-3.4935479743551703	0.00036808007313892435
22.2	4.7671321747275135	4.7671321747275135	4.7671321747275135	0.0910921281695392	5.471930454308442	0.017028617164396864	9.602887099915115	497.2272867728828	0.6296285346135831	0	0	0	0	-0.03844669054421176	9954891663429783e-21	0	-3.493547953193117	0.000368079978557634
22.3	4.767132174727513	4.767132174727513	4.767132174727513	0.09109212816953911	5.471930454308346	0.017028617164396895	9.602887099915115	497.22728677288495	0.6296285346135831	0	0	0	0	-0.03844669066964936	9954893013146232e-21	0	-3.493547950324394	0.0003680799660266523
22.4	4.7671321747275135	4.7671321747275135	4.7671321747275135	0.09109212816953863	5.471930454307832	0.017028617164397672	9.60288709991513	497.22728677289655	0.6296285346135759	0	0	0	0	-0.03844669121413491	9954899071304713e-21	0	-3.49354793787404	0.00036807990976823524
22.5	4.7671321747275135	4.7671321747275135	4.7671321747275135	0.09109212816953854	5.471930454307754	0.01702861716439775	9.602887099915131	497.2272867728984	0.6296285346135754	0	0	0	0	-0.03844669130859831	9954900104833733e-21	0	-3.4935479357135963	0.00036807990017145105
22.6	4.7671321747275135	4.7671321747275135	4.7671321747275135	0.09109212816953843	5.471930454307638	0.01702861716439794	9.602887099915135	497.2272867729011	0.6296285346135737	0	0	0	0	-0.03844669142751522	995490143272036e-20	0	-3.493547932994468	0.0003680798878398034
22.7	4.7671321747275135	4.7671321747275135	4.7671321747275135	0.09109212816953835	5.471930454307542	0.017028617164398088	9.602887099915138	497.22728677290326	0.6296285346135724	0	0	0	0	-0.03844669152671853	9954902540531462e-21	0	-3.493547930726356	0.00036807987755197764
22.8	4.7671321747275135	4.7671321747275135	4.7671321747275135	0.09109212816953831	5.471930454307535	0.01702861716439809	9.60288709991514	497.2272867729034	0.6296285346135724	0	0	0	0	-0.03844669153780799	9954902661011487e-21	0	-3.4935479304728907	0.00036807987643327654
22.9	4.7671321747275135	4.7671321747275135	4.7671321747275135	0.09109212816954035	5.471930454311455	0.0170286171643892	9.602887099915083	497.2272867728141	0.6296285346136526	0	0	0	0	-0.038446687844145414	99548606290025e-19	0	-3.493548014921869	0.00036808026682221657
23	4.7671321747275135	4.7671321747275135	4.7671321747275135	0.09109212816955065	5.471930454331186	0.017028617164344548	9.602887099914811	497.22728677236483	0.6296285346140551	0	0	0	0	-0.038446669243213716	9954648988952578e-21	0	-3.493548440199786	0.00036808223251153606
23.1	4.7671321747275135	4.7671321747275135	4.7671321747275135	0.09109212816956665	5.471930454361838	0.017028617164275214	9.602887099914385	497.2272867716668	0.6296285346146803	0	0	0	0	-0.03844664034591948	9954320209520623e-21	0	-3.493549100886358	0.0003680852861777184
23.2	4.7671321747275135	4.7671321747275135	4.7671321747275135	0.09109212816958498	5.471930454397001	0.01702861716419573	9.602887099913895	497.2272867708661	0.6296285346153969	0	0	0	0	-0.03844660719338077	9953943031449192e-21	0	-3.493549858861945	0.0003680887893639792
23.3	4.7671321747275135	4.7671321747275135	4.7671321747275135	0.09109212816960234	5.471930454430264	0.017028617164120623	9.602887099913431	497.2272867701086	0.629628534616074	0	0	0	0	-0.03844657582671573	9953586195480855e-21	0	-3.493550576006908	0.0003680921036135342
23.4	4.7671321747275135	4.7671321747275135	4.7671321747275135	0.09109212816961537	5.471930454455217	0.017028617164064418	9.602887099913085	497.22728676954034	0.6296285346165807	0	0	0	0	-0.03844655228704244	9953318442358162e-21	0	-3.4935511142016074	0.00036809459046959896
23.5	4.7671321747275135	4.7671321747275135	4.7671321747275135	0.09109212816962076	5.4719304544654515	0.017028617164041644	9.602887099912941	497.2272867693073	0.629628534616786	0	0	0	0	-0.03844654261547902	995320851282368e-20	0	-3.4935513353264054	0.0003680956114753893
23.6	4.7671321747275135	4.7671321747275135	4.7671321747275135	0.09109212816961512	5.471930454454556	0.01702861716406682	9.602887099913092	497.2272867695554	0.6296285346165589	0	0	0	0	-0.03844655285314357	9953325147619974e-21	0	-3.4935511012616627	0.0003680945281741208
23.7	4.7671321747275135	4.7671321747275135	4.7671321747275135	0.09109212816959514	5.471930454416123	0.017028617164154474	9.602887099913625	497.2272867704306	0.6296285346157683	0	0	0	0	-0.03844658904115419	9953737087489598e-21	0	-3.493550273887739	0.0003680907021090091
23.8	4.7671321747275135	4.7671321747275135	4.7671321747275135	0.09109212816956279	5.471930454354116	0.01702861716429489	9.602887099914486	497.2272867718426	0.6296285346145021	0	0	0	0	-0.03844664748827416	9954402120439355e-21	0	-3.493548937595969	0.0003680845253547772
23.9	4.7671321747275135	4.7671321747275135	4.7671321747275135	0.09109212816955196	5.47193045433398	0.017028617164336523	9.602887099914776	497.22728677230106	0.629628534614128	0	0	0	0	-0.03844666670677339	9954619668639253e-21	0	-3.4935484981857745	0.0003680825048666619
24	4.7671321747275135	4.7671321747275135	4.7671321747275135	0.09109212816954766	5.4719304543258875	0.01702861716435395	9.60288709991489	497.22728677248534	0.6296285346139713	0	0	0	0	-0.038446674391555295	995470684265597e-20	0	-3.493548322483592	0.0003680816952217657
