0	4.7671321747275135	4.7671321747275135	4.7671321747275135	0.09109212816953825	5.471930454307437	0.017028617164398283	9.60288709991514	497.2272867729056	0.6296285346135705	0	0	0	0	0	0	0	0	0
0.1	4.7671321747275135	4.7671321747275135	4.7671321747275135	0.09109212816953825	5.471930454307437	0.017028617164398283	9.60288709991514	497.2272867729056	0.6296285346135705	0	0	0	0	43.96004517439969	-0.000388112788898218	0	458.07405089176507	-0.0008094218881082475
0.2	4.7671321747275135	4.7671321747275135	4.7671321747275135	0.09109212816953825	5.471930454307437	0.017028617164398283	9.60288709991514	497.2272867729056	0.6296285346135705	0	0	0	0	59.41827517725739	-0.001868499112564401	0	1291.9693195386901	-0.008225895535406372
0.3	4.767132174727513	4.767132174727513	4.767132174727513	0.09109212816953825	5.471930454307437	0.017028617164398283	9.60288709991514	497.2272867729056	0.6296285346135704	0	0	0	0	64.85402052014291	-0.003962137453249479	0	2130.0243686332637	-0.027251546706492706
0.4	4.7671321747275135	4.7671321747275135	4.7671321747275135	0.09109212816953825	5.471930454307438	0.017028617164398283	9.60288709991514	497.22728677290564	0.6296285346135705	0	0	0	0	66.76617362800197	-0.006142636015458184	0	2865.8896357214458	-0.057931947225896445
0.5	4.7671321747275135	4.7671321747275135	4.7671321747275135	0.09109212816953827	5.471930454307437	0.017028617164398283	9.60288709991514	497.2272867729056	0.6296285346135705	0	0	0	0	67.43949048001508	-0.008138880516512124	0	3481.9022186944762	-0.09753811561251294
0.6	4.7671321747275135	4.7671321747275135	4.7671321747275135	0.09109212816953825	5.471930454307438	0.017028617164398283	9.60288709991514	497.2272867729056	0.6296285346135705	0	0	0	0	67.6774677638791	-0.009857526459147614	0	3987.8197729979843	-0.1426619976140407
0.7	4.767132174727513	4.767132174727513	4.767132174727513	0.09109212816953824	5.4719304543074365	0.017028617164398283	9.60288709991514	497.2272867729056	0.6296285346135704	0	0	0	0	67.7624179694855	-0.011292605063982332	0	4400.005854454568	-0.19024741399178627
0.8	4.7671321747275135	4.7671321747275135	4.7671321747275135	0.09109212816953825	5.4719304543074365	0.017028617164398283	9.60288709991514	497.2272867729056	0.6296285346135705	0	0	0	0	67.7935496818245	-0.012472597758025642	0	4734.68103377115	-0.23792472346368396
0.9	4.7671321747275135	4.7671321747275135	4.7671321747275135	0.09109212816953825	5.4719304543074365	0.017028617164398283	9.60288709991514	497.2272867729057	0.6296285346135705	0	0	0	0	67.80574784175596	-0.013435376767144958	0	5006.023594833157	-0.28401883280133144
1	4.7671321747275135	4.7671321747275135	4.7671321747275135	0.09109212816953824	5.4719304543074365	0.017028617164398283	9.602887099915138	497.2272867729056	0.6296285346135704	0	0	0	0	67.81123104217315	-0.014217894563583591	0	5225.87324121968	-0.32744124135030456
1.1	4.7671321747275135	4.7671321747275135	4.7671321747275135	0.09109212816953824	5.4719304543074365	0.01702861716439828	9.60288709991514	497.22728677290564	0.6296285346135705	0	0	0	0	67.8142988474261	-0.014852781405867802	0	5403.979148164851	-0.36754943898352344
1.2	4.7671321747275135	4.7671321747275135	4.7671321747275135	0.09109212816953824	5.471930454307437	0.017028617164398283	9.60288709991514	497.22728677290564	0.6296285346135705	0	0	0	0	67.81641420903327	-0.015367417564776243	0	5548.247932537582	-0.40404038713341295
1.3	4.7671321747275135	4.7671321747275135	4.7671321747275135	0.09109212816953825	5.471930454307438	0.017028617164398283	9.602887099915142	497.22728677290564	0.6296285346135705	0	0	0	0	67.8180842040758	-0.01578429155143159	0	5665.072025920841	-0.43684463520239153
1.4	4.7671321747275135	4.7671321747275135	4.7671321747275135	0.09109212816953824	5.471930454307437	0.01702861716439828	9.60288709991514	497.2272867729056	0.6296285346135705	0	0	0	0	67.81950822921675	-0.016122120823431754	0	5759.732864855017	-0.46603917123487437
1.5	4.7671321747275135	4.7671321747275135	4.7671321747275135	0.09109212816953824	5.471930454307437	0.01702861716439828	9.60288709991514	497.22728677290564	0.6296285346135705	0	0	0	0	67.82074448865836	-0.01639565779656933	0	5836.374762508425	-0.4918164359026937
1.6	4.7671321747275135	4.7671321747275135	4.7671321747275135	0.09109212816953824	5.471930454307437	0.01702861716439828	9.60288709991514	497.2272867729056	0.6296285346135705	0	0	0	0	67.82182719016015	-0.016617319845994512	0	5898.481758690444	-0.5144170387791991
1.7	4.7671321747275135	4.7671321747275135	4.7671321747275135	0.09109212816953824	5.471930454307438	0.01702861716439828	9.60288709991514	497.2272867729056	0.6296285346135705	0	0	0	0	67.82277358816411	-0.016796780151249264	0	5948.765064418579	-0.5341189955799839
1.8	4.7671321747275135	4.7671321747275135	4.7671321747275135	0.09109212816953824	5.471930454307437	0.017028617164398283	9.60288709991514	497.2272867729056	0.6296285346135705	0	0	0	0	67.82359804418002	-0.016942244985862803	0	5989.5241434850395	-0.5512071767558553
1.9	4.7671321747275135	4.7671321747275135	4.7671321747275135	0.09109212816953827	5.471930454307437	0.017028617164398283	9.602887099915142	497.2272867729056	0.6296285346135706	0	0	0	0	67.82431312529559	-0.017059959870484465	0	6022.5086718447465	-0.5659619936453215
2	4.7671321747275135	4.7671321747275135	4.7671321747275135	0.09109212816953825	5.471930454307437	0.017028617164398283	9.60288709991514	497.2272867729056	0.6296285346135705	0	0	0	0	67.82493109452295	-0.01715544987306392	0	6049.266475626349	-0.5786566063865181
2.1	4.7671321747275135	4.7671321747275135	4.7671321747275135	0.09109212816953825	5.471930454307437	0.017028617164398283	9.60288709991514	497.2272867729056	0.6296285346135705	0	0	0	0	67.82546273627617	-0.017232691619447706	0	6070.911525948025	-0.5895360312944116
2.2	4.7671321747275135	4.7671321747275135	4.7671321747275135	0.09109212816953825	5.471930454307437	0.017028617164398283	9.60288709991514	497.2272867729056	0.6296285346135704	0	0	0	0	67.82591893594153	-0.017295320237850326	0	6088.462194081724	-0.5988359944017986
2.3	4.7671321747275135	4.7671321747275135	4.7671321747275135	0.09109212816953825	5.471930454307438	0.017028617164398283	9.60288709991514	497.2272867729056	0.6296285346135705	0	0	0	0	67.8263090067645	-0.017346087122695267	0	6102.689262638447	-0.606763681254833
2.4	4.7671321747275135	4.7671321747275135	4.7671321747275135	0.09109212816953825	5.471930454307438	0.017028617164398283	9.60288709991514	497.2272867729056	0.6296285346135705	0	0	0	0	67.82664143071125	-0.017387119571872924	0	6114.188712882484	-0.6134989438288855
2.5	4.767132174727513	4.767132174727513	4.767132174727513	0.09109212816953823	5.471930454307437	0.017028617164398283	9.60288709991514	497.22728677290553	0.6296285346135705	0	0	0	0	67.8269244379649	-0.017420444266898767	0	6123.528346404723	-0.6192170308061283
2.6	4.7671321747275135	4.7671321747275135	4.7671321747275135	0.09109212816953813	5.471930454307437	0.017028617164398286	9.602887099915144	497.2272867729056	0.6296285346135705	0	0	0	0	67.82716456091683	-0.017447450921370244	0	6131.097528625791	-0.6240583679541953
2.7	4.7671321747275135	4.7671321747275135	4.7671321747275135	0.09109212816953811	5.4719304543074365	0.01702861716439829	9.602887099915145	497.2272867729056	0.6296285346135705	0	0	0	0	67.82736768496855	-0.01746925870735784	0	6137.209827395225	-0.6281437884661554
2.8	4.767132174727514	4.767132174727514	4.767132174727514	0.09109212816953814	5.471930454307436	0.01702861716439829	9.602887099915144	497.22728677290564	0.6296285346135704	0	0	0	0	67.8275395810757	-0.017486965407487967	0	6142.172826821823	-0.6315927393107036
2.9	4.7671321747275135	4.7671321747275135	4.7671321747275135	0.09109212816953798	5.47193045430742	0.017028617164398317	9.602887099915149	497.227286772906	0.6296285346135703	0	0	0	0	67.82768465118892	-0.017501350499494348	0	6146.204969281625	-0.6345010354678543
3	4.7671321747275135	4.7671321747275135	4.7671321747275135	0.09109212816953778	5.471930454307406	0.017028617164398345	9.602887099915154	497.22728677290627	0.62962853461357	0	0	0	0	67.8278066321645	-0.017512963700199183	0	6149.460267709409	-0.6369426545111428
3.1	4.7671321747275135	4.7671321747275135	4.7671321747275135	0.09109212816953788	5.471930454307413	0.017028617164398338	9.602887099915153	497.2272867729061	0.6296285346135703	0	0	0	0	67.82790928534912	-0.01752235145755921	0	6152.091809498512	-0.6389907610904634
3.2	4.7671321747275135	4.7671321747275135	4.7671321747275135	0.09109212816953773	5.471930454307372	0.017028617164398366	9.602887099915156	497.22728677290695	0.6296285346135698	0	0	0	0	67.82799561723074	-0.017530003832539658	0	6154.237017556432	-0.6407135527567228
3.3	4.7671321747275135	4.7671321747275135	4.7671321747275135	0.09109212816953685	5.471930454307243	0.0170286171643985	9.60288709991518	497.2272867729096	0.6296285346135687	0	0	0	0	67.82806758203142	-0.017536205552471262	0	6155.975757149802	-0.6421571750172125
3.4	4.7671321747275135	4.7671321747275135	4.7671321747275135	0.09109212816953621	5.471930454307153	0.0170286171643986	9.602887099915195	497.2272867729113	0.6296285346135678	0	0	0	0	67.82812777594192	-0.01754120499948303	0	6157.377453960155	-0.6433619347435736
3.5	4.7671321747275135	4.7671321747275135	4.7671321747275135	0.09109212816953675	5.471930454307235	0.01702861716439851	9.602887099915181	497.22728677290974	0.6296285346135685	0	0	0	0	67.82817880314535	-0.01754525077539777	0	6158.511593166394	-0.6443681463567522
3.6	4.7671321747275135	4.7671321747275135	4.7671321747275135	0.0910921281695347	5.4719304543067	0.01702861716439906	9.602887099915234	497.2272867729212	0.6296285346135637	0	0	0	0	67.82822011416087	-0.017548552772789598	0	6159.437957355721	-0.6452121034352657
3.7	4.767132174727514	4.767132174727514	4.767132174727514	0.09109212816952844	5.471930454305279	0.01702861716440054	9.602887099915403	497.2272867729516	0.6296285346135512	0	0	0	0	67.82825176550968	-0.017551225356674492	0	6160.188963216179	-0.6459165770732795
3.8	4.7671321747275135	4.7671321747275135	4.7671321747275135	0.0910921281695233	5.4719304543041565	0.017028617164401703	9.602887099915538	497.22728677297545	0.6296285346135411	0	0	0	0	67.82827814730045	-0.017553378165354235	0	6160.793917990487	-0.64650182250603
3.9	4.7671321747275135	4.7671321747275135	4.7671321747275135	0.09109212816952476	5.471930454304518	0.01702861716440132	9.6028870999155	497.22728677296755	0.6296285346135444	0	0	0	0	67.82830365580752	-0.017555120868420596	0	6161.282135289215	-0.6469880966670617
4	4.7671321747275135	4.7671321747275135	4.7671321747275135	0.09109212816951531	5.471930454300939	0.017028617164405523	9.602887099915751	497.2272867730464	0.6296285346135078	0	0	0	0	67.82831831127544	-0.017556531177025703	0	6161.681398192437	-0.6473949626372574
4.1	4.7671321747275135	4.7671321747275135	4.7671321747275135	0.09109212816944635	5.471930454279546	0.017028617164429726	9.602887099917591	497.22728677351233	0.6296285346132974	0	0	0	0	67.8282923030472	-0.017557609177880622	0	6162.007348244482	-0.6477350645821003
4.2	4.7671321747275135	4.7671321747275135	4.7671321747275135	0.09109212816936575	5.471930454254985	0.017028617164457395	9.602887099919739	497.2272867740467	0.629628534613057	0	0	0	0	67.8282561031072	-0.01755845070261356	0	6162.270601330754	-0.6480171543370643
4.3	4.7671321747275135	4.7671321747275135	4.7671321747275135	0.09109212816932866	5.471930454243996	0.017028617164469653	9.602887099920732	497.22728677428535	0.6296285346129505	0	0	0	0	67.8282446762804	-0.017559160140024375	0	6162.481823838644	-0.6482499462924451
4.4	4.7671321747275135	4.7671321747275135	4.7671321747275135	0.09109212816939014	5.471930454263319	0.01702861716444762	9.60288709991909	497.22728677386425	0.6296285346131423	0	0	0	0	67.82829298739179	-0.017559841878912925	0	6162.651682155543	-0.6484421548385394
4.5	4.7671321747275135	4.7671321747275135	4.7671321747275135	0.09109212816947705	5.471930454288923	0.017028617164419335	9.60288709991677	497.22728677330826	0.6296285346133876	0	0	0	0	67.82835555857925	-0.017560438196208276	0	6162.790276052591	-0.6486022620159637
4.6	4.7671321747275135	4.7671321747275135	4.7671321747275135	0.09109212816949229	5.471930454291758	0.01702861716441715	9.602887099916366	497.22728677324875	0.6296285346134058	0	0	0	0	67.82837180875026	-0.0175608539703131	0	6162.903318717557	-0.6487355761633374
4.7	4.7671321747275135	4.7671321747275135	4.7671321747275135	0.09109212816951667	5.471930454300056	0.01702861716440718	9.602887099915717	497.22728677306725	0.6296285346134929	0	0	0	0	67.82839275512585	-0.017561212327426207	0	6162.994806239	-0.6488459047956645
4.8	4.7671321747275135	4.7671321747275135	4.7671321747275135	0.09109212816952553	5.471930454302678	0.017028617164404358	9.60288709991548	497.22728677301023	0.6296285346135172	0	0	0	0	67.8284029673449	-0.01756148792294125	0	6163.069176221081	-0.6489374835890958
4.9	4.767132174727513	4.767132174727513	4.767132174727513	0.09109212816952982	5.471930454304141	0.01702861716440258	9.602887099915364	497.22728677297823	0.6296285346135327	0	0	0	0	67.82840953577535	-0.017561708441746426	0	6163.129435830591	-0.6490132759260473
5	4.7671321747275135	4.7671321747275135	4.7671321747275135	0.09109212816953453	5.47193045430594	0.01702861716440028	9.602887099915238	497.2272867729386	0.6296285346135528	0	0	0	0	67.82841569940459	-0.01756188967116055	0	6163.178351835843	-0.6490760584620863
5.1	4.7671321747275135	4.7671321747275135	4.7671321747275135	0.09109212816953537	5.471930454306172	0.01702861716440006	9.602887099915216	497.2272867729335	0.6296285346135548	0	0	0	0	67.82841886829603	-0.017562031959268816	0	6163.218001130408	-0.649127990624583
5.2	4.7671321747275135	4.7671321747275135	4.7671321747275135	0.09109212816953699	5.471930454306889	0.017028617164399056	9.602887099915174	497.2272867729177	0.6296285346135638	0	0	0	0	67.82842209273095	-0.01756214926614595	0	6163.250159168441	-0.6491709432045504
5.3	4.7671321747275135	4.7671321747275135	4.7671321747275135	0.09109212816953743	5.471930454307048	0.017028617164398862	9.602887099915161	497.22728677291417	0.6296285346135655	0	0	0	0	67.82842418335241	-0.017562242889837463	0	6163.276246996955	-0.6492064631524008
5.4	4.767132174727514	4.767132174727514	4.767132174727514	0.09109212816953778	5.471930454307204	0.017028617164398633	9.602887099915154	497.22728677291076	0.6296285346135675	0	0	0	0	67.82842589331888	-0.017562318798675723	0	6163.297382030789	-0.6492357945906482
5.5	4.7671321747275135	4.7671321747275135	4.7671321747275135	0.09109212816953803	5.471930454307323	0.017028617164398466	9.602887099915147	497.22728677290814	0.6296285346135688	0	0	0	0	67.82842728915534	-0.01756238040167584	0	6163.314544213431	-0.6492600474369714
5.6	4.7671321747275135	4.7671321747275135	4.7671321747275135	0.09109212816953809	5.471930454307344	0.017028617164398442	9.602887099915147	497.22728677290775	0.6296285346135692	0	0	0	0	67.82842834464483	-0.01756243001796306	0	6163.328441868839	-0.6492800530385607
5.7	4.767132174727514	4.767132174727514	4.767132174727514	0.0910921281695382	5.471930454307399	0.01702861716439835	9.602887099915144	497.22728677290655	0.62962853461357	0	0	0	0	67.82842925618633	-0.017562470434968145	0	6163.339724361411	-0.6492965795206207
5.8	4.7671321747275135	4.7671321747275135	4.7671321747275135	0.0910921281695382	5.471930454307407	0.017028617164398338	9.602887099915144	497.2272867729063	0.6296285346135702	0	0	0	0	67.8284299675017	-0.017562503068102153	0	6163.348869787793	-0.6493102118840677
5.9	4.7671321747275135	4.7671321747275135	4.7671321747275135	0.09109212816953745	5.471930454307077	0.01702861716439905	9.602887099915163	497.2272867729136	0.6296285346135636	0	0	0	0	67.82843022076516	-0.01756252832908472	0	6163.356295292436	-0.6493214727480443
6	4.7671321747275135	4.7671321747275135	4.7671321747275135	0.09109212816952687	5.471930454302468	0.017028617164408993	9.602887099915446	497.22728677301546	0.6296285346134741	0	0	0	0	67.82842617740629	-0.01756253349938637	0	6163.36245609555	-0.64933098692715
6.1	4.7671321747275135	4.7671321747275135	4.7671321747275135	0.09109212816950744	5.471930454293984	0.017028617164427287	9.602887099915966	497.2272867732032	0.6296285346133095	0	0	0	0	67.82841824152383	-0.017562520685895592	0	6163.36753346724	-0.6493389927404788
6.2	4.7671321747275135	4.7671321747275135	4.7671321747275135	0.09109212816948355	5.471930454283573	0.017028617164449738	9.602887099916602	497.22728677343343	0.6296285346131073	0	0	0	0	67.82840833202086	-0.017562497400630938	0	6163.371646043974	-0.6493456313158411
6.3	4.767132174727513	4.767132174727513	4.767132174727513	0.09109212816945969	5.471930454273182	0.017028617164472144	9.602887099917238	497.2272867736632	0.6296285346129056	0	0	0	0	67.82839836780045	-0.017562471155610968	0	6163.374912462219	-0.6493510437810474
6.4	4.7671321747275135	4.7671321747275135	4.7671321747275135	0.09109212816944032	5.47193045426476	0.017028617164490303	9.602887099917757	497.2272867738496	0.6296285346127422	0	0	0	0	67.82839026776573	-0.01756244946285425	0	6163.377451358445	-0.649355371263908
6.5	4.7671321747275135	4.7671321747275135	4.7671321747275135	0.09109212816942984	5.4719304542602565	0.017028617164500014	9.602887099918036	497.2272867739492	0.6296285346126547	0	0	0	0	67.82838595081977	-0.017562439834379336	0	6163.379381369121	-0.6493587548922336
6.6	4.7671321747275135	4.7671321747275135	4.7671321747275135	0.09109212816943275	5.471930454261618	0.01702861716449708	9.602887099917957	497.227286773919	0.6296285346126811	0	0	0	0	67.82838733586563	-0.017562449782204795	0	6163.380821130714	-0.6493613357938345
6.7	4.7671321747275135	4.7671321747275135	4.7671321747275135	0.09109212816945349	5.471930454270793	0.017028617164477296	9.602887099917403	497.227286773716	0.6296285346128593	0	0	0	0	67.82839634180644	-0.01756248681834918	0	6163.381889279692	-0.6493632550965213
6.8	4.7671321747275135	4.7671321747275135	4.7671321747275135	0.09109212816949563	5.471930454289336	0.017028617164437314	9.60288709991628	497.2272867733058	0.6296285346132192	0	0	0	0	67.8284145177152	-0.017562557066043	0	6163.382709027304	-0.6493646627391153
6.9	4.7671321747275135	4.7671321747275135	4.7671321747275135	0.09109212816951924	5.47193045429911	0.01702861716441633	9.602887099915652	497.22728677309004	0.6296285346134081	0	0	0	0	67.82842469220752	-0.017562596569929857	0	6163.383579802384	-0.6493660907437897
7	4.7671321747275135	4.7671321747275135	4.7671321747275135	0.09109212816952476	5.471930454301111	0.017028617164412053	9.6028870999155	497.22728677304605	0.6296285346134465	0	0	0	0	67.8284271224861	-0.017562607488122915	0	6163.384418435499	-0.649367463046581
7.1	4.7671321747275135	4.7671321747275135	4.7671321747275135	0.09109212816953281	5.471930454304884	0.017028617164403848	9.602887099915288	497.2272867729623	0.6296285346135204	0	0	0	0	67.82843064337396	-0.01756262313593093	0	6163.385063897551	-0.6493685330105254
7.2	4.7671321747275135	4.7671321747275135	4.7671321747275135	0.09109212816953467	5.471930454305628	0.017028617164402265	9.602887099915238	497.22728677294594	0.6296285346135347	0	0	0	0	67.82843149071563	-0.017562627989893012	0	6163.385633148722	-0.6493694868776645
7.3	4.7671321747275135	4.7671321747275135	4.7671321747275135	0.09109212816953655	5.4719304543065705	0.017028617164400187	9.602887099915188	497.2272867729249	0.6296285346135534	0	0	0	0	67.82843234115317	-0.017562632860074086	0	6163.386091110259	-0.6493702638397354
7.4	4.7671321747275135	4.7671321747275135	4.7671321747275135	0.09109212816953732	5.4719304543069525	0.017028617164399365	9.602887099915165	497.2272867729165	0.6296285346135608	0	0	0	0	67.8284327181063	-0.017562635544814624	0	6163.386470006861	-0.6493709156214293
7.5	4.7671321747275135	4.7671321747275135	4.7671321747275135	0.09109212816953767	5.471930454307127	0.01702861716439898	9.602887099915156	497.2272867729126	0.6296285346135643	0	0	0	0	67.82843289514653	-0.017562637246906508	0	6163.386779943385	-0.649371455944
7.6	4.7671321747275135	4.7671321747275135	4.7671321747275135	0.091092128169538	5.471930454307302	0.017028617164398584	9.602887099915147	497.2272867729087	0.6296285346135679	0	0	0	0	67.82843305735695	-0.017562638726393114	0	6163.387031287383	-0.6493719001259315
7.7	4.767132174727514	4.767132174727514	4.767132174727514	0.09109212816953807	5.471930454307336	0.01702861716439852	9.602887099915147	497.227286772908	0.6296285346135685	0	0	0	0	67.82843310635339	-0.017562639575970877	0	6163.387236802685	-0.6493722683533006
7.8	4.7671321747275135	4.7671321747275135	4.7671321747275135	0.09109212816953817	5.471930454307395	0.017028617164398376	9.602887099915142	497.2272867729066	0.6296285346135697	0	0	0	0	67.82843316614449	-0.01756264036367543	0	6163.387403216355	-0.6493725704963296
7.9	4.7671321747275135	4.7671321747275135	4.7671321747275135	0.0910921281695382	5.471930454307405	0.01702861716439835	9.602887099915144	497.22728677290644	0.6296285346135702	0	0	0	0	67.82843319023377	-0.01756264089282295	0	6163.387538727269	-0.6493728198581253
8	4.7671321747275135	4.7671321747275135	4.7671321747275135	0.09109212816953823	5.471930454307421	0.017028617164398314	9.602887099915144	497.2272867729061	0.6296285346135704	0	0	0	0	67.82843321058904	-0.017562641328539047	0	6163.387648609208	-0.6493730247241736
8.1	4.7671321747275135	4.7671321747275135	4.7671321747275135	0.09109212816953827	5.471930454307429	0.017028617164398303	9.602887099915144	497.22728677290587	0.6296285346135705	0	0	0	0	67.82843322404422	-0.017562641668220576	0	6163.3877379005025	-0.6493731933417518
8.2	4.7671321747275135	4.7671321747275135	4.7671321747275135	0.09109212816953825	5.471930454307433	0.017028617164398293	9.602887099915142	497.2272867729058	0.6296285346135706	0	0	0	0	67.828433232873	-0.017562641933884807	0	6163.387810296721	-0.6493733318381218
8.3	4.7671321747275135	4.7671321747275135	4.7671321747275135	0.09109212816955307	5.4719304543049105	0.017028617164411994	9.602887099914746	497.22728677296914	0.6296285346134444	0	0	0	0	67.82843090976708	-0.01756263041596563	0	6163.387921138366	-0.6493735525507217
8.4	4.7671321747275135	4.7671321747275135	4.7671321747275135	0.09109212816959301	5.471930454298108	0.0170286171644489	9.60288709991368	497.22728677314	0.6296285346131044	0	0	0	0	67.82842463972464	-0.01756259899107562	0	6163.388108289393	-0.6493739326458706
8.5	4.7671321747275135	4.7671321747275135	4.7671321747275135	0.09109212816965113	5.471930454288205	0.017028617164502574	9.602887099912131	497.2272867733887	0.6296285346126104	0	0	0	0	67.82841551685338	-0.017562553175604102	0	6163.38834863994	-0.6493744243370929
8.6	4.767132174727513	4.767132174727513	4.767132174727513	0.09109212816972043	5.471930454276383	0.01702861716456657	9.602887099910282	497.22728677368553	0.6296285346120211	0	0	0	0	67.82840463526365	-0.017562498485953693	0	6163.388619080095	-0.6493749798377915
8.7	4.767132174727514	4.767132174727514	4.767132174727514	0.09109212816979395	5.471930454263823	0.01702861716463447	9.60288709990832	497.22728677400096	0.6296285346113961	0	0	0	0	67.82839308906578	-0.017562440438526995	0	6163.388896499941	-0.6493755513613696
8.8	4.7671321747275135	4.7671321747275135	4.7671321747275135	0.09109212816986473	5.471930454251706	0.01702861716469981	9.602887099906432	497.2272867743052	0.6296285346107945	0	0	0	0	67.82838197237014	-0.01756238454972662	0	6163.389157789562	-0.6493760911212298
8.9	4.7671321747275135	4.7671321747275135	4.7671321747275135	0.09109212816992582	5.47193045424121	0.017028617164756166	9.602887099904802	497.22728677456854	0.6296285346102756	0	0	0	0	67.82837237928709	-0.017562336335955178	0	6163.389379839043	-0.6493765513307759
9	4.7671321747275135	4.7671321747275135	4.7671321747275135	0.09109212816997024	5.471930454233518	0.017028617164797102	9.602887099903617	497.2272867747614	0.6296285346098988	0	0	0	0	67.82836540392697	-0.01756230131361528	0	6163.389539538465	-0.6493768842034102
9.1	4.7671321747275135	4.7671321747275135	4.7671321747275135	0.09109212816999104	5.4719304542298115	0.017028617164816177	9.60288709990306	497.22728677485424	0.6296285346097233	0	0	0	0	67.8283621404001	-0.01756228499910954	0	6163.389613777916	-0.6493770419525361
9.2	4.7671321747275135	4.7671321747275135	4.7671321747275135	0.09109212816998126	5.471930454231268	0.017028617164806952	9.602887099903322	497.2272867748171	0.6296285346098087	0	0	0	0	67.8283636828169	-0.017562292908840555	0	6163.3895794474765	-0.6493769767915567
9.3	4.7671321747275135	4.7671321747275135	4.7671321747275135	0.09109212816993392	5.47193045423907	0.017028617164762987	9.602887099904583	497.2272867746206	0.6296285346102136	0	0	0	0	67.82837112528767	-0.017562330559210956	0	6163.389413437236	-0.649376640933875
9.4	4.7671321747275135	4.7671321747275135	4.7671321747275135	0.09109212816984208	5.471930454254398	0.017028617164677847	9.602887099907035	497.227286774235	0.6296285346109979	0	0	0	0	67.82838556192276	-0.017562403466623338	0	6163.389092637272	-0.649375986592894
9.5	4.7671321747275135	4.7671321747275135	4.7671321747275135	0.09109212816969879	5.471930454278428	0.01702861716454512	9.602887099910856	497.2272867736306	0.6296285346122205	0	0	0	0	67.82840808234012	-0.017562517124459415	0	6163.388594039045	-0.6493749661918594
9.6	4.7671321747275135	4.7671321747275135	4.7671321747275135	0.09109212816960474	5.471930454295777	0.017028617164459144	9.602887099913367	497.2272867731977	0.6296285346130109	0	0	0	0	67.82842282483787	-0.017562590456822205	0	6163.388275901078	-0.6493743195316489
9.7	4.7671321747275135	4.7671321747275135	4.7671321747275135	0.09109212816958426	5.471930454300835	0.017028617164441408	9.602887099913913	497.227286773074	0.6296285346131727	0	0	0	0	67.82842600728615	-0.017562605436298256	0	6163.3882190869535	-0.6493742049971554
9.8	4.7671321747275135	4.7671321747275135	4.7671321747275135	0.09109212816955733	5.471930454304674	0.01702861716441612	9.602887099914632	497.22728677297596	0.6296285346134062	0	0	0	0	67.82843025624406	-0.01756262738142112	0	6163.388134781257	-0.6493740220848073
9.9	4.7671321747275135	4.7671321747275135	4.7671321747275135	0.09109212816954987	5.471930454306114	0.0170286171644093	9.602887099914831	497.2272867729402	0.6296285346134688	0	0	0	0	67.82843142403424	-0.01756263317449852	0	6163.388118647353	-0.649373984568283
10	4.7671321747275135	4.7671321747275135	4.7671321747275135	0.09109212816954412	5.471930454306802	0.01702861716440387	9.602887099914982	497.22728677292224	0.6296285346135191	0	0	0	0	67.82843233436638	-0.01756263798582786	0	6163.388106403632	-0.649373953272743
10.1	4.7671321747275135	4.7671321747275135	4.7671321747275135	0.09109212816954115	5.471930454307185	0.017028617164401048	9.602887099915064	497.22728677291246	0.6296285346135451	0	0	0	0	67.8284328040996	-0.01756264046189197	0	6163.388102635633	-0.6493739412110782
10.2	4.7671321747275135	4.7671321747275135	4.7671321747275135	0.09109212816954014	5.471930454307316	0.01702861716440008	9.60288709991509	497.2272867729091	0.629628534613554	0	0	0	0	67.82843296732891	-0.017562641332086477	0	6163.388104567694	-0.6493739420432302
10.3	4.7671321747275135	4.7671321747275135	4.7671321747275135	0.09109212816953902	5.47193045430739	0.017028617164399018	9.60288709991512	497.22728677290695	0.6296285346135638	0	0	0	0	67.82843314417528	-0.017562642313243032	0	6163.3881051246235	-0.6493739403002552
10.4	4.7671321747275135	4.7671321747275135	4.7671321747275135	0.09109212816953875	5.471930454307422	0.017028617164398793	9.602887099915126	497.22728677290604	0.6296285346135659	0	0	0	0	67.82843318210386	-0.01756264252224863	0	6163.388107989219	-0.6493739443837988
10.5	4.767132174727513	4.767132174727513	4.767132174727513	0.09109212816953846	5.47193045430743	0.017028617164398494	9.602887099915135	497.22728677290576	0.6296285346135687	0	0	0	0	67.82843323201544	-0.01756264281294415	0	6163.388109874257	-0.6493739466560402
10.6	4.7671321747275135	4.7671321747275135	4.7671321747275135	0.09109212816953838	5.471930454307435	0.017028617164398414	9.602887099915137	497.22728677290564	0.6296285346135696	0	0	0	0	67.82843324641216	-0.01756264289814684	0	6163.388112002436	-0.6493739499487832
10.7	4.7671321747275135	4.7671321747275135	4.7671321747275135	0.09109212816953831	5.4719304543074365	0.01702861716439835	9.602887099915137	497.2272867729056	0.62962853461357	0	0	0	0	67.82843325707631	-0.01756264296537683	0	6163.388113751257	-0.6493739526850165
10.8	4.7671321747275135	4.7671321747275135	4.7671321747275135	0.09109212816953827	5.471930454307439	0.017028617164398317	9.602887099915138	497.2272867729056	0.6296285346135704	0	0	0	0	67.82843326277967	-0.01756264300342328	0	6163.388115237058	-0.649373955098895
10.9	4.7671321747275135	4.7671321747275135	4.7671321747275135	0.09109212816953827	5.47193045430744	0.017028617164398307	9.602887099915138	497.2272867729056	0.6296285346135704	0	0	0	0	67.82843326474415	-0.017562643018689473	0	6163.388116502001	-0.6493739572309793
11	4.767132174727513	4.767132174727513	4.767132174727513	0.09109212816954565	5.4719304543088025	0.017028617164409295	9.60288709991494	497.2272867728768	0.6296285346134665	0	0	0	0	67.82843154212823	-0.01756263235206994	0	6163.38815703923	-0.6493740575660268
11.1	4.7671321747275135	4.7671321747275135	4.7671321747275135	0.09109212816956609	5.471930454312574	0.017028617164439732	9.602887099914396	497.2272867727973	0.629628534613179	0	0	0	0	67.8284267703455	-0.01756260280219871	0	6163.3882672324025	-0.6493743318634473
11.2	4.7671321747275135	4.7671321747275135	4.7671321747275135	0.0910921281695957	5.471930454318037	0.017028617164483856	9.602887099913607	497.22728677268213	0.6296285346127622	0	0	0	0	67.82841985448789	-0.01756255997741453	0	6163.38842636749	-0.649374728393137
11.3	4.7671321747275135	4.7671321747275135	4.7671321747275135	0.09109212816963065	5.471930454324472	0.017028617164535884	9.602887099912676	497.22728677254645	0.6296285346122708	0	0	0	0	67.82841170097424	-0.017562509494274476	0	6163.388613700053	-0.6493751953491272
11.4	4.7671321747275135	4.7671321747275135	4.7671321747275135	0.09109212816966701	5.471930454331157	0.017028617164590032	9.602887099911706	497.2272867724054	0.6296285346117593	0	0	0	0	67.8284032162235	-0.01756245696933564	0	6163.388808485656	-0.6493756809254497
11.5	4.7671321747275135	4.7671321747275135	4.7671321747275135	0.09109212816970089	5.471930454337376	0.017028617164640533	9.602887099910806	497.22728677227434	0.6296285346112822	0	0	0	0	67.82839530665458	-0.01756240801915511	0	6163.388989979864	-0.6493761333161359
11.6	4.7671321747275135	4.7671321747275135	4.7671321747275135	0.09109212816972843	5.471930454342408	0.0170286171646816	9.60288709991007	497.2272867721683	0.6296285346108942	0	0	0	0	67.82838887868635	-0.017562368260289972	0	6163.389137438237	-0.649376500715217
11.7	4.7671321747275135	4.7671321747275135	4.7671321747275135	0.09109212816974577	5.471930454345532	0.017028617164707462	9.602887099909609	497.2272867721025	0.6296285346106502	0	0	0	0	67.82838483873775	-0.017562343309297308	0	6163.389230116341	-0.6493767313167249
11.8	4.7671321747275135	4.7671321747275135	4.7671321747275135	0.09109212816974899	5.471930454346031	0.01702861716471234	9.602887099909523	497.2272867720921	0.6296285346106042	0	0	0	0	67.82838409322767	-0.01756233878273422	0	6163.389247269737	-0.6493767733146906
11.9	4.7671321747275135	4.7671321747275135	4.7671321747275135	0.09109212816973421	5.471930454343185	0.01702861716469045	9.602887099909918	497.22728677215224	0.6296285346108111	0	0	0	0	67.82838754857501	-0.017562360297157787	0	6163.389168153989	-0.6493765749031458
12	4.7671321747275135	4.7671321747275135	4.7671321747275135	0.09109212816969754	5.471930454336272	0.01702861716463602	9.602887099910896	497.2272867722982	0.6296285346113254	0	0	0	0	67.8283961111987	-0.017562413469125095	0	6163.388972024662	-0.6493760842761221
12.1	4.7671321747275135	4.7671321747275135	4.7671321747275135	0.09109212816963513	5.471930454324576	0.01702861716454327	9.602887099912559	497.22728677254514	0.6296285346122018	0	0	0	0	67.82841068751762	-0.017562503915193234	0	6163.388638137315	-0.6493752496276509
12.2	4.7671321747275135	4.7671321747275135	4.7671321747275135	0.09109212816957545	5.471930454313847	0.017028617164454054	9.60288709991415	497.2272867727708	0.6296285346130444	0	0	0	0	67.82842460526219	-0.017562589837747042	0	6163.38831939932	-0.64937445684565
12.3	4.7671321747275135	4.7671321747275135	4.7671321747275135	0.09109212816956011	5.4719304543117895	0.017028617164430306	9.602887099914561	497.22728677281276	0.6296285346132681	0	0	0	0	67.82842815623881	-0.017562611085305387	0	6163.388238230479	-0.6493742611017687
12.4	4.7671321747275135	4.7671321747275135	4.7671321747275135	0.09109212816954773	5.4719304543093275	0.017028617164412164	9.60288709991489	497.22728677286517	0.6296285346134397	0	0	0	0	67.82843105180967	-0.01756262919176292	0	6163.388172052366	-0.6493740941877972
12.5	4.7671321747275135	4.7671321747275135	4.7671321747275135	0.09109212816954317	5.471930454308523	0.01702861716440533	9.60288709991501	497.22728677288217	0.6296285346135042	0	0	0	0	67.82843211492889	-0.017562635740266567	0	6163.388147838056	-0.6493740339518044
12.6	4.7671321747275135	4.7671321747275135	4.7671321747275135	0.09109212816954072	5.471930454308006	0.017028617164401804	9.602887099915076	497.22728677289325	0.6296285346135374	0	0	0	0	67.82843268621292	-0.017562639344274437	0	6163.38813486668	-0.6493740008476037
12.7	4.7671321747275135	4.7671321747275135	4.7671321747275135	0.09109212816953938	5.4719304543077065	0.017028617164399847	9.602887099915112	497.2272867728996	0.629628534613556	0	0	0	0	67.8284330053773	-0.017562641366190523	0	6163.388127650402	-0.6493739823209003
12.8	4.7671321747275135	4.7671321747275135	4.7671321747275135	0.0910921281695389	5.471930454307608	0.017028617164399185	9.602887099915122	497.2272867729017	0.6296285346135622	0	0	0	0	67.82843311374035	-0.017562642050626267	0	6163.3881252476995	-0.6493739761196482
12.9	4.7671321747275135	4.7671321747275135	4.7671321747275135	0.09109212816953853	5.471930454307506	0.017028617164398636	9.602887099915135	497.22728677290394	0.6296285346135673	0	0	0	0	67.82843320666976	-0.017562642653632585	0	6163.388123186346	-0.6493739706471046
13	4.7671321747275135	4.7671321747275135	4.7671321747275135	0.09109212816953842	5.471930454307484	0.01702861716439849	9.602887099915138	497.22728677290445	0.6296285346135686	0	0	0	0	67.82843323001251	-0.01756264280103619	0	6163.388122707797	-0.6493739693663121
13.1	4.7671321747275135	4.7671321747275135	4.7671321747275135	0.09109212816953832	5.471930454307455	0.017028617164398366	9.60288709991514	497.2272867729051	0.6296285346135698	0	0	0	0	67.82843325358463	-0.017562642957805467	0	6163.388122211607	-0.6493739679846873
13.2	4.7671321747275135	4.7671321747275135	4.7671321747275135	0.09109212816953828	5.471930454307449	0.017028617164398335	9.602887099915142	497.22728677290525	0.62962853461357	0	0	0	0	67.82843325990522	-0.01756264299894	0	6163.388122102486	-0.6493739676603572
13.3	4.7671321747275135	4.7671321747275135	4.7671321747275135	0.09109212816953827	5.471930454307444	0.017028617164398303	9.602887099915142	497.2272867729054	0.6296285346135703	0	0	0	0	67.8284332649711	-0.017562643033106024	0	6163.388122015239	-0.6493739673901023
13.4	4.7671321747275135	4.7671321747275135	4.7671321747275135	0.09109212816953827	5.47193045430744	0.01702861716439829	9.60288709991514	497.22728677290553	0.6296285346135705	0	0	0	0	67.82843326686468	-0.01756264304578998	0	6163.388121994713	-0.6493739673103425
13.5	4.7671321747275135	4.7671321747275135	4.7671321747275135	0.0910921281695411	5.471930454307662	0.01702861716439861	9.602887099915064	497.22728677290155	0.6296285346135672	0	0	0	0	67.82843315984456	-0.017562642285741538	0	6163.388124465357	-0.6493739743694471
13.6	4.7671321747275135	4.7671321747275135	4.7671321747275135	0.09109212816959916	5.471930454312213	0.017028617164405284	9.602887099913517	497.22728677281845	0.6296285346135017	0	0	0	0	67.82843095116353	-0.017562626606126112	0	6163.388175083079	-0.6493741193867922
13.7	4.767132174727513	4.767132174727513	4.767132174727513	0.09109212816971947	5.47193045432163	0.01702861716441912	9.602887099910307	497.2272867726463	0.6296285346133654	0	0	0	0	67.82842637470189	-0.017562594119072558	0	6163.388279945013	-0.6493744198203429
13.8	4.7671321747275135	4.7671321747275135	4.7671321747275135	0.09109212816988524	5.471930454334588	0.017028617164438195	9.602887099905887	497.2272867724097	0.6296285346131778	0	0	0	0	67.82842006851982	-0.017562549355740635	0	6163.3884244330975	-0.6493748337700522
13.9	4.7671321747275135	4.7671321747275135	4.7671321747275135	0.09109212817007972	5.471930454349762	0.01702861716446058	9.602887099900702	497.2272867721327	0.6296285346129576	0	0	0	0	67.82841267067737	-0.01756249684729009	0	6163.388593929274	-0.6493753193358731
14	4.767132174727514	4.767132174727514	4.767132174727514	0.09109212817028613	5.471930454365825	0.01702861716448436	9.602887099895197	497.2272867718396	0.6296285346127238	0	0	0	0	67.82840481923466	-0.01756244112488069	0	6163.388773815482	-0.6493758346177585
14.1	4.767132174727514	4.767132174727514	4.767132174727514	0.09109212817048772	5.471930454381454	0.0170286171645076	9.602887099889823	497.2272867715547	0.6296285346124952	0	0	0	0	67.82839715225178	-0.017562386719672186	0	6163.38894947366	-0.6493763377156617
14.2	4.7671321747275135	4.7671321747275135	4.7671321747275135	0.09109212817066768	5.471930454395318	0.017028617164528387	9.602887099885024	497.2272867713024	0.6296285346122908	0	0	0	0	67.82839030778882	-0.017562338162824338	0	6163.389106285751	-0.6493767867295352
14.3	4.7671321747275135	4.7671321747275135	4.7671321747275135	0.09109212817080926	5.471930454406097	0.017028617164544794	9.602887099881249	497.2272867711068	0.6296285346121298	0	0	0	0	67.82838492390587	-0.017562299985496906	0	6163.389229633693	-0.6493771397593325
14.4	4.7671321747275135	4.7671321747275135	4.7671321747275135	0.0910921281708957	5.471930454412463	0.017028617164554897	9.602887099878945	497.2272867709922	0.6296285346120308	0	0	0	0	67.82838163866306	-0.017562276718849645	0	6163.389304899426	-0.6493773549050063
14.5	4.7671321747275135	4.7671321747275135	4.7671321747275135	0.09109212817091022	5.47193045441309	0.01702861716455677	9.602887099878558	497.227286770983	0.6296285346120128	0	0	0	0	67.82838109012046	-0.01756227289404231	0	6163.389317464894	-0.6493773902665096
14.6	4.7671321747275135	4.7671321747275135	4.7671321747275135	0.09109212817083608	5.471930454406653	0.017028617164548492	9.602887099880537	497.2272867711035	0.629628534612095	0	0	0	0	67.82838391633818	-0.017562293042234656	0	6163.389252712032	-0.6493772039437956
14.7	4.7671321747275135	4.7671321747275135	4.7671321747275135	0.09109212817065646	5.471930454391827	0.01702861716452814	9.602887099885326	497.22728677137786	0.629628534612296	0	0	0	0	67.82839075537632	-0.01756234169458645	0	6163.389096022784	-0.6493767540368173
14.8	4.7671321747275135	4.7671321747275135	4.7671321747275135	0.09109212817035461	5.4719304543672855	0.01702861716449379	9.602887099893376	497.22728677183034	0.6296285346126349	0	0	0	0	67.82840224529497	-0.01756242338225744	0	6163.388832779087	-0.6493759986455274
14.9	4.7671321747275135	4.7671321747275135	4.7671321747275135	0.0910921281699256	5.4719304543329255	0.0170286171644447	9.602887099904818	497.2272867724616	0.6296285346131186	0	0	0	0	67.82841857253797	-0.017562539389938528	0	6163.388458709499	-0.6493749258949184
15	4.7671321747275135	4.7671321747275135	4.7671321747275135	0.09109212816973761	5.471930454325291	0.017028617164418888	9.60288709990983	497.22728677256794	0.6296285346133652	0	0	0	0	67.82842566580953	-0.01756258878383971	0	6163.388296192217	-0.6493744692500384
15.1	4.767132174727513	4.767132174727513	4.767132174727513	0.09109212816971406	5.471930454329093	0.01702861716441317	9.602887099910456	497.2272867724719	0.6296285346134156	0	0	0	0	67.82842651435622	-0.01756259404278135	0	6163.388276750838	-0.6493744207076562
15.2	4.7671321747275135	4.7671321747275135	4.7671321747275135	0.09109212816961575	5.471930454317053	0.017028617164404666	9.60288709991308	497.22728677271255	0.6296285346135039	0	0	0	0	67.82843029227784	-0.01756262144883358	0	6163.388190206114	-0.6493741672198459
15.3	4.7671321747275135	4.7671321747275135	4.7671321747275135	0.09109212816959542	5.471930454316923	0.01702861716440088	9.602887099913618	497.22728677270817	0.6296285346135393	0	0	0	0	67.82843105298147	-0.01756262665014577	0	6163.388172779861	-0.6493741191481188
15.4	4.7671321747275135	4.7671321747275135	4.7671321747275135	0.09109212816957603	5.471930454314129	0.017028617164399688	9.602887099914135	497.2272867727654	0.6296285346135526	0	0	0	0	67.8284318013932	-0.017562632136023874	0	6163.388155639094	-0.6493740684039429
15.5	4.7671321747275135	4.7671321747275135	4.7671321747275135	0.09109212816955675	5.4719304543110825	0.0170286171643985	9.60288709991465	497.2272867728283	0.6296285346135658	0	0	0	0	67.82843254751549	-0.01756263764179386	0	6163.388138552487	-0.6493740174711694
15.6	4.7671321747275135	4.7671321747275135	4.7671321747275135	0.09109212816955464	5.471930454311252	0.01702861716439781	9.602887099914707	497.22728677282373	0.6296285346135722	0	0	0	0	67.82843262584203	-0.017562638152643653	0	6163.3881367623635	-0.6493740127545701
15.7	4.7671321747275135	4.7671321747275135	4.7671321747275135	0.09109212816954569	5.471930454309172	0.017028617164398057	9.602887099914943	497.22728677286824	0.6296285346135714	0	0	0	0	67.82843297680745	-0.01756264083045394	0	6163.388128725717	-0.6493739879744256
15.8	4.7671321747275135	4.7671321747275135	4.7671321747275135	0.09109212816954348	5.471930454308868	0.017028617164397807	9.602887099915003	497.2272867728744	0.6296285346135739	0	0	0	0	67.82843306162319	-0.017562641448856657	0	6163.388126787065	-0.6493739822558614
15.9	4.767132174727513	4.767132174727513	4.767132174727513	0.09109212816954194	5.471930454308501	0.017028617164397873	9.602887099915042	497.2272867728823	0.6296285346135737	0	0	0	0	67.82843312213642	-0.01756264191188108	0	6163.388125403958	-0.6493739779723259
16	4.7671321747275135	4.7671321747275135	4.7671321747275135	0.09109212816953997	5.471930454307961	0.017028617164398043	9.602887099915096	497.22728677289405	0.6296285346135725	0	0	0	0	67.82843320021681	-0.017562642518860073	0	6163.38812361536	-0.6493739723557607
16.1	4.7671321747275135	4.7671321747275135	4.7671321747275135	0.09109212816953975	5.471930454307955	0.017028617164397974	9.602887099915103	497.2272867728941	0.6296285346135732	0	0	0	0	67.82843320802728	-0.01756264257257062	0	6163.388123436128	-0.6493739718607904
16.2	4.7671321747275135	4.7671321747275135	4.7671321747275135	0.09109212816953896	5.4719304543076825	0.017028617164398137	9.602887099915122	497.2272867729002	0.6296285346135718	0	0	0	0	67.82843324015259	-0.017562642829806786	0	6163.388122701724	-0.649373969479587
16.3	4.7671321747275135	4.7671321747275135	4.7671321747275135	0.09109212816953874	5.471930454307622	0.017028617164398147	9.60288709991513	497.2272867729015	0.6296285346135717	0	0	0	0	67.82843324926243	-0.017562642902221856	0	6163.388122490775	-0.6493739688098515
16.4	4.7671321747275135	4.7671321747275135	4.7671321747275135	0.09109212816953863	5.471930454307585	0.017028617164398165	9.602887099915133	497.2272867729024	0.6296285346135716	0	0	0	0	67.82843325395154	-0.017562642939689357	0	6163.388122382259	-0.6493739684635468
16.5	4.7671321747275135	4.7671321747275135	4.7671321747275135	0.09109212816957797	5.471930454325949	0.017028617164379218	9.602887099914081	497.227286772495	0.6296285346137348	0	0	0	0	67.82843169438702	-0.017562630047034584	0	6163.38815809442	-0.6493740878818348
16.6	4.7671321747275135	4.7671321747275135	4.7671321747275135	0.09109212816968189	5.471930454374367	0.017028617164329345	9.60288709991131	497.2272867714211	0.6296285346141649	0	0	0	0	67.82842757744899	-0.01756259601977604	0	6163.388252364467	-0.649374403058217
16.7	4.7671321747275135	4.7671321747275135	4.7671321747275135	0.09109212816982233	5.471930454439765	0.017028617164262034	9.602887099907564	497.2272867699705	0.6296285346147448	0	0	0	0	67.82842201262261	-0.01756255003118095	0	6163.388379787656	-0.6493748290254158
16.8	4.767132174727514	4.767132174727514	4.767132174727514	0.09109212816997132	5.471930454509069	0.017028617164190813	9.60288709990359	497.2272867684335	0.6296285346153586	0	0	0	0	67.82841611016876	-0.017562501260926306	0	6163.388514941483	-0.6493752807567832
16.9	4.7671321747275135	4.7671321747275135	4.7671321747275135	0.09109212817010086	5.4719304545691925	0.017028617164129175	9.602887099900133	497.2272867671	0.6296285346158895	0	0	0	0	67.82841098034824	-0.0175624588886891	0	6163.388632403446	-0.649375673225671
17	4.7671321747275135	4.7671321747275135	4.7671321747275135	0.09109212817018288	5.471930454607058	0.017028617164090636	9.602887099897945	497.22728676626036	0.6296285346162214	0	0	0	0	67.82840773342186	-0.017562432094146336	0	6163.3887067510395	-0.6493759214054315
17.1	4.7671321747275135	4.7671321747275135	4.7671321747275135	0.09109212817018941	5.471930454609587	0.017028617164088704	9.602887099897771	497.22728676620466	0.6296285346162376	0	0	0	0	67.82840747965048	-0.017562430056974998	0	6163.388712561763	-0.6493759402694166
17.2	4.7671321747275135	4.7671321747275135	4.7671321747275135	0.09109212817009242	5.4719304545636955	0.017028617164136884	9.602887099900357	497.2272867672231	0.6296285346158216	0	0	0	0	67.82841132929492	-0.01756246195685209	0	6163.388624413111	-0.6493756447909782
17.3	4.7671321747275135	4.7671321747275135	4.7671321747275135	0.09109212816986392	5.471930454456307	0.01702861716424869	9.602887099906452	497.2272867696057	0.629628534614857	0	0	0	0	67.82842039261601	-0.01756253697345461	0	6163.388416882582	-0.6493749499434683
17.4	4.7671321747275135	4.7671321747275135	4.7671321747275135	0.0910921281696665	5.471930454366077	0.017028617164338938	9.602887099911719	497.22728677160563	0.6296285346140813	0	0	0	0	67.82842819815201	-0.01756260128005776	0	6163.38823815113	-0.6493743543256629
17.5	4.7671321747275135	4.7671321747275135	4.7671321747275135	0.09109212816962052	5.471930454347657	0.017028617164353624	9.602887099912945	497.2272867720119	0.6296285346139578	0	0	0	0	67.8284299902336	-0.017562615739979456	0	6163.388197114407	-0.6493742204236538
17.6	4.7671321747275135	4.7671321747275135	4.7671321747275135	0.09109212816957253	5.471930454324148	0.017028617164379766	9.602887099914225	497.22728677253434	0.6296285346137312	0	0	0	0	67.82843190291332	-0.01756263168412816	0	6163.388153318266	-0.6493740727290849
17.7	4.7671321747275135	4.7671321747275135	4.7671321747275135	0.09109212816955771	5.471930454317471	0.017028617164386264	9.60288709991462	497.22728677268225	0.6296285346136755	0	0	0	0	67.82843248841596	-0.01756263649595265	0	6163.3881399094735	-0.6493740281621372
17.8	4.7671321747275135	4.7671321747275135	4.7671321747275135	0.09109212816954786	5.471930454312442	0.017028617164392197	9.602887099914884	497.2272867727942	0.6296285346136238	0	0	0	0	67.82843288360503	-0.017562639812760687	0	6163.388130861694	-0.649373997435466
17.9	4.7671321747275135	4.7671321747275135	4.7671321747275135	0.09109212816954287	5.471930454309917	0.01702861716439512	9.602887099915018	497.2272867728502	0.6296285346135984	0	0	0	0	67.82843308336291	-0.01756264148731509	0	6163.388126288274	-0.6493739819228143
18	4.7671321747275135	4.7671321747275135	4.7671321747275135	0.09109212816954101	5.471930454308972	0.01702861716439624	9.602887099915066	497.2272867728712	0.6296285346135886	0	0	0	0	67.82843315747877	-0.017562642109558126	0	6163.388124591914	-0.6493739761580508
18.1	4.767132174727514	4.767132174727514	4.767132174727514	0.0910921281695394	5.4719304543080725	0.01702861716439742	9.60288709991511	497.22728677289126	0.6296285346135783	0	0	0	0	67.8284332229415	-0.017562642667286275	0	6163.388123095767	-0.6493739709900043
18.2	4.7671321747275135	4.7671321747275135	4.7671321747275135	0.09109212816953902	5.471930454307871	0.017028617164397648	9.602887099915122	497.22728677289575	0.6296285346135763	0	0	0	0	67.82843323858728	-0.01756264279863625	0	6163.3881227396305	-0.6493739697730547
18.3	4.767132174727514	4.767132174727514	4.767132174727514	0.09109212816953854	5.47193045430761	0.017028617164398033	9.602887099915133	497.2272867729016	0.6296285346135729	0	0	0	0	67.8284332566768	-0.01756264295576165	0	6163.388122324293	-0.6493739683172253
18.4	4.7671321747275135	4.7671321747275135	4.7671321747275135	0.09109212816953842	5.471930454307547	0.017028617164398116	9.602887099915135	497.227286772903	0.629628534613572	0	0	0	0	67.82843326124315	-0.01756264299583311	0	6163.388122218043	-0.6493739679460689
18.5	4.7671321747275135	4.7671321747275135	4.7671321747275135	0.09109212816953832	5.471930454307488	0.017028617164398206	9.602887099915137	497.22728677290445	0.6296285346135714	0	0	0	0	67.8284332654195	-0.01756264303071138	0	6163.388122123372	-0.649373967622995
18.6	4.7671321747275135	4.7671321747275135	4.7671321747275135	0.09109212816953831	5.471930454307463	0.01702861716439824	9.60288709991514	497.227286772905	0.6296285346135709	0	0	0	0	67.82843326719409	-0.017562643044632863	0	6163.388122085773	-0.6493739674939468
18.7	4.7671321747275135	4.7671321747275135	4.7671321747275135	0.09109212816953996	5.471930454308102	0.017028617164396857	9.602887099915096	497.227286772891	0.6296285346135835	0	0	0	0	67.8284332315738	-0.017562642708699963	0	6163.388122902507	-0.6493739706092363
18.8	4.767132174727514	4.767132174727514	4.767132174727514	0.09109212816960953	5.471930454335016	0.017028617164338747	9.602887099913241	497.22728677229867	0.6296285346141067	0	0	0	0	67.82843172260945	-0.017562628506014148	0	6163.388157436541	-0.6493741023216767
18.9	4.7671321747275135	4.7671321747275135	4.7671321747275135	0.09109212816976471	5.4719304543950384	0.017028617164209156	9.602887099909102	497.2272867709777	0.6296285346152737	0	0	0	0	67.82842835666487	-0.01756259682595752	0	6163.388234468901	-0.6493743961152537
19	4.7671321747275135	4.7671321747275135	4.7671321747275135	0.09109212816998266	5.4719304544793195	0.017028617164027187	9.602887099903288	497.2272867691228	0.6296285346169123	0	0	0	0	67.82842362908782	-0.017562552331619463	0	6163.388342663204	-0.6493748087454738
19.1	4.7671321747275135	4.7671321747275135	4.7671321747275135	0.09109212817024055	5.471930454579008	0.01702861716381194	9.602887099896412	497.22728676692896	0.6296285346188506	0	0	0	0	67.82841803522601	-0.017562499686089354	0	6163.38847068307	-0.6493752969678435
19.2	4.7671321747275135	4.7671321747275135	4.7671321747275135	0.09109212817051558	5.471930454685257	0.01702861716358252	9.602887099889077	497.22728676459076	0.6296285346209166	0	0	0	0	67.82841207042718	-0.017562443552456578	0	6163.388607192123	-0.6493758175378688
19.3	4.767132174727513	4.767132174727513	4.767132174727513	0.09109212817078485	5.471930454789215	0.017028617163358014	9.602887099881896	497.227286762303	0.6296285346229382	0	0	0	0	67.82840623003904	-0.017562388593810516	0	6163.388740853982	-0.6493763272110565
19.4	4.7671321747275135	4.7671321747275135	4.7671321747275135	0.09109212817102563	5.4719304548820356	0.017028617163157535	9.602887099875476	497.2272867602605	0.6296285346247436	0	0	0	0	67.82840100940938	-0.017562339473240558	0	6163.3888603322675	-0.6493767827429131
19.5	4.7671321747275135	4.7671321747275135	4.7671321747275135	0.09109212817121501	5.471930454954869	0.017028617163000186	9.602887099870424	497.22728675865795	0.6296285346261605	0	0	0	0	67.82839690388589	-0.017562300853836085	0	6163.3889542906	-0.6493771408889448
19.6	4.7671321747275135	4.7671321747275135	4.7671321747275135	0.09109212817133018	5.471930454998865	0.017028617162905064	9.602887099867356	497.22728675769	0.6296285346270172	0	0	0	0	67.82839440881631	-0.017562277398686477	0	6163.3890113926	-0.6493773584046582
19.7	4.7671321747275135	4.7671321747275135	4.7671321747275135	0.0910921281713483	5.471930455005174	0.017028617162891266	9.602887099866871	497.2272867575517	0.6296285346271416	0	0	0	0	67.82839401954838	-0.017562273770881123	0	6163.389020301887	-0.6493773920455596
19.8	4.7671321747275135	4.7671321747275135	4.7671321747275135	0.09109212817124658	5.471930454964949	0.0170286171629779	9.602887099869587	497.22728675843774	0.6296285346263616	0	0	0	0	67.8283962314298	-0.0175622946335094	0	6163.388969682083	-0.6493771985671554
19.9	4.7671321747275135	4.7671321747275135	4.7671321747275135	0.09109212817100215	5.471930454869339	0.01702861716318406	9.602887099876105	497.2272867605427	0.6296285346245052	0	0	0	0	67.82840153980838	-0.017562344649660697	0	6163.388848196807	-0.6493767347249524
20	4.7671321747275135	4.7671321747275135	4.7671321747275135	0.09109212817059219	5.471930454709496	0.017028617163528853	9.602887099887038	497.2272867640615	0.6296285346214004	0	0	0	0	67.82841044003179	-0.017562428482424394	0	6163.388644509681	-0.6493759572744565
20.1	4.767132174727513	4.767132174727513	4.767132174727513	0.09109212817002188	5.471930454488103	0.01702861716400653	9.602887099902247	497.22728676893445	0.6296285346170991	0	0	0	0	67.82842281578733	-0.01756254500251487	0	6163.38836128207	-0.6493748766911149
20.2	4.7671321747275135	4.7671321747275135	4.7671321747275135	0.09109212816979359	5.471930454409526	0.017028617164176762	9.602887099908337	497.22728677065464	0.629628534615566	0	0	0	0	67.82842770977538	-0.017562590571079388	0	6163.38824927176	-0.6493744541377358
20.3	4.7671321747275135	4.7671321747275135	4.7671321747275135	0.09109212816975323	5.471930454400179	0.017028617164197776	9.602887099909411	497.2272867708545	0.6296285346153763	0	0	0	0	67.82842854759832	-0.017562598138829315	0	6163.388230091984	-0.6493743839809051
20.4	4.767132174727513	4.767132174727513	4.767132174727513	0.09109212816962967	5.471930454347067	0.017028617164312376	9.602887099912705	497.2272867720286	0.6296285346143444	0	0	0	0	67.82843125976343	-0.017562623934282928	0	6163.388168024862	-0.6493741447383065
20.5	4.7671321747275135	4.7671321747275135	4.7671321747275135	0.09109212816960738	5.471930454340357	0.017028617164326305	9.602887099913302	497.22728677217464	0.6296285346142192	0	0	0	0	67.82843173145424	-0.017562628276329754	0	6163.388157227137	-0.6493741044789683
20.6	4.767132174727514	4.767132174727514	4.767132174727514	0.09109212816957857	5.471930454326919	0.01702861716435568	9.602887099914069	497.2272867724727	0.6296285346139546	0	0	0	0	67.82843237080462	-0.017562634409373057	0	6163.38814259734	-0.6493740475924378
20.7	4.7671321747275135	4.7671321747275135	4.7671321747275135	0.09109212816955937	5.4719304543181995	0.017028617164374458	9.602887099914579	497.227286772666	0.6296285346137854	0	0	0	0	67.82843279471366	-0.017562638464588946	0	6163.388132896778	-0.6493740099794441
20.8	4.7671321747275135	4.7671321747275135	4.7671321747275135	0.09109212816955606	5.471930454317094	0.017028617164376696	9.602887099914668	497.2272867726903	0.6296285346137654	0	0	0	0	67.82843286522251	-0.017562639119590766	0	6163.388131282407	-0.6493740039056579
20.9	4.7671321747275135	4.7671321747275135	4.7671321747275135	0.09109212816954584	5.471930454311567	0.017028617164389026	9.60288709991494	497.2272867728135	0.6296285346136543	0	0	0	0	67.82843309678228	-0.017562641379264266	0	6163.388125984006	-0.6493739829435721
21	4.7671321747275135	4.7671321747275135	4.7671321747275135	0.09109212816954397	5.47193045431079	0.017028617164390608	9.602887099914987	497.22728677283067	0.62962853461364	0	0	0	0	67.82843313782986	-0.01756264176855749	0	6163.388125044301	-0.6493739793333115
21.1	4.7671321747275135	4.7671321747275135	4.7671321747275135	0.09109212816954161	5.471930454309435	0.017028617164393703	9.602887099915051	497.2272867728609	0.629628534613612	0	0	0	0	67.8284331917066	-0.01756264229786887	0	6163.388123812686	-0.649373974422628
21.2	4.767132174727513	4.767132174727513	4.767132174727513	0.09109212816954002	5.471930454308524	0.017028617164395764	9.602887099915092	497.22728677288126	0.6296285346135935	0	0	0	0	67.8284332284297	-0.0175626426582229	0	6163.388122974292	-0.6493739710798659
21.3	4.7671321747275135	4.7671321747275135	4.7671321747275135	0.09109212816953974	5.471930454308405	0.017028617164396014	9.602887099915101	497.22728677288393	0.6296285346135911	0	0	0	0	67.82843323432913	-0.01756264271491089	0	6163.388122839707	-0.6493739705542935
21.4	4.767132174727514	4.767132174727514	4.767132174727514	0.09109212816953889	5.471930454307852	0.01702861716439731	9.602887099915124	497.2272867728964	0.6296285346135795	0	0	0	0	67.82843325408594	-0.017562642912481264	0	6163.388122385911	-0.6493739687207597
21.5	4.7671321747275135	4.7671321747275135	4.7671321747275135	0.09109212816953875	5.471930454307769	0.017028617164397488	9.602887099915128	497.22728677289825	0.6296285346135779	0	0	0	0	67.82843325764212	-0.01756264294739817	0	6163.388122302724	-0.6493739683968116
21.6	4.7671321747275135	4.7671321747275135	4.7671321747275135	0.09109212816954147	5.471930454309803	0.017028617164392336	9.602887099915055	497.2272867728525	0.6296285346136244	0	0	0	0	67.82843319676661	-0.017562642329258155	0	6163.388123694306	-0.6493739741330444
21.7	4.7671321747275135	4.7671321747275135	4.7671321747275135	0.091092128169621	5.471930454368876	0.01702861716424332	9.602887099912934	497.22728677152566	0.6296285346149736	0	0	0	0	67.82843141362582	-0.017562624236361003	0	6163.3881644870435	-0.6493741420291149
21.8	4.7671321747275135	4.7671321747275135	4.7671321747275135	0.0910921281697828	5.47193045448898	0.01702861716394041	9.602887099908619	497.22728676882787	0.6296285346177157	0	0	0	0	67.82842778681538	-0.01756258743810324	0	6163.388247458043	-0.6493744835045631
21.9	4.767132174727514	4.767132174727514	4.767132174727514	0.0910921281699904	5.471930454643024	0.017028617163551973	9.602887099903082	497.227286765368	0.6296285346212324	0	0	0	0	67.82842313352889	-0.01756254022757201	0	6163.388353912167	-0.6493749216022308
22	4.767132174727514	4.767132174727514	4.767132174727514	0.09109212817020738	5.471930454803913	0.017028617163146378	9.602887099897297	497.2272867617542	0.6296285346249042	0	0	0	0	67.82841827095986	-0.017562490897854464	0	6163.3884651542785	-0.6493753793649596
22.1	4.7671321747275135	4.7671321747275135	4.7671321747275135	0.09109212817039729	5.471930454944561	0.017028617162791988	9.602887099892232	497.22728675859526	0.6296285346281125	0	0	0	0	67.82841401630185	-0.01756244774203775	0	6163.388562489239	-0.6493757798355914
22.2	4.7671321747275135	4.7671321747275135	4.7671321747275135	0.09109212817052365	5.471930455037871	0.01702861716255717	9.602887099888859	497.22728675649967	0.6296285346302382	0	0	0	0	67.82841118674838	-0.01756241905320902	0	6163.388627221912	-0.6493760460569675
22.3	4.7671321747275135	4.7671321747275135	4.7671321747275135	0.09109212817055007	5.471930455056755	0.017028617162510293	9.602887099888157	497.22728675607584	0.6296285346306624	0	0	0	0	67.82841059949304	-0.01756241312445542	0	6163.388640657161	-0.6493761010719301
22.4	4.767132174727514	4.767132174727514	4.767132174727514	0.09109212817044005	5.471930454974121	0.01702861716271972	9.60288709989109	497.2272867579324	0.6296285346287661	0	0	0	0	67.82841307172936	-0.017562438248864096	0	6163.388584099847	-0.6493758679233208
22.5	4.7671321747275135	4.7671321747275135	4.7671321747275135	0.09109212817015717	5.471930454762877	0.017028617163253823	9.602887099898634	497.2272867626779	0.6296285346239304	0	0	0	0	67.82841942065089	-0.0175625027195222	0	6163.388438854834	-0.6493752696539811
22.6	4.7671321747275135	4.7671321747275135	4.7671321747275135	0.09109212816978422	5.471930454486448	0.017028617163950308	9.602887099908582	497.22728676888676	0.6296285346176252	0	0	0	0	67.82842777798074	-0.0175625874973892	0	6163.388247662523	-0.6493744829457587
22.7	4.7671321747275135	4.7671321747275135	4.7671321747275135	0.09109212816967	5.471930454406693	0.017028617164145436	9.602887099911626	497.22728677067573	0.6296285346158604	0	0	0	0	67.8284303062615	-0.017562612937817617	0	6163.388189821808	-0.6493742468827268
22.8	4.767132174727513	4.767132174727513	4.767132174727513	0.09109212816960155	5.471930454355514	0.01702861716427534	9.60288709991345	497.22728677182533	0.6296285346146842	0	0	0	0	67.82843184289426	-0.017562628544853104	0	6163.38815466967	-0.6493741020531303
22.9	4.7671321747275135	4.7671321747275135	4.7671321747275135	0.09109212816956785	5.47193045433041	0.017028617164338806	9.60288709991435	497.22728677238933	0.6296285346141095	0	0	0	0	67.82843259862663	-0.017562636219090537	0	6163.388137378625	-0.6493740308377669
23	4.7671321747275135	4.7671321747275135	4.7671321747275135	0.09109212816955481	5.471930454320563	0.017028617164363935	9.6028870999147	497.22728677261057	0.6296285346138819	0	0	0	0	67.82843289235139	-0.01756263920592595	0	6163.388130657856	-0.6493740031198109
23.1	4.7671321747275135	4.7671321747275135	4.7671321747275135	0.09109212816954508	5.471930454312905	0.017028617164383895	9.602887099914959	497.22728677278275	0.629628534613701	0	0	0	0	67.82843311284759	-0.017562641461861712	0	6163.388125612542	-0.6493739821841403
23.2	4.7671321747275135	4.7671321747275135	4.7671321747275135	0.09109212816954247	5.471930454310934	0.017028617164388905	9.602887099915028	497.2272867728269	0.6296285346136556	0	0	0	0	67.82843317155407	-0.0175626420588634	0	6163.3881242685975	-0.6493739766442825
23.3	4.7671321747275135	4.7671321747275135	4.7671321747275135	0.09109212816953988	5.471930454308794	0.017028617164394643	9.602887099915096	497.2272867728751	0.6296285346136036	0	0	0	0	67.82843323102067	-0.017562642670958483	0	6163.388122908394	-0.6493739709633815
23.4	4.7671321747275135	4.7671321747275135	4.7671321747275135	0.09109212816953922	5.47193045430828	0.017028617164395972	9.602887099915113	497.2272867728867	0.6296285346135916	0	0	0	0	67.82843324591447	-0.017562642823523298	0	6163.388122566387	-0.6493739695473895
23.5	4.7671321747275135	4.7671321747275135	4.7671321747275135	0.09109212816953864	5.471930454307788	0.017028617164397315	9.60288709991513	497.2272867728977	0.6296285346135793	0	0	0	0	67.82843325928332	-0.017562642961352213	0	6163.38812226083	-0.6493739682679907
23.6	4.7671321747275135	4.7671321747275135	4.7671321747275135	0.09109212816953846	5.47193045430763	0.017028617164397727	9.602887099915135	497.2272867729012	0.6296285346135756	0	0	0	0	67.828433263711	-0.01756264300631135	0	6163.38812216081	-0.6493739678505529
23.7	4.7671321747275135	4.7671321747275135	4.7671321747275135	0.09109212816953835	5.471930454307531	0.017028617164398012	9.602887099915137	497.2272867729034	0.6296285346135728	0	0	0	0	67.82843326643086	-0.017562643034188086	0	6163.3881221002575	-0.6493739675917019
23.8	4.7671321747275135	4.7671321747275135	4.7671321747275135	0.0910921281695383	5.471930454307484	0.017028617164398147	9.602887099915138	497.22728677290456	0.6296285346135717	0	0	0	0	67.82843326762503	-0.017562643047731624	0	6163.388122071868	-0.6493739674657413
23.9	4.767132174727513	4.767132174727513	4.767132174727513	0.09109212816953828	5.471930454307463	0.017028617164398203	9.602887099915138	497.227286772905	0.6296285346135712	0	0	0	0	67.82843326814324	-0.017562643053068153	0	6163.388122059753	-0.6493739674159396
24	4.7671321747275135	4.7671321747275135	4.7671321747275135	0.09109212816953827	5.471930454307448	0.017028617164398255	9.60288709991514	497.2272867729054	0.6296285346135708	0	0	0	0	67.82843326869158	-0.017562643057525685	0	6163.388122049722	-0.6493739673746266
