0	4.7671321747275135	4.7671321747275135	4.7671321747275135	0.09109212816953825	5.498496337541862	0.017719595644382066	9.60288709991514	499.64125731044754	0.6551772765953636	0	0	0	0	0	0	0	0	0
0.1	4.767132174727513	4.767132174727513	4.767132174727513	0.09109212816953824	5.498496337541862	0.017719595644382066	9.60288709991514	499.6412573104475	0.6551772765953636	0	0	0	5386616764517574e-21	0.00033456631390762316	1044713345148829e-21	6511873446917983e-20	0.0034363765258980444	4436393523681774e-21
0.2	4.7671321747275135	4.7671321747275135	4.7671321747275135	0.09109212816953825	5.498496337541862	0.017719595644382066	9.60288709991514	499.64125731044754	0.6551772765953636	0	0	0	7280800862255815e-21	0.00048483253154286277	14009204736805868e-22	0.0001836625142344959	0.010046529417874048	12463902447102228e-21
0.3	4.7671321747275135	4.7671321747275135	4.7671321747275135	0.09109212816953824	5.498496337541862	0.017719595644382066	9.60288709991514	499.64125731044754	0.6551772765953636	0	0	0	7946807318390572e-21	0.0005758473117240219	15120027355787873e-22	0.00030279813347147466	0.01737990839099632	2043194361616782e-20
0.4	4.7671321747275135	4.7671321747275135	4.7671321747275135	0.09109212816953825	5.498496337541862	0.017719595644382066	9.60288709991514	499.64125731044754	0.6551772765953636	0	0	0	8181033568410777e-21	0.0006429058942824885	15365145338956663e-22	0.0004074046267343451	0.024652496751342002	27298169597602572e-21
0.5	4.7671321747275135	4.7671321747275135	4.7671321747275135	0.09109212816953825	5.498496337541862	0.017719595644382066	9.60288709991514	499.64125731044754	0.6551772765953636	0	0	0	8263336994090463e-21	0.000696323667316237	15310684028372887e-22	0.0004949723519188343	0.031570919148719366	3290294644910461e-20
0.6	4.7671321747275135	4.7671321747275135	4.7671321747275135	0.09109212816953825	5.498496337541862	0.01771959564438207	9.60288709991514	499.6412573104476	0.6551772765953636	0	0	0	8292269023438398e-21	0.0007397813658125186	15159689818411029e-22	0.0005668857604728442	0.03800397390197673	3736127468648918e-20
0.7	4.7671321747275135	4.7671321747275135	4.7671321747275135	0.09109212816953825	5.498496337541862	0.017719595644382066	9.60288709991514	499.6412573104476	0.6551772765953636	0	0	0	8302456270954017e-21	0.0007752229260765947	14985225694392581e-22	0.0006254715906903998	0.043890318882148255	40854256648697065e-21
0.8	4.767132174727513	4.767132174727513	4.767132174727513	0.09109212816953824	5.498496337541862	0.017719595644382066	9.60288709991514	499.6412573104476	0.6551772765953636	0	0	0	8306041916442271e-21	0.0008040745709572772	148136412530981e-20	0.000673038031565205	0.04920855247039031	43560311487425517e-21
0.9	4.7671321747275135	4.7671321747275135	4.7671321747275135	0.09109212816953824	5.498496337541862	0.017719595644382066	9.60288709991514	499.64125731044754	0.6551772765953636	0	0	0	8307281587524033e-21	0.0008275103766136246	14654258783534644e-22	0.000711593975937099	0.053963976812647314	4563463293502522e-20
1	4.7671321747275135	4.7671321747275135	4.7671321747275135	0.09109212816953824	5.498496337541862	0.017719595644382066	9.60288709991514	499.6412573104476	0.6551772765953636	0	0	0	8307721581316305e-21	0.000846524141797462	1451016828555599e-21	0.00074283439191374	0.05817876845448717	47208046563605686e-21
1.1	4.7671321747275135	4.7671321747275135	4.7671321747275135	0.09109212816953824	5.498496337541862	0.017719595644382066	9.60288709991514	499.6412573104476	0.6551772765953636	0	0	0	8307885700140696e-21	0.0008619339851173014	14381801456485961e-22	0.0007681335072257864	0.06188720437227407	4838624746529301e-20
1.2	4.7671321747275135	4.7671321747275135	4.7671321747275135	0.09109212816953824	5.498496337541863	0.01771959564438206	9.602887099915138	499.6412573104476	0.6551772765953636	0	0	0	8307943188720655e-21	0.0008744183153537828	14268542605229346e-22	0.0007886220297647348	0.06512938473480849	492555933088291e-19
1.3	4.7671321747275135	4.7671321747275135	4.7671321747275135	0.09109212816953824	5.498496337541862	0.017719595644382066	9.602887099915138	499.6412573104476	0.6551772765953636	0	0	0	8307968959181858e-21	0.0008845290319362227	14169356570091266e-22	0.0008052115344010443	0.06794867018803566	4988492328640815e-20
1.4	4.7671321747275135	4.7671321747275135	4.7671321747275135	0.09109212816953825	5.4984963375418605	0.017719595644382066	9.602887099915138	499.6412573104476	0.6551772765953635	0	0	0	8307978243327721e-21	0.0008927192702508704	14082999722560083e-22	0.0008186488045320931	0.07038859717164804	50329790769564066e-21
1.5	4.7671321747275135	4.7671321747275135	4.7671321747275135	0.09109212816953825	5.4984963375418605	0.017719595644382066	9.602887099915138	499.6412573104476	0.6551772765953635	0	0	0	8307982632340002e-21	0.0008993472367762312	14008191002491355e-22	0.0008295222766068397	0.07249134292835147	506329491181002e-19
1.6	4.7671321747275135	4.7671321747275135	4.7671321747275135	0.09109212816953824	5.498496337541859	0.017719595644382066	9.60288709991514	499.6412573104476	0.6551772765953635	0	0	0	8307984767426587e-21	0.0009047210387313602	1394365433108065e-21	0.000838338109746471	0.07429737818516798	5083050501038212e-20
1.7	4.7671321747275135	4.7671321747275135	4.7671321747275135	0.09109212816953824	5.498496337541858	0.017719595644382066	9.60288709991514	499.6412573104476	0.6551772765953635	0	0	0	8307985105185676e-21	0.0009090650794025059	13888209336432952e-22	0.0008454645034029806	0.07584264571434315	5094748184129603e-20
1.8	4.7671321747275135	4.7671321747275135	4.7671321747275135	0.09109212816953824	5.4984963375418605	0.017719595644382063	9.60288709991514	499.64125731044743	0.6551772765953635	0	0	0	8307986171798818e-21	0.0009125880334248593	13840710145344804e-22	0.0008512438103624205	0.07716193534250176	51006834565460257e-21
1.9	4.7671321747275135	4.7671321747275135	4.7671321747275135	0.09109212816953828	5.498496337541863	0.017719595644382056	9.602887099915138	499.6412573104475	0.6551772765953636	0	0	0	8307985976426838e-21	0.0009154406151908231	13800148183556527e-22	0.000855923502823713	0.07828491342386995	5102406279868296e-20
2	4.7671321747275135	4.7671321747275135	4.7671321747275135	0.09109212816953831	5.498496337541864	0.017719595644382056	9.602887099915138	499.64125731044754	0.6551772765953636	0	0	0	8307985992999285e-21	0.0009177450845017756	13765627597711653e-22	0.0008597039350474494	0.0792378042245686	5101105176668456e-20
2.1	4.7671321747275135	4.7671321747275135	4.7671321747275135	0.09109212816953828	5.498496337541864	0.01771959564438206	9.602887099915138	499.64125731044754	0.6551772765953636	0	0	0	8307986377729953e-21	0.0009196166940954551	13736274171892446e-22	0.0008627742528461877	0.08004606252220062	5097882184983503e-20
2.2	4.7671321747275135	4.7671321747275135	4.7671321747275135	0.0910921281695383	5.4984963375418685	0.01771959564438206	9.602887099915138	499.64125731044743	0.6551772765953636	0	0	0	8307985649352355e-21	0.000921131988836312	13711389292720932e-22	0.000865260306464757	0.08072960481650429	5093373586558445e-20
2.3	4.7671321747275135	4.7671321747275135	4.7671321747275135	0.0910921281695383	5.49849633754187	0.017719595644382056	9.602887099915138	499.64125731044743	0.6551772765953636	0	0	0	830798526993025e-20	0.0009223545432810975	13690365634204935e-22	0.0008672659870460163	0.08130576359000825	50880657145262374e-21
2.4	4.7671321747275135	4.7671321747275135	4.7671321747275135	0.09109212816953828	5.498496337541868	0.01771959564438206	9.602887099915137	499.64125731044743	0.6551772765953636	0	0	0	8307985973809601e-21	0.0009233467396234017	13672600666672451e-22	0.0008688934970819916	0.08179171092027727	50824325095132224e-21
2.5	4.7671321747275135	4.7671321747275135	4.7671321747275135	0.09109212816953834	5.498496337541888	0.017719595644382045	9.602887099915137	499.64125731044703	0.6551772765953637	0	0	0	8307984318193533e-21	0.000924152189225012	13657602200343269e-22	0.0008702156062912241	0.08220123624595346	5076750030618567e-20
2.6	4.7671321747275135	4.7671321747275135	4.7671321747275135	0.09109212816953839	5.49849633754191	0.017719595644382025	9.602887099915135	499.6412573104465	0.6551772765953638	0	0	0	8307982203436816e-21	0.0009248018743343233	13644997619277297e-22	0.0008712823083713345	0.08254476080437204	50711611930019395e-21
2.7	4.7671321747275135	4.7671321747275135	4.7671321747275135	0.09109212816953839	5.498496337541905	0.01771959564438203	9.602887099915137	499.6412573104466	0.655177276595364	0	0	0	8307982634491611e-21	0.0009253267995671748	13634420290319664e-22	0.0008721432310748614	0.08283256254588599	50658091465116705e-21
2.8	4.7671321747275135	4.7671321747275135	4.7671321747275135	0.09109212816953838	5.498496337541914	0.01771959564438199	9.602887099915138	499.64125731044646	0.6551772765953644	0	0	0	8307982174205216e-21	0.0009257538588680551	13625522447427108e-22	0.0008728444695734224	0.08307445437726435	5060814400569325e-20
2.9	4.767132174727513	4.767132174727513	4.767132174727513	0.09109212816953854	5.4984963375420115	0.0177195956443818	9.602887099915131	499.6412573104442	0.655177276595366	0	0	0	8307973295683823e-21	0.0009260974526824388	1361806226281987e-21	0.0008734132502672261	0.08327717448962606	5056199881433163e-20
3	4.7671321747275135	4.7671321747275135	4.7671321747275135	0.09109212816953871	5.498496337542097	0.017719595644381646	9.602887099915128	499.6412573104423	0.6551772765953674	0	0	0	8307965516865811e-21	0.0009263741558718688	1361183071254087e-21	0.0008738715085052058	0.08344624443686839	50519751600143846e-21
3.1	4.7671321747275135	4.7671321747275135	4.7671321747275135	0.09109212816953866	5.498496337542058	0.01771959564438172	9.60288709991513	499.6412573104431	0.6551772765953667	0	0	0	8307968931907864e-21	0.0009266007584424143	1360661853514136e-21	0.0008742412390199542	0.083587184473341	5048150548135647e-20
3.2	4.7671321747275135	4.7671321747275135	4.7671321747275135	0.09109212816953845	5.498496337541975	0.017719595644381858	9.602887099915135	499.641257310445	0.6551772765953655	0	0	0	8307977268085346e-21	0.0009267868852556727	13602251947384489e-22	0.0008745424056054986	0.08370516979984825	50447252210721796e-21
3.3	4.7671321747275135	4.7671321747275135	4.7671321747275135	0.09109212816953853	5.498496337542042	0.01771959564438172	9.602887099915133	499.6412573104435	0.6551772765953667	0	0	0	8307973071238371e-21	0.0009269335114817018	13598624646227463e-22	0.0008747865015512525	0.08380363225298697	50416701635817385e-21
3.4	4.7671321747275135	4.7671321747275135	4.7671321747275135	0.09109212816953854	5.498496337542047	0.017719595644381716	9.602887099915131	499.6412573104434	0.6551772765953667	0	0	0	8307972948577396e-21	0.0009270535091422476	1359559121408289e-21	0.0008749835597426133	0.08388551127359199	5038963011134089e-20
3.5	4.7671321747275135	4.7671321747275135	4.7671321747275135	0.09109212816953839	5.498496337541962	0.01771959564438186	9.602887099915137	499.64125731044527	0.6551772765953655	0	0	0	8307979531425071e-21	0.0009271534884579448	1359304839373398e-21	0.0008751434192189204	0.0839537417748857	5036577436616198e-20
3.6	4.7671321747275135	4.7671321747275135	4.7671321747275135	0.09109212816953838	5.498496337542008	0.01771959564438174	9.602887099915137	499.64125731044425	0.6551772765953665	0	0	0	8307976404352655e-21	0.0009272306370621173	13590959004805294e-22	0.0008752730616665485	0.08401058180146213	5034481166783569e-20
3.7	4.7671321747275135	4.7671321747275135	4.7671321747275135	0.09109212816953838	5.498496337542014	0.017719595644381726	9.602887099915138	499.6412573104441	0.6551772765953667	0	0	0	8307976013616172e-21	0.000927294168898863	13589209698533569e-22	0.0008753777036623025	0.08405772866112124	5032650035132485e-20
3.8	4.7671321747275135	4.7671321747275135	4.7671321747275135	0.09109212816953832	5.498496337541946	0.01771959564438188	9.60288709991514	499.6412573104456	0.6551772765953654	0	0	0	8307981271543312e-21	0.0009273483200875815	13587733851970967e-22	0.0008754625278398541	0.08409690848502782	5031056246697991e-20
3.9	4.7671321747275135	4.7671321747275135	4.7671321747275135	0.09109212816953832	5.4984963375419875	0.017719595644381764	9.60288709991514	499.6412573104447	0.6551772765953663	0	0	0	8307978954501139e-21	0.0009273887064864576	13586542395981289e-22	0.0008755313871853705	0.08412951468555672	5029669354075974e-20
4	4.7671321747275135	4.7671321747275135	4.7671321747275135	0.09109212816953834	5.498496337541997	0.01771959564438174	9.60288709991514	499.64125731044453	0.6551772765953666	0	0	0	8307978433590459e-21	0.0009274222312809123	13585541799543157e-22	0.0008755869584388476	0.08415650043602808	5028470383416639e-20
4.1	4.7671321747275135	4.7671321747275135	4.7671321747275135	0.0910921281695383	5.498496337541934	0.017719595644381886	9.60288709991514	499.64125731044595	0.6551772765953653	0	0	0	8307982610889977e-21	0.0009274519354791841	13584684656233894e-22	0.0008756319553640697	0.0841788617616933	5027436879380045e-20
4.2	4.7671321747275135	4.7671321747275135	4.7671321747275135	0.09109212816953834	5.498496337541967	0.01771959564438179	9.60288709991514	499.64125731044516	0.6551772765953662	0	0	0	8307980904731611e-21	0.0009274729154551944	13584012596104418e-22	0.0008756685331614084	0.08419746647533813	5026543202333572e-20
4.3	4.7671321747275135	4.7671321747275135	4.7671321747275135	0.09109212816953835	5.498496337541978	0.01771959564438176	9.60288709991514	499.6412573104449	0.6551772765953664	0	0	0	8307980340506775e-21	0.0009274904974688516	1358344530896263e-21	0.00087569804831936	0.08421283420311534	50257767448788564e-21
4.4	4.7671321747275135	4.7671321747275135	4.7671321747275135	0.09109212816953831	5.498496337541924	0.017719595644381903	9.60288709991514	499.64125731044624	0.6551772765953652	0	0	0	8307983642989349e-21	0.000927507103050912	13582944526612318e-22	0.0008757219085408109	0.08422552700607089	5025121638701102e-20
4.5	4.7671321747275135	4.7671321747275135	4.7671321747275135	0.09109212816953832	5.4984963375419476	0.017719595644381816	9.60288709991514	499.64125731044567	0.655177276595366	0	0	0	830798239554033e-20	0.0009275178758967762	13582570280765489e-22	0.0008757413408205851	0.084236094278543	50245571816299915e-21
4.6	4.7671321747275135	4.7671321747275135	4.7671321747275135	0.09109212816953832	5.498496337541957	0.017719595644381785	9.60288709991514	499.6412573104453	0.6551772765953662	0	0	0	830798184039805e-20	0.0009275269942868858	13582252204435983e-22	0.0008757570198426335	0.08424480817156653	50240761414012454e-21
4.7	4.7671321747275135	4.7671321747275135	4.7671321747275135	0.0910921281695383	5.498496337541912	0.01771959564438192	9.60288709991514	499.6412573104464	0.655177276595365	0	0	0	8307984439314587e-21	0.0009275365299092551	13581955775338403e-22	0.0008757696647859268	0.08425197648838399	502366840924967e-19
4.8	4.7671321747275135	4.7671321747275135	4.7671321747275135	0.0910921281695383	5.498496337541926	0.017719595644381865	9.60288709991514	499.6412573104462	0.6551772765953656	0	0	0	8307983534693804e-21	0.00092754196454931	135817507709768e-20	0.0008757799899448227	0.08425795518697617	50233174300949574e-21
4.9	4.7671321747275135	4.7671321747275135	4.7671321747275135	0.09109212816953831	5.498496337541935	0.017719595644381834	9.60288709991514	499.641257310446	0.6551772765953658	0	0	0	8307983018133123e-21	0.0009275465984989942	13581575228919395e-22	0.000875788321293076	0.08426287834273147	50230198542423914e-21
5	4.7671321747275135	4.7671321747275135	4.7671321747275135	0.09109212816953828	5.498496337541913	0.017719595644381893	9.60288709991514	499.6412573104465	0.6551772765953653	0	0	0	830798431630234e-20	0.0009275516326841255	13581408939221895e-22	0.0008757950387676284	0.08426692235930199	5022768750952992e-20
5.1	4.7671321747275135	4.7671321747275135	4.7671321747275135	0.0910921281695383	5.498496337541979	0.01771959564438162	9.60288709991514	499.64125731044504	0.6551772765953677	0	0	0	8307980656715772e-21	0.0009275516928920654	13581352493342752e-22	0.0008758006125936214	0.08427035557700639	5022548316185832e-20
5.2	4.7671321747275135	4.7671321747275135	4.7671321747275135	0.09109212816953831	5.498496337542041	0.017719595644381372	9.60288709991514	499.6412573104436	0.6551772765953698	0	0	0	8307977163943558e-21	0.0009275513440058616	1358131130169013e-21	0.0008758051220062126	0.08427318785274433	5022361548741952e-20
5.3	4.767132174727513	4.767132174727513	4.767132174727513	0.0910921281695383	5.498496337541988	0.01771959564438158	9.60288709991514	499.6412573104448	0.6551772765953681	0	0	0	8307980076187576e-21	0.0009275560695619983	13581173080117721e-22	0.000875808615826758	0.08427540787164028	50222130574144685e-21
5.4	4.7671321747275135	4.7671321747275135	4.7671321747275135	0.09109212816953828	5.498496337542021	0.017719595644381404	9.60288709991514	499.6412573104441	0.6551772765953696	0	0	0	8307978287288131e-21	0.0009275557303101042	13581160979614703e-22	0.0008758115716648007	0.08427734142052233	50220779056036835e-21
5.5	4.7671321747275135	4.7671321747275135	4.7671321747275135	0.0910921281695383	5.498496337542196	0.017719595644380626	9.60288709991514	499.64125731044	0.6551772765953767	0	0	0	8307968500296876e-21	0.0009275477401459711	13581321295051905e-22	0.0008758141844278018	0.08427910731708162	5021948627624285e-20
5.6	4.7671321747275135	4.7671321747275135	4.7671321747275135	0.09109212816953831	5.498496337542264	0.017719595644380335	9.60288709991514	499.6412573104384	0.6551772765953795	0	0	0	8307964721901472e-21	0.0009275453306946778	13581354148335608e-22	0.0008758161812401904	0.08428046344071108	5021849093833519e-20
5.7	4.7671321747275135	4.7671321747275135	4.7671321747275135	0.09109212816953828	5.498496337542069	0.017719595644381178	9.60288709991514	499.6412573104428	0.6551772765953717	0	0	0	830797562382042e-20	0.0009275565558447248	13581081340446975e-22	0.000875817429508102	0.08428128371122201	5021792248701576e-20
5.8	4.767132174727514	4.767132174727514	4.767132174727514	0.09109212816953828	5.498496337542086	0.017719595644381036	9.60288709991514	499.6412573104424	0.6551772765953731	0	0	0	8307974696280371e-21	0.0009275557221967777	13581106204263544e-22	0.0008758187036910749	0.08428218867782357	5021721363114993e-20
5.9	4.7671321747275135	4.7671321747275135	4.7671321747275135	0.0910921281695383	5.498496337542151	0.017719595644380703	9.60288709991514	499.6412573104409	0.6551772765953762	0	0	0	8307971005277743e-21	0.0009275523618929248	13581183969640264e-22	0.0008758198110976644	0.0842829923973255	50216567440052555e-21
6	4.7671321747275135	4.7671321747275135	4.7671321747275135	0.09109212816953828	5.49849633754201	0.017719595644381376	9.602887099915142	499.64125731044425	0.65517727659537	0	0	0	83079789448972e-19	0.0009275609778758125	13580959038603407e-22	0.0008758204169439586	0.08428339654452016	5021628682973112e-20
6.1	4.7671321747275135	4.7671321747275135	4.7671321747275135	0.09109212816953827	5.498496337541961	0.01771959564438159	9.60288709991514	499.6412573104453	0.6551772765953681	0	0	0	8307981703508219e-21	0.0009275639611771463	13580883946397854e-22	0.0008758210063821855	0.08428382252020532	5021594800565474e-20
6.2	4.7671321747275135	4.7671321747275135	4.7671321747275135	0.09109212816953824	5.498496337541949	0.017719595644381643	9.60288709991514	499.64125731044555	0.6551772765953676	0	0	0	8307982359710674e-21	0.0009275648656594535	13580857338911667e-22	0.0008758215247568696	0.08428420729531216	5021563136578696e-20
6.3	4.7671321747275135	4.7671321747275135	4.7671321747275135	0.09109212816953824	5.498496337541905	0.01771959564438186	9.60288709991514	499.6412573104466	0.6551772765953655	0	0	0	830798490104018e-20	0.0009275678351076135	13580774209191413e-22	0.000875821891739864	0.08428447376429632	5021542076693865e-20
6.4	4.7671321747275135	4.7671321747275135	4.7671321747275135	0.09109212816953828	5.4984963375419085	0.017719595644381837	9.60288709991514	499.6412573104466	0.6551772765953658	0	0	0	8307984695709619e-21	0.0009275677049909733	13580777290183594e-22	0.0008758222490371317	0.08428475093511278	5021517849747106e-20
6.5	4.767132174727514	4.767132174727514	4.767132174727514	0.09109212816953828	5.498496337541897	0.017719595644381893	9.602887099915138	499.64125731044686	0.6551772765953654	0	0	0	8307985296119137e-21	0.0009275685517287192	1358075012519861e-21	0.0008758225174764176	0.08428495683305967	5021500289229275e-20
6.6	4.7671321747275135	4.7671321747275135	4.7671321747275135	0.09109212816953828	5.498496337541899	0.017719595644381882	9.60288709991514	499.64125731044686	0.6551772765953654	0	0	0	8307985322065408e-21	0.0009275686141042205	13580749293728867e-22	0.0008758227478761503	0.0842851408912	5021483568110068e-20
6.7	4.7671321747275135	4.7671321747275135	4.7671321747275135	0.09109212816953835	5.498496337541932	0.017719595644381705	9.602887099915138	499.641257310446	0.6551772765953671	0	0	0	8307983681613629e-21	0.0009275666617761443	13580809180597406e-22	0.0008758229784741917	0.08428533736029228	5021464091072254e-20
6.8	4.7671321747275135	4.7671321747275135	4.7671321747275135	0.09109212816953836	5.498496337541937	0.01771959564438168	9.602887099915138	499.6412573104459	0.6551772765953672	0	0	0	8307983432168828e-21	0.0009275664462556992	13580814057736388e-22	0.00087582313590587	0.08428546689322255	5021451947881485e-20
6.9	4.767132174727513	4.767132174727513	4.767132174727513	0.09109212816953831	5.498496337541925	0.017719595644381757	9.602887099915138	499.6412573104461	0.6551772765953664	0	0	0	830798425721043e-20	0.0009275674185028335	13580786836490977e-22	0.0008758232364573628	0.08428554753754999	5021444618437155e-20
7	4.7671321747275135	4.7671321747275135	4.7671321747275135	0.09109212816953839	5.4984963375420355	0.01771959564438124	9.602887099915137	499.64125731044356	0.6551772765953713	0	0	0	830797968534033e-20	0.0009275613614467794	13580991297860092e-22	0.000875823457816341	0.08428576951436462	5021417789745581e-20
7.1	4.7671321747275135	4.7671321747275135	4.7671321747275135	0.09109212816953846	5.498496337542137	0.01771959564438076	9.602887099915137	499.64125731044135	0.6551772765953757	0	0	0	8307975310877977e-21	0.0009275556377918923	13581181816192634e-22	0.0008758236546414637	0.08428596853170232	5021393611848818e-20
7.2	4.7671321747275135	4.7671321747275135	4.7671321747275135	0.09109212816953842	5.498496337542082	0.017719595644381022	9.602887099915138	499.64125731044254	0.6551772765953734	0	0	0	8307977671280004e-21	0.0009275588197196381	1358107351404036e-21	0.00087582365644219	0.08428595284528843	5021397809669337e-20
7.3	4.7671321747275135	4.7671321747275135	4.7671321747275135	0.09109212816953839	5.498496337542043	0.017719595644381227	9.60288709991514	499.64125731044345	0.6551772765953715	0	0	0	8307979867235474e-21	0.0009275613935674372	1358100061980041e-21	0.0008758236506204855	0.084285941143717	50213996727575416e-21
7.4	4.7671321747275135	4.7671321747275135	4.7671321747275135	0.09109212816953853	5.498496337542217	0.01771959564438043	9.602887099915135	499.6412573104395	0.6551772765953787	0	0	0	8307973380538686e-21	0.0009275521391967725	13581337806689874e-22	0.0008758238663120476	0.08428618972520394	5021364919947525e-20
7.5	4.7671321747275135	4.7671321747275135	4.7671321747275135	0.0910921281695386	5.498496337542277	0.017719595644380155	9.602887099915133	499.6412573104382	0.6551772765953812	0	0	0	8307971085471499e-21	0.0009275489355220005	13581452050762998e-22	0.0008758239619628621	0.08428629380555454	50213512028588245e-21
7.6	4.767132174727514	4.767132174727514	4.767132174727514	0.09109212816953842	5.498496337542057	0.01771959564438117	9.602887099915138	499.64125731044317	0.655177276595372	0	0	0	8307979628233326e-21	0.0009275608559099737	13581028313065041e-22	0.0008758237620727441	0.08428604866662827	5021387139724777e-20
7.7	4.7671321747275135	4.7671321747275135	4.7671321747275135	0.09109212816953839	5.4984963375420355	0.01771959564438124	9.602887099915138	499.6412573104436	0.6551772765953714	0	0	0	8307980669209846e-21	0.0009275619961976138	13581000812160014e-22	0.0008758237569702562	0.08428604394414943	5021387337646214e-20
7.8	4.7671321747275135	4.7671321747275135	4.7671321747275135	0.09109212816953839	5.498496337542025	0.01771959564438128	9.602887099915137	499.64125731044385	0.655177276595371	0	0	0	8307981092770234e-21	0.0009275625164159214	13580985286091085e-22	0.0008758237639858055	0.08428604941632004	5021386851075085e-20
7.9	4.7671321747275135	4.7671321747275135	4.7671321747275135	0.09109212816953832	5.498496337541935	0.017719595644381716	9.602887099915138	499.6412573104459	0.655177276595367	0	0	0	8307984524871615e-21	0.0009275675098155593	13580799461095987e-22	0.0008758236873066267	0.08428595008780682	5021402251768181e-20
8	4.7671321747275135	4.7671321747275135	4.7671321747275135	0.09109212816953832	5.49849633754193	0.017719595644381737	9.60288709991514	499.641257310446	0.6551772765953668	0	0	0	830798482424237e-20	0.0009275678491885786	1358079108329828e-21	0.0008758236913453481	0.08428595401705165	5021401695574639e-20
8.1	4.7671321747275135	4.7671321747275135	4.7671321747275135	0.0910921281695383	5.498496337541903	0.017719595644381865	9.60288709991514	499.6412573104466	0.6551772765953656	0	0	0	8307985747049996e-21	0.000927569239567869	1358073729945904e-21	0.0008758236764619952	0.08428593191494078	50214055242283435e-21
8.2	4.7671321747275135	4.7671321747275135	4.7671321747275135	0.09109212816953831	5.498496337541909	0.01771959564438187	9.60288709991514	499.6412573104465	0.6551772765953656	0	0	0	8307985861980171e-21	0.0009275693446806923	1358073640299573e-21	0.000875823681293458	0.0842859373553848	5021404692475787e-20
8.3	4.7671321747275135	4.7671321747275135	4.7671321747275135	0.09109212816953834	5.498496337541937	0.01771959564438176	9.60288709991514	499.64125731044584	0.6551772765953666	0	0	0	8307985235464966e-21	0.0009275683149867876	13580780192008774e-22	0.0008758237043828337	0.08428596718295348	5021399927185683e-20
8.4	4.7671321747275135	4.7671321747275135	4.7671321747275135	0.09109212816953831	5.498496337541914	0.01771959564438186	9.60288709991514	499.6412573104464	0.6551772765953656	0	0	0	830798586663123e-20	0.0009275693271954522	13580738303791954e-22	0.0008758236927101127	0.08428594937925471	5021403139727224e-20
8.5	4.7671321747275135	4.7671321747275135	4.7671321747275135	0.0910921281695384	5.498496337541961	0.01771959564438169	9.60288709991514	499.6412573104454	0.6551772765953672	0	0	0	8307984946885962e-21	0.000927567701231664	13580812778212263e-22	0.0008758237214377154	0.08428599071506697	5021395785135717e-20
8.6	4.7671321747275135	4.7671321747275135	4.7671321747275135	0.0910921281695386	5.4984963375420675	0.017719595644381282	9.602887099915133	499.6412573104428	0.6551772765953708	0	0	0	8307982567050538e-21	0.000927563667545416	13580990083463024e-22	0.0008758237883024139	0.0842860860733341	50213790948748725e-21
8.7	4.7671321747275135	4.7671321747275135	4.7671321747275135	0.09109212816953866	5.498496337542099	0.01771959564438116	9.602887099915133	499.6412573104422	0.6551772765953721	0	0	0	830798185060225e-20	0.0009275624689152862	13581042070182236e-22	0.0008758238101450092	0.0842861162292921	5021373972790002e-20
8.8	4.7671321747275135	4.7671321747275135	4.7671321747275135	0.0910921281695385	5.498496337542012	0.017719595644381497	9.602887099915137	499.6412573104442	0.655177276595369	0	0	0	830798390846314e-20	0.0009275658744631007	13580896367811773e-22	0.0008758237574803629	0.08428604106085918	50213870316116174e-21
8.9	4.7671321747275135	4.7671321747275135	4.7671321747275135	0.09109212816953874	5.498496337542239	0.017719595644380668	9.60288709991513	499.64125731043913	0.6551772765953766	0	0	0	8307979713821993e-21	0.0009275583065768927	13581251380716646e-22	0.0008758238711613751	0.08428621540811204	5021354188829994e-20
9	4.7671321747275135	4.7671321747275135	4.7671321747275135	0.09109212816953909	5.498496337542517	0.01771959564437963	9.602887099915119	499.6412573104328	0.6551772765953859	0	0	0	8307974319197337e-21	0.0009275487387782966	13581692636315748e-22	0.000875824016498767	0.0842864349283213	5021313482722134e-20
9.1	4.7671321747275135	4.7671321747275135	4.7671321747275135	0.09109212816953899	5.498496337542448	0.01771959564437989	9.60288709991512	499.6412573104345	0.6551772765953836	0	0	0	8307975643269555e-21	0.0009275511115692869	13581581965932934e-22	0.0008758239823596919	0.08428638216184474	502132347545096e-19
9.2	4.7671321747275135	4.7671321747275135	4.7671321747275135	0.09109212816953866	5.498496337542182	0.017719595644380887	9.602887099915131	499.64125731044044	0.6551772765953745	0	0	0	8307981085944642e-21	0.0009275605650592279	13581155955148365e-22	0.0008758238381536077	0.08428616792353506	5021362422421726e-20
9.3	4.7671321747275135	4.7671321747275135	4.7671321747275135	0.09109212816953884	5.49849633754233	0.017719595644380345	9.602887099915124	499.6412573104371	0.6551772765953794	0	0	0	8307978825514193e-21	0.0009275561306531331	13581382066227332e-22	0.0008758238992165215	0.08428626988941015	50213415148100245e-21
9.4	4.7671321747275135	4.7671321747275135	4.7671321747275135	0.09109212816953884	5.4984963375423295	0.017719595644380352	9.602887099915124	499.6412573104371	0.6551772765953794	0	0	0	8307978896068863e-21	0.0009275562118279655	13581380417792009e-22	0.0008758238979602997	0.0842862687566419	50213415670664625e-21
9.5	4.7671321747275135	4.7671321747275135	4.7671321747275135	0.09109212816953852	5.498496337542066	0.017719595644381324	9.602887099915133	499.6412573104429	0.6551772765953705	0	0	0	8307983624782059e-21	0.0009275648806431546	13580966304371173e-22	0.0008758237723476251	0.0842860718120086	502137952429e-16
9.6	4.7671321747275135	4.7671321747275135	4.7671321747275135	0.09109212816953849	5.498496337542049	0.017719595644381407	9.602887099915135	499.6412573104434	0.6551772765953697	0	0	0	830798419087704e-20	0.0009275657909487981	13580929544748096e-22	0.0008758237576602201	0.08428605157008986	50213828240026884e-21
9.7	4.7671321747275135	4.7671321747275135	4.7671321747275135	0.0910921281695384	5.498496337541973	0.017719595644381674	9.602887099915137	499.64125731044516	0.6551772765953673	0	0	0	830798541752033e-20	0.0009275680937349917	13580816598717852e-22	0.0008758237252767383	0.08428599947612013	502139314891005e-19
9.8	4.767132174727514	4.767132174727514	4.767132174727514	0.09109212816953835	5.49849633754194	0.01771959564438179	9.602887099915138	499.64125731044584	0.6551772765953663	0	0	0	8307985990801721e-21	0.0009275691278162243	1358076825717213e-21	0.0008758237102564348	0.08428597623478971	50213975425135244e-21
9.9	4.7671321747275135	4.7671321747275135	4.7671321747275135	0.09109212816953835	5.498496337541954	0.01771959564438173	9.602887099915137	499.64125731044544	0.6551772765953667	0	0	0	8307985813852864e-21	0.0009275687437645241	13580789911430343e-22	0.000875823715193906	0.08428598525691902	502139551105726e-19
10	4.7671321747275135	4.7671321747275135	4.7671321747275135	0.0910921281695383	5.498496337541918	0.01771959564438187	9.602887099915138	499.6412573104463	0.6551772765953655	0	0	0	8307986381175058e-21	0.0009275698466139156	13580733831940649e-22	0.0008758237002394368	0.08428596032702908	50214006370389355e-21
10.1	4.7671321747275135	4.7671321747275135	4.7671321747275135	0.09109212816953838	5.498496337541975	0.017719595644381685	9.602887099915137	499.641257310445	0.6551772765953672	0	0	0	8307985725899909e-21	0.000927568459786366	13580810786559007e-22	0.0008758237178598384	0.08428599213828684	50213935255392244e-21
10.2	4.7671321747275135	4.7671321747275135	4.7671321747275135	0.09109212816953845	5.498496337542045	0.017719595644381445	9.602887099915135	499.6412573104434	0.6551772765953694	0	0	0	8307984846510569e-21	0.0009275666446164192	13580909087310388e-22	0.0008758237414299564	0.08428603368105386	5021384456372853e-20
10.3	4.767132174727513	4.767132174727513	4.767132174727513	0.09109212816953839	5.498496337541996	0.017719595644381612	9.602887099915137	499.6412573104445	0.6551772765953678	0	0	0	830798547395176e-20	0.0009275679377466393	13580839131250379e-22	0.0008758237247888896	0.08428600430274545	50213908782898004e-21
10.4	4.7671321747275135	4.7671321747275135	4.7671321747275135	0.09109212816953849	5.498496337542091	0.017719595644381286	9.602887099915135	499.6412573104424	0.6551772765953707	0	0	0	830798449516772e-20	0.000927565746693576	135809677961688e-20	0.0008758237509704264	0.08428605440306909	502137900600004e-19
10.5	4.7671321747275135	4.7671321747275135	4.7671321747275135	0.0910921281695388	5.498496337542398	0.01771959564438023	9.602887099915128	499.64125731043544	0.6551772765953804	0	0	0	8307980989893361e-21	0.0009275582285445109	1358139163142734e-21	0.0008758238445220039	0.08428622600897026	5021339956780006e-20
10.6	4.7671321747275135	4.7671321747275135	4.7671321747275135	0.09109212816953897	5.498496337542562	0.01771959564437967	9.602887099915122	499.64125731043174	0.6551772765953857	0	0	0	8307979084684626e-21	0.000927554168688162	13581618990065807e-22	0.0008758238953858914	0.0842863186940386	5021319008323462e-20
10.7	4.7671321747275135	4.7671321747275135	4.7671321747275135	0.09109212816953868	5.4984963375422735	0.01771959564438066	9.602887099915131	499.6412573104383	0.6551772765953766	0	0	0	8307982398790913e-21	0.0009275612518861288	13581221056221508e-22	0.0008758238070348326	0.08428615714511092	5021355650140891e-20
10.8	4.7671321747275135	4.7671321747275135	4.7671321747275135	0.0910921281695388	5.498496337542412	0.01771959564438012	9.602887099915128	499.6412573104351	0.6551772765953814	0	0	0	8307981192258658e-21	0.0009275582982211024	1358140973450616e-21	0.0008758238392472079	0.08428622463978369	5021338233770253e-20
10.9	4.7671321747275135	4.7671321747275135	4.7671321747275135	0.09109212816953917	5.4984963375428375	0.017719595644378576	9.602887099915117	499.6412573104255	0.6551772765953956	0	0	0	8307976728591493e-21	0.0009275483161907373	13581997303010769e-22	0.0008758239583250601	0.08428645248787174	5021284074910422e-20
11	4.7671321747275135	4.7671321747275135	4.7671321747275135	0.09109212816953907	5.498496337542746	0.017719595644378913	9.602887099915119	499.64125731042753	0.6551772765953925	0	0	0	8307977705813954e-21	0.0009275504939555053	13581869417067845e-22	0.0008758239322826879	0.0842864028155227	5021295856644113e-20
11.1	4.7671321747275135	4.7671321747275135	4.7671321747275135	0.09109212816953863	5.498496337542273	0.017719595644380588	9.602887099915131	499.6412573104382	0.6551772765953771	0	0	0	8307982848241692e-21	0.0009275618001559908	13581215422754354e-22	0.0008758237951452113	0.08428614483669071	5021356112798875e-20
11.2	4.7671321747275135	4.7671321747275135	4.7671321747275135	0.09109212816953864	5.498496337542292	0.01771959564438048	9.602887099915131	499.64125731043794	0.6551772765953782	0	0	0	8307982834616198e-21	0.0009275615675412367	13581241636286685e-22	0.0008758237955226256	0.08428615019811947	5021353676706519e-20
11.3	4.7671321747275135	4.7671321747275135	4.7671321747275135	0.09109212816953852	5.4984963375421465	0.01771959564438102	9.602887099915135	499.6412573104412	0.6551772765953733	0	0	0	8307984322203749e-21	0.0009275649278010573	13581041491662851e-22	0.0008758237558582284	0.08428607351878309	5021372123766539e-20
11.4	4.7671321747275135	4.7671321747275135	4.7671321747275135	0.09109212816953839	5.498496337542012	0.017719595644381497	9.602887099915138	499.6412573104442	0.6551772765953688	0	0	0	8307985698830431e-21	0.0009275680166098406	13580859035183018e-22	0.0008758237191511379	0.08428600303570855	50213889387002246e-21
11.5	4.7671321747275135	4.7671321747275135	4.7671321747275135	0.09109212816953838	5.498496337542007	0.017719595644381504	9.602887099915137	499.6412573104443	0.6551772765953688	0	0	0	8307985800957497e-21	0.0009275682015811296	13580850974525913e-22	0.0008758237164347269	0.08428599883173594	50213896760425014e-21
11.6	4.7671321747275135	4.7671321747275135	4.7671321747275135	0.09109212816953831	5.4984963375419404	0.017719595644381764	9.602887099915138	499.6412573104458	0.6551772765953664	0	0	0	8307986466439539e-21	0.0009275697437079055	13580756688060372e-22	0.000875823698691583	0.08428596363611779	502139836934932e-19
11.7	4.7671321747275135	4.7671321747275135	4.7671321747275135	0.09109212816953835	5.498496337541976	0.01771959564438164	9.602887099915138	499.641257310445	0.6551772765953676	0	0	0	830798621172867e-20	0.0009275690897883887	13580800910188497e-22	0.0008758237054899443	0.08428597858104982	5021394284624246e-20
11.8	4.7671321747275135	4.7671321747275135	4.7671321747275135	0.09109212816953839	5.498496337542008	0.017719595644381518	9.602887099915138	499.64125731044425	0.6551772765953686	0	0	0	8307985950882519e-21	0.000927568449400878	13580842442001452e-22	0.0008758237124509941	0.08428599321132112	50213904506433994e-21
11.9	4.7671321747275135	4.7671321747275135	4.7671321747275135	0.09109212816953834	5.498496337541962	0.017719595644381695	9.602887099915137	499.64125731044527	0.6551772765953671	0	0	0	8307986371091154e-21	0.0009275694450067478	1358078020399132e-21	0.0008758237012467451	0.08428597048444823	5021396190985621e-20
12	4.7671321747275135	4.7671321747275135	4.7671321747275135	0.09109212816953846	5.4984963375421225	0.0177195956443811	9.602887099915137	499.6412573104417	0.6551772765953725	0	0	0	8307985140109971e-21	0.000927566329961079	13580988757065966e-22	0.000875823734081095	0.08428604164143659	5021376934625379e-20
12.1	4.7671321747275135	4.7671321747275135	4.7671321747275135	0.0910921281695386	5.498496337542318	0.017719595644380366	9.602887099915133	499.6412573104372	0.6551772765953792	0	0	0	8307983606583483e-21	0.0009275624880525764	13581243435043978e-22	0.0008758237749841742	0.08428612939486708	5021353422716343e-20
12.2	4.7671321747275135	4.7671321747275135	4.7671321747275135	0.09109212816953857	5.498496337542288	0.01771959564438049	9.602887099915135	499.64125731043794	0.6551772765953782	0	0	0	830798384786186e-20	0.0009275631003782679	1358120229387543e-21	0.0008758237685506594	0.0842861154104536	5021357221015749e-20
12.3	4.7671321747275135	4.7671321747275135	4.7671321747275135	0.09109212816953852	5.498496337542225	0.01771959564438068	9.602887099915135	499.6412573104394	0.6551772765953763	0	0	0	8307984443781339e-21	0.0009275644631953451	13581121101929717e-22	0.0008758237526581501	0.08428608430472534	5021364705034942e-20
12.4	4.767132174727513	4.767132174727513	4.767132174727513	0.09109212816953892	5.498496337542759	0.017719595644378534	9.602887099915124	499.6412573104272	0.6551772765953959	0	0	0	8307980521590129e-21	0.0009275542528204597	13581825086212754e-22	0.0008758238572688835	0.08428631757187445	5021299681351945e-20
12.5	4.7671321747275135	4.7671321747275135	4.7671321747275135	0.09109212816953924	5.4984963375431954	0.017719595644376807	9.602887099915115	499.6412573104173	0.6551772765954118	0	0	0	8307977279958287e-21	0.0009275458741019908	135823986803519e-20	0.0008758239437280498	0.08428650898420814	5021246705969212e-20
12.6	4.7671321747275135	4.7671321747275135	4.7671321747275135	0.09109212816953893	5.49849633754278	0.01771959564437846	9.602887099915122	499.6412573104268	0.6551772765953966	0	0	0	8307980346050799e-21	0.0009275538216384523	13581852925364757e-22	0.0008758238619523604	0.08428632742137376	5021297111751012e-20
12.7	4.767132174727514	4.767132174727514	4.767132174727514	0.0910921281695387	5.4984963375424885	0.017719595644379544	9.60288709991513	499.64125731043345	0.6551772765953866	0	0	0	8307982649722976e-21	0.0009275595691708759	13581474416410568e-22	0.0008758238005112138	0.08428619615037358	50213320517546696e-21
12.8	4.7671321747275135	4.7671321747275135	4.7671321747275135	0.09109212816953885	5.49849633754276	0.017719595644378357	9.602887099915124	499.64125731042725	0.6551772765953976	0	0	0	8307980808048279e-21	0.0009275545246275136	1358184038559493e-21	0.0008758238496313929	0.0842863114343025	5021298227741722e-20
12.9	4.7671321747275135	4.7671321747275135	4.7671321747275135	0.09109212816953868	5.498496337542524	0.017719595644379332	9.602887099915128	499.64125731043254	0.6551772765953887	0	0	0	8307982482987861e-21	0.0009275589656355592	13581528090900671e-22	0.0008758238049590865	0.08428620996435633	50213270797924776e-21
13	4.7671321747275135	4.7671321747275135	4.7671321747275135	0.09109212816953845	5.49849633754218	0.017719595644380744	9.602887099915135	499.64125731044027	0.6551772765953758	0	0	0	8307984965363374e-21	0.0009275655025118996	13581071980659938e-22	0.000875823738751459	0.08428606061312348	50213692145508146e-21
13.1	4.7671321747275135	4.7671321747275135	4.7671321747275135	0.09109212816953845	5.498496337542152	0.017719595644380845	9.602887099915135	499.6412573104409	0.6551772765953748	0	0	0	830798522471013e-20	0.0009275661189611224	1358103393144399e-21	0.0008758237318346819	0.08428604653859978	5021372723681689e-20
13.2	4.7671321747275135	4.7671321747275135	4.7671321747275135	0.09109212816953834	5.498496337542003	0.01771959564438147	9.602887099915138	499.6412573104443	0.6551772765953692	0	0	0	8307986243140305e-21	0.0009275688692543777	1358083685606999e-21	0.0008758237046721237	0.08428598369170034	50213909351498055e-21
13.3	4.7671321747275135	4.7671321747275135	4.7671321747275135	0.09109212816953832	5.498496337541993	0.017719595644381497	9.602887099915138	499.64125731044453	0.655177276595369	0	0	0	8307986346347583e-21	0.0009275691050901523	1358082323397839e-21	0.0008758237019196272	0.0842859783087907	5021392190216587e-20
13.4	4.7671321747275135	4.7671321747275135	4.7671321747275135	0.0910921281695383	5.4984963375419955	0.017719595644381483	9.602887099915138	499.6412573104445	0.6551772765953688	0	0	0	8307986342914198e-21	0.0009275690806830846	13580826122759026e-22	0.0008758237020113469	0.08428597886882612	50213919219433686e-21
13.5	4.7671321747275135	4.7671321747275135	4.7671321747275135	0.09109212816953828	5.4984963375419555	0.017719595644381646	9.602887099915138	499.64125731044544	0.6551772765953674	0	0	0	8307986595162309e-21	0.0009275697580323476	1358077797954835e-21	0.0008758236952837154	0.08428596339135594	5021396370329837e-20
13.6	4.7671321747275135	4.7671321747275135	4.7671321747275135	0.0910921281695383	5.4984963375420515	0.017719595644381175	9.602887099915138	499.6412573104434	0.6551772765953718	0	0	0	8307985949005544e-21	0.0009275678857819484	1358092214679261e-21	0.0008758237125176091	0.08428600619209167	5021383036698681e-20
13.7	4.7671321747275135	4.7671321747275135	4.7671321747275135	0.0910921281695383	5.498496337542117	0.017719595644380852	9.602887099915138	499.64125731044174	0.6551772765953747	0	0	0	8307985496460325e-21	0.0009275665865171673	13581021284046711e-22	0.0008758237245876264	0.08428603589251193	5021373868715092e-20
13.8	4.7671321747275135	4.7671321747275135	4.7671321747275135	0.09109212816953827	5.498496337542023	0.017719595644381296	9.602887099915138	499.64125731044396	0.6551772765953707	0	0	0	8307986127209806e-21	0.0009275683848312081	13580885045096936e-22	0.0008758237077648403	0.084285994786012	5021386466693556e-20
13.9	4.7671321747275135	4.7671321747275135	4.7671321747275135	0.09109212816953832	5.498496337542265	0.017719595644380026	9.602887099915137	499.64125731043833	0.6551772765953824	0	0	0	8307984554193834e-21	0.0009275636900983247	13581257664845097e-22	0.000875823749719135	0.08428610212774268	50213519925275896e-21
14	4.7671321747275135	4.7671321747275135	4.7671321747275135	0.0910921281695384	5.498496337542671	0.017719595644377945	9.602887099915135	499.64125731042907	0.6551772765954015	0	0	0	8307981901454938e-21	0.0009275558553827651	13581873130809008e-22	0.0008758238204709371	0.08428628125254356	5021295057121093e-20
14.1	4.7671321747275135	4.7671321747275135	4.7671321747275135	0.09109212816953842	5.498496337542777	0.01771959564437741	9.602887099915135	499.64125731042657	0.6551772765954065	0	0	0	8307981201835614e-21	0.000927553804054555	1358203307657569e-21	0.0008758238391306606	0.08428632815012622	5021280262112899e-20
14.2	4.7671321747275135	4.7671321747275135	4.7671321747275135	0.09109212816953832	5.4984963375423055	0.01771959564437982	9.602887099915137	499.6412573104373	0.6551772765953844	0	0	0	8307984300353116e-21	0.0009275629388750919	13581316760456763e-22	0.0008758237564894667	0.08428611930328443	50213465256053256e-21
14.3	4.7671321747275135	4.7671321747275135	4.7671321747275135	0.0910921281695383	5.498496337542188	0.017719595644380345	9.602887099915137	499.64125731044	0.6551772765953795	0	0	0	8307985085498874e-21	0.0009275651525330304	13581151477046183e-22	0.0008758237355487342	0.08428606870587649	5021361806750854e-20
14.4	4.7671321747275135	4.7671321747275135	4.7671321747275135	0.09109212816953828	5.498496337542176	0.01771959564438038	9.602887099915138	499.6412573104404	0.6551772765953792	0	0	0	8307985178715788e-21	0.0009275653847387886	13581136730421987e-22	0.0008758237330625723	0.08428606340244695	50213631673330425e-21
14.5	4.767132174727514	4.767132174727514	4.767132174727514	0.09109212816953825	5.498496337542002	0.01771959564438131	9.60288709991514	499.64125731044436	0.6551772765953706	0	0	0	830798629443863e-20	0.0009275687314470684	13580869575115918e-22	0.0008758237033048834	0.0842859868803157	5021387885641529e-20
14.6	4.7671321747275135	4.7671321747275135	4.7671321747275135	0.09109212816953825	5.498496337541992	0.017719595644381338	9.60288709991514	499.64125731044464	0.6551772765953703	0	0	0	8307986355827824e-21	0.0009275688759402488	13580861379689542e-22	0.0008758237016675275	0.08428598358144442	5021388640534298e-20
14.7	4.7671321747275135	4.7671321747275135	4.7671321747275135	0.09109212816953825	5.498496337541955	0.01771959564438155	9.60288709991514	499.64125731044555	0.6551772765953684	0	0	0	8307986601809425e-21	0.0009275696240615828	13580800771865692e-22	0.000875823695106895	0.08428596647445957	5021394249115854e-20
14.8	4.7671321747275135	4.7671321747275135	4.7671321747275135	0.09109212816953824	5.498496337541912	0.017719595644381785	9.60288709991514	499.6412573104465	0.6551772765953663	0	0	0	8307986885638938e-21	0.0009275704864061755	13580731039446631e-22	0.0008758236875368368	0.08428594675568686	50214007019494866e-21
14.9	4.7671321747275135	4.7671321747275135	4.7671321747275135	0.09109212816953825	5.498496337541914	0.017719595644381764	9.60288709991514	499.64125731044635	0.6551772765953665	0	0	0	8307986873484913e-21	0.0009275704360596904	13580736271657958e-22	0.000875823687861016	0.08428594790859723	502140021661361e-19
15	4.767132174727514	4.767132174727514	4.767132174727514	0.09109212816953825	5.498496337541888	0.017719595644381907	9.60288709991514	499.641257310447	0.6551772765953651	0	0	0	8307987033197437e-21	0.0009275709362104823	1358069452695138e-21	0.0008758236836013003	0.08428593647008174	502140408084571e-19
15.1	4.7671321747275135	4.7671321747275135	4.7671321747275135	0.09109212816953825	5.498496337541882	0.017719595644381938	9.60288709991514	499.64125731044714	0.6551772765953648	0	0	0	8307987082464912e-21	0.0009275710851692633	13580682563366122e-22	0.000875823682287275	0.0842859330640166	5021405187837913e-20
15.2	4.7671321747275135	4.7671321747275135	4.7671321747275135	0.09109212816953825	5.498496337541881	0.017719595644381938	9.60288709991514	499.6412573104472	0.6551772765953648	0	0	0	8307987086442221e-21	0.0009275710949678149	13580681976394035e-22	0.0008758236821811949	0.08428593284024816	5021405241948063e-20
15.3	4.7671321747275135	4.7671321747275135	4.7671321747275135	0.09109212816953825	5.49849633754187	0.017719595644382007	9.60288709991514	499.6412573104474	0.6551772765953642	0	0	0	8307987152224946e-21	0.0009275713050860444	13580664081005744e-22	0.0008758236804267004	0.08428592803432867	5021406898838433e-20
15.4	4.7671321747275135	4.7671321747275135	4.7671321747275135	0.09109212816953825	5.498496337541869	0.017719595644382014	9.60288709991514	499.64125731044743	0.6551772765953641	0	0	0	8307987156520948e-21	0.0009275713164887908	13580663317215847e-22	0.0008758236803121303	0.08428592777379665	5021406969359095e-20
15.5	4.7671321747275135	4.7671321747275135	4.7671321747275135	0.09109212816953825	5.498496337541868	0.01771959564438203	9.60288709991514	499.64125731044743	0.655177276595364	0	0	0	8307987169938106e-21	0.0009275713598282165	13580659581595411e-22	0.000875823679954286	0.08428592678246355	5021407315273597e-20
15.6	4.7671321747275135	4.7671321747275135	4.7671321747275135	0.09109212816953825	5.498496337541864	0.017719595644382052	9.60288709991514	499.64125731044754	0.6551772765953637	0	0	0	8307987187281424e-21	0.0009275714159374818	13580654740889997e-22	0.0008758236794917157	0.08428592549902786	5021407763521592e-20
15.7	4.7671321747275135	4.7671321747275135	4.7671321747275135	0.09109212816953825	5.498496337541864	0.017719595644382045	9.60288709991514	499.6412573104475	0.6551772765953638	0	0	0	8307987186607865e-21	0.0009275714129619571	13580655070681073e-22	0.0008758236795096728	0.08428592556718842	50214077329142544e-21
15.8	4.7671321747275135	4.7671321747275135	4.7671321747275135	0.09109212816953825	5.498496337541854	0.017719595644381997	9.602887099915142	499.6412573104478	0.6551772765953643	0	0	0	830798712551601e-20	0.0009275712032365668	13580674300407431e-22	0.0008758236811390723	0.08428593036583731	5021405951180441e-20
15.9	4.7671321747275135	4.7671321747275135	4.7671321747275135	0.09109212816953825	5.498496337541749	0.017719595644381372	9.60288709991514	499.6412573104502	0.6551772765953702	0	0	0	8307986423354522e-21	0.0009275688022186057	13580893599150662e-22	0.0008758236998665876	0.08428598530160634	50213856327689634e-21
16	4.7671321747275135	4.7671321747275135	4.7671321747275135	0.09109212816953825	5.498496337541577	0.01771959564438034	9.602887099915138	499.64125731045414	0.6551772765953799	0	0	0	8307985258150375e-21	0.0009275648191764398	13581257271274312e-22	0.0008758237309440174	0.08428607643425974	5021351938019973e-20
16.1	4.767132174727514	4.767132174727514	4.767132174727514	0.09109212816953828	5.498496337541395	0.017719595644379235	9.60288709991514	499.6412573104584	0.6551772765953905	0	0	0	830798401323516e-20	0.0009275605648275015	13581645607074463e-22	0.0008758237641474391	0.0842861737743287	5021315958241433e-20
16.2	4.7671321747275135	4.7671321747275135	4.7671321747275135	0.09109212816953828	5.4984963375412566	0.017719595644378396	9.60288709991514	499.64125731046164	0.6551772765953983	0	0	0	8307983071940467e-21	0.0009275573498892232	13581938896847191e-22	0.0008758237892529294	0.08428624733234441	50212887847412993e-21
16.3	4.7671321747275135	4.7671321747275135	4.7671321747275135	0.09109212816953828	5.498496337541218	0.017719595644378167	9.602887099915138	499.6412573104625	0.6551772765954005	0	0	0	8307982817597891e-21	0.000927556485079038	13582017430888583e-22	0.0008758237960365657	0.08428626711883802	5021281508827536e-20
16.4	4.7671321747275135	4.7671321747275135	4.7671321747275135	0.09109212816953828	5.498496337541338	0.01771959564437889	9.602887099915138	499.6412573104597	0.6551772765953936	0	0	0	830798363353902e-20	0.0009275592811143781	13581761499494714e-22	0.0008758237742744254	0.08428620314434074	50213052218081e-18
16.5	4.7671321747275135	4.7671321747275135	4.7671321747275135	0.09109212816953827	5.498496337541625	0.017719595644380623	9.602887099915138	499.6412573104531	0.6551772765953771	0	0	0	830798558887811e-20	0.0009275659681643822	13581150662408718e-22	0.0008758237221231397	0.08428605014321015	5021361816992231e-20
16.6	4.7671321747275135	4.7671321747275135	4.7671321747275135	0.09109212816953827	5.498496337541724	0.01771959564438124	9.602887099915138	499.64125731045084	0.6551772765953714	0	0	0	8307986249103234e-21	0.0009275681858570329	13580951888701865e-22	0.0008758237045140786	0.08428599940632245	5021380230371589e-20
16.7	4.7671321747275135	4.7671321747275135	4.7671321747275135	0.09109212816953828	5.498496337541751	0.017719595644381404	9.602887099915138	499.64125731045016	0.6551772765953697	0	0	0	8307986427076442e-21	0.0009275687784604988	13580899254516254e-22	0.0008758236997672807	0.08428598584918479	5021385105698455e-20
16.8	4.767132174727513	4.767132174727513	4.767132174727513	0.09109212816953825	5.498496337541815	0.017719595644381785	9.602887099915138	499.6412573104486	0.6551772765953661	0	0	0	8307986874802484e-21	0.0009275703278973098	13580755983490311e-22	0.0008758236878258894	0.08428595039574599	5021398381561657e-20
16.9	4.7671321747275135	4.7671321747275135	4.7671321747275135	0.09109212816953827	5.498496337541827	0.017719595644381848	9.602887099915138	499.6412573104484	0.6551772765953656	0	0	0	8307986935859421e-21	0.000927570528484624	13580738467178174e-22	0.0008758236861974292	0.08428594580715851	50214000037648105e-21
17	4.7671321747275135	4.7671321747275135	4.7671321747275135	0.09109212816953825	5.498496337541843	0.01771959564438195	9.602887099915138	499.64125731044805	0.6551772765953647	0	0	0	8307987061699688e-21	0.0009275709700590827	13580697041634051e-22	0.0008758236828411238	0.08428593570261331	502140384288331e-19
17.1	4.7671321747275135	4.7671321747275135	4.7671321747275135	0.09109212816953824	5.49849633754185	0.017719595644381997	9.60288709991514	499.6412573104478	0.6551772765953642	0	0	0	8307987123027924e-21	0.0009275711830925918	1358067727337727e-21	0.0008758236812054338	0.08428593082800354	5021405674722204e-20
17.2	4.7671321747275135	4.7671321747275135	4.7671321747275135	0.09109212816953824	5.498496337541852	0.017719595644382007	9.60288709991514	499.6412573104478	0.6551772765953642	0	0	0	830798713725018e-20	0.0009275712316964743	13580672840789158e-22	0.000875823680826116	0.08428592971594227	5021406085403487e-20
17.3	4.7671321747275135	4.7671321747275135	4.7671321747275135	0.09109212816953825	5.498496337541858	0.017719595644382042	9.60288709991514	499.64125731044766	0.6551772765953638	0	0	0	8307987176876097e-21	0.0009275713731994274	13580659327089167e-22	0.000875823679769252	0.08428592647766803	5021407337993998e-20
17.4	4.7671321747275135	4.7671321747275135	4.7671321747275135	0.09109212816953827	5.4984963375418605	0.01771959564438205	9.60288709991514	499.64125731044754	0.6551772765953638	0	0	0	830798718264528e-20	0.0009275713928574817	13580657543232117e-22	0.0008758236796153892	0.08428592602789202	502140750326115e-19
17.5	4.767132174727514	4.767132174727514	4.767132174727514	0.09109212816953827	5.498496337541862	0.017719595644382056	9.60288709991514	499.6412573104476	0.6551772765953637	0	0	0	8307987193158669e-21	0.0009275714308731113	13580653865163375e-22	0.0008758236793349844	0.08428592515786236	5021407844223681e-20
17.6	4.7671321747275135	4.7671321747275135	4.7671321747275135	0.09109212816953827	5.498496337541863	0.01771959564438206	9.60288709991514	499.6412573104476	0.6551772765953636	0	0	0	830798719884281e-20	0.0009275714512714836	13580651908090894e-22	0.0008758236791833381	0.08428592469103745	5021408025633618e-20
17.7	4.7671321747275135	4.7671321747275135	4.7671321747275135	0.09109212816953828	5.498496337541865	0.01771959564438206	9.60288709991514	499.6412573104476	0.6551772765953636	0	0	0	8307987199988636e-21	0.000927571455288096	13580651532373142e-22	0.0008758236791527445	0.08428592459912443	5021408060452734e-20
17.8	4.7671321747275135	4.7671321747275135	4.7671321747275135	0.09109212816953825	5.498496337541863	0.017719595644382066	9.60288709991514	499.6412573104476	0.6551772765953636	0	0	0	830798720347861e-20	0.0009275714681315777	13580650266960313e-22	0.0008758236790596748	0.08428592430516788	5021408177777567e-20
17.9	4.7671321747275135	4.7671321747275135	4.7671321747275135	0.09109212816953827	5.498496337541862	0.01771959564438207	9.60288709991514	499.6412573104476	0.6551772765953635	0	0	0	8307987204024996e-21	0.0009275714700588811	13580650085501349e-22	0.0008758236790451087	0.08428592426107182	5021408194594802e-20
18	4.7671321747275135	4.7671321747275135	4.7671321747275135	0.09109212816953825	5.498496337541856	0.0177195956443821	9.60288709991514	499.64125731044777	0.6551772765953633	0	0	0	830798717980642e-20	0.0009275713772284058	13580659616528024e-22	0.0008758236796910584	0.08428592638614935	5021407310595285e-20
18.1	4.7671321747275135	4.7671321747275135	4.7671321747275135	0.09109212816953827	5.498496337541729	0.017719595644382642	9.60288709991514	499.64125731045067	0.6551772765953583	0	0	0	8307986697359182e-21	0.0009275695298429913	1358084910441376e-21	0.0008758236925585267	0.0842859686763047	50213897357986206e-21
18.2	4.7671321747275135	4.7671321747275135	4.7671321747275135	0.09109212816953831	5.498496337541478	0.017719595644383725	9.60288709991514	499.64125731045647	0.6551772765953483	0	0	0	8307985744844405e-21	0.0009275658827463185	13581223162468138e-22	0.0008758237179632676	0.08428605216523677	50213550423396486e-21
18.3	4.7671321747275135	4.7671321747275135	4.7671321747275135	0.09109212816953835	5.4984963375411535	0.01771959564438512	9.602887099915138	499.64125731046397	0.6551772765953356	0	0	0	8307984514493462e-21	0.0009275611721595656	13581706262357334e-22	0.0008758237507782363	0.08428615999943415	50213102354005664e-21
18.4	4.767132174727513	4.767132174727513	4.767132174727513	0.09109212816953839	5.498496337540806	0.017719595644386604	9.602887099915138	499.6412573104719	0.655177276595322	0	0	0	8307983198537725e-21	0.0009275561343039096	13582222875747532e-22	0.0008758237858763877	0.08428627532538546	5021262320163576e-20
18.5	4.7671321747275135	4.7671321747275135	4.7671321747275135	0.09109212816953843	5.498496337540487	0.017719595644387975	9.602887099915137	499.6412573104792	0.6551772765953094	0	0	0	830798198920857e-20	0.0009275515054005295	13582697474304916e-22	0.0008758238181306771	0.08428638128957937	50212183018108806e-21
18.6	4.7671321747275135	4.7671321747275135	4.7671321747275135	0.09109212816953847	5.498496337540248	0.017719595644389	9.602887099915135	499.6412573104848	0.6551772765953	0	0	0	8307981078737366e-21	0.0009275480216706022	13583054529695671e-22	0.0008758238424140595	0.08428646103850447	50211851855246774e-21
18.7	4.7671321747275135	4.7671321747275135	4.7671321747275135	0.09109212816953847	5.498496337540137	0.017719595644389474	9.602887099915137	499.6412573104873	0.6551772765952957	0	0	0	8307980659355487e-21	0.0009275464193353059	13583218513585977e-22	0.0008758238535994899	0.08428649771864939	5021169976487168e-20
18.8	4.7671321747275135	4.7671321747275135	4.7671321747275135	0.09109212816953846	5.498496337540206	0.017719595644389168	9.602887099915135	499.64125731048574	0.6551772765952985	0	0	0	8307980923294304e-21	0.0009275474346158183	13583113897642017e-22	0.0008758238465599234	0.08428647447650277	5021179679880555e-20
18.9	4.7671321747275135	4.7671321747275135	4.7671321747275135	0.09109212816953843	5.498496337540507	0.017719595644387867	9.602887099915137	499.64125731047886	0.6551772765953104	0	0	0	830798206278519e-20	0.0009275518037333172	13582665153529975e-22	0.0008758238161683151	0.08428637445855323	50212213008870375e-21
19	4.7671321747275135	4.7671321747275135	4.7671321747275135	0.09109212816953835	5.498496337541088	0.01771959564438536	9.602887099915138	499.64125731046545	0.6551772765953335	0	0	0	8307984270059522e-21	0.0009275602629089804	13581796752916038e-22	0.0008758237572976199	0.08428618081128939	5021301844688818e-20
19.1	4.767132174727513	4.767132174727513	4.767132174727513	0.0910921281695383	5.4984963375415665	0.017719595644383322	9.602887099915138	499.6412573104544	0.655177276595352	0	0	0	8307986082657474e-21	0.0009275671895540627	1358108777881276e-21	0.000875823708953406	0.08428602224863088	502136760008782e-19
19.2	4.7671321747275135	4.7671321747275135	4.7671321747275135	0.09109212816953828	5.498496337541694	0.01771959564438281	9.60288709991514	499.64125731045146	0.6551772765953567	0	0	0	8307986565901864e-21	0.0009275690183960645	1358090245624276e-21	0.0008758236960646663	0.08428598038507666	502138478676667e-19
19.3	4.7671321747275135	4.7671321747275135	4.7671321747275135	0.09109212816953827	5.4984963375417975	0.017719595644382354	9.60288709991514	499.6412573104491	0.6551772765953611	0	0	0	8307986957149393e-21	0.0009275705224018948	13580747552414315e-22	0.0008758236856296291	0.08428594595495639	5021399154433066e-20
19.4	4.7671321747275135	4.7671321747275135	4.7671321747275135	0.09109212816953825	5.498496337541827	0.01771959564438223	9.60288709991514	499.6412573104485	0.6551772765953622	0	0	0	8307987071083114e-21	0.0009275709564604326	13580703261436236e-22	0.0008758236825908952	0.08428593601874874	5021403262191284e-20
19.5	4.7671321747275135	4.7671321747275135	4.7671321747275135	0.09109212816953827	5.498496337541848	0.017719595644382136	9.60288709991514	499.641257310448	0.655177276595363	0	0	0	8307987149954387e-21	0.0009275712610848034	13580671730557062e-22	0.0008758236804873102	0.08428592904506536	50214061868716866e-21
19.6	4.7671321747275135	4.7671321747275135	4.7671321747275135	0.09109212816953828	5.498496337541856	0.017719595644382097	9.602887099915138	499.6412573104478	0.6551772765953633	0	0	0	8307987177964231e-21	0.0009275713686521978	13580660662499502e-22	0.0008758236797402697	0.08428592658261574	502140721344939e-19
19.7	4.7671321747275135	4.7671321747275135	4.7671321747275135	0.09109212816953827	5.498496337541859	0.01771959564438208	9.602887099915138	499.6412573104477	0.6551772765953634	0	0	0	830798719324834e-20	0.0009275714278956343	13580654507015144e-22	0.0008758236793326256	0.08428592522635203	50214077844263944e-21
19.8	4.7671321747275135	4.7671321747275135	4.7671321747275135	0.09109212816953825	5.49849633754186	0.017719595644382077	9.602887099915138	499.6412573104477	0.6551772765953635	0	0	0	8307987200194221e-21	0.0009275714547906093	1358065171578119e-21	0.0008758236791473669	0.08428592461064562	5021408043336096e-20
19.9	4.767132174727513	4.767132174727513	4.767132174727513	0.09109212816953824	5.4984963375418605	0.017719595644382073	9.602887099915138	499.64125731044766	0.6551772765953636	0	0	0	8307987203106908e-21	0.0009275714661088428	1358065053666682e-21	0.000875823679069679	0.08428592435153577	5021408152712438e-20
20	4.7671321747275135	4.7671321747275135	4.7671321747275135	0.09109212816953824	5.49849633754186	0.01771959564438207	9.60288709991514	499.6412573104476	0.6551772765953636	0	0	0	8307987204814915e-21	0.0009275714727756271	13580649838985329e-22	0.000875823679024122	0.0842859241989057	50214082174332725e-21
20.1	4.7671321747275135	4.7671321747275135	4.7671321747275135	0.09109212816953824	5.498496337541859	0.017719595644382066	9.60288709991514	499.64125731044766	0.6551772765953636	0	0	0	8307987205372225e-21	0.0009275714749446713	13580649612636087e-22	0.000875823679009256	0.0842859241492474	5021408238430276e-20
20.2	4.7671321747275135	4.7671321747275135	4.7671321747275135	0.09109212816953824	5.498496337541861	0.017719595644382066	9.60288709991514	499.6412573104476	0.6551772765953636	0	0	0	8307987205785838e-21	0.0009275714765713363	13580649441032718e-22	0.000875823678998223	0.08428592411200592	502140825435058e-19
20.3	4.7671321747275135	4.7671321747275135	4.7671321747275135	0.09109212816953825	5.4984963375418605	0.017719595644382066	9.60288709991514	499.6412573104476	0.6551772765953635	0	0	0	8307987205899403e-21	0.0009275714770143361	13580649394690197e-22	0.0008758236789951927	0.08428592410186359	50214082586502e-18
20.4	4.7671321747275135	4.7671321747275135	4.7671321747275135	0.09109212816954462	5.498496337541813	0.017719595644375825	9.60288709991497	499.64125731045107	0.6551772765954221	0	0	0	8307987040945029e-21	0.000927570809237485	13580721935077975e-22	0.0008758236833947189	0.08428593939206888	5021401527405979e-20
20.5	4.7671321747275135	4.7671321747275135	4.7671321747275135	0.09109212816956685	5.498496337541645	0.017719595644354005	9.602887099914378	499.64125731046335	0.6551772765956271	0	0	0	8307986464664857e-21	0.0009275684763698669	13580975347278377e-22	0.0008758236987647875	0.08428599280814046	50213780125180806e-21
20.6	4.7671321747275135	4.7671321747275135	4.7671321747275135	0.09109212816960176	5.4984963375413765	0.017719595644319797	9.602887099913447	499.64125731048256	0.6551772765959484	0	0	0	8307985561098216e-21	0.0009275648186755799	13581372662833897e-22	0.0008758237228639701	0.08428607655898719	5021341144406927e-20
20.7	4.7671321747275135	4.7671321747275135	4.7671321747275135	0.09109212816964575	5.498496337541034	0.017719595644276623	9.602887099912273	499.64125731050694	0.6551772765963538	0	0	0	8307984420698478e-21	0.0009275602023842065	13581874092685073e-22	0.0008758237532797686	0.08428618225898181	50212946152251856e-21
20.8	4.767132174727514	4.767132174727514	4.767132174727514	0.09109212816969542	5.49849633754064	0.01771959564422791	9.60288709991095	499.6412573105347	0.6551772765968114	0	0	0	8307983133919018e-21	0.0009275549937253292	1358243984777243e-21	0.0008758237875996841	0.08428630152249708	502124211712553e-19
20.9	4.7671321747275135	4.7671321747275135	4.7671321747275135	0.09109212816974724	5.49849633754022	0.01771959564417707	9.602887099909568	499.6412573105638	0.6551772765972887	0	0	0	830798179121321e-20	0.0009275495589285303	135830301390365e-20	0.0008758238234112186	0.08428642596390573	5021187342260628e-20
21	4.767132174727514	4.767132174727514	4.767132174727514	0.09109212816979771	5.498496337539797	0.01771959564412754	9.60288709990822	499.64125731059255	0.6551772765977542	0	0	0	8307980483034425e-21	0.0009275442642233925	1358360517741781e-21	0.0008758238583018736	0.08428654719758057	502113398278315e-19
21.1	4.7671321747275135	4.7671321747275135	4.7671321747275135	0.09109212816984338	5.498496337539397	0.01771959564408274	9.602887099907003	499.64125731061887	0.6551772765981749	0	0	0	830797929983604e-20	0.0009275394758394979	135841251738569e-20	0.0008758238898591503	0.0842866568378943	50210857308457666e-21
21.2	4.7671321747275135	4.7671321747275135	4.7671321747275135	0.09109212816988073	5.498496337539042	0.01771959564404609	9.602887099906008	499.641257310641	0.6551772765985193	0	0	0	8307978332071424e-21	0.0009275355600064293	13584550339294298e-22	0.0008758239156705505	0.08428674649921972	50210462786011466e-21
21.3	4.7671321747275135	4.7671321747275135	4.7671321747275135	0.09109212816990626	5.498496337538758	0.017719595644021015	9.602887099905326	499.6412573106572	0.655177276598755	0	0	0	8307977670193953e-21	0.0009275328829537694	1358484088467053e-21	0.0008758239333235756	0.08428680779592956	5021019318201962e-20
21.4	4.7671321747275135	4.7671321747275135	4.7671321747275135	0.0910921281699165	5.498496337538569	0.017719595644010943	9.602887099905054	499.64125731066537	0.6551772765988497	0	0	0	8307977404657003e-21	0.0009275318109111001	13584957020926128e-22	0.0008758239404057274	0.08428683234239659	502100854180088e-19
21.5	4.7671321747275135	4.7671321747275135	4.7671321747275135	0.09109212816990796	5.498496337538498	0.017719595644019294	9.60288709990528	499.64125731066383	0.6551772765987715	0	0	0	8307977625913944e-21	0.0009275327101080041	13584858959001628e-22	0.0008758239345045074	0.08428681175299355	5021017641550574e-20
21.6	4.7671321747275135	4.7671321747275135	4.7671321747275135	0.09109212816987715	5.49849633753857	0.01771959564404949	9.602887099906102	499.6412573106507	0.6551772765984881	0	0	0	8307978424418151e-21	0.0009275359467740638	1358450690983756e-21	0.000875823913207417	0.08428673764209321	50210503096037115e-21
21.7	4.767132174727513	4.767132174727513	4.767132174727513	0.09109212816982057	5.498496337538809	0.017719595644104958	9.60288709990761	499.641257310624	0.6551772765979674	0	0	0	8307979890622996e-21	0.000927541887138862	13583861084374449e-22	0.0008758238741019579	0.08428660162406834	5021110238112962e-20
21.8	4.7671321747275135	4.7671321747275135	4.7671321747275135	0.09109212816973472	5.4984963375392395	0.017719595644189123	9.6028870999099	499.6412573105819	0.6551772765971774	0	0	0	8307982114981854e-21	0.0009275508974319807	13582881693552833e-22	0.0008758238147756314	0.08428639531329166	5021201119230998e-20
21.9	4.7671321747275135	4.7671321747275135	4.7671321747275135	0.09109212816962592	5.498496337540118	0.017719595644295802	9.602887099912802	499.6412573105209	0.6551772765961754	0	0	0	8307984934285818e-21	0.0009275623090817206	13581642240870561e-22	0.0008758237395814179	0.08428613401889459	50213161316887916e-21
22	4.7671321747275135	4.7671321747275135	4.7671321747275135	0.09109212816959998	5.498496337543299	0.017719595644321157	9.602887099913493	499.641257310438	0.6551772765959347	0	0	0	8307985606089512e-21	0.0009275649513366352	13581363849641245e-22	0.0008758237216636392	0.0842860735258856	5021341958010562e-20
22.1	4.7671321747275135	4.7671321747275135	4.7671321747275135	0.09109212816960503	5.498496337545244	0.01771959564431625	9.60288709991336	499.64125731039513	0.655177276595979	0	0	0	8307985475169276e-21	0.0009275643700347331	1358143269671854e-21	0.0008758237251554848	0.08428608684081738	5021335565223884e-20
22.2	4.767132174727514	4.767132174727514	4.767132174727514	0.09109212816957014	5.49849633754355	0.017719595644350564	9.602887099914291	499.641257310421	0.6551772765956584	0	0	0	8307986379436819e-21	0.0009275680813283162	13581023886278513e-22	0.0008758237010376292	0.08428600185801409	50213735042205245e-21
22.3	4.7671321747275135	4.7671321747275135	4.7671321747275135	0.09109212816956662	5.4984963375447835	0.017719595644353478	9.602887099914385	499.64125731039127	0.6551772765956297	0	0	0	8307986470604037e-21	0.0009275684190613678	13580990827565017e-22	0.0008758236986061366	0.08428599412779067	5021376569128184e-20
22.4	4.7671321747275135	4.7671321747275135	4.7671321747275135	0.0910921281695649	5.498496337545026	0.0177195956443551	9.60288709991443	499.641257310385	0.6551772765956143	0	0	0	8307986515193288e-21	0.0009275685935859633	13580972553006455e-22	0.0008758236974169316	0.08428599013223682	50213782643705197e-21
22.5	4.7671321747275135	4.7671321747275135	4.7671321747275135	0.0910921281695507	5.498496337543505	0.0177195956443693	9.60288709991481	499.64125731041463	0.6551772765954823	0	0	0	830798688269209e-20	0.0009275701235320725	13580801580236138e-22	0.0008758236876153186	0.084285955096899	5021394133026102e-20
22.6	4.7671321747275135	4.7671321747275135	4.7671321747275135	0.0910921281695513	5.4984963375442035	0.017719595644368227	9.602887099914792	499.6412573103988	0.6551772765954917	0	0	0	830798686715999e-20	0.000927570042410862	13580812548973613e-22	0.000875823688029573	0.08428595695603487	50213931135914116e-21
22.7	4.7671321747275135	4.7671321747275135	4.7671321747275135	0.0910921281695476	5.498496337543588	0.017719595644372126	9.602887099914891	499.64125731041145	0.6551772765954555	0	0	0	830798696309057e-20	0.000927570447430043	13580766625772928e-22	0.0008758236854710039	0.08428594768070558	5021397376385974e-20
22.8	4.7671321747275135	4.7671321747275135	4.7671321747275135	0.09109212816954351	5.498496337542986	0.017719595644376297	9.602887099915	499.6412573104238	0.6551772765954169	0	0	0	8307987069592917e-21	0.0009275708949260685	13580716157633722e-22	0.0008758236826305078	0.08428593743281045	5021402060867966e-20
22.9	4.7671321747275135	4.7671321747275135	4.7671321747275135	0.09109212816954414	5.498496337543338	0.01771959564437538	9.602887099914984	499.6412573104158	0.6551772765954251	0	0	0	8307987053530394e-21	0.0009275708205522104	1358072535909401e-21	0.0008758236830589503	0.08428593913663608	5021401206198486e-20
23	4.767132174727513	4.767132174727513	4.767132174727513	0.09109212816954151	5.498496337542678	0.017719595644378375	9.602887099915051	499.64125731043003	0.6551772765953975	0	0	0	8307987121744847e-21	0.0009275711144242536	13580691354526245e-22	0.00087582368123957	0.0842859324061655	5021404363142675e-20
23.1	4.7671321747275135	4.7671321747275135	4.7671321747275135	0.0910921281695406	5.4984963375425595	0.01771959564437925	9.602887099915078	499.6412573104324	0.6551772765953895	0	0	0	8307987145012986e-21	0.0009275712119540811	13580680393529222e-22	0.0008758236806189907	0.08428593017269946	5021405380520788e-20
23.2	4.7671321747275135	4.7671321747275135	4.7671321747275135	0.09109212816954074	5.498496337542676	0.01771959564437896	9.602887099915074	499.64125731042975	0.655177276595392	0	0	0	830798714066966e-20	0.0009275711913506906	13580683002044307e-22	0.0008758236807348441	0.08428593064473541	5021405138191609e-20
23.3	4.7671321747275135	4.7671321747275135	4.7671321747275135	0.09109212816953945	5.498496337542251	0.017719595644380588	9.602887099915112	499.641257310439	0.6551772765953772	0	0	0	8307987175154752e-21	0.000927571342244975	13580665265624503e-22	0.000875823679815057	0.08428592718863867	5021406785013495e-20
23.4	4.7671321747275135	4.7671321747275135	4.7671321747275135	0.09109212816953935	5.498496337542276	0.017719595644380616	9.602887099915112	499.6412573104385	0.6551772765953768	0	0	0	8307987177944738e-21	0.0009275713530661158	13580664162638109e-22	0.0008758236797406408	0.084285926940907	50214068873079404e-21
23.5	4.7671321747275135	4.7671321747275135	4.7671321747275135	0.09109212816953927	5.4984963375422575	0.017719595644380706	9.602887099915113	499.6412573104389	0.655177276595376	0	0	0	8307987180250222e-21	0.0009275713629083143	13580663035087128e-22	0.0008758236796791675	0.08428592671550217	50214069919801866e-21
23.6	4.7671321747275135	4.7671321747275135	4.7671321747275135	0.09109212816954144	5.498496337543372	0.01771959564437722	9.602887099915055	499.641257310414	0.6551772765954077	0	0	0	8307987124514946e-21	0.0009275711086350061	1358069421116085e-21	0.0008758236811657152	0.08428593254029429	5021404096398658e-20
23.7	4.7671321747275135	4.7671321747275135	4.7671321747275135	0.09109212816954891	5.498496337547011	0.017719595644365666	9.602887099914858	499.64125731033306	0.6551772765955131	0	0	0	8307986933762522e-21	0.0009275702428454902	1358079982917192e-21	0.0008758236862533256	0.08428595237308101	50213942871286095e-21
23.8	4.7671321747275135	4.7671321747275135	4.7671321747275135	0.09109212816955661	5.498496337550724	0.01771959564435386	9.602887099914653	499.6412573102506	0.6551772765956208	0	0	0	830798673745593e-20	0.0009275693526723434	1358090832146951e-21	0.0008758236914890644	0.08428597276435976	50213842109758745e-21
23.9	4.7671321747275135	4.7671321747275135	4.7671321747275135	0.09109212816955935	5.498496337552004	0.01771959564434976	9.60288709991458	499.6412573102221	0.6551772765956579	0	0	0	8307986668049079e-21	0.0009275690387710076	13580946477095175e-22	0.0008758236933402254	0.0842859799548618	5021380667364226e-20
24	4.7671321747275135	4.7671321747275135	4.7671321747275135	0.0910921281695519	5.498496337548346	0.01771959564436136	9.602887099914778	499.64125731030344	0.6551772765955524	0	0	0	8307986857995882e-21	0.0009275699017969249	13580841085090477e-22	0.0008758236882741022	0.08428596018531848	5021390455717431e-20
