0	4.7671321747275135	4.7671321747275135	4.7671321747275135	0.09109212816953825	5.498496337541862	0.017719595644382066	9.60288709991514	499.64125731044754	0.6551772765953636	0	0	0	0	0	0	0	0	0
0.1	4.7671321747275135	4.7671321747275135	4.7671321747275135	0.09109212816953825	5.498496337541862	0.017719595644382066	9.60288709991514	499.64125731044754	0.6551772765953636	0	0	0	0	0	0	-5059365223782553e-21	-0.0002696536370866396	0
0.2	4.7671321747275135	4.7671321747275135	4.7671321747275135	0.09109212816953825	5.498496337541862	0.017719595644382066	9.60288709991514	499.64125731044754	0.6551772765953636	0	0	0	0	-27129932964213476e-22	0	-9156166099654195e-21	-0.000513543871670269	0
0.3	4.7671321747275135	4.7671321747275135	4.7671321747275135	0.09109212816953824	5.498496337541862	0.017719595644382066	9.60288709991514	499.64125731044754	0.6551772765953636	0	0	0	0	-447279620608673e-20	0	-12473533582958737e-21	-0.0007419516526862691	0
0.4	4.767132174727514	4.767132174727514	4.767132174727514	0.09109212816953825	5.498496337541862	0.01771959564438207	9.60288709991514	499.6412573104475	0.6551772765953636	0	0	0	0	-6018043754536029e-21	0	-15159772399425283e-21	-0.0009555387936539103	-10098000689683682e-22
0.5	4.7671321747275135	4.7671321747275135	4.7671321747275135	0.09109212816953825	5.498496337541862	0.017719595644382066	9.60288709991514	499.64125731044754	0.6551772765953635	0	0	0	0	-7311546687528873e-21	0	-17334960022809703e-21	-0.0011529446521540549	-11443841592080377e-22
0.6	4.767132174727514	4.767132174727514	4.767132174727514	0.09109212816953825	5.498496337541862	0.017719595644382066	9.60288709991514	499.64125731044754	0.6551772765953636	0	0	0	0	-8373879156661112e-21	0	-19096429036213008e-21	-0.0013330347544919816	-12490078075774428e-22
0.7	4.7671321747275135	4.7671321747275135	4.7671321747275135	0.09109212816953824	5.498496337541862	0.017719595644382066	9.60288709991514	499.64125731044754	0.6551772765953635	0	0	0	0	-923929373398897e-20	0	-20522545891093387e-21	-0.0014954254122372043	-1329685930569255e-21
0.8	4.7671321747275135	4.7671321747275135	4.7671321747275135	0.09109212816953823	5.498496337541862	0.017719595644382066	9.60288709991514	499.6412573104476	0.6551772765953635	0	0	0	0	-9942455872717457e-21	0	-21678088260518412e-21	-0.0016403485290381193	-1391416325496125e-21
0.9	4.7671321747275135	4.7671321747275135	4.7671321747275135	0.09109212816953823	5.498496337541863	0.017719595644382066	9.60288709991514	499.6412573104476	0.6551772765953635	0	0	0	0	-10511724149561294e-21	0	-2261250057598533e-20	-0.0017686606791865722	-14380154307693635e-22
1	4.7671321747275135	4.7671321747275135	4.7671321747275135	0.09109212816953824	5.498496337541862	0.017719595644382066	9.60288709991514	499.6412573104476	0.6551772765953635	0	0	0	0	-10973107747621988e-21	0	-2337009616744265e-20	-0.0018813904123597533	-14728992710192326e-22
1.1	4.7671321747275135	4.7671321747275135	4.7671321747275135	0.09109212816953824	5.4984963375418605	0.017719595644382063	9.60288709991514	499.6412573104476	0.6551772765953635	0	0	0	0	-11346631112062634e-21	0	-2398302291204909e-20	-0.001979840191003067	-14985210660152319e-22
1.2	4.7671321747275135	4.7671321747275135	4.7671321747275135	0.09109212816953824	5.4984963375418605	0.017719595644382063	9.60288709991514	499.6412573104476	0.6551772765953635	0	0	0	0	-11649233377505783e-21	0	-2447959473078782e-20	-0.0020653649636576043	-15170237672791138e-22
1.3	4.7671321747275135	4.7671321747275135	4.7671321747275135	0.09109212816953824	5.498496337541861	0.017719595644382066	9.60288709991514	499.6412573104476	0.6551772765953635	0	0	0	0	-11894353928686258e-21	0	-24881748697567147e-21	-0.0021393167011007626	-15300365218193487e-22
1.4	4.767132174727514	4.767132174727514	4.767132174727514	0.09109212816953825	5.498496337541862	0.017719595644382066	9.60288709991514	499.64125731044766	0.6551772765953635	0	0	0	0	-12092610450539971e-21	0	-25207011885046198e-21	-0.0022029957403321776	-15388299008211201e-22
1.5	4.7671321747275135	4.7671321747275135	4.7671321747275135	0.09109212816953824	5.4984963375418605	0.017719595644382066	9.60288709991514	499.64125731044754	0.6551772765953634	0	0	0	0	-1225349580578025e-20	0	-25470959294109973e-21	-0.002257662351872824	-1544516623446497e-21
1.6	4.7671321747275135	4.7671321747275135	4.7671321747275135	0.09109212816953824	5.4984963375418605	0.017719595644382066	9.60288709991514	499.6412573104476	0.6551772765953635	0	0	0	0	-12383550722239298e-21	0	-25684301032816984e-21	-0.002304405468601435	-15478182333823926e-22
1.7	4.7671321747275135	4.7671321747275135	4.7671321747275135	0.09109212816953825	5.498496337541861	0.017719595644382066	9.60288709991514	499.6412573104476	0.6551772765953635	0	0	0	0	-12488792295511097e-21	0	-25856962549347334e-21	-0.0023442703558712954	-15493934410596461e-22
1.8	4.7671321747275135	4.7671321747275135	4.7671321747275135	0.09109212816953825	5.498496337541863	0.017719595644382066	9.60288709991514	499.64125731044754	0.6551772765953635	0	0	0	0	-1257433582155817e-20	0	-25997273991584783e-21	-0.002378225366009227	-15497748078071404e-22
1.9	4.7671321747275135	4.7671321747275135	4.7671321747275135	0.09109212816953825	5.498496337541864	0.01771959564438207	9.60288709991514	499.6412573104475	0.6551772765953635	0	0	0	0	-12643451185485917e-21	0	-26110610703903066e-21	-0.0024070233615233905	-15492682099207455e-22
2	4.7671321747275135	4.7671321747275135	4.7671321747275135	0.09109212816953825	5.498496337541865	0.01771959564438207	9.60288709991514	499.64125731044743	0.6551772765953635	0	0	0	0	-12699182515874147e-21	0	-2620203180816235e-20	-0.0024313823562042173	-15481563884143237e-22
2.1	4.7671321747275135	4.7671321747275135	4.7671321747275135	0.09109212816953825	5.498496337541864	0.017719595644382063	9.60288709991514	499.64125731044743	0.6551772765953635	0	0	0	0	-12744500557100825e-21	0	-26276389308983112e-21	-0.002452005422461673	-15467067057485838e-22
2.2	4.7671321747275135	4.7671321747275135	4.7671321747275135	0.09109212816953825	5.49849633754187	0.01771959564438205	9.60288709991514	499.64125731044743	0.6551772765953637	0	0	0	0	-1278139576496168e-20	0	-26336754875143324e-21	-0.002469426718344242	-15450591782849505e-22
2.3	4.7671321747275135	4.7671321747275135	4.7671321747275135	0.09109212816953827	5.4984963375418765	0.017719595644382035	9.60288709991514	499.6412573104473	0.6551772765953637	0	0	0	0	-12811160016803481e-21	0	-26385415386564784e-21	-0.0024840750793410794	-15433013806624205e-22
2.4	4.7671321747275135	4.7671321747275135	4.7671321747275135	0.09109212816953825	5.498496337541876	0.01771959564438203	9.60288709991514	499.6412573104473	0.6551772765953638	0	0	0	0	-12835070181121834e-21	0	-264246657002261e-19	-0.0024963778505714233	-15415217270521039e-22
2.5	4.7671321747275135	4.7671321747275135	4.7671321747275135	0.0910921281695383	5.49849633754188	0.017719595644382035	9.602887099915138	499.6412573104472	0.6551772765953637	0	0	0	0	-12854551832916545e-21	0	-26456652390077357e-21	-0.002506740071253152	-15398026136696514e-22
2.6	4.7671321747275135	4.7671321747275135	4.7671321747275135	0.09109212816953845	5.4984963375419245	0.017719595644381966	9.602887099915137	499.64125731044624	0.6551772765953645	0	0	0	0	-12870776327112857e-21	0	-26482610331326634e-21	-0.0025154341374681163	-15381759630204225e-22
2.7	4.7671321747275135	4.7671321747275135	4.7671321747275135	0.09109212816953859	5.4984963375419635	0.0177195956443819	9.602887099915133	499.6412573104454	0.6551772765953651	0	0	0	0	-1288391729230282e-20	0	-26503530133472643e-21	-0.0025227004884284124	-1536649456019035e-21
2.8	4.7671321747275135	4.7671321747275135	4.7671321747275135	0.09109212816953854	5.498496337541952	0.017719595644381917	9.602887099915133	499.6412573104456	0.6551772765953651	0	0	0	0	-12894100556512863e-21	0	-26520411353309512e-21	-0.002528781058853864	-15352306890145814e-22
2.9	4.7671321747275135	4.7671321747275135	4.7671321747275135	0.09109212816953849	5.498496337541941	0.017719595644381952	9.602887099915135	499.6412573104459	0.6551772765953647	0	0	0	0	-12902236712206927e-21	0	-26534169407075672e-21	-0.0025338846540667627	-1533939970751851e-21
3	4.767132174727514	4.767132174727514	4.767132174727514	0.09109212816953884	5.498496337542063	0.0177195956443818	9.602887099915126	499.6412573104432	0.6551772765953661	0	0	0	0	-12909776111480263e-21	0	-26545319729632124e-21	-0.002538127859554909	-15327948113492659e-22
3.1	4.7671321747275135	4.7671321747275135	4.7671321747275135	0.09109212816953906	5.498496337542145	0.017719595644381688	9.60288709991512	499.6412573104414	0.6551772765953668	0	0	0	0	-12915804013582585e-21	0	-26554311451253886e-21	-0.0025416621822330777	-15317636164562029e-22
3.2	4.7671321747275135	4.7671321747275135	4.7671321747275135	0.09109212816953874	5.498496337542023	0.01771959564438185	9.60288709991513	499.641257310444	0.6551772765953655	0	0	0	0	-1291943749321983e-20	0	-26561595103967412e-21	-0.002544638401742244	-15308159929607105e-22
3.3	4.7671321747275135	4.7671321747275135	4.7671321747275135	0.09109212816953863	5.498496337542003	0.01771959564438186	9.602887099915133	499.6412573104445	0.6551772765953654	0	0	0	0	-12922755006424756e-21	0	-265675138718499e-19	-0.00254711395202456	-15299891812035388e-22
3.4	4.7671321747275135	4.7671321747275135	4.7671321747275135	0.09109212816953872	5.498496337542053	0.017719595644381782	9.602887099915128	499.6412573104433	0.6551772765953661	0	0	0	0	-1292588218830265e-20	0	-26572296081998046e-21	-0.0025491615018279714	-15292713364630997e-22
3.5	4.7671321747275135	4.7671321747275135	4.7671321747275135	0.0910921281695385	5.498496337541965	0.017719595644381914	9.602887099915135	499.64125731044527	0.655177276595365	0	0	0	0	-1292776005315349e-20	0	-2657616905584755e-20	-0.0025508799777347857	-15286232008122764e-22
3.6	4.7671321747275135	4.7671321747275135	4.7671321747275135	0.09109212816953842	5.498496337541936	0.01771959564438195	9.602887099915137	499.64125731044584	0.6551772765953646	0	0	0	0	-1292947764947055e-20	0	-2657931032298042e-20	-0.0025523051387679905	-15280635754336692e-22
3.7	4.7671321747275135	4.7671321747275135	4.7671321747275135	0.09109212816953842	5.498496337541936	0.01771959564438194	9.602887099915138	499.6412573104458	0.6551772765953647	0	0	0	0	-12931005422035164e-21	0	-26581848962037678e-21	-0.0025534841938951672	-15275801593165406e-22
3.8	4.767132174727513	4.767132174727513	4.767132174727513	0.09109212816953832	5.498496337541895	0.017719595644382014	9.60288709991514	499.64125731044663	0.655177276595364	0	0	0	0	-12932063776986477e-21	0	-26583907865394945e-21	-0.0025544681109842308	-1527154928900475e-21
3.9	4.7671321747275135	4.7671321747275135	4.7671321747275135	0.09109212816953831	5.498496337541898	0.01771959564438202	9.60288709991514	499.64125731044675	0.6551772765953641	0	0	0	0	-1293305964392857e-20	0	-2658557463361807e-20	-0.002555280981002851	-15267916318886618e-22
4	4.7671321747275135	4.7671321747275135	4.7671321747275135	0.09109212816953828	5.498496337541889	0.017719595644382035	9.60288709991514	499.64125731044703	0.6551772765953641	0	0	0	0	-12933840867735292e-21	0	-26586922585120034e-21	-0.002555954970554544	-15264771501329855e-22
4.1	4.7671321747275135	4.7671321747275135	4.7671321747275135	0.09109212816953834	5.498496337541907	0.01771959564438199	9.602887099915138	499.64125731044663	0.6551772765953643	0	0	0	0	-12934551264479223e-21	0	-26588017840504044e-21	-0.0025565130788601496	-15262090691444224e-22
4.2	4.7671321747275135	4.7671321747275135	4.7671321747275135	0.09109212816953846	5.498496337541958	0.0177195956443819	9.602887099915137	499.64125731044544	0.6551772765953651	0	0	0	0	-12935241760090785e-21	0	-26588903266800562e-21	-0.002556972187167851	-15259828973309669e-22
4.3	4.7671321747275135	4.7671321747275135	4.7671321747275135	0.0910921281695385	5.498496337541976	0.017719595644381872	9.602887099915135	499.64125731044504	0.6551772765953653	0	0	0	0	-12935728987821379e-21	0	-26589617075031066e-21	-0.002557352788179118	-1525786285977695e-21
4.4	4.7671321747275135	4.7671321747275135	4.7671321747275135	0.09109212816953843	5.498496337541956	0.017719595644381886	9.602887099915135	499.6412573104455	0.6551772765953651	0	0	0	0	-1293600868035096e-20	0	-2659019683276659e-20	-0.002557671040876327	-15256140166608395e-22
4.5	4.7671321747275135	4.7671321747275135	4.7671321747275135	0.09109212816953884	5.49849633754223	0.017719595644381293	9.602887099915126	499.6412573104394	0.6551772765953706	0	0	0	0	-12936994457226112e-21	0	-26590668505473703e-21	-0.0025579176916315925	-15254977110978294e-22
4.6	4.7671321747275135	4.7671321747275135	4.7671321747275135	0.0910921281695394	5.498496337542589	0.017719595644380533	9.60288709991511	499.64125731043146	0.6551772765953775	0	0	0	0	-12938156835435329e-21	0	-26591049037601914e-21	-0.0025581129281678256	-15254120469091189e-22
4.7	4.7671321747275135	4.7671321747275135	4.7671321747275135	0.09109212816953961	5.498496337542709	0.01771959564438028	9.602887099915105	499.6412573104287	0.6551772765953798	0	0	0	0	-12938665649623972e-21	0	-2659135525766327e-20	-0.0025582837526396253	-15253197738006995e-22
4.8	4.7671321747275135	4.7671321747275135	4.7671321747275135	0.091092128169539	5.498496337542318	0.017719595644381112	9.60288709991512	499.6412573104374	0.6551772765953722	0	0	0	0	-12937804027513295e-21	0	-2659160385617796e-20	-0.002558454506922136	-15251883952226205e-22
4.9	4.7671321747275135	4.7671321747275135	4.7671321747275135	0.09109212816953866	5.498496337542111	0.01771959564438152	9.60288709991513	499.6412573104421	0.6551772765953686	0	0	0	0	-12937365420826915e-21	0	-26591806135656726e-21	-0.0025585895847189785	-152509035805437e-20
5	4.7671321747275135	4.7671321747275135	4.7671321747275135	0.09109212816953859	5.498496337542084	0.017719595644381563	9.602887099915131	499.6412573104426	0.6551772765953682	0	0	0	0	-12937377971276246e-21	0	-2659196964931331e-20	-0.0025586922944422544	-15250230524676507e-22
5.1	4.7671321747275135	4.7671321747275135	4.7671321747275135	0.09109212816953838	5.498496337541957	0.01771959564438185	9.602887099915137	499.64125731044544	0.6551772765953656	0	0	0	0	-12937141447658004e-21	0	-26592102224599146e-21	-0.002558782763047731	-1524954589304285e-21
5.2	4.7671321747275135	4.7671321747275135	4.7671321747275135	0.09109212816953834	5.498496337541937	0.017719595644381896	9.602887099915138	499.6412573104458	0.6551772765953652	0	0	0	0	-12937149769894698e-21	0	-26592209547426844e-21	-0.0025588526653000116	-15249062145825934e-22
5.3	4.7671321747275135	4.7671321747275135	4.7671321747275135	0.09109212816953832	5.4984963375419085	0.017719595644381962	9.602887099915138	499.64125731044646	0.6551772765953647	0	0	0	0	-12937131988397496e-21	0	-26592296373326738e-21	-0.0025589108093165627	-15248639289718193e-22
5.4	4.767132174727513	4.767132174727513	4.767132174727513	0.09109212816953828	5.498496337541885	0.01771959564438201	9.60288709991514	499.641257310447	0.6551772765953642	0	0	0	0	-12937120485514474e-21	0	-26592366797222463e-21	-0.0025589587057580554	-15248284483377794e-22
5.5	4.7671321747275135	4.7671321747275135	4.7671321747275135	0.09109212816953825	5.498496337541884	0.01771959564438202	9.60288709991514	499.6412573104471	0.6551772765953642	0	0	0	0	-12937147820659616e-21	0	-26592423727042076e-21	-0.0025589972638656302	-15248003351138652e-22
5.6	4.7671321747275135	4.7671321747275135	4.7671321747275135	0.09109212816953824	5.498496337541872	0.017719595644382045	9.60288709991514	499.64125731044743	0.6551772765953638	0	0	0	0	-12937147689170604e-21	0	-2659246987673174e-20	-0.002559029564066195	-15247754683469072e-22
5.7	4.7671321747275135	4.7671321747275135	4.7671321747275135	0.09109212816953824	5.4984963375418685	0.017719595644382056	9.60288709991514	499.64125731044743	0.6551772765953638	0	0	0	0	-12937164723047544e-21	0	-26592507244145367e-21	-0.0025590557604550043	-15247554484483012e-22
5.8	4.7671321747275135	4.7671321747275135	4.7671321747275135	0.09109212816953824	5.498496337541866	0.01771959564438206	9.60288709991514	499.64125731044754	0.6551772765953637	0	0	0	0	-129371773645282e-19	0	-2659253746960167e-20	-0.0025590773350097273	-15247385317364e-19
5.9	4.767132174727514	4.767132174727514	4.767132174727514	0.09109212816953827	5.498496337541865	0.01771959564438207	9.60288709991514	499.6412573104476	0.6551772765953637	0	0	0	0	-12937187055453156e-21	0	-26592561987475777e-21	-0.002559095127835039	-15247242763488462e-22
6	4.7671321747275135	4.7671321747275135	4.7671321747275135	0.09109212816953827	5.498496337541865	0.017719595644382066	9.60288709991514	499.6412573104476	0.6551772765953636	0	0	0	0	-1293719849364792e-20	0	-2659258180867131e-20	-0.0025591096664174867	-15247125092091277e-22
6.1	4.7671321747275135	4.7671321747275135	4.7671321747275135	0.09109212816953827	5.498496337541862	0.017719595644382066	9.60288709991514	499.6412573104476	0.6551772765953636	0	0	0	0	-12937205788061743e-21	0	-26592597873380065e-21	-0.002559121680461291	-15247025126586397e-22
6.2	4.7671321747275135	4.7671321747275135	4.7671321747275135	0.09109212816953828	5.498496337541864	0.017719595644382063	9.60288709991514	499.6412573104476	0.6551772765953635	0	0	0	0	-12937213142893031e-21	0	-2659261088383072e-20	-0.0025591315287548824	-15246942126468892e-22
6.3	4.7671321747275135	4.7671321747275135	4.7671321747275135	0.0910921281695383	5.498496337541867	0.017719595644382063	9.60288709991514	499.64125731044754	0.6551772765953635	0	0	0	0	-12937219966821747e-21	0	-2659262140639284e-20	-0.0025591395989782925	-1524687311826841e-21
6.4	4.7671321747275135	4.7671321747275135	4.7671321747275135	0.09109212816954175	5.498496337542392	0.017719595644381463	9.602887099915046	499.64125731043674	0.6551772765953688	0	0	0	0	-12937341121130834e-21	0	-2659262999069685e-20	-0.0025591436304612885	-15246886556035303e-22
6.5	4.7671321747275135	4.7671321747275135	4.7671321747275135	0.09109212816954965	5.498496337543581	0.0177195956443801	9.602887099914838	499.64125731041236	0.6551772765953808	0	0	0	0	-12937609285287023e-21	0	-2659263694314186e-20	-0.002559143088775147	-15247000989908415e-22
6.6	4.7671321747275135	4.7671321747275135	4.7671321747275135	0.09109212816955982	5.498496337545116	0.017719595644378337	9.602887099914566	499.64125731038087	0.6551772765953964	0	0	0	0	-12937954603356604e-21	0	-26592642485080876e-21	-0.0025591397292972313	-15247171929955922e-22
6.7	4.7671321747275135	4.7671321747275135	4.7671321747275135	0.09109212816957027	5.498496337546682	0.01771959564437654	9.602887099914287	499.64125731034875	0.6551772765954123	0	0	0	0	-12938307219405872e-21	0	-26592646837866898e-21	-0.002559135307404909	-15247354886246e-19
6.8	4.7671321747275135	4.7671321747275135	4.7671321747275135	0.09109212816957885	5.4984963375479605	0.01771959564437506	9.602887099914058	499.64125731032266	0.6551772765954252	0	0	0	0	-12938597277501124e-21	0	-2659265022285292e-20	-0.002559131578475544	-15247505368846826e-22
6.9	4.7671321747275135	4.7671321747275135	4.7671321747275135	0.0910921281695835	5.498496337548635	0.017719595644374274	9.602887099913934	499.6412573103089	0.6551772765954322	0	0	0	0	-12938754921708649e-21	0	-26592652861391947e-21	-0.0025591302978865012	-15247578887826577e-22
7	4.7671321747275135	4.7671321747275135	4.7671321747275135	0.09109212816958213	5.498496337548388	0.017719595644374534	9.602887099913971	499.6412573103141	0.65517727659543	0	0	0	0	-12938710296094745e-21	0	-26592654974836976e-21	-0.0025591332210151466	-15247530953253428e-22
7.1	4.7671321747275135	4.7671321747275135	4.7671321747275135	0.09109212816957266	5.498496337546902	0.017719595644376217	9.602887099914224	499.64125731034466	0.6551772765954154	0	0	0	0	-12938393544725705e-21	0	-26592656784541004e-21	-0.0025591421032388454	-15247317075195555e-22
7.2	4.7671321747275135	4.7671321747275135	4.7671321747275135	0.0910921281695543	5.498496337544085	0.01771959564437942	9.602887099914712	499.6412573104026	0.655177276595387	0	0	0	0	-12937778910552244e-21	0	-2659265849501801e-20	-0.0025591576768545623	-15246920614498479e-22
7.3	4.7671321747275135	4.7671321747275135	4.7671321747275135	0.0910921281695462	5.498496337543128	0.017719595644380588	9.602887099914929	499.6412573104215	0.6551772765953767	0	0	0	0	-12937508109085124e-21	0	-26592659968411052e-21	-0.0025591651363317987	-1524674484621795e-21
7.4	4.7671321747275135	4.7671321747275135	4.7671321747275135	0.091092128169544	5.498496337542934	0.01771959564438087	9.602887099914987	499.6412573104251	0.6551772765953742	0	0	0	0	-12937435086899407e-21	0	-26592661159727765e-21	-0.0025591678269585474	-15246691653919487e-22
7.5	4.7671321747275135	4.7671321747275135	4.7671321747275135	0.09109212816954058	5.498496337542302	0.017719595644381567	9.602887099915078	499.64125731043833	0.6551772765953681	0	0	0	0	-12937321379717641e-21	0	-2659266212578043e-20	-0.0025591712726367884	-15246610601508362e-22
7.6	4.7671321747275135	4.7671321747275135	4.7671321747275135	0.09109212816953992	5.498496337542234	0.017719595644381643	9.602887099915094	499.64125731043964	0.6551772765953674	0	0	0	0	-12937299312176857e-21	0	-26592662907316854e-21	-0.0025591724619819073	-1524659041057307e-21
7.7	4.7671321747275135	4.7671321747275135	4.7671321747275135	0.091092128169539	5.4984963375420355	0.017719595644381872	9.602887099915119	499.64125731044385	0.6551772765953654	0	0	0	0	-12937269847357906e-21	0	-26592663540276136e-21	-0.00255917369911045	-15246565094359442e-22
7.8	4.7671321747275135	4.7671321747275135	4.7671321747275135	0.0910921281695387	5.498496337541973	0.017719595644381945	9.602887099915128	499.6412573104451	0.6551772765953646	0	0	0	0	-12937258957442055e-21	0	-2659266405308923e-20	-0.0025591744089077293	-15246553202635716e-22
7.9	4.7671321747275135	4.7671321747275135	4.7671321747275135	0.09109212816953854	5.498496337541936	0.01771959564438199	9.602887099915133	499.6412573104459	0.6551772765953644	0	0	0	0	-12937253727502565e-21	0	-26592664467851437e-21	-0.0025591749056692796	-15246545646320927e-22
8	4.767132174727513	4.767132174727513	4.767132174727513	0.09109212816953838	5.498496337541895	0.017719595644382028	9.602887099915135	499.64125731044675	0.6551772765953638	0	0	0	0	-12937248701533914e-21	0	-26592664804215552e-21	-0.0025591753304156457	-1524653881768218e-21
8.1	4.7671321747275135	4.7671321747275135	4.7671321747275135	0.09109212816953834	5.49849633754189	0.017719595644382035	9.602887099915138	499.6412573104469	0.6551772765953638	0	0	0	0	-12937247818855702e-21	0	-26592665076208338e-21	-0.0025591756039783113	-1524653542052152e-21
8.2	4.7671321747275135	4.7671321747275135	4.7671321747275135	0.09109212816953828	5.498496337541874	0.01771959564438206	9.602887099915138	499.64125731044726	0.6551772765953637	0	0	0	0	-12937246164963166e-21	0	-26592665296662446e-21	-0.0025591758498218	-15246531888112556e-22
8.3	4.7671321747275135	4.7671321747275135	4.7671321747275135	0.09109212816953825	5.4984963375418685	0.01771959564438206	9.60288709991514	499.64125731044743	0.6551772765953637	0	0	0	0	-1293724582339625e-20	0	-26592665475129082e-21	-0.0025591760280069876	-15246529698304054e-22
8.4	4.7671321747275135	4.7671321747275135	4.7671321747275135	0.09109212816953824	5.498496337541866	0.017719595644382063	9.602887099915142	499.64125731044743	0.6551772765953637	0	0	0	0	-12937245521183128e-21	0	-2659266561956401e-20	-0.0025591761745086036	-15246527849597049e-22
8.5	4.7671321747275135	4.7671321747275135	4.7671321747275135	0.09109212816953824	5.498496337541865	0.017719595644382066	9.60288709991514	499.6412573104475	0.6551772765953636	0	0	0	0	-12937245369595488e-21	0	-26592665736653795e-21	-0.0025591762924722086	-15246526386284518e-22
8.6	4.7671321747275135	4.7671321747275135	4.7671321747275135	0.09109212816953824	5.498496337541864	0.017719595644382066	9.60288709991514	499.64125731044754	0.6551772765953636	0	0	0	0	-12937245363947938e-21	0	-26592665831328114e-21	-0.0025591763862950665	-15246525259921875e-22
8.7	4.7671321747275135	4.7671321747275135	4.7671321747275135	0.09109212816953376	5.4984963375424725	0.017719595644383555	9.602887099915257	499.64125731043185	0.655177276595349	0	0	0	0	-129373240468626e-19	0	-26592665906658515e-21	-0.002559174653585858	-15246587067655741e-22
8.8	4.767132174727513	4.767132174727513	4.767132174727513	0.09109212816951975	5.498496337544382	0.017719595644388225	9.602887099915634	499.6412573103827	0.6551772765953033	0	0	0	0	-12937570387092116e-21	0	-26592665963538434e-21	-0.0025591690505186453	-15246782713348154e-22
8.9	4.7671321747275135	4.7671321747275135	4.7671321747275135	0.09109212816949873	5.498496337547247	0.017719595644395222	9.602887099916195	499.64125731030896	0.6551772765952351	0	0	0	0	-12937939523270887e-21	0	-26592666004509818e-21	-0.002559160610443458	-15247076391055133e-22
9	4.7671321747275135	4.7671321747275135	4.7671321747275135	0.09109212816947336	5.498496337550712	0.017719595644403674	9.602887099916872	499.64125731021966	0.6551772765951522	0	0	0	0	-12938385447105688e-21	0	-2659266603213397e-20	-0.002559150393086176	-15247431380343758e-22
9.1	4.7671321747275135	4.7671321747275135	4.7671321747275135	0.0910921281694462	5.498496337554423	0.01771959564441272	9.602887099917595	499.64125731012405	0.6551772765950639	0	0	0	0	-12938862150303296e-21	0	-26592666048972224e-21	-0.002559139458172681	-15247810960781117e-22
9.2	4.7671321747275135	4.7671321747275135	4.7671321747275135	0.09109212816941994	5.498496337558026	0.01771959564442148	9.602887099918297	499.6412573100314	0.6551772765949783	0	0	0	0	-12939323624570494e-21	0	-2659266605758589e-20	-0.0025591288654288535	-15248178411934293e-22
9.3	4.7671321747275135	4.7671321747275135	4.7671321747275135	0.09109212816939716	5.498496337561164	0.017719595644429098	9.602887099918904	499.6412573099506	0.6551772765949039	0	0	0	0	-12939723861614056e-21	0	-26592666060536297e-21	-0.002559119674580575	-15248497013370367e-22
9.4	4.7671321747275135	4.7671321747275135	4.7671321747275135	0.09109212816938048	5.498496337563484	0.01771959564443469	9.60288709991935	499.641257309891	0.6551772765948491	0	0	0	0	-12940016853140761e-21	0	-26592666060384753e-21	-0.002559112945353725	-15248730044656419e-22
9.5	4.7671321747275135	4.7671321747275135	4.7671321747275135	0.09109212816937254	5.498496337564632	0.017719595644437394	9.602887099919561	499.6412573098616	0.6551772765948227	0	0	0	0	-1294015659085739e-20	0	-2659266605969258e-20	-0.002559109737474186	-15248840785359538e-22
9.6	4.7671321747275135	4.7671321747275135	4.7671321747275135	0.09109212816937592	5.498496337564249	0.017719595644436335	9.60288709991947	499.6412573098716	0.655177276594833	0	0	0	0	-1294009706647072e-20	0	-2659266606102111e-20	-0.0025591111106678375	-15248792515046805e-22
9.7	4.7671321747275135	4.7671321747275135	4.7671321747275135	0.09109212816939327	5.498496337561985	0.01771959564443065	9.602887099919009	499.64125730993015	0.6551772765948886	0	0	0	0	-12939792271687526e-21	0	-2659266606693165e-20	-0.002559118124660561	-15248548513285302e-22
9.8	4.7671321747275135	4.7671321747275135	4.7671321747275135	0.09109212816942722	5.498496337557484	0.017719595644419463	9.602887099918105	499.6412573100464	0.6551772765949978	0	0	0	0	-1293919619821459e-20	0	-2659266607998552e-20	-0.002559131839178237	-15248072059642113e-22
9.9	4.7671321747275135	4.7671321747275135	4.7671321747275135	0.09109212816948027	5.498496337550396	0.01771959564440193	9.602887099916689	499.6412573102292	0.6551772765951692	0	0	0	0	-12938263797963998e-21	0	-26592666102733042e-21	-0.0025591532918646815	-1524732720948173e-21
10	4.7671321747275135	4.7671321747275135	4.7671321747275135	0.09109212816951412	5.4984963375452685	0.017719595644390313	9.602887099915785	499.64125731035983	0.655177276595283	0	0	0	0	-12937669288697e-18	0	-26592666127841376e-21	-0.002559166978072746	-15246857636628208e-22
10.1	4.7671321747275135	4.7671321747275135	4.7671321747275135	0.09109212816952168	5.498496337543668	0.017719595644387357	9.602887099915584	499.64125731039945	0.6551772765953123	0	0	0	0	-12937535969699293e-21	0	-26592666148149522e-21	-0.0025591700584024837	-15246756257485651e-22
10.2	4.7671321747275135	4.7671321747275135	4.7671321747275135	0.09109212816953148	5.498496337542611	0.017719595644384252	9.602887099915321	499.6412573104275	0.6551772765953423	0	0	0	0	-12937364353716668e-21	0	-2659266616460856e-20	-0.0025591740164335464	-15246616848001083e-22
10.3	4.7671321747275135	4.7671321747275135	4.7671321747275135	0.09109212816953409	5.498496337542189	0.017719595644383346	9.602887099915252	499.6412573104382	0.6551772765953513	0	0	0	0	-12937318285438458e-21	0	-2659266617793263e-20	-0.0025591750859281807	-15246580599636389e-22
10.4	4.7671321747275135	4.7671321747275135	4.7671321747275135	0.09109212816953623	5.498496337542012	0.01771959564438269	9.602887099915193	499.64125731044317	0.6551772765953575	0	0	0	0	-12937281143785602e-21	0	-2659266618871814e-20	-0.002559175948348477	-15246549898906834e-22
10.5	4.7671321747275135	4.7671321747275135	4.7671321747275135	0.09109212816953723	5.498496337541914	0.017719595644382375	9.602887099915167	499.64125731044584	0.6551772765953607	0	0	0	0	-12937263385242347e-21	0	-26592666197458963e-21	-0.002559176363640093	-1524653530257745e-21
10.6	4.7671321747275135	4.7671321747275135	4.7671321747275135	0.0910921281695376	5.498496337541881	0.017719595644382257	9.602887099915158	499.6412573104467	0.6551772765953618	0	0	0	0	-12937256563255262e-21	0	-2659266620452761e-20	-0.0025591765262452004	-15246529624557565e-22
10.7	4.7671321747275135	4.7671321747275135	4.7671321747275135	0.09109212816953799	5.498496337541868	0.01771959564438215	9.602887099915147	499.64125731044714	0.6551772765953627	0	0	0	0	-12937250083855712e-21	0	-26592666210258755e-21	-0.0025591766799485573	-15246524083767742e-22
10.8	4.767132174727514	4.767132174727514	4.767132174727514	0.09109212816953806	5.498496337541861	0.017719595644382125	9.602887099915145	499.6412573104474	0.6551772765953631	0	0	0	0	-12937248626257184e-21	0	-2659266621489408e-20	-0.0025591767173506414	-1524652285095741e-21
10.9	4.767132174727514	4.767132174727514	4.767132174727514	0.09109212816953818	5.498496337541861	0.017719595644382094	9.602887099915142	499.6412573104475	0.6551772765953634	0	0	0	0	-12937246741576957e-21	0	-2659266621865106e-20	-0.0025591767638769316	-15246521177388845e-22
11	4.7671321747275135	4.7671321747275135	4.7671321747275135	0.0910921281695382	5.498496337541856	0.017719595644382084	9.60288709991514	499.64125731044754	0.6551772765953634	0	0	0	0	-12937246241990201e-21	0	-2659266622169183e-20	-0.002559176777986926	-15246520728077882e-22
11.1	4.7671321747275135	4.7671321747275135	4.7671321747275135	0.09109212816953824	5.498496337541859	0.017719595644382077	9.602887099915142	499.64125731044754	0.6551772765953635	0	0	0	0	-12937245833178372e-21	0	-2659266622415383e-20	-0.002559176789538838	-15246520343533754e-22
11.2	4.7671321747275135	4.7671321747275135	4.7671321747275135	0.09109212816953825	5.4984963375418605	0.01771959564438207	9.60288709991514	499.6412573104475	0.6551772765953636	0	0	0	0	-12937245641018026e-21	0	-2659266622614912e-20	-0.0025591767957246435	-1524652015554813e-21
11.3	4.7671321747275135	4.7671321747275135	4.7671321747275135	0.09109212816953828	5.498496337541866	0.017719595644382077	9.60288709991514	499.6412573104475	0.6551772765953636	0	0	0	0	-12937245809323378e-21	0	-26592666227762793e-21	-0.0025591767933045976	-15246520305298945e-22
11.4	4.767132174727513	4.767132174727513	4.767132174727513	0.0910921281695548	5.49849633754361	0.017719595644383666	9.602887099914696	499.6412573104135	0.6551772765953477	0	0	0	0	-12937345981883637e-21	0	-26592666229031052e-21	-0.0025591744915611832	-15246615941750713e-22
11.5	4.7671321747275135	4.7671321747275135	4.7671321747275135	0.09109212816959648	5.498496337548008	0.017719595644387697	9.602887099913588	499.64125731032806	0.6551772765953074	0	0	0	0	-12937598793374891e-21	0	-26592666229972444e-21	-0.0025591686804735487	-15246857309027303e-22
11.6	4.7671321747275135	4.7671321747275135	4.7671321747275135	0.09109212816965626	5.498496337554308	0.01771959564439348	9.602887099911992	499.6412573102056	0.6551772765952497	0	0	0	0	-12937961573416166e-21	0	-26592666230633733e-21	-0.0025591603410446465	-15247203649082334e-22
11.7	4.7671321747275135	4.7671321747275135	4.7671321747275135	0.09109212816972713	5.498496337561767	0.017719595644400343	9.6028870999101	499.6412573100606	0.6551772765951813	0	0	0	0	-12938391651626482e-21	0	-26592666231061678e-21	-0.0025591504542774313	-1524761420386944e-21
11.8	4.7671321747275135	4.7671321747275135	4.7671321747275135	0.09109212816980207	5.498496337569633	0.0177195956444076	9.602887099908104	499.64125730990787	0.6551772765951088	0	0	0	0	-12938846357624867e-21	0	-26592666231303038e-21	-0.0025591400011748546	-15248048215342243e-22
11.9	4.7671321747275135	4.7671321747275135	4.7671321747275135	0.09109212816987403	5.498496337577162	0.017719595644414585	9.602887099906185	499.6412573097616	0.6551772765950393	0	0	0	0	-12939283021030348e-21	0	-26592666231404584e-21	-0.0025591299627398703	-15248464925454378e-22
12	4.7671321747275135	4.7671321747275135	4.7671321747275135	0.09109212816993598	5.498496337583604	0.017719595644420615	9.602887099904532	499.6412573096367	0.6551772765949792	0	0	0	0	-12939658971461951e-21	0	-26592666231413075e-21	-0.0025591213199754313	-15248823576159474e-22
12.1	4.7671321747275135	4.7671321747275135	4.7671321747275135	0.0910921281699809	5.498496337588212	0.01771959564442501	9.602887099903333	499.6412573095476	0.6551772765949354	0	0	0	0	-129399315385387e-19	0	-26592666231375273e-21	-0.0025591150538844904	-15249083409411154e-22
12.2	4.7671321747275135	4.7671321747275135	4.7671321747275135	0.09109212817000174	5.498496337590239	0.017719595644427103	9.602887099902778	499.6412573095088	0.6551772765949148	0	0	0	0	-12940058051879623e-21	0	-26592666231337946e-21	-0.0025591121454700016	-15249203667163052e-22
12.3	4.7671321747275135	4.7671321747275135	4.7671321747275135	0.09109212816999149	5.498496337588937	0.017719595644426205	9.602887099903052	499.64125730953486	0.655177276594924	0	0	0	0	-12939995841103745e-21	0	-2659266623134785e-20	-0.0025591135757349172	-15249143591368796e-22
12.4	4.7671321747275135	4.7671321747275135	4.7671321747275135	0.09109212816994311	5.498496337583559	0.017719595644421646	9.602887099904342	499.6412573096404	0.6551772765949697	0	0	0	0	-1293970223583009e-20	0	-26592666231451754e-21	-0.0025591203256821906	-15248862423982008e-22
12.5	4.767132174727514	4.767132174727514	4.767132174727514	0.09109212816984957	5.498496337573355	0.017719595644412743	9.602887099906837	499.64125730984	0.6551772765950589	0	0	0	0	-12939134565677688e-21	0	-26592666231696417e-21	-0.002559133376314774	-15248319406956328e-22
12.6	4.7671321747275135	4.7671321747275135	4.7671321747275135	0.09109212816970381	5.498496337557581	0.017719595644398824	9.602887099910726	499.6412573101482	0.6551772765951983	0	0	0	0	-12938250177322647e-21	0	-265926662321286e-19	-0.0025591537082434858	-15247473798723722e-22
12.7	4.7671321747275135	4.7671321747275135	4.7671321747275135	0.09109212816960786	5.498496337548956	0.017719595644388585	9.602887099913284	499.6412573103106	0.6551772765952986	0	0	0	0	-1293766787116539e-20	0	-26592666232611067e-21	-0.0025591670954808656	-15246922440181841e-22
12.8	4.7671321747275135	4.7671321747275135	4.7671321747275135	0.09109212816958906	5.498496337548821	0.017719595644385713	9.602887099913787	499.64125731030657	0.6551772765953251	0	0	0	0	-12937553732948086e-21	0	-26592666232996887e-21	-0.0025591697197140197	-15246819157968824e-22
12.9	4.7671321747275135	4.7671321747275135	4.7671321747275135	0.09109212816956008	5.498496337544839	0.01771959564438362	9.602887099914557	499.6412573103873	0.6551772765953472	0	0	0	0	-12937377923282541e-21	0	-26592666233310445e-21	-0.0025591737616995594	-15246648450876334e-22
13	4.7671321747275135	4.7671321747275135	4.7671321747275135	0.09109212816955173	5.498496337544152	0.01771959564438261	9.602887099914781	499.64125731039996	0.6551772765953569	0	0	0	0	-12937327211535816e-21	0	-2659266623356256e-20	-0.002559174927708844	-15246600627943333e-22
13.1	4.7671321747275135	4.7671321747275135	4.7671321747275135	0.09109212816954579	5.498496337543209	0.017719595644382313	9.602887099914941	499.64125731041935	0.6551772765953603	0	0	0	0	-1293729096876746e-20	0	-26592666233766637e-21	-0.0025591757610531067	-15246565062009357e-22
13.2	4.7671321747275135	4.7671321747275135	4.7671321747275135	0.09109212816954185	5.498496337542572	0.0177195956443821	9.602887099915046	499.64125731043254	0.6551772765953627	0	0	0	0	-12937267254016157e-21	0	-26592666233932103e-21	-0.0025591763063597026	-15246541731210273e-22
13.3	4.7671321747275135	4.7671321747275135	4.7671321747275135	0.09109212816954085	5.498496337542449	0.017719595644382014	9.60288709991507	499.64125731043504	0.6551772765953636	0	0	0	0	-12937261209917554e-21	0	-26592666234065843e-21	-0.0025591764454061298	-15246535905326956e-22
13.4	4.7671321747275135	4.7671321747275135	4.7671321747275135	0.09109212816953931	5.498496337542101	0.017719595644382045	9.602887099915112	499.64125731044237	0.6551772765953635	0	0	0	0	-12937251832912386e-21	0	-26592666234174565e-21	-0.0025591766610576837	-15246526381395867e-22
13.5	4.7671321747275135	4.7671321747275135	4.7671321747275135	0.09109212816953902	5.498496337542055	0.017719595644382014	9.602887099915119	499.64125731044334	0.655177276595364	0	0	0	0	-12937249892180328e-21	0	-2659266623426219e-20	-0.0025591767057389454	-15246524489670968e-22
13.6	4.7671321747275135	4.7671321747275135	4.7671321747275135	0.09109212816953861	5.498496337541952	0.017719595644382045	9.602887099915131	499.64125731044555	0.6551772765953637	0	0	0	0	-12937247538753958e-21	0	-265926662343327e-19	-0.0025591767598962234	-1524652205475652e-21
13.7	4.7671321747275135	4.7671321747275135	4.7671321747275135	0.09109212816953846	5.498496337541916	0.017719595644382045	9.602887099915135	499.64125731044624	0.6551772765953637	0	0	0	0	-12937246613441289e-21	0	-2659266623439021e-20	-0.0025591767812125805	-15246521112448506e-22
13.8	4.767132174727513	4.767132174727513	4.767132174727513	0.09109212816953838	5.498496337541896	0.01771959564438205	9.602887099915137	499.64125731044663	0.6551772765953637	0	0	0	0	-12937246182996547e-21	0	-26592666234437135e-21	-0.002559176791144252	-15246520666318724e-22
13.9	4.7671321747275135	4.7671321747275135	4.7671321747275135	0.09109212816953832	5.498496337541877	0.01771959564438206	9.60288709991514	499.64125731044714	0.6551772765953636	0	0	0	0	-12937245769147631e-21	0	-26592666234475404e-21	-0.0025591768006879155	-15246520229329327e-22
14	4.7671321747275135	4.7671321747275135	4.7671321747275135	0.0910921281695383	5.498496337541876	0.017719595644382063	9.60288709991514	499.64125731044714	0.6551772765953636	0	0	0	0	-12937245684554713e-21	0	-2659266623450628e-20	-0.0025591768026568804	-15246520143044041e-22
14.1	4.767132174727514	4.767132174727514	4.767132174727514	0.09109212816955223	5.498496337545392	0.017719595644377806	9.602887099914769	499.6412573103716	0.655177276595401	0	0	0	0	-12937292391314645e-21	0	-26592666234529976e-21	-0.002559175728911196	-1524657285419059e-21
14.2	4.767132174727514	4.767132174727514	4.767132174727514	0.09109212816961518	5.4984963375612885	0.017719595644358543	9.602887099913088	499.6412573100296	0.6551772765955697	0	0	0	0	-12937503777531318e-21	0	-26592666234545064e-21	-0.002559170869261555	-15246811380422292e-22
14.3	4.7671321747275135	4.7671321747275135	4.7671321747275135	0.09109212816971597	5.4984963375867215	0.017719595644327735	9.6028870999104	499.64125730948234	0.6551772765958395	0	0	0	0	-12937842172045719e-21	0	-26592666234553012e-21	-0.0025591630897499286	-15247193195208949e-22
14.4	4.7671321747275135	4.7671321747275135	4.7671321747275135	0.09109212816984032	5.498496337618076	0.017719595644289758	9.602887099907084	499.64125730880784	0.6551772765961722	0	0	0	0	-12938259656037396e-21	0	-26592666234555486e-21	-0.0025591534920070165	-15247664208596742e-22
14.5	4.7671321747275135	4.7671321747275135	4.7671321747275135	0.09109212816997393	5.498496337651738	0.01771959564424898	9.602887099903521	499.6412573080837	0.6551772765965292	0	0	0	0	-12938708310685897e-21	0	-26592666234554147e-21	-0.0025591431776635174	-1524817033063185e-21
14.6	4.7671321747275135	4.7671321747275135	4.7671321747275135	0.09109212817010258	5.498496337684091	0.017719595644209794	9.60288709990009	499.6412573073877	0.6551772765968724	0	0	0	0	-12939140217170768e-21	0	-2659266623455066e-20	-0.0025591332483501307	-15248657471360447e-22
14.7	4.7671321747275135	4.7671321747275135	4.7671321747275135	0.09109212817021195	5.498496337711521	0.017719595644176574	9.602887099897174	499.64125730679774	0.6551772765971633	0	0	0	0	-12939507456671557e-21	0	-265926662345467e-19	-0.002559124805697556	-15249071540828715e-22
14.8	4.7671321747275135	4.7671321747275135	4.7671321747275135	0.09109212817028779	5.498496337730415	0.017719595644153693	9.602887099895154	499.64125730639154	0.6551772765973637	0	0	0	0	-12939762110367809e-21	0	-26592666234543915e-21	-0.0025591189513364913	-1524935844908283e-21
14.9	4.7671321747275135	4.7671321747275135	4.7671321747275135	0.09109212817031584	5.498496337737155	0.017719595644145533	9.602887099894406	499.641257306247	0.6551772765974351	0	0	0	0	-12939856259439072e-21	0	-26592666234543976e-21	-0.002559116786897637	-15249464106168966e-22
15	4.7671321747275135	4.7671321747275135	4.7671321747275135	0.0910921281702818	5.4984963377281275	0.017719595644156472	9.602887099895314	499.6412573064417	0.6551772765973392	0	0	0	0	-12939741985064892e-21	0	-2659266623454855e-20	-0.0025591194140116916	-1524933442213331e-21
15.1	4.7671321747275135	4.7671321747275135	4.7671321747275135	0.09109212817017143	5.498496337699718	0.017719595644190896	9.602887099898258	499.6412573070536	0.6551772765970378	0	0	0	0	-12939371368424816e-21	0	-26592666234559304e-21	-0.0025591279343093547	-15248915307022028e-22
15.2	4.7671321747275135	4.7671321747275135	4.7671321747275135	0.09109212816997042	5.498496337648312	0.01771959564425317	9.602887099903617	499.64125730816045	0.6551772765964923	0	0	0	0	-12938696490698395e-21	0	-26592666234577895e-21	-0.0025591434494213255	-15248152670881306e-22
15.3	4.7671321747275135	4.7671321747275135	4.7671321747275135	0.0910921281697146	5.498496337583809	0.017719595644331166	9.602887099910442	499.64125730954794	0.6551772765958094	0	0	0	0	-12937837602149457e-21	0	-2659266623460175e-20	-0.0025591631948529785	-1524718366107093e-21
15.4	4.7671321747275135	4.7671321747275135	4.7671321747275135	0.09109212816962783	5.498496337565085	0.017719595644353266	9.602887099912754	499.6412573099462	0.6551772765956159	0	0	0	0	-12937546242201047e-21	0	-2659266623461192e-20	-0.002559169893079031	-15246860325765507e-22
15.5	4.7671321747275135	4.7671321747275135	4.7671321747275135	0.09109212816958415	5.4984963375542195	0.017719595644366665	9.602887099913918	499.64125731017975	0.6551772765954983	0	0	0	0	-1293739960207638e-20	0	-2659266623461837e-20	-0.002559173264266599	-1524669513534929e-21
15.6	4.7671321747275135	4.7671321747275135	4.7671321747275135	0.09109212816955863	5.498496337547577	0.0177195956443748	9.6028870999146	499.64125731032317	0.655177276595427	0	0	0	0	-12937313814206837e-21	0	-2659266623462194e-20	-0.0025591752364900705	-15246598008449696e-22
15.7	4.7671321747275135	4.7671321747275135	4.7671321747275135	0.09109212816955034	5.498496337545511	0.017719595644377348	9.60288709991482	499.64125731036773	0.6551772765954049	0	0	0	0	-12937286009983189e-21	0	-26592666234624034e-21	-0.0025591758756974906	-15246566675886015e-22
15.8	4.7671321747275135	4.7671321747275135	4.7671321747275135	0.09109212816954304	5.498496337543317	0.017719595644380158	9.602887099915014	499.64125731041554	0.6551772765953802	0	0	0	0	-1293726154586898e-20	0	-26592666234627358e-21	-0.002559176438117022	-15246538466687434e-22
15.9	4.7671321747275135	4.7671321747275135	4.7671321747275135	0.09109212816954122	5.498496337542849	0.01771959564438073	9.602887099915062	499.6412573104258	0.6551772765953752	0	0	0	0	-12937255424816828e-21	0	-26592666234630055e-21	-0.002559176578838215	-15246531544919774e-22
16	4.767132174727514	4.767132174727514	4.767132174727514	0.09109212816953943	5.498496337542249	0.01771959564438155	9.60288709991511	499.6412573104389	0.6551772765953681	0	0	0	0	-12937249399876187e-21	0	-26592666234631512e-21	-0.0025591767173499054	-1524652449851453e-21
16.1	4.7671321747275135	4.7671321747275135	4.7671321747275135	0.09109212816953893	5.498496337542103	0.017719595644381744	9.602887099915122	499.64125731044203	0.6551772765953664	0	0	0	0	-12937247726324351e-21	0	-2659266623463254e-20	-0.0025591767558252056	-15246522577241436e-22
16.2	4.7671321747275135	4.7671321747275135	4.7671321747275135	0.09109212816953854	5.498496337541968	0.01771959564438193	9.602887099915133	499.641257310445	0.6551772765953647	0	0	0	0	-12937246453825672e-21	0	-2659266623463258e-20	-0.0025591767850801366	-15246521074536217e-22
16.3	4.7671321747275135	4.7671321747275135	4.7671321747275135	0.0910921281695384	5.498496337541917	0.01771959564438199	9.602887099915137	499.64125731044606	0.6551772765953643	0	0	0	0	-12937245958885903e-21	0	-26592666234632274e-21	-0.0025591767964591953	-15246520495127146e-22
16.4	4.7671321747275135	4.7671321747275135	4.7671321747275135	0.09109212816953834	5.498496337541892	0.017719595644382025	9.602887099915138	499.64125731044675	0.655177276595364	0	0	0	0	-12937245710526483e-21	0	-26592666234632752e-21	-0.0025591768021693113	-15246520200256717e-22
16.5	4.7671321747275135	4.7671321747275135	4.7671321747275135	0.09109212816953831	5.4984963375418765	0.017719595644382052	9.60288709991514	499.6412573104471	0.6551772765953637	0	0	0	0	-12937245564819711e-21	0	-26592666234633575e-21	-0.0025591768055194955	-15246520026414616e-22
16.6	4.7671321747275135	4.7671321747275135	4.7671321747275135	0.0910921281695383	5.498496337541871	0.01771959564438206	9.60288709991514	499.6412573104472	0.6551772765953637	0	0	0	0	-12937245517728879e-21	0	-26592666234634178e-21	-0.00255917680660243	-1524651997048503e-21
16.7	4.7671321747275135	4.7671321747275135	4.7671321747275135	0.09109212816959242	5.498496337560457	0.017719595644363345	9.602887099913698	499.6412573100402	0.6551772765955249	0	0	0	0	-12937331512239763e-21	0	-26592666234630614e-21	-0.0025591748296300895	-15246628397956155e-22
16.8	4.7671321747275135	4.7671321747275135	4.7671321747275135	0.09109212816974094	5.498496337611442	0.017719595644312008	9.602887099909735	499.6412573089236	0.655177276595967	0	0	0	0	-12937567493100624e-21	0	-26592666234620073e-21	-0.002559169404543554	-15246925924767491e-22
16.9	4.7671321747275135	4.7671321747275135	4.7671321747275135	0.0910921281699611	5.498496337687001	0.017719595644235947	9.602887099903862	499.641257307269	0.6551772765966221	0	0	0	0	-12937917321624512e-21	0	-26592666234604224e-21	-0.0025591613621538836	-15247366973720243e-22
17	4.7671321747275135	4.7671321747275135	4.7671321747275135	0.09109212817023017	5.49849633777931	0.017719595644143053	9.602887099896686	499.6412573052476	0.6551772765974221	0	0	0	0	-12938344856552312e-21	0	-26592666234584735e-21	-0.0025591515333312728	-1524790596437249e-21
17.1	4.767132174727513	4.767132174727513	4.767132174727513	0.09109212817052541	5.498496337880544	0.017719595644041207	9.602887099888813	499.6412573030308	0.6551772765982992	0	0	0	0	-12938813956624905e-21	0	-2659266623456329e-20	-0.0025591407489459145	-15248497316282334e-22
17.2	4.7671321747275135	4.7671321747275135	4.7671321747275135	0.09109212817082404	5.498496337982878	0.017719595643938307	9.602887099880848	499.64125730078996	0.6551772765991855	0	0	0	0	-12939288480583178e-21	0	-2659266623454154e-20	-0.002559129839868004	-15249095449007864e-22
17.3	4.7671321747275135	4.7671321747275135	4.7671321747275135	0.09109212817110338	5.498496338078487	0.017719595643842238	9.602887099873398	499.64125729869653	0.6551772766000126	0	0	0	0	-1293973228716801e-20	0	-26592666234521164e-21	-0.0025591196369677332	-15249654782107167e-22
17.4	4.7671321747275135	4.7671321747275135	4.7671321747275135	0.0910921281713406	5.498496338159548	0.01771959564376089	9.602887099867072	499.6412572969219	0.6551772766007131	0	0	0	0	-12940109235120288e-21	0	-26592666234503827e-21	-0.002559110971115297	-15250129735138336e-22
17.5	4.7671321747275135	4.7671321747275135	4.7671321747275135	0.091092128171513	5.498496338218234	0.017719595643702155	9.602887099862471	499.6412572956372	0.6551772766012187	0	0	0	0	-1294038318318089e-20	0	-265926662344912e-19	-0.0025591046731808886	-15250474727659463e-22
17.6	4.7671321747275135	4.7671321747275135	4.7671321747275135	0.09109212817159784	5.498496338246721	0.01771959564367393	9.60288709986021	499.64125729501416	0.6551772766014615	0	0	0	0	-12940517990090704e-21	0	-2659266623448495e-20	-0.002559101574034702	-1525064417922864e-21
17.7	4.7671321747275135	4.7671321747275135	4.7671321747275135	0.09109212817157239	5.498496338237184	0.017719595643684093	9.602887099860887	499.6412572952239	0.6551772766013737	0	0	0	0	-12940477514590611e-21	0	-26592666234486754e-21	-0.002559102504546931	-15250592509403953e-22
17.8	4.7671321747275135	4.7671321747275135	4.7671321747275135	0.09109212817141384	5.4984963381818	0.017719595643740538	9.602887099865116	499.64125729643797	0.6551772766008871	0	0	0	0	-12940225615421495e-21	0	-26592666234498274e-21	-0.0025591082955877696	-15250274137743497e-22
17.9	4.7671321747275135	4.7671321747275135	4.7671321747275135	0.0910921281710995	5.4984963380727425	0.017719595643851158	9.6028870998735	499.6412572988276	0.655177276599934	0	0	0	0	-1293972615132424e-20	0	-26592666234521184e-21	-0.0025591197780274106	-15249643483805362e-22
18	4.7671321747275135	4.7671321747275135	4.7671321747275135	0.0910921281706066	5.4984963379021865	0.017719595644023846	9.602887099886647	499.6412573025642	0.655177276598446	0	0	0	0	-12938942981039732e-21	0	-26592666234557146e-21	-0.0025591377827360487	-15248654967147639e-22
18.1	4.7671321747275135	4.7671321747275135	4.7671321747275135	0.09109212816999789	5.498496337693947	0.017719595644232547	9.60288709990288	499.6412573071238	0.6551772765966493	0	0	0	0	-12937975788556542e-21	0	-2659266623460151e-20	-0.002559160018026562	-15247436106760341e-22
18.2	4.7671321747275135	4.7671321747275135	4.7671321747275135	0.09109212816984448	5.498496337655347	0.017719595644258523	9.602887099906972	499.6412573079537	0.6551772765964341	0	0	0	0	-12937731953577259e-21	0	-26592666234612193e-21	-0.002559165623674932	-15247140027417952e-22
18.3	4.7671321747275135	4.7671321747275135	4.7671321747275135	0.09109212816981475	5.498496337651009	0.017719595644258127	9.602887099907765	499.6412573080422	0.6551772765964405	0	0	0	0	-12937684683856113e-21	0	-26592666234614314e-21	-0.0025591667103830374	-15247085165598506e-22
18.4	4.7671321747275135	4.7671321747275135	4.7671321747275135	0.09109212816965968	5.498496337590588	0.01771959564432554	9.6028870999119	499.6412573093732	0.6551772765958556	0	0	0	0	-129374383528394e-19	0	-26592666234626728e-21	-0.0025591723734155187	-15246768783533576e-22
18.5	4.7671321747275135	4.7671321747275135	4.7671321747275135	0.09109212816964549	5.498496337589788	0.017719595644321132	9.602887099912278	499.6412573093862	0.6551772765958971	0	0	0	0	-12937415847703335e-21	0	-2659266623462897e-20	-0.0025591728907978584	-15246743682375654e-22
18.6	4.7671321747275135	4.7671321747275135	4.7671321747275135	0.0910921281696061	5.498496337572594	0.017719595644342702	9.602887099913328	499.6412573097667	0.6551772765957083	0	0	0	0	-12937353270659257e-21	0	-2659266623463213e-20	-0.002559174329414408	-1524666182327276e-21
18.7	4.7671321747275135	4.7671321747275135	4.7671321747275135	0.09109212816957546	5.498496337559771	0.01771959564435765	9.602887099914147	499.64125731005	0.6551772765955782	0	0	0	0	-129373045654185e-19	0	-26592666234635012e-21	-0.002559175449124582	-15246598561932322e-22
18.8	4.7671321747275135	4.7671321747275135	4.7671321747275135	0.09109212816957425	5.498496337560419	0.017719595644355303	9.602887099914179	499.6412573100346	0.6551772765955995	0	0	0	0	-1293730262516275e-20	0	-26592666234635788e-21	-0.002559175493730012	-15246596976450228e-22
18.9	4.7671321747275135	4.7671321747275135	4.7671321747275135	0.09109212816955499	5.498496337550502	0.01771959564436957	9.602887099914694	499.6412573102553	0.6551772765954739	0	0	0	0	-1293727202332513e-20	0	-26592666234636492e-21	-0.002559176197251878	-1524655572839939e-21
19	4.7671321747275135	4.7671321747275135	4.7671321747275135	0.09109212816955099	5.498496337549014	0.017719595644370877	9.602887099914799	499.641257310288	0.6551772765954628	0	0	0	0	-12937265697053936e-21	0	-26592666234635293e-21	-0.0025591763426900224	-1524654765411715e-21
19.1	4.7671321747275135	4.7671321747275135	4.7671321747275135	0.09109212816954845	5.498496337547754	0.017719595644372647	9.602887099914867	499.641257310316	0.6551772765954471	0	0	0	0	-12937261659305364e-21	0	-26592666234634273e-21	-0.0025591764355161013	-15246542250081955e-22
19.2	4.7671321747275135	4.7671321747275135	4.7671321747275135	0.09109212816954296	5.498496337544643	0.01771959564437749	9.602887099915014	499.64125731038547	0.6551772765954043	0	0	0	0	-12937252912643517e-21	0	-2659266623463481e-20	-0.0025591766365977648	-1524653023857076e-21
19.3	4.7671321747275135	4.7671321747275135	4.7671321747275135	0.09109212816954272	5.498496337544678	0.017719595644377126	9.602887099915021	499.64125731038445	0.6551772765954076	0	0	0	0	-12937252502550092e-21	0	-26592666234635564e-21	-0.002559176646025604	-15246529821433052e-22
19.4	4.7671321747275135	4.7671321747275135	4.7671321747275135	0.09109212816954068	5.4984963375433935	0.01771959564437938	9.602887099915074	499.6412573104133	0.6551772765953876	0	0	0	0	-12937249277306738e-21	0	-26592666234635364e-21	-0.0025591767201724835	-15246525282105948e-22
19.5	4.7671321747275135	4.7671321747275135	4.7671321747275135	0.09109212816953978	5.498496337542881	0.01771959564438017	9.6028870999151	499.64125731042475	0.6551772765953806	0	0	0	0	-12937247868576608e-21	0	-26592666234634568e-21	-0.0025591767525585014	-15246523342448068e-22
19.6	4.7671321747275135	4.7671321747275135	4.7671321747275135	0.09109212816953967	5.4984963375428455	0.01771959564438017	9.602887099915105	499.6412573104255	0.6551772765953805	0	0	0	0	-12937247696747436e-21	0	-2659266623463419e-20	-0.0025591767565087487	-15246523127898938e-22
19.7	4.7671321747275135	4.7671321747275135	4.7671321747275135	0.09109212816958207	5.498496337575618	0.017719595644309742	9.602887099913973	499.64125730968783	0.6551772765960133	0	0	0	0	-1293731366117259e-20	0	-26592666234631464e-21	-0.002559175240017194	-15246621335284418e-22
19.8	4.7671321747275135	4.7671321747275135	4.7671321747275135	0.09109212816975087	5.498496337705831	0.01771959564403044	9.602887099909472	499.6412573067575	0.6551772765985231	0	0	0	0	-12937576350236686e-21	0	-26592666234619582e-21	-0.0025591692009172134	-15247012184167592e-22
19.9	4.7671321747275135	4.7671321747275135	4.7671321747275135	0.09109212816999385	5.498496337893153	0.017719595643628867	9.60288709990299	499.6412573025418	0.6551772766021317	0	0	0	0	-12937954507849852e-21	0	-26592666234602286e-21	-0.0025591605072487087	-15247574736784317e-22
20	4.7671321747275135	4.7671321747275135	4.7671321747275135	0.0910921281702523	5.498496338092257	0.017719595643202333	9.602887099896096	499.6412572980611	0.6551772766059643	0	0	0	0	-12938356774356629e-21	0	-26592666234583854e-21	-0.0025591512593278855	-15248173028011378e-22
20.1	4.7671321747275135	4.7671321747275135	4.7671321747275135	0.09109212817046758	5.498496338257817	0.017719595642848154	9.602887099890355	499.6412572943354	0.6551772766091466	0	0	0	0	-12938691790101553e-21	0	-26592666234568543e-21	-0.0025591435574709494	-15248671092725564e-22
20.2	4.7671321747275135	4.7671321747275135	4.7671321747275135	0.09109212817058092	5.498496338344504	0.017719595642663635	9.60288709988733	499.6412572923848	0.6551772766108042	0	0	0	0	-12938868195429163e-21	0	-2659266623456063e-20	-0.0025591395019941053	-1524893296580367e-21
20.3	4.7671321747275135	4.7671321747275135	4.7671321747275135	0.09109212817053365	5.49849633830699	0.0177195956427461	9.602887099888592	499.64125729322956	0.6551772766100624	0	0	0	0	-12938794630683994e-21	0	-2659266623456437e-20	-0.002559141193213559	-15248822682122475e-22
20.4	4.7671321747275135	4.7671321747275135	4.7671321747275135	0.09109212817026707	5.4984963380999465	0.017719595643192854	9.602887099895701	499.6412572978897	0.6551772766060471	0	0	0	0	-12938379736210582e-21	0	-26592666234584044e-21	-0.0025591507314455166	-15248204276558776e-22
20.5	4.7671321747275135	4.7671321747275135	4.7671321747275135	0.09109212816984096	5.498496337771585	0.017719595643896163	9.602887099907067	499.6412573052793	0.6551772765997275	0	0	0	0	-12937716554815417e-21	0	-26592666234615232e-21	-0.002559165977678795	-15247217836334577e-22
20.6	4.7671321747275135	4.7671321747275135	4.7671321747275135	0.09109212816971624	5.498496337682543	0.017719595644072224	9.602887099910394	499.6412573072798	0.6551772765981507	0	0	0	0	-12937522458012275e-21	0	-265926662346241e-19	-0.0025591704398740135	-15246934702842336e-22
20.7	4.7671321747275135	4.7671321747275135	4.7671321747275135	0.09109212816964611	5.498496337628638	0.017719595644187944	9.602887099912264	499.6412573084928	0.6551772765971109	0	0	0	0	-12937413313670349e-21	0	-26592666234628584e-21	-0.002559172949051966	-15246772465198496e-22
20.8	4.767132174727514	4.767132174727514	4.767132174727514	0.09109212816958717	5.498496337581869	0.017719595644290907	9.602887099913836	499.641257309546	0.6551772765961847	0	0	0	0	-1293732153847726e-20	0	-26592666234632572e-21	-0.0025591750589213846	-15246634907054875e-22
20.9	4.7671321747275135	4.7671321747275135	4.7671321747275135	0.09109212816957468	5.498496337572837	0.017719595644308903	9.60288709991417	499.64125730974894	0.6551772765960235	0	0	0	0	-1293730211697029e-20	0	-26592666234633772e-21	-0.002559175505412884	-15246606479908925e-22
21	4.7671321747275135	4.7671321747275135	4.7671321747275135	0.09109212816955327	5.498496337554628	0.017719595644351896	9.60288709991474	499.64125731015963	0.6551772765956357	0	0	0	0	-12937268811270425e-21	0	-26592666234635967e-21	-0.002559176271095524	-15246555582956976e-22
21.1	4.7671321747275135	4.7671321747275135	4.7671321747275135	0.09109212816954826	5.498496337550751	0.017719595644360188	9.602887099914874	499.6412573102469	0.6551772765955612	0	0	0	0	-12937261052227048e-21	0	-2659266623463662e-20	-0.0025591764494721854	-15246544014630162e-22
21.2	4.7671321747275135	4.7671321747275135	4.7671321747275135	0.0910921281695434	5.498496337546452	0.017719595644370707	9.602887099915003	499.64125731034386	0.6551772765954662	0	0	0	0	-1293725346256759e-20	0	-26592666234636184e-21	-0.0025591766239550224	-15246532299527819e-22
21.3	4.7671321747275135	4.7671321747275135	4.7671321747275135	0.09109212816954092	5.498496337544304	0.017719595644375852	9.60288709991507	499.64125731039235	0.6551772765954199	0	0	0	0	-12937249603036732e-21	0	-26592666234636174e-21	-0.002559176712683943	-15246526372041608e-22
21.4	4.7671321747275135	4.7671321747275135	4.7671321747275135	0.09109212816954011	5.498496337543611	0.01771959564437751	9.60288709991509	499.641257310408	0.6551772765954049	0	0	0	0	-12937248349460288e-21	0	-2659266623463598e-20	-0.002559176741503089	-15246524450383034e-22
21.5	4.767132174727513	4.767132174727513	4.767132174727513	0.091092128169539	5.498496337542587	0.017719595644380165	9.602887099915119	499.6412573104311	0.6551772765953808	0	0	0	0	-12937246645094732e-21	0	-26592666234635964e-21	-0.0025591767806856635	-15246521771793487e-22
21.6	4.7671321747275135	4.7671321747275135	4.7671321747275135	0.0910921281695388	5.498496337542411	0.01771959564438057	9.602887099915126	499.64125731043515	0.6551772765953773	0	0	0	0	-12937246320379356e-21	0	-26592666234636357e-21	-0.00255917678815078	-15246521276173893e-22
21.7	4.7671321747275135	4.7671321747275135	4.7671321747275135	0.0910921281695385	5.4984963375421065	0.0177195956443814	9.602887099915133	499.641257310442	0.6551772765953697	0	0	0	0	-12937245837646586e-21	0	-26592666234635666e-21	-0.0025591767992486953	-15246520506629993e-22
21.8	4.7671321747275135	4.7671321747275135	4.7671321747275135	0.09109212816953839	5.4984963375420115	0.01771959564438164	9.602887099915135	499.6412573104441	0.6551772765953675	0	0	0	0	-12937245680991752e-21	0	-26592666234634914e-21	-0.0025591768028502284	-15246520260678165e-22
21.9	4.7671321747275135	4.7671321747275135	4.7671321747275135	0.09109212816953981	5.498496337543789	0.017719595644376005	9.602887099915097	499.6412573104038	0.6551772765954188	0	0	0	0	-12937248131508089e-21	0	-26592666234634802e-21	-0.0025591767465140474	-1524652434594736e-21
22	4.7671321747275135	4.7671321747275135	4.7671321747275135	0.09109212816961286	5.498496337634824	0.01771959564408863	9.602887099913149	499.6412573083382	0.6551772765980339	0	0	0	0	-1293737418522073e-20	0	-26592666234630157e-21	-0.002559173848595695	-15246734182159334e-22
22.1	4.7671321747275135	4.7671321747275135	4.7671321747275135	0.09109212816977655	5.49849633783874	0.017719595643445	9.602887099908784	499.6412573037114	0.6551772766038908	0	0	0	0	-12937656581945231e-21	0	-2659266623461928e-20	-0.0025591673564214663	-1524720425337727e-21
22.2	4.7671321747275135	4.7671321747275135	4.7671321747275135	0.09109212817000359	5.498496338121564	0.01771959564255243	9.60288709990273	499.6412572972943	0.6551772766120131	0	0	0	0	-12938048301764424e-21	0	-26592666234604058e-21	-0.00255915835095821	-15247856271665788e-22
22.3	4.767132174727513	4.767132174727513	4.767132174727513	0.09109212817026673	5.498496338449319	0.017719595641518232	9.60288709989571	499.6412572898577	0.655177276621424	0	0	0	0	-12938502324761128e-21	0	-26592666234586365e-21	-0.00255914791317277	-15248611949089522e-22
22.4	4.7671321747275135	4.7671321747275135	4.7671321747275135	0.09109212817053873	5.498496338788031	0.017719595640449722	9.602887099888456	499.64125728217255	0.6551772766311471	0	0	0	0	-1293897163101818e-20	0	-26592666234568093e-21	-0.002559137124031992	-15249392997713094e-22
22.5	4.7671321747275135	4.7671321747275135	4.7671321747275135	0.09109212817079236	5.498496339103726	0.01771959563945422	9.602887099881693	499.64125727500976	0.6551772766402059	0	0	0	0	-1293940920061841e-20	0	-2659266623455112e-20	-0.002559127064502724	-1525012112960113e-21
22.6	4.7671321747275135	4.7671321747275135	4.7671321747275135	0.09109212817100033	5.498496339362427	0.01771959563863903	9.602887099876144	499.64125726914006	0.6551772766476237	0	0	0	0	-12939768013644639e-21	0	-26592666234537332e-21	-0.002559118815551809	-15250718056818256e-22
22.7	4.7671321747275135	4.7671321747275135	4.7671321747275135	0.09109212817113539	5.49849633953016	0.017719595638111478	9.602887099872543	499.6412572653345	0.655177276652424	0	0	0	0	-12940001050179698e-21	0	-26592666234528607e-21	-0.002559113458146095	-15251105491429098e-22
22.8	4.7671321747275135	4.7671321747275135	4.7671321747275135	0.09109212817117031	5.49849633957295	0.01771959563797887	9.602887099871612	499.6412572643638	0.6551772766536299	0	0	0	0	-12940061290306418e-21	0	-26592666234526832e-21	-0.002559112073252426	-15251205145498285e-22
22.9	4.7671321747275135	4.7671321747275135	4.7671321747275135	0.09109212817107781	5.498496339456821	0.017719595638348525	9.60288709987408	499.641257266999	0.6551772766502654	0	0	0	0	-12939901714107624e-21	0	-26592666234533886e-21	-0.00255911574183765	-15250938731090438e-22
23	4.7671321747275135	4.7671321747275135	4.7671321747275135	0.09109212817083068	5.498496339147801	0.017719595639327755	9.60288709988067	499.64125727401085	0.6551772766413536	0	0	0	0	-12939475301666144e-21	0	-26592666234551664e-21	-0.0025591255448686114	-15250227960270188e-22
23.1	4.7671321747275135	4.7671321747275135	4.7671321747275135	0.09109212817040162	5.498496338611911	0.017719595641023878	9.602887099892115	499.64125728617034	0.6551772766259178	0	0	0	0	-12938735033064811e-21	0	-2659266623458204e-20	-0.002559142563312157	-15248994545102157e-22
23.2	4.7671321747275135	4.7671321747275135	4.7671321747275135	0.09109212816988385	5.498496337967315	0.017719595643056633	9.602887099905924	499.6412573007957	0.6551772766074204	0	0	0	0	-12937841750323329e-21	0	-2659266623461821e-20	-0.0025591630994822342	-15247507987324171e-22
23.3	4.7671321747275135	4.7671321747275135	4.7671321747275135	0.09109212816971544	5.498496337763858	0.017719595643675836	9.602887099910415	499.6412573054102	0.6551772766017916	0	0	0	0	-12937551204592628e-21	0	-2659266623462891e-20	-0.002559169778998279	-15247029904011125e-22
23.4	4.767132174727513	4.767132174727513	4.767132174727513	0.09109212816962446	5.498496337650497	0.017719595644034237	9.60288709991284	499.64125730798236	0.6551772765985301	0	0	0	0	-1293739422641544e-20	0	-2659266623463443e-20	-0.002559173387856457	-15246768591750156e-22
23.5	4.7671321747275135	4.7671321747275135	4.7671321747275135	0.09109212816957737	5.4984963375916625	0.01771959564422055	9.602887099914097	499.6412573093172	0.6551772765968344	0	0	0	0	-12937312940740841e-21	0	-2659266623463619e-20	-0.0025591752565781163	-15246633163724574e-22
23.6	4.7671321747275135	4.7671321747275135	4.7671321747275135	0.09109212816956001	5.498496337569925	0.01771959564428967	9.60288709991456	499.6412573098105	0.6551772765962054	0	0	0	0	-1293728298019434e-20	0	-26592666234636706e-21	-0.002559175945357956	-15246583202843502e-22
23.7	4.7671321747275135	4.7671321747275135	4.7671321747275135	0.09109212816954712	5.498496337553328	0.017719595644344152	9.602887099914904	499.64125731018714	0.6551772765957091	0	0	0	0	-12937260738234277e-21	0	-26592666234637112e-21	-0.002559176456690747	-15246545710936038e-22
23.8	4.7671321747275135	4.7671321747275135	4.7671321747275135	0.09109212816954362	5.498496337548943	0.01771959564435813	9.602887099914996	499.64125731028673	0.6551772765955819	0	0	0	0	-12937254705960948e-21	0	-26592666234636215e-21	-0.002559176595370029	-15246535642696878e-22
23.9	4.767132174727513	4.767132174727513	4.767132174727513	0.09109212816954021	5.498496337544431	0.017719595644373445	9.602887099915087	499.6412573103891	0.6551772765954422	0	0	0	0	-12937248833861082e-21	0	-2659266623463625e-20	-0.002559176730367	-1524652563242873e-21
24	4.7671321747275135	4.7671321747275135	4.7671321747275135	0.09109212816953907	5.498496337542945	0.017719595644378423	9.602887099915119	499.6412573104229	0.6551772765953969	0	0	0	0	-12937246874921103e-21	0	-26592666234636835e-21	-0.0025591767754020696	-1524652230925279e-21
