0	4.7671321747275135	4.7671321747275135	4.7671321747275135	0.09109212816953825	5.498496337541862	0.017719595644382066	9.60288709991514	499.64125731044754	0.6551772765953636	0	0	0	0	0	0	0	0	0
0.1	4.7671321747275135	4.7671321747275135	4.7671321747275135	0.09109212816953825	5.498496337541862	0.017719595644382066	9.60288709991514	499.64125731044754	0.6551772765953636	0	0	0	0	44.15742145315147	-0.00041885092863510454	0	460.1313099055596	-0.0008735266696485919
0.2	4.7671321747275135	4.7671321747275135	4.7671321747275135	0.09109212816953825	5.498496337541862	0.017719595644382066	9.60288709991514	499.64125731044754	0.6551772765953636	0	0	0	0	59.684894685724814	-0.0020164877673897754	0	1297.7714525318136	-0.008877349909713646
0.3	4.7671321747275135	4.7671321747275135	4.7671321747275135	0.09109212816953824	5.498496337541861	0.017719595644382066	9.60288709991514	499.64125731044754	0.6551772765953636	0	0	0	0	65.14478793947282	-0.004275929691970003	0	2139.581095842623	-0.029409952265488634
0.4	4.7671321747275135	4.7671321747275135	4.7671321747275135	0.09109212816953824	5.498496337541861	0.017719595644382066	9.60288709991514	499.6412573104475	0.6551772765953636	0	0	0	0	67.06465184348812	-0.006629101571211737	0	2878.7360017702686	-0.06252012732573262
0.5	4.7671321747275135	4.7671321747275135	4.7671321747275135	0.09109212816953825	5.498496337541862	0.017719595644382066	9.60288709991514	499.64125731044754	0.6551772765953636	0	0	0	0	67.73960169413508	-0.008783413264584192	0	3497.4852353988613	-0.10526280370144248
0.6	4.767132174727513	4.767132174727513	4.767132174727513	0.09109212816953824	5.498496337541862	0.01771959564438207	9.60288709991514	499.6412573104475	0.6551772765953636	0	0	0	0	67.9770926630794	-0.01063806068109216	0	4005.6235983854945	-0.15395952486571926
0.7	4.7671321747275135	4.7671321747275135	4.7671321747275135	0.09109212816953825	5.498496337541862	0.01771959564438207	9.60288709991514	499.64125731044754	0.6551772765953636	0	0	0	0	68.06055317511995	-0.012186643921759195	0	4419.589107993706	-0.20531230865321642
0.8	4.7671321747275135	4.7671321747275135	4.7671321747275135	0.09109212816953825	5.498496337541862	0.01771959564438207	9.60288709991514	499.6412573104476	0.6551772765953636	0	0	0	0	68.08987371136764	-0.013459872855044722	0	4755.676336130063	-0.2567630943131653
0.9	4.7671321747275135	4.7671321747275135	4.7671321747275135	0.09109212816953827	5.498496337541862	0.01771959564438207	9.60288709991514	499.6412573104476	0.6551772765953636	0	0	0	0	68.10017209363262	-0.014498632959223386	0	5028.132011017724	-0.306503545522121
1	4.7671321747275135	4.7671321747275135	4.7671321747275135	0.09109212816953824	5.498496337541862	0.01771959564438207	9.60288709991514	499.6412573104476	0.6551772765953636	0	0	0	0	68.10377695042666	-0.015342809658761268	0	5248.850708459153	-0.3533594406225796
1.1	4.7671321747275135	4.7671321747275135	4.7671321747275135	0.09109212816953824	5.498496337541862	0.01771959564438207	9.60288709991514	499.6412573104476	0.6551772765953636	0	0	0	0	68.10505088215145	-0.01602758629874835	0	5427.618109846198	-0.3966391026530357
1.2	4.767132174727513	4.767132174727513	4.767132174727513	0.09109212816953824	5.498496337541862	0.017719595644382066	9.60288709991514	499.6412573104476	0.6551772765953636	0	0	0	0	68.10551359756464	-0.016582611666319226	0	5572.406091590982	-0.43601097966148006
1.3	4.7671321747275135	4.7671321747275135	4.7671321747275135	0.09109212816953824	5.498496337541862	0.017719595644382063	9.60288709991514	499.6412573104476	0.6551772765953636	0	0	0	0	68.10567174551815	-0.017032100115898924	0	5689.619599317267	-0.47140393416326176
1.4	4.7671321747275135	4.7671321747275135	4.7671321747275135	0.09109212816953825	5.498496337541862	0.017719595644382063	9.60288709991514	499.6412573104476	0.6551772765953635	0	0	0	0	68.10573209167379	-0.017396249682378538	0	5784.56394366402	-0.502900679606493
1.5	4.7671321747275135	4.7671321747275135	4.7671321747275135	0.09109212816953825	5.498496337541862	0.017719595644382063	9.60288709991514	499.6412573104476	0.6551772765953635	0	0	0	0	68.1057537408757	-0.01769107219042153	0	5861.4262984630905	-0.5307077021332077
1.6	4.7671321747275135	4.7671321747275135	4.7671321747275135	0.09109212816953824	5.498496337541862	0.017719595644382066	9.60288709991514	499.6412573104476	0.6551772765953635	0	0	0	0	68.10576174206207	-0.017929852943572893	0	5923.675826071722	-0.5550864673503704
1.7	4.7671321747275135	4.7671321747275135	4.7671321747275135	0.09109212816953825	5.498496337541862	0.017719595644382066	9.60288709991514	499.6412573104476	0.6551772765953635	0	0	0	0	68.1057650297461	-0.018123178423084956	0	5974.0743873956035	-0.5763363236161648
1.8	4.7671321747275135	4.7671321747275135	4.7671321747275135	0.09109212816953825	5.498496337541862	0.017719595644382066	9.60288709991514	499.6412573104476	0.6551772765953635	0	0	0	0	68.10576622178655	-0.01827976634001357	0	6014.8953668184195	-0.5947648043797595
1.9	4.7671321747275135	4.7671321747275135	4.7671321747275135	0.09109212816953827	5.498496337541862	0.017719595644382066	9.60288709991514	499.64125731044766	0.6551772765953635	0	0	0	0	68.10576676424911	-0.018406486992674706	0	6047.930097339471	-0.6106758086889481
2	4.7671321747275135	4.7671321747275135	4.7671321747275135	0.09109212816953825	5.498496337541862	0.017719595644382066	9.60288709991514	499.6412573104476	0.6551772765953636	0	0	0	0	68.10576701480691	-0.018509212145480326	0	6074.709409637172	-0.6243628285727875
2.1	4.7671321747275135	4.7671321747275135	4.7671321747275135	0.09109212816953825	5.498496337541862	0.017719595644382063	9.60288709991514	499.6412573104476	0.6551772765953636	0	0	0	0	68.10576706973353	-0.01859225895598007	0	6096.358760703628	-0.6360909522110393
2.2	4.7671321747275135	4.7671321747275135	4.7671321747275135	0.09109212816953825	5.498496337541862	0.017719595644382066	9.60288709991514	499.6412573104476	0.6551772765953636	0	0	0	0	68.10576718237817	-0.01865961716556918	0	6113.9182770295865	-0.646116796120712
2.3	4.7671321747275135	4.7671321747275135	4.7671321747275135	0.09109212816953825	5.498496337541862	0.017719595644382063	9.60288709991514	499.6412573104476	0.6551772765953636	0	0	0	0	68.10576717059497	-0.01871413192123197	0	6128.129641951564	-0.6546593926368959
2.4	4.7671321747275135	4.7671321747275135	4.7671321747275135	0.09109212816953825	5.498496337541862	0.017719595644382063	9.60288709991514	499.6412573104476	0.6551772765953636	0	0	0	0	68.10576719180314	-0.018758197839093185	0	6139.617113102421	-0.6619172592781387
2.5	4.7671321747275135	4.7671321747275135	4.7671321747275135	0.09109212816953823	5.4984963375418605	0.017719595644382063	9.602887099915142	499.64125731044766	0.6551772765953636	0	0	0	0	68.10576721514961	-0.01879399006769157	0	6148.947733942339	-0.6680794442072792
2.6	4.7671321747275135	4.7671321747275135	4.7671321747275135	0.09109212816953816	5.498496337541858	0.017719595644382056	9.602887099915145	499.6412573104477	0.6551772765953636	0	0	0	0	68.10576716697607	-0.018822935506697554	0	6156.493477127451	-0.6732928111753425
2.7	4.7671321747275135	4.7671321747275135	4.7671321747275135	0.09109212816953816	5.498496337541859	0.017719595644382056	9.602887099915142	499.64125731044766	0.6551772765953636	0	0	0	0	68.10576716768742	-0.018846308188566877	0	6162.586461807526	-0.6776923465931534
2.8	4.7671321747275135	4.7671321747275135	4.7671321747275135	0.09109212816953813	5.498496337541851	0.01771959564438206	9.602887099915145	499.6412573104478	0.6551772765953636	0	0	0	0	68.10576719149064	-0.018865307009321555	0	6167.539236502328	-0.6814084765989205
2.9	4.7671321747275135	4.7671321747275135	4.7671321747275135	0.09109212816953789	5.498496337541823	0.017719595644382045	9.60288709991515	499.64125731044845	0.6551772765953638	0	0	0	0	68.105767075685	-0.018880698745013358	0	6171.551706925447	-0.6845384502277371
3	4.7671321747275135	4.7671321747275135	4.7671321747275135	0.09109212816953775	5.4984963375418054	0.01771959564438203	9.602887099915154	499.64125731044874	0.655177276595364	0	0	0	0	68.10576699256728	-0.01889310851717698	0	6174.78680477393	-0.6871648887743267
3.1	4.7671321747275135	4.7671321747275135	4.7671321747275135	0.09109212816953792	5.498496337541828	0.01771959564438205	9.602887099915149	499.6412573104483	0.6551772765953637	0	0	0	0	68.10576709950136	-0.018903160356785083	0	6177.407182652032	-0.6893702396294323
3.2	4.7671321747275135	4.7671321747275135	4.7671321747275135	0.09109212816953753	5.498496337541723	0.01771959564438204	9.602887099915161	499.64125731045056	0.655177276595364	0	0	0	0	68.10576684952474	-0.018911344103917736	0	6179.5406798184285	-0.6912246725937973
3.3	4.7671321747275135	4.7671321747275135	4.7671321747275135	0.09109212816953671	5.498496337541548	0.01771959564438201	9.602887099915183	499.6412573104543	0.6551772765953643	0	0	0	0	68.10576635616192	-0.018917955941211928	0	6181.264460885509	-0.6927762213400778
3.4	4.7671321747275135	4.7671321747275135	4.7671321747275135	0.09109212816953638	5.498496337541482	0.017719595644381997	9.602887099915192	499.64125731045567	0.6551772765953645	0	0	0	0	68.10576615673273	-0.018923281703120097	0	6182.652882139036	-0.6940707132117732
3.5	4.767132174727514	4.767132174727514	4.767132174727514	0.091092128169537	5.498496337541591	0.01771959564438204	9.602887099915176	499.6412573104534	0.6551772765953641	0	0	0	0	68.10576652694277	-0.018927604617601287	0	6183.779720517264	-0.6951537600588303
3.6	4.7671321747275135	4.7671321747275135	4.7671321747275135	0.0910921281695337	5.498496337540568	0.017719595644382285	9.602887099915263	499.6412573104757	0.6551772765953624	0	0	0	0	68.10576448584808	-0.018931123991366972	0	6184.6980846714205	-0.6960614050223739
3.7	4.7671321747275135	4.7671321747275135	4.7671321747275135	0.09109212816952841	5.498496337539007	0.017719595644382583	9.602887099915405	499.64125731050956	0.6551772765953608	0	0	0	0	68.10576121034447	-0.018933963972649365	0	6185.4398139233335	-0.6968175198239427
3.8	4.7671321747275135	4.7671321747275135	4.7671321747275135	0.09109212816952567	5.498496337538219	0.017719595644382705	9.60288709991548	499.6412573105266	0.6551772765953603	0	0	0	0	68.10575950181911	-0.01893624989931724	0	6186.036425006372	-0.6974453082470657
3.9	4.7671321747275135	4.7671321747275135	4.7671321747275135	0.09109212816952991	5.498496337539496	0.017719595644382424	9.602887099915366	499.6412573104988	0.655177276595362	0	0	0	0	68.10576213177791	-0.018938107042648658	0	6186.519432658163	-0.6979679734432102
4	4.7671321747275135	4.7671321747275135	4.7671321747275135	0.09109212816950367	5.498496337529153	0.01771959564438838	9.602887099916064	499.64125731072676	0.6551772765953141	0	0	0	0	68.10574591285331	-0.018939588786522656	0	6186.914818079935	-0.6984057745455177
4.1	4.7671321747275135	4.7671321747275135	4.7671321747275135	0.09109212816944136	5.498496337505617	0.017719595644400777	9.602887099917725	499.64125731124466	0.655177276595216	0	0	0	0	68.10570739242036	-0.01894073983763084	0	6187.235627373604	-0.6987704046082898
4.2	4.7671321747275135	4.7671321747275135	4.7671321747275135	0.09109212816938668	5.498496337485218	0.017719595644411192	9.602887099919183	499.64125731169327	0.6551772765951339	0	0	0	0	68.10567358380668	-0.018941660464562825	0	6187.49360340564	-0.6990720972141607
4.3	4.7671321747275135	4.7671321747275135	4.7671321747275135	0.09109212816938331	5.49849633748429	0.017719595644411206	9.602887099919272	499.64125731171333	0.6551772765951344	0	0	0	0	68.10567150033992	-0.01894245093590823	0	6187.700489042514	-0.699321085945765
4.4	4.767132174727514	4.767132174727514	4.767132174727514	0.09109212816946158	5.498496337513916	0.017719595644395493	9.602887099917185	499.64125731106145	0.655177276595259	0	0	0	0	68.10571988179281	-0.018943193523560088	0	6187.867963693701	-0.6995275814279138
4.5	4.7671321747275135	4.7671321747275135	4.7671321747275135	0.09109212816949358	5.498496337524155	0.017719595644393012	9.602887099916332	499.64125731083794	0.6551772765952747	0	0	0	0	68.1057396897702	-0.018943752980819736	0	6188.004770171278	-0.6996998270599112
4.6	4.767132174727513	4.767132174727513	4.767132174727513	0.09109212816949967	5.498496337525495	0.017719595644393727	9.602887099916169	499.64125731080946	0.6551772765952671	0	0	0	0	68.10574345307133	-0.018944182810947504	0	6188.1156335438245	-0.6998426595868933
4.7	4.7671321747275135	4.7671321747275135	4.7671321747275135	0.09109212816952174	5.49849633753478	0.017719595644387267	9.60288709991558	499.6412573106042	0.6551772765953204	0	0	0	0	68.1057570704877	-0.018944558138128	0	6188.205300872899	-0.6999608885826731
4.8	4.7671321747275135	4.7671321747275135	4.7671321747275135	0.09109212816952489	5.498496337535542	0.017719595644387687	9.602887099915497	499.6412573105878	0.655177276595316	0	0	0	0	68.10575901098487	-0.01894483990500489	0	6188.278077734907	-0.7000589658539939
4.9	4.7671321747275135	4.7671321747275135	4.7671321747275135	0.09109212816953037	5.4984963375380795	0.017719595644385498	9.602887099915351	499.64125731053156	0.6551772765953345	0	0	0	0	68.10576239525086	-0.01894507420069079	0	6188.336924262662	-0.7001400513522583
5	4.7671321747275135	4.7671321747275135	4.7671321747275135	0.09109212816953395	5.498496337539694	0.017719595644384252	9.602887099915254	499.6412573104958	0.655177276595345	0	0	0	0	68.10576463861229	-0.01894526278392709	0	6188.38466298943	-0.7002072255330195
5.1	4.7671321747275135	4.7671321747275135	4.7671321747275135	0.09109212816953441	5.498496337539817	0.017719595644384325	9.602887099915243	499.6412573104932	0.6551772765953442	0	0	0	0	68.10576493750658	-0.018945411362367357	0	6188.423286458578	-0.7002627444939638
5.2	4.7671321747275135	4.7671321747275135	4.7671321747275135	0.09109212816953657	5.498496337540969	0.017719595644383065	9.602887099915185	499.64125731046744	0.6551772765953551	0	0	0	0	68.10576626245182	-0.01894553526175044	0	6188.454575689225	-0.7003086461594391
5.3	4.7671321747275135	4.7671321747275135	4.7671321747275135	0.09109212816953699	5.498496337541123	0.017719595644383003	9.602887099915174	499.6412573104641	0.6551772765953555	0	0	0	0	68.1057664998634	-0.01894563302531938	0	6188.479927346755	-0.7003465926299489
5.4	4.7671321747275135	4.7671321747275135	4.7671321747275135	0.09109212816953743	5.498496337541378	0.017719595644382694	9.602887099915163	499.6412573104584	0.6551772765953581	0	0	0	0	68.10576677947178	-0.018945712541961507	0	6188.500431874434	-0.7003779063968115
5.5	4.7671321747275135	4.7671321747275135	4.7671321747275135	0.09109212816953785	5.4984963375416065	0.017719595644382413	9.60288709991515	499.6412573104533	0.6551772765953607	0	0	0	0	68.10576703029311	-0.018945777123099593	0	6188.517064554813	-0.7004037924438352
5.6	4.767132174727514	4.767132174727514	4.767132174727514	0.09109212816953792	5.49849633754162	0.01771959564438242	9.60288709991515	499.641257310453	0.6551772765953607	0	0	0	0	68.10576705673837	-0.018945828762478217	0	6188.530514670664	-0.7004251362637308
5.7	4.767132174727513	4.767132174727513	4.767132174727513	0.0910921281695381	5.498496337541752	0.01771959564438223	9.602887099915144	499.64125731045004	0.6551772765953623	0	0	0	0	68.10576718238674	-0.018945871013186476	0	6188.541413082554	-0.7004427531784778
5.8	4.7671321747275135	4.7671321747275135	4.7671321747275135	0.09109212816953816	5.498496337541775	0.017719595644382205	9.602887099915142	499.64125731044953	0.6551772765953625	0	0	0	0	68.10576721117673	-0.018945904965331238	0	6188.550241908648	-0.7004572876299983
5.9	4.767132174727513	4.767132174727513	4.767132174727513	0.09109212816953817	5.498496337541783	0.0177195956443822	9.602887099915142	499.64125731044925	0.6551772765953625	0	0	0	0	68.10576722167406	-0.018945932382504596	0	6188.557381747685	-0.7004692593906398
6	4.7671321747275135	4.7671321747275135	4.7671321747275135	0.09109212816953446	5.4984963375368086	0.017719595644391822	9.60288709991524	499.64125731056225	0.6551772765952765	0	0	0	0	68.10576341680421	-0.018945938473858236	0	6188.563297456213	-0.7004793532969475
6.1	4.7671321747275135	4.7671321747275135	4.7671321747275135	0.09109212816952578	5.498496337525165	0.0177195956444143	9.602887099915472	499.64125731082675	0.6551772765950755	0	0	0	0	68.10575450578156	-0.018945918578530622	0	6188.568234772376	-0.7004879378299682
6.2	4.7671321747275135	4.7671321747275135	4.7671321747275135	0.09109212816951469	5.498496337510318	0.017719595644442945	9.602887099915769	499.64125731116394	0.6551772765948196	0	0	0	0	68.10574313814357	-0.01894588459778501	0	6188.5722827659465	-0.7004951234275815
6.3	4.767132174727513	4.767132174727513	4.767132174727513	0.09109212816950377	5.498496337495731	0.017719595644471037	9.602887099916057	499.64125731149517	0.6551772765945685	0	0	0	0	68.10573196342757	-0.018945848432884653	0	6188.5755305067	-0.7005010205276672
6.4	4.7671321747275135	4.7671321747275135	4.7671321747275135	0.09109212816949563	5.498496337484868	0.017719595644491885	9.602887099916273	499.6412573117419	0.6551772765943822	0	0	0	0	68.10572363117106	-0.018945821985092808	0	6188.578067064406	-0.7005057395681052
6.5	4.7671321747275135	4.7671321747275135	4.7671321747275135	0.09109212816949287	5.4984963374811935	0.01771959564449879	9.602887099916346	499.6412573118253	0.6551772765943206	0	0	0	0	68.10572079091139	-0.01894581715567273	0	6188.579981508841	-0.7005093909867751
6.6	4.7671321747275135	4.7671321747275135	4.7671321747275135	0.09109212816949805	5.498496337488171	0.017719595644485043	9.602887099916211	499.64125731166683	0.6551772765944435	0	0	0	0	68.10572609218606	-0.018945845845887682	0	6188.581362909781	-0.7005120852215571
6.7	4.7671321747275135	4.7671321747275135	4.7671321747275135	0.09109212816951376	5.498496337509265	0.01771959564444395	9.602887099915792	499.6412573111877	0.655177276594811	0	0	0	0	68.1057421845324	-0.018945919957000915	0	6188.582300336998	-0.7005139327103305
6.8	4.7671321747275135	4.7671321747275135	4.7671321747275135	0.09109212816952841	5.498496337528771	0.01771959564440704	9.6028870999154	499.6412573107447	0.6551772765951405	0	0	0	0	68.10575721735383	-0.018945987817030125	0	6188.583110827134	-0.7005155016284813
6.9	4.7671321747275135	4.7671321747275135	4.7671321747275135	0.09109212816953142	5.49849633753254	0.01771959564440117	9.602887099915321	499.6412573106593	0.6551772765951924	0	0	0	0	68.10576030076965	-0.01894600312332166	0	6188.583976122504	-0.7005171631834548
7	4.7671321747275135	4.7671321747275135	4.7671321747275135	0.0910921281695352	5.498496337537684	0.017719595644390636	9.602887099915222	499.6412573105424	0.655177276595287	0	0	0	0	68.10576415626662	-0.018946023088411965	0	6188.58464581298	-0.7005184620072651
7.1	4.7671321747275135	4.7671321747275135	4.7671321747275135	0.09109212816953652	5.498496337539414	0.017719595644387378	9.602887099915185	499.6412573105031	0.655177276595316	0	0	0	0	68.10576549249767	-0.01894603107096679	0	6188.585229341897	-0.7005196074886788
7.2	4.767132174727514	4.767132174727514	4.767132174727514	0.09109212816953725	5.498496337540425	0.017719595644385258	9.602887099915165	499.6412573104801	0.655177276595335	0	0	0	0	68.10576624297173	-0.018946036347027097	0	6188.585709002158	-0.700520560019937
7.3	4.7671321747275135	4.7671321747275135	4.7671321747275135	0.0910921281695378	5.498496337541202	0.01771959564438356	9.60288709991515	499.6412573104624	0.6551772765953502	0	0	0	0	68.10576681269387	-0.01894604051145292	0	6188.58609882824	-0.7005213452320255
7.4	4.767132174727513	4.767132174727513	4.767132174727513	0.09109212816953793	5.498496337541378	0.017719595644383215	9.602887099915149	499.6412573104584	0.6551772765953534	0	0	0	0	68.10576694740081	-0.018946042343134805	0	6188.5864215352885	-0.7005220042010206
7.5	4.7671321747275135	4.7671321747275135	4.7671321747275135	0.09109212816953814	5.498496337541665	0.017719595644382535	9.602887099915144	499.6412573104519	0.6551772765953595	0	0	0	0	68.10576714898151	-0.01894604434472226	0	6188.586681035863	-0.700522541457068
7.6	4.7671321747275135	4.7671321747275135	4.7671321747275135	0.09109212816953817	5.498496337541727	0.01771959564438241	9.602887099915144	499.6412573104505	0.6551772765953606	0	0	0	0	68.10576719462351	-0.01894604537068703	0	6188.586893728366	-0.7005229881240076
7.7	4.7671321747275135	4.7671321747275135	4.7671321747275135	0.09109212816953823	5.498496337541799	0.017719595644382233	9.602887099915144	499.6412573104489	0.6551772765953622	0	0	0	0	68.10576724220809	-0.018946046276540174	0	6188.587065702709	-0.7005233542875096
7.8	4.7671321747275135	4.7671321747275135	4.7671321747275135	0.09109212816953827	5.498496337541829	0.017719595644382163	9.602887099915144	499.6412573104483	0.6551772765953628	0	0	0	0	68.10576726238392	-0.018946046914078776	0	6188.587205475646	-0.7005236560295768
7.9	4.7671321747275135	4.7671321747275135	4.7671321747275135	0.09109212816953825	5.498496337541842	0.017719595644382132	9.602887099915142	499.64125731044805	0.6551772765953631	0	0	0	0	68.10576727109498	-0.01894604739335995	0	6188.587318696451	-0.7005239038595873
8	4.7671321747275135	4.7671321747275135	4.7671321747275135	0.09109212816953827	5.498496337541854	0.0177195956443821	9.602887099915142	499.6412573104478	0.6551772765953634	0	0	0	0	68.10576727940749	-0.018946047790571244	0	6188.587410481866	-0.7005241074501959
8.1	4.7671321747275135	4.7671321747275135	4.7671321747275135	0.0910921281695383	5.498496337541856	0.017719595644382094	9.60288709991514	499.64125731044777	0.6551772765953634	0	0	0	0	68.10576728117597	-0.018946048084668664	0	6188.587484820625	-0.7005242746067981
8.2	4.7671321747275135	4.7671321747275135	4.7671321747275135	0.09109212816955355	5.498496337541719	0.01771959564438937	9.602887099914733	499.6412573104567	0.6551772765952959	0	0	0	0	68.1057662209071	-0.018946042043348044	0	6188.587568980063	-0.7005244693228508
8.3	4.7671321747275135	4.7671321747275135	4.7671321747275135	0.09109212816962164	5.498496337541087	0.01771959564442183	9.602887099912916	499.6412573104965	0.6551772765949945	0	0	0	0	68.10576148749804	-0.018946014232854153	0	6188.5877239604415	-0.7005248373471149
8.4	4.7671321747275135	4.7671321747275135	4.7671321747275135	0.09109212816973072	5.498496337540059	0.01771959564447383	9.602887099910005	499.6412573105607	0.6551772765945117	0	0	0	0	68.1057539048752	-0.018945969535877336	0	6188.587932566497	-0.7005253369276243
8.5	4.7671321747275135	4.7671321747275135	4.7671321747275135	0.09109212816986582	5.498496337538763	0.017719595644538233	9.602887099906402	499.6412573106408	0.6551772765939138	0	0	0	0	68.10574451314966	-0.018945914113748522	0	6188.588172720809	-0.700525914585517
8.6	4.7671321747275135	4.7671321747275135	4.7671321747275135	0.09109212817001199	5.4984963375373255	0.017719595644607903	9.602887099902507	499.6412573107281	0.6551772765932671	0	0	0	0	68.10573435243242	-0.018945854127798634	0	6188.588422345951	-0.7005265168419312
8.7	4.767132174727514	4.767132174727514	4.767132174727514	0.09109212817015425	5.498496337535874	0.017719595644675703	9.602887099898712	499.6412573108144	0.6551772765926378	0	0	0	0	68.10572446283456	-0.01894579573935862	0	6188.5886593645	-0.700527090218005
8.8	4.7671321747275135	4.7671321747275135	4.7671321747275135	0.09109212817027765	5.498496337534537	0.017719595644734496	9.60288709989542	499.641257310891	0.6551772765920922	0	0	0	0	68.10571588446709	-0.018945745109759396	0	6188.588861699034	-0.7005275812348764
8.9	4.7671321747275135	4.7671321747275135	4.7671321747275135	0.09109212817036721	5.498496337533439	0.017719595644777153	9.602887099893033	499.6412573109494	0.6551772765916963	0	0	0	0	68.10570965744108	-0.0189457084003319	0	6188.58900727213	-0.7005279364136836
9	4.7671321747275135	4.7671321747275135	4.7671321747275135	0.09109212817040802	5.498496337532709	0.01771959564479653	9.602887099891944	499.64125731098125	0.6551772765915168	0	0	0	0	68.10570682186759	-0.018945691772407063	0	6188.589074006363	-0.700528102275565
9.1	4.7671321747275135	4.7671321747275135	4.7671321747275135	0.09109212817038505	5.498496337532475	0.017719595644785497	9.602887099892559	499.64125731097795	0.6551772765916195	0	0	0	0	68.10570841785764	-0.01894570138731581	0	6188.589039824312	-0.7005280253416584
9.2	4.7671321747275135	4.7671321747275135	4.7671321747275135	0.09109212817028339	5.498496337532864	0.01771959564473692	9.602887099895272	499.6412573109309	0.6551772765920709	0	0	0	0	68.10571548552228	-0.01894574340638908	0	6188.588882648552	-0.7005276521331016
9.3	4.7671321747275135	4.7671321747275135	4.7671321747275135	0.09109212817008806	5.498496337534002	0.01771959564464366	9.60288709990048	499.64125731083186	0.6551772765929373	0	0	0	0	68.10572906497256	-0.018945823990957796	0	6188.58858040166	-0.7005269291710334
9.4	4.7671321747275135	4.7671321747275135	4.7671321747275135	0.09109212816979513	5.498496337536125	0.017719595644503844	9.602887099908292	499.6412573106739	0.6551772765942356	0	0	0	0	68.1057494295228	-0.018945944688758536	0	6188.588128353455	-0.7005258450810632
9.5	4.7671321747275135	4.7671321747275135	4.7671321747275135	0.09109212816965202	5.498496337540636	0.017719595644435662	9.602887099912108	499.64125731051695	0.6551772765948661	0	0	0	0	68.10575937522948	-0.018946002355973806	0	6188.58791562964	-0.7005253413770044
9.6	4.7671321747275135	4.7671321747275135	4.7671321747275135	0.09109212816960909	5.498496337542803	0.017719595644415446	9.602887099913255	499.6412573104513	0.6551772765950524	0	0	0	0	68.10576236135122	-0.018946019394650727	0	6188.587859859713	-0.7005252071201333
9.7	4.7671321747275135	4.7671321747275135	4.7671321747275135	0.09109212816956617	5.498496337542246	0.01771959564439514	9.602887099914398	499.6412573104483	0.6551772765952416	0	0	0	0	68.10576534421762	-0.018946037432448652	0	6188.587801728484	-0.7005250595313753
9.8	4.7671321747275135	4.7671321747275135	4.7671321747275135	0.09109212816955592	5.498496337542639	0.01771959564439023	9.602887099914673	499.64125731043555	0.6551772765952871	0	0	0	0	68.1057660586217	-0.018946041577602202	0	6188.587793751468	-0.7005250367177501
9.9	4.767132174727513	4.767132174727513	4.767132174727513	0.09109212816954546	5.498496337542165	0.017719595644385393	9.60288709991495	499.6412573104427	0.6551772765953323	0	0	0	0	68.10576678419532	-0.01894604610879517	0	6188.587783912209	-0.7005250075881801
10	4.7671321747275135	4.7671321747275135	4.7671321747275135	0.09109212816954236	5.498496337542151	0.01771959564438392	9.602887099915032	499.64125731044203	0.6551772765953461	0	0	0	0	68.10576700050059	-0.018946047425055894	0	6188.587784479109	-0.7005250058680659
10.1	4.7671321747275135	4.7671321747275135	4.7671321747275135	0.09109212816954018	5.498496337542006	0.017719595644382944	9.602887099915089	499.6412573104446	0.6551772765953553	0	0	0	0	68.10576715089417	-0.018946048393226708	0	6188.587785505032	-0.7005250055015948
10.2	4.7671321747275135	4.7671321747275135	4.7671321747275135	0.09109212816953918	5.4984963375419476	0.01771959564438249	9.602887099915115	499.6412573104455	0.6551772765953595	0	0	0	0	68.10576722014312	-0.018946048839892704	0	6188.587787550208	-0.7005250084293008
10.3	4.7671321747275135	4.7671321747275135	4.7671321747275135	0.09109212816953878	5.498496337541917	0.017719595644382306	9.602887099915128	499.6412573104462	0.6551772765953614	0	0	0	0	68.10576724882134	-0.018946049033650294	0	6188.587789831789	-0.700525012431531
10.4	4.767132174727513	4.767132174727513	4.767132174727513	0.09109212816953847	5.498496337541885	0.01771959564438217	9.602887099915133	499.6412573104468	0.6551772765953626	0	0	0	0	68.10576727016064	-0.018946049182874458	0	6188.587791723286	-0.7005250158185798
10.5	4.7671321747275135	4.7671321747275135	4.7671321747275135	0.09109212816953842	5.498496337541881	0.017719595644382132	9.602887099915137	499.6412573104469	0.655177276595363	0	0	0	0	68.10576727581699	-0.018946049226207476	0	6188.587793520209	-0.7005250193307914
10.6	4.7671321747275135	4.7671321747275135	4.7671321747275135	0.09109212816953834	5.49849633754187	0.017719595644382097	9.60288709991514	499.64125731044726	0.6551772765953633	0	0	0	0	68.10576728183419	-0.018946049273177595	0	6188.587794943418	-0.700525022114218
10.7	4.7671321747275135	4.7671321747275135	4.7671321747275135	0.09109212816953832	5.498496337541869	0.01771959564438208	9.60288709991514	499.64125731044726	0.6551772765953634	0	0	0	0	68.10576728329147	-0.018946049287780636	0	6188.587796172722	-0.7005250246205629
10.8	4.7671321747275135	4.7671321747275135	4.7671321747275135	0.09109212816955274	5.498496337545488	0.017719595644382004	9.602887099914755	499.6412573103695	0.6551772765953616	0	0	0	0	68.10576672715817	-0.01894604543746513	0	6188.587809971299	-0.7005250623413225
10.9	4.767132174727513	4.767132174727513	4.767132174727513	0.09109212816963994	5.498496337567346	0.01771959564438158	9.60288709991243	499.6412573098995	0.6551772765953497	0	0	0	0	68.10576336383316	-0.01894602213422825	0	6188.5878880501505	-0.7005252792760588
11	4.7671321747275135	4.7671321747275135	4.7671321747275135	0.09109212816978937	5.498496337604777	0.01771959564438088	9.602887099908445	499.64125730909484	0.6551772765953294	0	0	0	0	68.10575760132586	-0.018945982208325815	0	6188.588021058414	-0.7005256493346012
11.1	4.7671321747275135	4.7671321747275135	4.7671321747275135	0.0910921281699816	5.498496337652905	0.01771959564438001	9.602887099903318	499.64125730806035	0.655177276595303	0	0	0	0	68.10575018797584	-0.018945930848504763	0	6188.588191827476	-0.7005261246492254
11.2	4.7671321747275135	4.7671321747275135	4.7671321747275135	0.09109212817019725	5.498496337706853	0.01771959564437908	9.602887099897567	499.64125730690057	0.6551772765952728	0	0	0	0	68.10574187212268	-0.018945873243512025	0	6188.5883831887195	-0.7005266573522065
11.3	4.7671321747275135	4.7671321747275135	4.7671321747275135	0.09109212817041687	5.498496337761743	0.0177195956443782	9.602887099891708	499.6412573057208	0.6551772765952415	0	0	0	0	68.10573340210598	-0.018945814582094544	0	6188.588577973533	-0.7005271995758207
11.4	4.7671321747275135	4.7671321747275135	4.7671321747275135	0.0910921281706211	5.4984963378127	0.01771959564437749	9.602887099886264	499.64125730462575	0.6551772765952115	0	0	0	0	68.10572552626532	-0.018945760052999264	0	6188.588759013301	-0.7005277034523429
11.5	4.7671321747275135	4.7671321747275135	4.7671321747275135	0.0910921281707905	5.498496337854844	0.017719595644377053	9.602887099881745	499.6412573037201	0.6551772765951853	0	0	0	0	68.10571899294025	-0.018945714844973108	0	6188.588909139407	-0.7005281211140492
11.6	4.7671321747275135	4.7671321747275135	4.7671321747275135	0.0910921281709057	5.498496337883299	0.017719595644376997	9.602887099878672	499.64125730310906	0.6551772765951653	0	0	0	0	68.10571455047044	-0.018945684146763023	0	6188.5890111832405	-0.7005284046932145
11.7	4.7671321747275135	4.7671321747275135	4.7671321747275135	0.09109212817094728	5.498496337893189	0.01771959564437744	9.602887099877565	499.6412573028973	0.6551772765951541	0	0	0	0	68.10571294719539	-0.018945673147115948	0	6188.589047976185	-0.7005285063221147
11.8	4.7671321747275135	4.7671321747275135	4.7671321747275135	0.09109212817089583	5.498496337879636	0.01771959564437849	9.602887099878936	499.6412573031896	0.655177276595154	0	0	0	0	68.10571493145471	-0.018945687034778814	0	6188.589002349624	-0.7005283781330253
11.9	4.7671321747275135	4.7671321747275135	4.7671321747275135	0.09109212817073194	5.4984963378377625	0.017719595644380255	9.602887099883306	499.641257304091	0.6551772765951677	0	0	0	0	68.10572125158802	-0.018945730998498566	0	6188.588857134946	-0.7005279722582215
12	4.7671321747275135	4.7671321747275135	4.7671321747275135	0.09109212817043622	5.498496337762693	0.017719595644382847	9.602887099891193	499.64125730570635	0.6551772765951975	0	0	0	0	68.10573265593484	-0.018945810227022134	0	6188.588595163536	-0.7005272408299791
12.1	4.7671321747275135	4.7671321747275135	4.7671321747275135	0.0910921281699917	5.498496337650215	0.017719595644386285	9.602887099903048	499.64125730812606	0.6551772765952464	0	0	0	0	68.10574979909762	-0.01894592924756877	0	6188.588201420824	-0.7005261420904217
12.2	4.767132174727513	4.767132174727513	4.767132174727513	0.09109212816974356	5.498496337593725	0.017719595644379367	9.602887099909667	499.6412573093319	0.6551772765953511	0	0	0	0	68.10575936835426	-0.01894599436779063	0	6188.587981826944	-0.7005255413544623
12.3	4.7671321747275135	4.7671321747275135	4.7671321747275135	0.09109212816970144	5.498496337588886	0.017719595644371804	9.602887099910792	499.64125730942743	0.6551772765954248	0	0	0	0	68.10576099315549	-0.018946004431720204	0	6188.587944796245	-0.7005254490011623
12.4	4.767132174727514	4.767132174727514	4.767132174727514	0.09109212816960903	5.498496337562249	0.01771959564437754	9.602887099913255	499.64125731000536	0.6551772765953908	0	0	0	0	68.105764556535	-0.018946029853800523	0	6188.58786313647	-0.7005252145000394
12.5	4.7671321747275135	4.7671321747275135	4.7671321747275135	0.09109212816958524	5.498496337557159	0.017719595644376047	9.602887099913891	499.6412573101135	0.6551772765954085	0	0	0	0	68.10576547302901	-0.018946036023739458	0	6188.587842278506	-0.7005251578469623
12.6	4.767132174727513	4.767132174727513	4.767132174727513	0.09109212816956627	5.498496337551276	0.017719595644378014	9.602887099914396	499.6412573102416	0.6551772765953944	0	0	0	0	68.10576620501426	-0.01894604133239174	0	6188.587825621273	-0.7005251090448655
12.7	4.767132174727513	4.767132174727513	4.767132174727513	0.09109212816955183	5.498496337546679	0.017719595644379554	9.602887099914781	499.64125731034187	0.6551772765953833	0	0	0	0	68.10576676227296	-0.018946045396831975	0	6188.587812948098	-0.7005250716937294
12.8	4.7671321747275135	4.7671321747275135	4.7671321747275135	0.091092128169549	5.498496337546019	0.01771959564437942	9.602887099914856	499.641257310356	0.655177276595385	0	0	0	0	68.10576687117668	-0.018946046141002496	0	6188.587810554648	-0.7005250649957142
12.9	4.7671321747275135	4.7671321747275135	4.7671321747275135	0.09109212816954275	5.498496337543606	0.017719595644380942	9.602887099915023	499.6412573104092	0.6551772765953727	0	0	0	0	68.10576711228113	-0.018946047991377103	0	6188.587805100068	-0.700525048028316
13	4.7671321747275135	4.7671321747275135	4.7671321747275135	0.09109212816954142	5.498496337543222	0.017719595644380994	9.602887099915057	499.6412573104176	0.6551772765953725	0	0	0	0	68.10576716312487	-0.018946048355153264	0	6188.587804004966	-0.7005250447852843
13.1	4.767132174727513	4.767132174727513	4.767132174727513	0.09109212816953999	5.498496337542614	0.01771959564438146	9.602887099915094	499.64125731043094	0.6551772765953686	0	0	0	0	68.10576721890006	-0.018946048793379144	0	6188.587802783258	-0.7005250408293997
13.2	4.7671321747275135	4.7671321747275135	4.7671321747275135	0.09109212816953917	5.498496337542276	0.01771959564438169	9.602887099915115	499.64125731043833	0.6551772765953667	0	0	0	0	68.10576725097712	-0.018946049042918953	0	6188.587802097724	-0.7005250386014739
13.3	4.7671321747275135	4.7671321747275135	4.7671321747275135	0.09109212816953897	5.498496337542202	0.017719595644381733	9.602887099915119	499.6412573104399	0.6551772765953665	0	0	0	0	68.10576725893662	-0.018946049103398036	0	6188.5878019548645	-0.7005250381081621
13.4	4.7671321747275135	4.7671321747275135	4.7671321747275135	0.09109212816953856	5.498496337542003	0.017719595644381927	9.602887099915131	499.64125731044436	0.6551772765953647	0	0	0	0	68.10576727470574	-0.01894604923291194	0	6188.587801622092	-0.7005250369644199
13.5	4.7671321747275135	4.7671321747275135	4.7671321747275135	0.09109212816953847	5.498496337541974	0.01771959564438194	9.602887099915133	499.641257310445	0.6551772765953646	0	0	0	0	68.10576727771827	-0.018946049254521778	0	6188.587801579869	-0.7005250368096667
13.6	4.7671321747275135	4.7671321747275135	4.7671321747275135	0.091092128169544	5.498496337545903	0.017719595644376484	9.602887099914986	499.64125731035676	0.6551772765954127	0	0	0	0	68.10576704247137	-0.018946047109770797	0	6188.587807008455	-0.7005250567162209
13.7	4.7671321747275135	4.7671321747275135	4.7671321747275135	0.09109212816960216	5.4984963375870946	0.01771959564431942	9.602887099913437	499.6412573094315	0.655177276595914	0	0	0	0	68.10576456937126	-0.0189460245823919	0	6188.587863878263	-0.7005252654424133
13.8	4.767132174727513	4.767132174727513	4.767132174727513	0.09109212816970765	5.498496337661777	0.017719595644216015	9.602887099910621	499.6412573077541	0.6551772765968225	0	0	0	0	68.10576008388323	-0.018945983729292272	0	6188.5879670073755	-0.700525643933341
13.9	4.7671321747275135	4.7671321747275135	4.7671321747275135	0.09109212816984068	5.498496337755922	0.017719595644085744	9.602887099907074	499.6412573056396	0.6551772765979671	0	0	0	0	68.10575442760347	-0.01894593222019681	0	6188.588097048779	-0.7005261211365271
14	4.767132174727514	4.767132174727514	4.767132174727514	0.09109212816998147	5.498496337855493	0.01771959564394808	9.602887099903318	499.64125730340334	0.6551772765991766	0	0	0	0	68.10574844212825	-0.01894587772483042	0	6188.5882346554645	-0.7005266259994947
14.1	4.7671321747275135	4.7671321747275135	4.7671321747275135	0.09109212817011018	5.49849633794646	0.017719595643822493	9.602887099899885	499.6412573013602	0.6551772766002797	0	0	0	0	68.1057429690537	-0.018945827912918007	0	6188.588360480419	-0.7005270874697663
14.2	4.7671321747275135	4.7671321747275135	4.7671321747275135	0.09109212817020707	5.498496338014793	0.017719595643728457	9.6028870998973	499.64125729982555	0.6551772766011056	0	0	0	0	68.1057388499761	-0.018945790454184472	0	6188.588455176637	-0.7005274344948655
14.3	4.7671321747275135	4.7671321747275135	4.7671321747275135	0.09109212817025229	5.498496338046458	0.017719595643685446	9.602887099896094	499.6412572991146	0.655177276601483	0	0	0	0	68.10573692649166	-0.018945773018354716	0	6188.588499397101	-0.7005275960223154
14.4	4.7671321747275135	4.7671321747275135	4.7671321747275135	0.09109212817022612	5.498496338027423	0.017719595643712945	9.602887099896794	499.6412572995425	0.6551772766012408	0	0	0	0	68.10573804019656	-0.01894578327515364	0	6188.5884737948045	-0.7005275009996387
14.5	4.7671321747275135	4.7671321747275135	4.7671321747275135	0.09109212817010869	5.498496337943657	0.017719595643830407	9.602887099899926	499.6412573014243	0.655177276600208	0	0	0	0	68.10574303268704	-0.018945828894306148	0	6188.588359022738	-0.7005270783743586
14.6	4.7671321747275135	4.7671321747275135	4.7671321747275135	0.09109212816988024	5.498496337781129	0.017719595644057326	9.60288709990602	499.64125730507527	0.6551772765982133	0	0	0	0	68.10575274555934	-0.01894591754553715	0	6188.588135733886	-0.700526257093998
14.7	4.7671321747275135	4.7671321747275135	4.7671321747275135	0.09109212816966762	5.498496337631722	0.01771959564426136	9.602887099911689	499.6412573084304	0.6551772765964222	0	0	0	0	68.10576178502055	-0.01894599962239752	0	6188.58792793026	-0.7005254967582663
14.8	4.7671321747275135	4.7671321747275135	4.7671321747275135	0.09109212816960999	5.4984963375934095	0.017719595644308337	9.602887099913229	499.6412573092896	0.6551772765960129	0	0	0	0	68.10576423562988	-0.01894602136833022	0	6188.587871600383	-0.7005252953586408
14.9	4.7671321747275135	4.7671321747275135	4.7671321747275135	0.09109212816956676	5.498496337562255	0.017719595644353086	9.602887099914382	499.64125730998956	0.6551772765956188	0	0	0	0	68.1057660734006	-0.01894603823531216	0	6188.587829352215	-0.7005251390931609
15	4.7671321747275135	4.7671321747275135	4.7671321747275135	0.09109212816955312	5.4984963375528135	0.01771959564436564	9.602887099914746	499.6412573102015	0.6551772765955087	0	0	0	0	68.10576665381492	-0.018946043470051594	0	6188.5878160098155	-0.7005250906047137
15.1	4.7671321747275135	4.7671321747275135	4.7671321747275135	0.09109212816954464	5.498496337546557	0.017719595644375013	9.602887099914971	499.64125731034216	0.6551772765954259	0	0	0	0	68.10576701487702	-0.018946046815123737	0	6188.587807710905	-0.7005250596126572
15.2	4.7671321747275135	4.7671321747275135	4.7671321747275135	0.09109212816954133	5.49849633754417	0.017719595644378455	9.602887099915058	499.6412573103957	0.6551772765953957	0	0	0	0	68.10576715530244	-0.018946048106322676	0	6188.58780448074	-0.7005250476518173
15.3	4.7671321747275135	4.7671321747275135	4.7671321747275135	0.0910921281695397	5.498496337542954	0.017719595644380335	9.602887099915105	499.64125731042304	0.655177276595379	0	0	0	0	68.10576722451485	-0.018946048751197535	0	6188.58780289111	-0.7005250416774825
15.4	4.7671321747275135	4.7671321747275135	4.7671321747275135	0.0910921281695389	5.498496337542353	0.017719595644381265	9.602887099915126	499.6412573104365	0.6551772765953706	0	0	0	0	68.10576725865262	-0.01894604906982816	0	6188.587802107882	-0.700525038725841
15.5	4.7671321747275135	4.7671321747275135	4.7671321747275135	0.09109212816953857	5.498496337542117	0.01771959564438164	9.602887099915133	499.6412573104418	0.6551772765953674	0	0	0	0	68.10576727182674	-0.01894604919299875	0	6188.58780180683	-0.7005250375851904
15.6	4.7671321747275135	4.7671321747275135	4.7671321747275135	0.09109212816953838	5.498496337541967	0.0177195956443819	9.602887099915138	499.6412573104451	0.6551772765953652	0	0	0	0	68.10576728005954	-0.018946049270880783	0	6188.587801619698	-0.7005250368645437
15.7	4.7671321747275135	4.7671321747275135	4.7671321747275135	0.09109212816953834	5.498496337541923	0.017719595644381973	9.60288709991514	499.6412573104461	0.6551772765953645	0	0	0	0	68.10576728260045	-0.018946049294668196	0	6188.587801563119	-0.7005250366451531
15.8	4.7671321747275135	4.7671321747275135	4.7671321747275135	0.0910921281695383	5.498496337541886	0.01771959564438203	9.60288709991514	499.64125731044703	0.6551772765953641	0	0	0	0	68.1057672845548	-0.018946049313315113	0	6188.587801520092	-0.7005250364727416
15.9	4.767132174727514	4.767132174727514	4.767132174727514	0.09109212816953828	5.4984963375418765	0.01771959564438205	9.60288709991514	499.6412573104473	0.655177276595364	0	0	0	0	68.10576728508839	-0.01894604931828084	0	6188.587801509337	-0.7005250364270807
16	4.7671321747275135	4.7671321747275135	4.7671321747275135	0.09109212816957751	5.498496337561187	0.017719595644351032	9.602887099914094	499.6412573100179	0.6551772765956392	0	0	0	0	68.10576653905545	-0.018946042231401068	0	6188.587818659472	-0.70052510210779
16.1	4.767132174727514	4.767132174727514	4.767132174727514	0.09109212816972329	5.498496337632946	0.017719595644235794	9.602887099910205	499.6412573084227	0.6551772765966618	0	0	0	0	68.10576376635113	-0.01894601589240702	0	6188.587882397249	-0.7005253462144363
16.2	4.7671321747275135	4.7671321747275135	4.7671321747275135	0.09109212816995484	5.4984963377469125	0.017719595644052795	9.602887099904033	499.64125730588916	0.6551772765982858	0	0	0	0	68.10575936203031	-0.01894597405571163	0	6188.587983641317	-0.7005257339515364
16.3	4.7671321747275135	4.7671321747275135	4.7671321747275135	0.09109212817024889	5.498496337891621	0.01771959564382045	9.60288709989619	499.6412573026722	0.6551772766003476	0	0	0	0	68.10575376847197	-0.018945920925323493	0	6188.588112222448	-0.7005262263568197
16.4	4.7671321747275135	4.7671321747275135	4.7671321747275135	0.09109212817058222	5.4984963380556096	0.01771959564355719	9.602887099887303	499.6412572990267	0.6551772766026839	0	0	0	0	68.1057474280551	-0.018945860705251203	0	6188.588257971415	-0.7005267844680155
16.5	4.7671321747275135	4.7671321747275135	4.7671321747275135	0.09109212817093157	5.498496338227411	0.017719595643281447	9.602887099877988	499.64125729520754	0.6551772766051309	0	0	0	0	68.10574078315867	-0.018945797599503343	0	6188.588410718988	-0.7005273693228531
16.6	4.7671321747275135	4.7671321747275135	4.7671321747275135	0.09109212817127364	5.498496338395564	0.01771959564301164	9.602887099868864	499.6412572914696	0.6551772766075252	0	0	0	0	68.10573427616166	-0.018945735812088506	0	6188.588560295937	-0.7005279419590619
16.7	4.767132174727514	4.767132174727514	4.767132174727514	0.09109212817158523	5.498496338548601	0.017719595642766192	9.602887099860556	499.6412572880677	0.6551772766097033	0	0	0	0	68.10572834944307	-0.018945679547015287	0	6188.588696533036	-0.7005284634143714
16.8	4.7671321747275135	4.7671321747275135	4.7671321747275135	0.09109212817184306	5.498496338675059	0.01771959564256353	9.602887099853682	499.6412572852568	0.6551772766115015	0	0	0	0	68.10572344538188	-0.01894563300829227	0	6188.588809261054	-0.7005288947265106
16.9	4.7671321747275135	4.7671321747275135	4.7671321747275135	0.09109212817202383	5.498496338763473	0.017719595642422085	9.60288709984886	499.6412572832918	0.6551772766127565	0	0	0	0	68.10572000635703	-0.01894560039992805	0	6188.5888883107655	-0.7005291969332094
17	4.7671321747275135	4.7671321747275135	4.7671321747275135	0.09109212817210437	5.498496338802378	0.017719595642360284	9.602887099846713	499.6412572824274	0.6551772766133046	0	0	0	0	68.10571847474756	-0.018945585925931208	0	6188.58892351294	-0.7005293310721967
17.1	4.7671321747275135	4.7671321747275135	4.7671321747275135	0.09109212817206136	5.498496338780311	0.017719595642396543	9.60288709984786	499.6412572829187	0.6551772766129825	0	0	0	0	68.1057192929324	-0.01894559379031035	0	6188.5889046983475	-0.7005292581812023
17.2	4.7671321747275135	4.7671321747275135	4.7671321747275135	0.09109212817187155	5.498496338685807	0.017719595642549296	9.602887099852923	499.64125728502034	0.6551772766116266	0	0	0	0	68.1057229032906	-0.018945628197074047	0	6188.588821697763	-0.7005289392979553
17.3	4.7671321747275135	4.7671321747275135	4.7671321747275135	0.09109212817151169	5.498496338507398	0.017719595642836962	9.60288709986252	499.6412572889874	0.6551772766090731	0	0	0	0	68.10572974820104	-0.018945693350230903	0	6188.588664341956	-0.700528335460185
17.4	4.7671321747275135	4.7671321747275135	4.7671321747275135	0.09109212817095855	5.498496338233625	0.01771959564327797	9.602887099877272	499.64125729507464	0.655177276605159	0	0	0	0	68.10574027004279	-0.01894579345378951	0	6188.588422461698	-0.700527407705621
17.5	4.7671321747275135	4.7671321747275135	4.7671321747275135	0.09109212817021063	5.498496337864465	0.017719595643871582	9.602887099897217	499.64125730328203	0.6551772765998908	0	0	0	0	68.10575449616401	-0.01894592869673138	0	6188.588095428857	-0.7005261542886315
17.6	4.7671321747275135	4.7671321747275135	4.7671321747275135	0.09109212816995395	5.498496337756346	0.017719595644024415	9.60288709990406	499.64125730567184	0.6551772765985434	0	0	0	0	68.10575937905115	-0.018945973197010472	0	6188.5879831906	-0.7005257420239347
17.7	4.7671321747275135	4.7671321747275135	4.7671321747275135	0.09109212817000496	5.4984963377983735	0.01771959564393828	9.602887099902697	499.6412573047248	0.6551772765993158	0	0	0	0	68.1057584090381	-0.018945962234792182	0	6188.588005503837	-0.700525843761989
17.8	4.7671321747275135	4.7671321747275135	4.7671321747275135	0.09109212816978021	5.498496337674856	0.01771959564415189	9.602887099908692	499.64125730748043	0.6551772765974135	0	0	0	0	68.10576268355358	-0.018946004172099733	0	6188.587907247191	-0.7005254549759179
17.9	4.7671321747275135	4.7671321747275135	4.7671321747275135	0.0910921281697296	5.4984963376561415	0.01771959564417151	9.60288709991004	499.6412573078917	0.655177276597244	0	0	0	0	68.10576364695282	-0.0189460126826998	0	6188.587885109138	-0.700525376152318
18	4.7671321747275135	4.7671321747275135	4.7671321747275135	0.09109212816973715	5.4984963376650375	0.01771959564414993	9.60288709990984	499.64125730769007	0.6551772765974389	0	0	0	0	68.10576350346602	-0.018946010784953365	0	6188.587888415632	-0.7005253937825745
18.1	4.7671321747275135	4.7671321747275135	4.7671321747275135	0.09109212816963069	5.498496337599652	0.017719595644272088	9.602887099912676	499.64125730915345	0.6551772765963472	0	0	0	0	68.10576552801126	-0.018946031357593453	0	6188.5878418780785	-0.7005252030015544
18.2	4.7671321747275135	4.7671321747275135	4.7671321747275135	0.09109212816962789	5.498496337602396	0.01771959564425978	9.602887099912753	499.6412573090894	0.65517727659646	0	0	0	0	68.10576558154541	-0.018946031439111336	0	6188.587840650422	-0.7005252022807874
18.3	4.7671321747275135	4.7671321747275135	4.7671321747275135	0.09109212816961551	5.498496337594915	0.017719595644273767	9.602887099913083	499.6412573092568	0.6551772765963348	0	0	0	0	68.10576581675339	-0.018946033817568125	0	6188.587835245865	-0.7005251802236998
18.4	4.7671321747275135	4.7671321747275135	4.7671321747275135	0.09109212816957625	5.498496337568673	0.017719595644325913	9.60288709991413	499.6412573098454	0.6551772765958677	0	0	0	0	68.10576656375632	-0.01894604162655509	0	6188.587818075772	-0.7005251077892242
18.5	4.7671321747275135	4.7671321747275135	4.7671321747275135	0.09109212816957994	5.4984963375731	0.017719595644313454	9.602887099914032	499.641257309745	0.6551772765959807	0	0	0	0	68.1057664945505	-0.018946040695656582	0	6188.5878196695	-0.7005251164397029
18.6	4.7671321747275135	4.7671321747275135	4.7671321747275135	0.0910921281695653	5.4984963375621945	0.017719595644337352	9.60288709991442	499.64125730999024	0.6551772765957659	0	0	0	0	68.10576677232868	-0.01894604371880645	0	6188.587813286868	-0.7005250883881542
18.7	4.767132174727514	4.767132174727514	4.767132174727514	0.091092128169555	5.498496337555037	0.017719595644351854	9.602887099914696	499.64125731015105	0.6551772765956357	0	0	0	0	68.10576696818147	-0.018946045797943102	0	6188.587808787204	-0.7005250690996218
18.8	4.7671321747275135	4.7671321747275135	4.7671321747275135	0.09109212816955707	5.498496337557286	0.01771959564434552	9.602887099914641	499.6412573101	0.6551772765956934	0	0	0	0	68.10576692901581	-0.01894604529993754	0	6188.58780968967	-0.7005250737253598
18.9	4.7671321747275135	4.7671321747275135	4.7671321747275135	0.09109212816954802	5.498496337549861	0.017719595644363113	9.602887099914883	499.6412573102673	0.6551772765955346	0	0	0	0	68.10576710075317	-0.018946047237730395	0	6188.5878057432965	-0.700525055739775
19	4.7671321747275135	4.7671321747275135	4.7671321747275135	0.091092128169546	5.4984963375485565	0.01771959564436539	9.602887099914938	499.64125731029657	0.6551772765955144	0	0	0	0	68.10576713949679	-0.018946047637451825	0	6188.587804853709	-0.7005250520323411
19.1	4.7671321747275135	4.7671321747275135	4.7671321747275135	0.09109212816954629	5.4984963375490015	0.01771959564436393	9.602887099914929	499.6412573102864	0.6551772765955276	0	0	0	0	68.10576713369339	-0.018946047552435827	0	6188.587804987982	-0.7005250528226505
19.2	4.767132174727513	4.767132174727513	4.767132174727513	0.09109212816958046	5.498496337582696	0.017719595644270007	9.602887099914016	499.6412573095246	0.6551772765963793	0	0	0	0	68.10576649096008	-0.018946039697925816	0	6188.587819765153	-0.700525125767989
19.3	4.7671321747275135	4.7671321747275135	4.7671321747275135	0.0910921281697389	5.498496337737214	0.017719595643843157	9.602887099909793	499.6412573060315	0.6551772766002492	0	0	0	0	68.10576350917846	-0.01894600344471736	0	6188.5878883157975	-0.7005254624412726
19.4	4.767132174727514	4.767132174727514	4.767132174727514	0.09109212816994638	5.498496337939214	0.017719595643285995	9.602887099904258	499.6412573014652	0.6551772766052999	0	0	0	0	68.10575960370396	-0.018945956000405086	0	6188.587978101542	-0.70052590304049
19.5	4.7671321747275135	4.7671321747275135	4.7671321747275135	0.09109212817011665	5.4984963381046095	0.01771959564283066	9.602887099899714	499.64125729772644	0.6551772766094273	0	0	0	0	68.10575639873296	-0.018945917103998247	0	6188.588051782901	-0.7005262642556469
19.6	4.7671321747275135	4.7671321747275135	4.7671321747275135	0.09109212817016342	5.498496338149315	0.017719595642709307	9.602887099898467	499.6412572967161	0.6551772766105269	0	0	0	0	68.10575551846189	-0.018945906494506122	0	6188.588072020385	-0.7005263627767493
19.7	4.7671321747275135	4.7671321747275135	4.7671321747275135	0.09109212817000038	5.498496337989246	0.017719595643154073	9.602887099902816	499.6412573003351	0.655177276606494	0	0	0	0	68.10575858708714	-0.018945943910937974	0	6188.588001474508	-0.7005260152938031
19.8	4.7671321747275135	4.7671321747275135	4.7671321747275135	0.09109212816973725	5.49849633773516	0.017719595643849187	9.602887099909832	499.64125730607805	0.6551772766001942	0	0	0	0	68.10576354019557	-0.018946003867310848	0	6188.587887604685	-0.7005254585141335
19.9	4.7671321747275135	4.7671321747275135	4.7671321747275135	0.09109212816971449	5.498496337721391	0.017719595643865448	9.602887099910442	499.6412573063862	0.6551772766000528	0	0	0	0	68.105763968283	-0.018946008212317005	0	6188.587877762129	-0.7005254182218787
20	4.7671321747275135	4.7671321747275135	4.7671321747275135	0.09109212816966548	5.498496337672652	0.017719595644003015	9.602887099911745	499.64125730748833	0.6551772765988048	0	0	0	0	68.10576489055913	-0.018946019522057576	0	6188.587856559587	-0.7005253131852273
20.1	4.7671321747275135	4.7671321747275135	4.7671321747275135	0.09109212816960352	5.498496337610461	0.017719595644178774	9.602887099913401	499.6412573088949	0.6551772765972104	0	0	0	0	68.10576605767413	-0.018946033886038594	0	6188.587829728839	-0.7005251797794249
20.2	4.7671321747275135	4.7671321747275135	4.7671321747275135	0.09109212816960423	5.498496337613752	0.017719595644162034	9.602887099913383	499.6412573088195	0.6551772765973642	0	0	0	0	68.10576604497047	-0.018946033461621728	0	6188.587830021109	-0.7005251837393113
20.3	4.7671321747275135	4.7671321747275135	4.7671321747275135	0.09109212816957232	5.498496337579014	0.017719595644268324	9.602887099914232	499.6412573096062	0.6551772765963978	0	0	0	0	68.10576664477176	-0.018946041128660506	0	6188.587816232165	-0.7005251125122544
20.4	4.7671321747275135	4.7671321747275135	4.7671321747275135	0.09109212816956211	5.498496337568873	0.017719595644296336	9.602887099914506	499.6412573098355	0.6551772765961439	0	0	0	0	68.10576683702303	-0.018946043485553433	0	6188.587811810845	-0.7005250906229096
20.5	4.7671321747275135	4.7671321747275135	4.7671321747275135	0.09109212816956071	5.498496337567826	0.017719595644298168	9.602887099914541	499.64125730985904	0.6551772765961277	0	0	0	0	68.10576686314073	-0.01894604377218851	0	6188.587811208223	-0.7005250879627696
20.6	4.767132174727513	4.767132174727513	4.767132174727513	0.09109212816954827	5.498496337553502	0.017719595644344218	9.602887099914874	499.6412573101837	0.6551772765957081	0	0	0	0	68.10576709732835	-0.018946046842876003	0	6188.587805823259	-0.7005250594305427
20.7	4.7671321747275135	4.7671321747275135	4.7671321747275135	0.09109212816954736	5.49849633755288	0.017719595644344905	9.602887099914899	499.64125731019766	0.6551772765957024	0	0	0	0	68.10576711441533	-0.01894604702302146	0	6188.5878054307395	-0.7005250577589013
20.8	4.7671321747275135	4.7671321747275135	4.7671321747275135	0.0910921281695445	5.498496337549482	0.017719595644356236	9.602887099914973	499.6412573102746	0.655177276595599	0	0	0	0	68.10576716800777	-0.018946047737915313	0	6188.587804199865	-0.7005250511154439
20.9	4.767132174727514	4.767132174727514	4.767132174727514	0.09109212816954158	5.498496337546011	0.017719595644367703	9.602887099915053	499.6412573103534	0.6551772765954946	0	0	0	0	68.10576722306072	-0.018946048470275773	0	6188.587802935684	-0.7005250443098806
21	4.7671321747275135	4.7671321747275135	4.7671321747275135	0.09109212816954163	5.498496337546194	0.017719595644366662	9.602887099915051	499.64125731034926	0.6551772765955043	0	0	0	0	68.10576722225416	-0.018946048445861105	0	6188.587802955448	-0.7005250445374291
21.1	4.7671321747275135	4.7671321747275135	4.7671321747275135	0.09109212816953995	5.498496337544028	0.01771959564437436	9.602887099915096	499.6412573103984	0.655177276595434	0	0	0	0	68.10576725400492	-0.018946048885294036	0	6188.58780222625	-0.7005250404529567
21.2	4.7671321747275135	4.7671321747275135	4.7671321747275135	0.09109212816953949	5.498496337543493	0.01771959564437608	9.602887099915106	499.6412573104105	0.6551772765954182	0	0	0	0	68.10576726264371	-0.01894604899953934	0	6188.587802028585	-0.7005250393917576
21.3	4.7671321747275135	4.7671321747275135	4.7671321747275135	0.09109212816953938	5.498496337543385	0.017719595644376408	9.602887099915108	499.6412573104129	0.6551772765954154	0	0	0	0	68.10576726454994	-0.018946049023947042	0	6188.5878019855545	-0.7005250391652779
21.4	4.767132174727514	4.767132174727514	4.767132174727514	0.0910921281695788	5.498496337600655	0.017719595644149922	9.602887099914058	499.6412573091111	0.6551772765974877	0	0	0	0	68.10576651893302	-0.018946038049663726	0	6188.58781912752	-0.7005251412096433
21.5	4.7671321747275135	4.7671321747275135	4.7671321747275135	0.09109212816971449	5.498496337797603	0.01771959564337183	9.60288709991044	499.64125730463405	0.6551772766046076	0	0	0	0	68.10576395195972	-0.0189460002911088	0	6188.587878142024	-0.7005254923064687
21.6	4.7671321747275135	4.7671321747275135	4.7671321747275135	0.09109212816990342	5.498496338071691	0.017719595642289334	9.6028870999054	499.6412572984034	0.6551772766145127	0	0	0	0	68.10576037822987	-0.01894594773428602	0	6188.5879603015555	-0.7005259810040639
21.7	4.7671321747275135	4.7671321747275135	4.7671321747275135	0.09109212817009993	5.498496338356658	0.01771959564116437	9.602887099900158	499.64125729192557	0.6551772766248064	0	0	0	0	68.10575666096453	-0.0189458930800464	0	6188.588045760799	-0.700526489203757
21.8	4.7671321747275135	4.7671321747275135	4.7671321747275135	0.0910921281702584	5.498496338586238	0.01771959564025885	9.602887099895932	499.64125728670683	0.655177276633092	0	0	0	0	68.10575366338473	-0.018945849029240947	0	6188.588114674433	-0.7005268988068758
21.9	4.7671321747275135	4.7671321747275135	4.7671321747275135	0.09109212817033319	5.4984963386941725	0.017719595639834704	9.602887099893938	499.64125728425347	0.6551772766369727	0	0	0	0	68.10575224871152	-0.018945828282720675	0	6188.58814719714	-0.7005270917147484
22	4.7671321747275135	4.7671321747275135	4.7671321747275135	0.09109212817027866	5.498496338614194	0.01771959564015386	9.60288709989539	499.6412572860718	0.6551772766340517	0	0	0	0	68.10575328016596	-0.01894584354133659	0	6188.588123483604	-0.7005269498287023
22.1	4.7671321747275135	4.7671321747275135	4.7671321747275135	0.09109212817004918	5.498496338280042	0.01771959564147824	9.602887099901512	499.641257293668	0.6551772766219323	0	0	0	0	68.10575762096909	-0.01894590750593971	0	6188.588023688504	-0.7005263550500659
22.2	4.767132174727514	4.767132174727514	4.767132174727514	0.0910921281697418	5.498496337834903	0.017719595643232864	9.60288709990971	499.6412573037867	0.6551772766058777	0	0	0	0	68.10576343548637	-0.0189459929335711	0	6188.587890013347	-0.7005255607099385
22.3	4.7671321747275135	4.7671321747275135	4.7671321747275135	0.09109212816966443	5.498496337727694	0.01771959564363633	9.602887099911774	499.64125730622237	0.6551772766021898	0	0	0	0	68.10576489912023	-0.018946013939190886	0	6188.5878563657	-0.7005253654189499
22.4	4.7671321747275135	4.7671321747275135	4.7671321747275135	0.09109212816960366	5.498496337638614	0.017719595643992114	9.602887099913396	499.64125730824765	0.6551772765989335	0	0	0	0	68.10576604883823	-0.018946030940121043	0	6188.587829934634	-0.7005252073310858
22.5	4.7671321747275135	4.7671321747275135	4.7671321747275135	0.09109212816957059	5.49849633759034	0.017719595644183846	9.602887099914277	499.6412573093451	0.6551772765971788	0	0	0	0	68.10576667438791	-0.018946040170428953	0	6188.587815551328	-0.7005251215012059
22.6	4.7671321747275135	4.7671321747275135	4.7671321747275135	0.09109212816956005	5.49849633757507	0.01771959564424415	9.602887099914557	499.64125730969215	0.6551772765966271	0	0	0	0	68.10576687349813	-0.018946043098761526	0	6188.587810970959	-0.7005250942718516
22.7	4.7671321747275135	4.7671321747275135	4.7671321747275135	0.09109212816954715	5.498496337555417	0.01771959564432561	9.602887099914902	499.6412573101392	0.655177276595881	0	0	0	0	68.10576711797651	-0.018946046786372808	0	6188.587805351727	-0.7005250599774733
22.8	4.7671321747275135	4.7671321747275135	4.7671321747275135	0.09109212816954448	5.498496337551554	0.017719595644340794	9.602887099914971	499.64125731022693	0.655177276595742	0	0	0	0	68.10576716861075	-0.018946047527696634	0	6188.587804190742	-0.7005250530842942
22.9	4.767132174727513	4.767132174727513	4.767132174727513	0.09109212816954095	5.49849633754605	0.01771959564436423	9.602887099915067	499.6412573103521	0.6551772765955273	0	0	0	0	68.10576723509975	-0.018946048547896367	0	6188.587802660565	-0.7005250435954585
23	4.7671321747275135	4.7671321747275135	4.7671321747275135	0.09109212816953986	5.498496337544389	0.01771959564437109	9.602887099915097	499.6412573103899	0.6551772765954643	0	0	0	0	68.10576725600068	-0.018946048860317557	0	6188.587802179639	-0.7005250406895093
23.1	4.7671321747275135	4.7671321747275135	4.7671321747275135	0.09109212816953914	5.498496337543259	0.017719595644375953	9.602887099915115	499.64125731041554	0.6551772765954196	0	0	0	0	68.1057672694782	-0.018946049068561836	0	6188.587801871423	-0.7005250387521267
23.2	4.7671321747275135	4.7671321747275135	4.7671321747275135	0.09109212816953864	5.498496337542526	0.017719595644379128	9.60288709991513	499.6412573104323	0.6551772765953905	0	0	0	0	68.10576727810658	-0.018946049203625817	0	6188.587801674704	-0.7005250374951864
23.3	4.7671321747275135	4.7671321747275135	4.7671321747275135	0.0910921281695385	5.498496337542333	0.017719595644379946	9.602887099915133	499.64125731043674	0.6551772765953829	0	0	0	0	68.10576728040115	-0.018946049239505127	0	6188.587801622536	-0.7005250371610666
23.4	4.7671321747275135	4.7671321747275135	4.7671321747275135	0.09109212816953835	5.4984963375420515	0.017719595644381213	9.602887099915137	499.64125731044317	0.6551772765953714	0	0	0	0	68.10576728355782	-0.018946049290655072	0	6188.587801549015	-0.7005250366852824
23.5	4.7671321747275135	4.7671321747275135	4.7671321747275135	0.09109212816953832	5.498496337541993	0.01771959564438146	9.602887099915138	499.6412573104445	0.6551772765953691	0	0	0	0	68.1057672841764	-0.018946049301339554	0	6188.587801533373	-0.7005250365859643
23.6	4.7671321747275135	4.7671321747275135	4.7671321747275135	0.09109212816953832	5.4984963375420035	0.017719595644381383	9.602887099915138	499.64125731044425	0.6551772765953697	0	0	0	0	68.10576728411377	-0.018946049299621816	0	6188.587801535148	-0.7005250366022004
23.7	4.7671321747275135	4.7671321747275135	4.7671321747275135	0.09109212816953842	5.4984963375424645	0.017719595644379058	9.602887099915135	499.64125731043373	0.6551772765953913	0	0	0	0	68.10576727889425	-0.018946049216826775	0	6188.587801656694	-0.7005250373723548
23.8	4.7671321747275135	4.7671321747275135	4.7671321747275135	0.09109212816953856	5.498496337543053	0.0177195956443761	9.602887099915133	499.6412573104202	0.6551772765954184	0	0	0	0	68.10576727218661	-0.018946049111010856	0	6188.587801812783	-0.7005250383564963
23.9	4.7671321747275135	4.7671321747275135	4.7671321747275135	0.09109212816953861	5.498496337543325	0.017719595644374746	9.602887099915131	499.64125731041395	0.6551772765954307	0	0	0	0	68.10576726907914	-0.018946049062188847	0	6188.587801885715	-0.7005250388105457
24	4.7671321747275135	4.7671321747275135	4.7671321747275135	0.09109212816953849	5.498496337542834	0.017719595644377223	9.602887099915135	499.6412573104252	0.655177276595408	0	0	0	0	68.10576727466005	-0.018946049150375507	0	6188.587801757791	-0.7005250379904246
