0	4.7671321747275135	4.7671321747275135	4.7671321747275135	0.09109212816953825	5.498496337541862	0.017719595644382066	9.60288709991514	499.64125731044754	0.6551772765953636	0	0	0	0	0	0	0	0	0
0.1	4.7671321747275135	4.7671321747275135	4.7671321747275135	0.09109212816953825	5.498496337541862	0.017719595644382066	9.60288709991514	499.6412573104476	0.6551772765953636	0	0	0	-5330988855090811e-21	-0.00033111122611322817	-10339245292644148e-22	-6444625701580476e-20	-0.0034008892473954113	-4390579142615069e-21
0.2	4.7671321747275135	4.7671321747275135	4.7671321747275135	0.09109212816953825	5.498496337541862	0.017719595644382066	9.60288709991514	499.6412573104475	0.6551772765953636	0	0	0	-72056125376376084e-22	-0.0004798256908775957	-13864532677952513e-22	-0.00018176581044674828	-0.009942778015666596	-12335186269542665e-21
0.3	4.7671321747275135	4.7671321747275135	4.7671321747275135	0.09109212816953825	5.498496337541862	0.017719595644382066	9.60288709991514	499.64125731044754	0.6551772765953636	0	0	0	-7864742796528228e-21	-0.0005699006269580043	-14963887126856682e-22	-0.00029967107422349405	-0.017200423613133026	-20220938531572774e-21
0.4	4.7671321747275135	4.7671321747275135	4.7671321747275135	0.09109212816953827	5.498496337541862	0.017719595644382066	9.60288709991514	499.6412573104476	0.6551772765953636	0	0	0	-809654715883499e-20	-0.0006362665651276924	-15206467753934333e-22	-0.000403197366032012	-0.02439791042512616	-2701626192055523e-20
0.5	4.7671321747275135	4.7671321747275135	4.7671321747275135	0.09109212816953827	5.498496337541862	0.017719595644382066	9.60288709991514	499.6412573104476	0.6551772765953636	0	0	0	-8178003530056107e-21	-0.0006891327698765329	-15152574747725036e-22	-0.00048986073245732	-0.031244883066176204	-3256315495510751e-20
0.6	4.7671321747275135	4.7671321747275135	4.7671321747275135	0.09109212816953825	5.498496337541862	0.01771959564438207	9.60288709991514	499.6412573104476	0.6551772765953636	0	0	0	-8206636120612657e-21	-0.0007321416562968221	-15003138590192923e-22	-0.0005610315239762143	-0.03761150310149755	-36975444441319675e-21
0.7	4.7671321747275135	4.7671321747275135	4.7671321747275135	0.09109212816953825	5.498496337541862	0.017719595644382066	9.60288709991514	499.6412573104476	0.6551772765953636	0	0	0	-821671802236826e-20	-0.0007672172276410428	-14830475991690466e-22	-0.0006190123968790476	-0.04343705718101842	-4043235885477844e-20
0.8	4.767132174727514	4.767132174727514	4.767132174727514	0.09109212816953825	5.498496337541862	0.017719595644382066	9.60288709991514	499.6412573104476	0.6551772765953636	0	0	0	-8220265358504282e-21	-0.0007957709011968628	-14660660752104764e-22	-0.0006660875878150025	-0.0487003734721057	-43110465970327996e-21
0.9	4.7671321747275135	4.7671321747275135	4.7671321747275135	0.09109212816953824	5.498496337541862	0.017719595644382066	9.60288709991514	499.6412573104476	0.6551772765953636	0	0	0	-8221491333122208e-21	-0.000818964523907195	-14502921995359638e-22	-0.0007042451093759892	-0.053406697002784075	-45163345696167616e-21
1	4.7671321747275135	4.7671321747275135	4.7671321747275135	0.09109212816953824	5.498496337541862	0.017719595644382066	9.60288709991514	499.6412573104476	0.6551772765953636	0	0	0	-8221928101205702e-21	-0.000837782229081207	-14360322933961567e-22	-0.0007351633934123105	-0.05757794830293757	-467205494016467e-19
1.1	4.7671321747275135	4.7671321747275135	4.7671321747275135	0.09109212816953824	5.498496337541862	0.017719595644382066	9.60288709991514	499.6412573104476	0.6551772765953636	0	0	0	-8222089693431991e-21	-0.000853032594864383	-14233279418180303e-22	-0.0007602006769305153	-0.061248097270518144	-4788653763780013e-20
1.2	4.7671321747275135	4.7671321747275135	4.7671321747275135	0.09109212816953824	5.498496337541863	0.017719595644382063	9.602887099915138	499.6412573104476	0.6551772765953636	0	0	0	-8222147071342462e-21	-0.0008653883543317458	-14121191616865187e-22	-0.0007804782046894064	-0.06445679143984924	-487469532811018e-19
1.3	4.7671321747275135	4.7671321747275135	4.7671321747275135	0.09109212816953824	5.498496337541862	0.017719595644382066	9.602887099915138	499.6412573104476	0.6551772765953636	0	0	0	-8222172288620435e-21	-0.0008753943054362836	-14023029120801565e-22	-0.0007968958079474195	-0.06724695906392596	-49369737189285786e-21
1.4	4.7671321747275135	4.7671321747275135	4.7671321747275135	0.09109212816953824	5.4984963375418605	0.017719595644382066	9.602887099915138	499.6412573104476	0.6551772765953636	0	0	0	-8222181623655592e-21	-0.0008835002768393471	-13937564287821625e-22	-0.0008101948266433175	-0.06966169813703799	-4981005218534972e-20
1.5	4.7671321747275135	4.7671321747275135	4.7671321747275135	0.09109212816953825	5.4984963375418605	0.017719595644382066	9.602887099915138	499.6412573104476	0.6551772765953635	0	0	0	-8222185855107746e-21	-0.0008900595312067504	-13863528193013866e-22	-0.0008209555756640139	-0.07174271520108588	-50110045108305254e-21
1.6	4.7671321747275135	4.7671321747275135	4.7671321747275135	0.09109212816953825	5.4984963375418605	0.017719595644382066	9.602887099915138	499.6412573104476	0.6551772765953635	0	0	0	-8222188039028892e-21	-0.0008953779658354106	-13799657854798022e-22	-0.0008296805741638262	-0.07353010948683676	-5030557711036363e-20
1.7	4.7671321747275135	4.7671321747275135	4.7671321747275135	0.09109212816953825	5.498496337541859	0.017719595644382066	9.602887099915138	499.64125731044754	0.6551772765953635	0	0	0	-8222188345960063e-21	-0.0008996772995774384	-13744785103588797e-22	-0.0008367336305621125	-0.0750594301857745	-5042136652464691e-20
1.8	4.7671321747275135	4.7671321747275135	4.7671321747275135	0.09109212816953825	5.4984963375418605	0.017719595644382063	9.602887099915138	499.64125731044754	0.6551772765953636	0	0	0	-822218940804787e-20	-0.0009031635409102939	-13697777424735068e-22	-0.0008424527076560613	-0.07636506225286015	-5048006364732296e-20
1.9	4.7671321747275135	4.7671321747275135	4.7671321747275135	0.09109212816953825	5.4984963375418605	0.017719595644382056	9.602887099915138	499.64125731044754	0.6551772765953636	0	0	0	-8222189228965026e-21	-0.0009059869398193479	-13657633282198464e-22	-0.0008470845256646597	-0.07747647821402479	-5049714815285116e-20
2	4.7671321747275135	4.7671321747275135	4.7671321747275135	0.09109212816953825	5.49849633754186	0.017719595644382052	9.602887099915138	499.64125731044754	0.6551772765953636	0	0	0	-8222189200759008e-21	-0.0009082676183139376	-1362346907336097e-21	-0.0008508259380347857	-0.07841953004838426	-5048427330073578e-20
2.1	4.7671321747275135	4.7671321747275135	4.7671321747275135	0.09109212816953824	5.4984963375418605	0.017719595644382063	9.602887099915138	499.64125731044754	0.6551772765953636	0	0	0	-8222189621603035e-21	-0.000910119620444975	-13594420341010886e-22	-0.0008538640790660015	-0.07921939545117604	-5045234243289663e-20
2.2	4.7671321747275135	4.7671321747275135	4.7671321747275135	0.09109212816953824	5.498496337541864	0.017719595644382063	9.60288709991514	499.64125731044743	0.6551772765953636	0	0	0	-8222188899727527e-21	-0.0009116194847044396	-13569791097913283e-22	-0.0008563248210907412	-0.07989591954249442	-50407746573875685e-21
2.3	4.7671321747275135	4.7671321747275135	4.7671321747275135	0.09109212816953825	5.498496337541865	0.017719595644382063	9.60288709991514	499.64125731044743	0.6551772765953636	0	0	0	-8222188461669155e-21	-0.000912829533360038	-13548983656662505e-22	-0.0008583100051204797	-0.08046615308653088	-5035523084488768e-20
2.4	4.7671321747275135	4.7671321747275135	4.7671321747275135	0.09109212816953825	5.498496337541866	0.017719595644382063	9.60288709991514	499.64125731044743	0.6551772765953636	0	0	0	-8222189203409549e-21	-0.0009138111942006503	-13531404316901513e-22	-0.0008599202102999335	-0.0809470181885617	-5029944903250554e-20
2.5	4.7671321747275135	4.7671321747275135	4.7671321747275135	0.09109212816953832	5.498496337541881	0.01771959564438205	9.602887099915138	499.6412573104471	0.6551772765953636	0	0	0	-822218760962829e-20	-0.000914608376502309	-13516560467436826e-22	-0.0008612287403770198	-0.08135232471237946	-5024321512432359e-20
2.6	4.7671321747275135	4.7671321747275135	4.7671321747275135	0.09109212816953839	5.4984963375419	0.01771959564438204	9.602887099915137	499.6412573104468	0.6551772765953638	0	0	0	-8222185387606867e-21	-0.0009152514948419704	-13504084502006858e-22	-0.0008622847229306374	-0.08169234700109435	-50187920322305194e-21
2.7	4.7671321747275135	4.7671321747275135	4.7671321747275135	0.09109212816953838	5.498496337541897	0.017719595644382042	9.602887099915135	499.6412573104469	0.6551772765953638	0	0	0	-8222185599351909e-21	-0.0009157709160882213	-13493616562498893e-22	-0.0008631367093740632	-0.08197717048127842	-50134949935200364e-21
2.8	4.7671321747275135	4.7671321747275135	4.7671321747275135	0.0910921281695384	5.498496337541909	0.017719595644382018	9.602887099915137	499.6412573104465	0.6551772765953641	0	0	0	-822218560177739e-20	-0.000916193541279364	-13484812108462307e-22	-0.000863830427040041	-0.0822165135625578	-5008550607727004e-20
2.9	4.7671321747275135	4.7671321747275135	4.7671321747275135	0.09109212816953871	5.4984963375420195	0.017719595644381865	9.602887099915126	499.6412573104441	0.6551772765953653	0	0	0	-822217666780263e-20	-0.0009165335775377431	-13477428763370648e-22	-0.0008643934387915047	-0.0824171606512912	-50039840969633436e-21
3	4.7671321747275135	4.7671321747275135	4.7671321747275135	0.09109212816953902	5.498496337542119	0.017719595644381737	9.60288709991512	499.64125731044186	0.6551772765953665	0	0	0	-8222168246447092e-21	-0.0009168072730166204	-13471261207090859e-22	-0.000864847146964555	-0.08258452198924526	-4999803569692208e-20
3.1	4.7671321747275135	4.7671321747275135	4.7671321747275135	0.09109212816953892	5.498496337542087	0.017719595644381782	9.602887099915122	499.64125731044254	0.6551772765953662	0	0	0	-8222170739887218e-21	-0.0009170312176503941	-1346610382351275e-21	-0.0008652130261635371	-0.08272400209182225	-4996018205457377e-20
3.2	4.7671321747275135	4.7671321747275135	4.7671321747275135	0.0910921281695386	5.498496337541986	0.0177195956443819	9.60288709991513	499.64125731044476	0.6551772765953651	0	0	0	-8222180290554206e-21	-0.000917215841942242	-13461781082723174e-22	-0.0008655109447735328	-0.08284073618986669	-49926281112871956e-21
3.3	4.7671321747275135	4.7671321747275135	4.7671321747275135	0.09109212816953877	5.498496337542059	0.01771959564438177	9.602887099915128	499.6412573104432	0.6551772765953663	0	0	0	-822217671728928e-20	-0.0009173611570714898	-13458190695629863e-22	-0.0008657525404206157	-0.082938185725933	-4989604697828616e-20
3.4	4.7671321747275135	4.7671321747275135	4.7671321747275135	0.0910921281695388	5.498496337542073	0.01771959564438175	9.602887099915128	499.64125731044294	0.6551772765953664	0	0	0	-8222176103013406e-21	-0.0009174797083124051	-13455189914578343e-22	-0.0008659475958837322	-0.08301922808512975	-49869254333776804e-21
3.5	4.7671321747275135	4.7671321747275135	4.7671321747275135	0.09109212816953854	5.498496337541978	0.017719595644381886	9.602887099915133	499.64125731044504	0.6551772765953653	0	0	0	-8222182965725663e-21	-0.0009175788163522306	-13452672016258328e-22	-0.0008661057722770095	-0.08308674385596872	-49845646303921366e-21
3.6	4.7671321747275135	4.7671321747275135	4.7671321747275135	0.09109212816953863	5.498496337542036	0.01771959564438176	9.602887099915131	499.6412573104437	0.6551772765953664	0	0	0	-8222180360192735e-21	-0.00091765539507969	-1345060251255918e-21	-0.0008662340723211709	-0.08314299428570127	-49824901504210566e-21
3.7	4.7671321747275135	4.7671321747275135	4.7671321747275135	0.09109212816953864	5.498496337542049	0.017719595644381737	9.602887099915131	499.6412573104434	0.6551772765953666	0	0	0	-8222179859946046e-21	-0.0009177182137170046	-13448871833276845e-22	-0.0008663376453654067	-0.08318965781267154	-4980677879120561e-20
3.8	4.7671321747275135	4.7671321747275135	4.7671321747275135	0.09109212816953847	5.498496337541964	0.01771959564438189	9.602887099915137	499.6412573104453	0.6551772765953653	0	0	0	-8222184935274434e-21	-0.0009177717621664583	-13447411220258325e-22	-0.0008664215919071543	-0.08322843229668944	-4979100575404342e-20
3.9	4.7671321747275135	4.7671321747275135	4.7671321747275135	0.09109212816953856	5.49849633754202	0.017719595644381785	9.602887099915133	499.6412573104442	0.6551772765953661	0	0	0	-8222183035849977e-21	-0.0009178119605198161	-13446229435410094e-22	-0.0008664897297280795	-0.08326069656665781	-4977728240213945e-20
4	4.7671321747275135	4.7671321747275135	4.7671321747275135	0.09109212816953857	5.498496337542032	0.017719595644381768	9.602887099915131	499.64125731044385	0.6551772765953664	0	0	0	-8222182632537727e-21	-0.0009178452035463222	-13445238470067299e-22	-0.0008665447274882463	-0.08328740321100633	-49765417027918385e-21
4.1	4.7671321747275135	4.7671321747275135	4.7671321747275135	0.0910921281695384	5.498496337541953	0.017719595644381903	9.602887099915135	499.64125731044555	0.6551772765953651	0	0	0	-8222186385386141e-21	-0.0009178744013914371	-13444392095441715e-22	-0.0008665892711905151	-0.08330953845027975	-4975518704059892e-20
4.2	4.7671321747275135	4.7671321747275135	4.7671321747275135	0.09109212816953845	5.498496337541997	0.01771959564438181	9.602887099915135	499.64125731044453	0.655177276595366	0	0	0	-8222185001059413e-21	-0.0009178953789345386	-13443723724731625e-22	-0.0008666254606591848	-0.08332794529624499	-497463456346967e-19
4.3	4.7671321747275135	4.7671321747275135	4.7671321747275135	0.09109212816953845	5.498496337542008	0.01771959564438179	9.602887099915137	499.6412573104442	0.6551772765953662	0	0	0	-8222184678586165e-21	-0.0009179129340210945	-13443160155683705e-22	-0.0008666546656675054	-0.08334315116967148	-4973876204169198e-20
4.4	4.7671321747275135	4.7671321747275135	4.7671321747275135	0.09109212816953835	5.49849633754194	0.017719595644381917	9.602887099915138	499.64125731044584	0.655177276595365	0	0	0	-8222187453101268e-21	-0.0009179290628680849	-13442668470492633e-22	-0.0008666782955565043	-0.08335572080307051	-497322749609987e-19
4.5	4.7671321747275135	4.7671321747275135	4.7671321747275135	0.0910921281695384	5.498496337541972	0.017719595644381844	9.602887099915137	499.64125731044504	0.6551772765953656	0	0	0	-8222186444443658e-21	-0.0009179399128307522	-134422945619692e-20	-0.0008666975185376835	-0.0833661736715702	-4972669210770665e-20
4.6	4.7671321747275135	4.7671321747275135	4.7671321747275135	0.09109212816953842	5.498496337541981	0.017719595644381827	9.602887099915137	499.64125731044487	0.6551772765953657	0	0	0	-8222186188399066e-21	-0.0009179491526042519	-13441976245267957e-22	-0.0008667130277648506	-0.0833747927063277	-4972193451698851e-20
4.7	4.7671321747275135	4.7671321747275135	4.7671321747275135	0.09109212816953834	5.498496337541925	0.017719595644381938	9.602887099915138	499.6412573104461	0.6551772765953648	0	0	0	-8222188239293736e-21	-0.0009179582232536938	-13441688579739714e-22	-0.0008667255587839135	-0.08338189635872022	-49717893926608347e-21
4.8	4.7671321747275135	4.7671321747275135	4.7671321747275135	0.09109212816953835	5.498496337541948	0.017719595644381865	9.602887099915138	499.64125731044567	0.6551772765953655	0	0	0	-8222187504548562e-21	-0.0009179637585551086	-13441482191284844e-22	-0.0008667357710071674	-0.08338780890442499	-49714423811662575e-21
4.9	4.7671321747275135	4.7671321747275135	4.7671321747275135	0.09109212816953835	5.498496337541954	0.017719595644381844	9.602887099915138	499.64125731044544	0.6551772765953657	0	0	0	-8222187302451611e-21	-0.0009179685961441214	-13441303745782853e-22	-0.0008667440076979186	-0.08339267539510022	-49711483044890924e-21
5	4.7671321747275135	4.7671321747275135	4.7671321747275135	0.09109212816953835	5.498496337541946	0.017719595644381865	9.602887099915137	499.6412573104456	0.6551772765953656	0	0	0	-8222187771209123e-21	-0.0009179729141990942	-13441151780918742e-22	-0.0008667506811115323	-0.08339669424898045	-4970898605794641e-20
5.1	4.767132174727513	4.767132174727513	4.767132174727513	0.09109212816953847	5.498496337542086	0.017719595644381525	9.602887099915135	499.64125731044237	0.6551772765953685	0	0	0	-8222183703427025e-21	-0.0009179726253269135	-13441102185157566e-22	-0.0008667562101554251	-0.08340010033614227	-4970679865893639e-20
5.2	4.7671321747275135	4.7671321747275135	4.7671321747275135	0.09109212816953861	5.498496337542206	0.017719595644381237	9.602887099915133	499.6412573104397	0.6551772765953712	0	0	0	-8222180135428177e-21	-0.0009179721986121051	-1344106274456107e-21	-0.0008667606746184777	-0.08340290462481985	-4970494927777807e-20
5.3	4.7671321747275135	4.7671321747275135	4.7671321747275135	0.09109212816953853	5.498496337542119	0.01771959564438145	9.602887099915135	499.64125731044163	0.6551772765953692	0	0	0	-8222182675899713e-21	-0.000917976577348394	-13440932054249958e-22	-0.0008667641386538429	-0.0834051071362864	-4970347472601655e-20
5.4	4.7671321747275135	4.7671321747275135	4.7671321747275135	0.0910921281695384	5.498496337542025	0.01771959564438167	9.602887099915138	499.6412573104438	0.6551772765953673	0	0	0	-8222185788871318e-21	-0.0009179808421399707	-1344081575687895e-21	-0.0008667669312106824	-0.08340691542795185	-497022317512924e-19
5.5	4.7671321747275135	4.7671321747275135	4.7671321747275135	0.09109212816953846	5.498496337542103	0.01771959564438147	9.602887099915137	499.641257310442	0.6551772765953691	0	0	0	-8222183953109478e-21	-0.0009179803635932795	-13440805197912354e-22	-0.0008667693057325239	-0.0834084941733715	-4970110524840869e-20
5.6	4.7671321747275135	4.7671321747275135	4.7671321747275135	0.09109212816953842	5.4984963375420595	0.01771959564438158	9.602887099915137	499.641257310443	0.6551772765953681	0	0	0	-8222185138233407e-21	-0.0009179826036195853	-13440733375663086e-22	-0.0008667711537930197	-0.08340973338784932	-4970021343085382e-20
5.7	4.7671321747275135	4.7671321747275135	4.7671321747275135	0.09109212816953836	5.4984963375419875	0.017719595644381744	9.602887099915138	499.6412573104446	0.6551772765953666	0	0	0	-8222187182940806e-21	-0.0009179853259203112	-1344065747373484e-21	-0.0008667726261536938	-0.08341073669781532	-49699475026427624e-21
5.8	4.7671321747275135	4.7671321747275135	4.7671321747275135	0.0910921281695384	5.498496337542044	0.017719595644381567	9.602887099915137	499.6412573104434	0.6551772765953682	0	0	0	-8222185888845785e-21	-0.0009179846483467758	-13440663772581617e-22	-0.0008667738953762967	-0.08341162780803392	-49698790977553655e-21
5.9	4.7671321747275135	4.7671321747275135	4.7671321747275135	0.09109212816953839	5.498496337542007	0.01771959564438167	9.602887099915137	499.6412573104443	0.6551772765953673	0	0	0	-822218682280005e-20	-0.0009179861929795039	-13440614256940661e-22	-0.0008667748685410102	-0.08341231273590981	-4969826599492977e-20
6	4.767132174727514	4.767132174727514	4.767132174727514	0.09109212816953834	5.498496337541957	0.017719595644381796	9.602887099915138	499.6412573104454	0.6551772765953663	0	0	0	-8222188157754475e-21	-0.0009179879480117045	-13440564028813151e-22	-0.0008667756436892864	-0.08341286686557017	-496978319370007e-19
6.1	4.7671321747275135	4.7671321747275135	4.7671321747275135	0.09109212816953839	5.498496337541999	0.01771959564438165	9.602887099915137	499.64125731044425	0.6551772765953675	0	0	0	-8222187247444648e-21	-0.0009179872754987459	-13440577193398392e-22	-0.0008667763235102422	-0.08341337007358529	-49697417852888936e-21
6.2	4.7671321747275135	4.7671321747275135	4.7671321747275135	0.09109212816953835	5.498496337541967	0.017719595644381744	9.602887099915138	499.6412573104449	0.6551772765953666	0	0	0	-8222187971558154e-21	-0.000917988381059775	-13440541439358352e-22	-0.0008667768341610159	-0.08341374585732067	-4969711323452664e-20
6.3	4.7671321747275135	4.7671321747275135	4.7671321747275135	0.09109212816953831	5.498496337541935	0.017719595644381844	9.602887099915138	499.6412573104457	0.6551772765953657	0	0	0	-8222188839758946e-21	-0.0009179895219359841	-13440507803660838e-22	-0.0008667772414983437	-0.08341405043110463	-4969686066420388e-20
6.4	4.7671321747275135	4.7671321747275135	4.7671321747275135	0.09109212816953831	5.4984963375419715	0.01771959564438173	9.602887099915138	499.64125731044487	0.6551772765953667	0	0	0	-8222188200751099e-21	-0.0009179889349858868	-13440522691211187e-22	-0.0008667776065875632	-0.08341433502898457	-49696610234335766e-21
6.5	4.7671321747275135	4.7671321747275135	4.7671321747275135	0.09109212816953831	5.498496337541945	0.017719595644381813	9.602887099915138	499.6412573104456	0.655177276595366	0	0	0	-8222188754587171e-21	-0.0009179897479608352	-13440495868102165e-22	-0.0008667778732206126	-0.08341453929620056	-4969643644200592e-20
6.6	4.767132174727513	4.767132174727513	4.767132174727513	0.09109212816953828	5.4984963375419165	0.017719595644381886	9.602887099915138	499.6412573104462	0.6551772765953653	0	0	0	-822218931714817e-20	-0.0009179904938082087	-13440473148164503e-22	-0.0008667780867987005	-0.08341470584709422	-49696290945029936e-21
6.7	4.7671321747275135	4.7671321747275135	4.7671321747275135	0.09109212816953828	5.49849633754194	0.017719595644381792	9.60288709991514	499.6412573104458	0.6551772765953662	0	0	0	-8222188869501888e-21	-0.0009179900139589373	-13440487290105532e-22	-0.0008667782835255924	-0.08341486725416226	-49696139291676256e-21
6.8	4.7671321747275135	4.7671321747275135	4.7671321747275135	0.09109212816953827	5.498496337541919	0.01771959564438186	9.60288709991514	499.64125731044624	0.6551772765953655	0	0	0	-8222189288466412e-21	-0.0009179906225533927	-13440466594976062e-22	-0.0008667784217743176	-0.08341497693374604	-4969604224146184e-20
6.9	4.7671321747275135	4.7671321747275135	4.7671321747275135	0.09109212816953828	5.498496337541902	0.017719595644381924	9.60288709991514	499.6412573104467	0.6551772765953648	0	0	0	-8222189651472065e-21	-0.0009179911115176473	-1344045117305101e-21	-0.0008667785334641983	-0.08341506750948186	-49695959269942686e-21
7	4.7671321747275135	4.7671321747275135	4.7671321747275135	0.09109212816953832	5.498496337541918	0.017719595644381858	9.60288709991514	499.64125731044635	0.6551772765953656	0	0	0	-8222189338514155e-21	-0.0009179907341852272	-13440463540098186e-22	-0.0008667786399202398	-0.08341515943466794	-4969586709924283e-20
7.1	4.7671321747275135	4.7671321747275135	4.7671321747275135	0.09109212816953831	5.498496337541902	0.017719595644381917	9.60288709991514	499.6412573104467	0.6551772765953651	0	0	0	-8222189637396593e-21	-0.0009179911732749974	-13440448043760569e-22	-0.0008667787112924294	-0.08341521781832423	-4969581377790439e-20
7.2	4.7671321747275135	4.7671321747275135	4.7671321747275135	0.09109212816953835	5.498496337541983	0.01771959564438161	9.602887099915138	499.64125731044476	0.6551772765953678	0	0	0	-822218835141854e-20	-0.00091798936432477	-1344051373911293e-21	-0.0008667788101512278	-0.08341531525846652	-4969569733897314e-20
7.3	4.7671321747275135	4.7671321747275135	4.7671321747275135	0.09109212816953846	5.498496337542161	0.017719595644380942	9.602887099915135	499.6412573104408	0.655177276595374	0	0	0	-8222185391057424e-21	-0.000917985235023623	-1344066126095903e-21	-0.0008667789413226735	-0.08341545526621777	-496955156419871e-19
7.4	4.7671321747275135	4.7671321747275135	4.7671321747275135	0.09109212816953854	5.498496337542273	0.01771959564438052	9.602887099915133	499.6412573104383	0.6551772765953778	0	0	0	-8222183480995334e-21	-0.0009179825931108717	-13440754875067318e-22	-0.0008667790342869275	-0.0834155529907373	-49695391160177367e-21
7.5	4.7671321747275135	4.7671321747275135	4.7671321747275135	0.09109212816953847	5.498496337542162	0.017719595644380942	9.602887099915135	499.6412573104408	0.655177276595374	0	0	0	-8222185345914362e-21	-0.0009179852463258315	-1344065884720624e-21	-0.0008667790185241516	-0.08341552358118438	-4969544636677503e-20
7.6	4.7671321747275135	4.7671321747275135	4.7671321747275135	0.09109212816953838	5.498496337542029	0.017719595644381414	9.602887099915137	499.6412573104438	0.6551772765953695	0	0	0	-8222187609616375e-21	-0.0009179883372782534	-13440552031643797e-22	-0.0008667789858604556	-0.08341547884702673	-4969551663881446e-20
7.7	4.7671321747275135	4.7671321747275135	4.7671321747275135	0.0910921281695384	5.498496337542085	0.01771959564438116	9.602887099915137	499.6412573104426	0.655177276595372	0	0	0	-8222186743060001e-21	-0.0009179869613728774	-13440608118880643e-22	-0.000866779031386572	-0.08341553102879085	-49695442694230745e-21
7.8	4.7671321747275135	4.7671321747275135	4.7671321747275135	0.09109212816953838	5.4984963375420355	0.01771959564438136	9.602887099915137	499.64125731044373	0.65517727659537	0	0	0	-8222187563704155e-21	-0.0009179881681068279	-13440562777369073e-22	-0.0008667790276192173	-0.08341552068559768	-4969546536260343e-20
7.9	4.7671321747275135	4.7671321747275135	4.7671321747275135	0.09109212816953831	5.498496337541968	0.01771959564438162	9.602887099915138	499.64125731044527	0.6551772765953678	0	0	0	-8222188685685115e-21	-0.0009179897609587823	-13440505411893235e-22	-0.0008667790124107905	-0.08341549853202251	-496955021001192e-19
8	4.7671321747275135	4.7671321747275135	4.7671321747275135	0.09109212816953831	5.498496337542007	0.017719595644381445	9.602887099915137	499.6412573104444	0.6551772765953694	0	0	0	-8222188125042656e-21	-0.000917988837817149	-13440544610042956e-22	-0.0008667790392617488	-0.08341553104321126	-4969545318788057e-20
8.1	4.7671321747275135	4.7671321747275135	4.7671321747275135	0.09109212816953828	5.4984963375419635	0.017719595644381633	9.602887099915138	499.6412573104453	0.6551772765953676	0	0	0	-8222188815788673e-21	-0.0009179899070261508	-13440502080064163e-22	-0.000866779030461531	-0.08341551613475733	-4969548132272559e-20
8.2	4.7671321747275135	4.7671321747275135	4.7671321747275135	0.09109212816953825	5.498496337541928	0.01771959564438177	9.602887099915138	499.641257310446	0.6551772765953664	0	0	0	-822218934447271e-20	-0.0009179906808098768	-13440473361446236e-22	-0.0008667790241751242	-0.08341550627564541	-49695498586246356e-21
8.3	4.7671321747275135	4.7671321747275135	4.7671321747275135	0.09109212816953824	5.498496337541948	0.017719595644381674	9.60288709991514	499.6412573104455	0.6551772765953673	0	0	0	-8222188996251688e-21	-0.000917990085258901	-1344049972538085e-21	-0.0008667790397783295	-0.08341552616209462	-4969546695960113e-20
8.4	4.7671321747275135	4.7671321747275135	4.7671321747275135	0.09109212816953824	5.498496337541917	0.017719595644381816	9.602887099915142	499.6412573104463	0.6551772765953661	0	0	0	-8222189517187771e-21	-0.0009179909304590799	-1344046433244365e-21	-0.0008667790309948123	-0.08341551210457447	-4969549320651194e-20
8.5	4.7671321747275135	4.7671321747275135	4.7671321747275135	0.09109212816953824	5.4984963375419005	0.017719595644381875	9.60288709991514	499.6412573104466	0.6551772765953654	0	0	0	-8222189751466434e-21	-0.0009179912792291874	-13440451243003926e-22	-0.0008667790288954266	-0.08341550842507986	-4969550003315356e-20
8.6	4.7671321747275135	4.7671321747275135	4.7671321747275135	0.09109212816953821	5.498496337541913	0.017719595644381813	9.60288709991514	499.6412573104463	0.655177276595366	0	0	0	-8222189543578475e-21	-0.0009179909097092866	-1344046829848775e-21	-0.0008667790377925951	-0.08341552031770347	-4969548012222721e-20
8.7	4.7671321747275135	4.7671321747275135	4.7671321747275135	0.09109212816953823	5.498496337541892	0.01771959564438192	9.60288709991514	499.6412573104468	0.655177276595365	0	0	0	-8222189911541913e-21	-0.0009179915336520868	-13440440893215768e-22	-0.0008667790306927432	-0.08341550895642792	-4969550172509964e-20
8.8	4.7671321747275135	4.7671321747275135	4.7671321747275135	0.09109212816953825	5.498496337541886	0.017719595644381938	9.60288709991514	499.641257310447	0.6551772765953648	0	0	0	-8222190004886359e-21	-0.0009179916707881416	-13440435934536194e-22	-0.0008667790304061013	-0.08341550817289856	-4969550332254531e-20
8.9	4.7671321747275135	4.7671321747275135	4.7671321747275135	0.09109212816953824	5.498496337541892	0.017719595644381893	9.60288709991514	499.64125731044686	0.6551772765953652	0	0	0	-8222189886042893e-21	-0.0009179914511910953	-13440446500593043e-22	-0.0008667790353554635	-0.08341551508413693	-49695491191095276e-21
9	4.767132174727513	4.767132174727513	4.767132174727513	0.09109212816953825	5.498496337541877	0.017719595644381973	9.60288709991514	499.64125731044714	0.6551772765953645	0	0	0	-82221901343424e-19	-0.0009179918901846894	-13440426334289878e-22	-0.000866779030174564	-0.08341550664635944	-4969550769026469e-20
9.1	4.767132174727513	4.767132174727513	4.767132174727513	0.09109212816953825	5.498496337541876	0.017719595644381966	9.60288709991514	499.6412573104472	0.6551772765953646	0	0	0	-8222190163709334e-21	-0.0009179919281491606	-134404253204199e-20	-0.000866779030560911	-0.08341550706488648	-4969550694061142e-20
9.2	4.7671321747275135	4.7671321747275135	4.7671321747275135	0.09109212816953827	5.498496337541881	0.017719595644381938	9.60288709991514	499.6412573104472	0.6551772765953648	0	0	0	-822219009932992e-20	-0.0009179918044496834	-13440431524817655e-22	-0.0008667790332227063	-0.08341551093021281	-4969549985824133e-20
9.3	4.767132174727514	4.767132174727514	4.767132174727514	0.09109212816953827	5.498496337541884	0.017719595644381896	9.602887099915142	499.64125731044714	0.6551772765953652	0	0	0	-8222190030675652e-21	-0.0009179916576847366	-13440439665809473e-22	-0.0008667790358198957	-0.08341551513529372	-49695491219098944e-21
9.4	4.7671321747275135	4.7671321747275135	4.7671321747275135	0.09109212816953827	5.49849633754196	0.01771959564438116	9.60288709991514	499.6412573104453	0.6551772765953722	0	0	0	-8222188375095323e-21	-0.0009179884564956504	-13440601501612573e-22	-0.0008667790805998302	-0.08341558881442021	-49695341474350536e-21
9.5	4.7671321747275135	4.7671321747275135	4.7671321747275135	0.09109212816953825	5.498496337542064	0.017719595644380144	9.60288709991514	499.6412573104429	0.6551772765953816	0	0	0	-8222186085655088e-21	-0.0009179840432631546	-13440823913208088e-22	-0.0008667791421651661	-0.08341568999113919	-4969513621166499e-20
9.6	4.7671321747275135	4.7671321747275135	4.7671321747275135	0.09109212816953825	5.498496337542132	0.0177195956443795	9.60288709991514	499.6412573104413	0.6551772765953874	0	0	0	-8222184628344087e-21	-0.0009179812419967062	-13440964675252966e-22	-0.0008667791814373079	-0.08341575431256444	-4969500616100854e-20
9.7	4.7671321747275135	4.7671321747275135	4.7671321747275135	0.09109212816953825	5.498496337542093	0.017719595644379877	9.60288709991514	499.64125731044226	0.6551772765953839	0	0	0	-8222185469151463e-21	-0.0009179828767057618	-13440881562404153e-22	-0.0008667791593376605	-0.08341571742580978	-4969508205234742e-20
9.8	4.7671321747275135	4.7671321747275135	4.7671321747275135	0.09109212816953825	5.498496337541966	0.017719595644381074	9.60288709991514	499.64125731044516	0.6551772765953728	0	0	0	-82221881888135e-19	-0.0009179880975397157	-13440619677352163e-22	-0.0008667790870676656	-0.08341559873168831	-49695322359386056e-21
9.9	4.7671321747275135	4.7671321747275135	4.7671321747275135	0.09109212816953825	5.498496337541964	0.017719595644381053	9.60288709991514	499.6412573104452	0.6551772765953732	0	0	0	-8222188228631153e-21	-0.0009179880604664381	-13440627800735613e-22	-0.0008667790862220483	-0.08341559985584134	-4969531442526629e-20
10	4.7671321747275135	4.7671321747275135	4.7671321747275135	0.09109212816953825	5.49849633754196	0.0177195956443811	9.60288709991514	499.6412573104453	0.6551772765953727	0	0	0	-8222188353261473e-21	-0.0009179882797787864	-13440617858377284e-22	-0.0008667790830728359	-0.08341559507028762	-4969532324579363e-20
10.1	4.7671321747275135	4.7671321747275135	4.7671321747275135	0.09109212816953825	5.4984963375419085	0.0177195956443816	9.60288709991514	499.64125731044646	0.6551772765953681	0	0	0	-8222189433897956e-21	-0.0009179904152195498	-13440507429891547e-22	-0.0008667790543928517	-0.08341554655331528	-496954245644657e-19
10.2	4.7671321747275135	4.7671321747275135	4.7671321747275135	0.09109212816953825	5.498496337541914	0.017719595644381535	9.60288709991514	499.6412573104463	0.6551772765953686	0	0	0	-822218932351191e-20	-0.0009179901410479644	-13440524823633197e-22	-0.0008667790574518136	-0.08341555295554019	-4969540830959825e-20
10.3	4.7671321747275135	4.7671321747275135	4.7671321747275135	0.09109212816953825	5.4984963375419005	0.01771959564438167	9.60288709991514	499.64125731044663	0.6551772765953674	0	0	0	-8222189599580116e-21	-0.0009179907038904942	-13440494698198548e-22	-0.0008667790501815804	-0.0834155402338879	-4969543586321966e-20
10.4	4.7671321747275135	4.7671321747275135	4.7671321747275135	0.09109212816953825	5.498496337541884	0.017719595644381834	9.60288709991514	499.64125731044703	0.6551772765953658	0	0	0	-8222189965070011e-21	-0.0009179914420684927	-13440455667306797e-22	-0.0008667790405088859	-0.08341552349405258	-4969547163478206e-20
10.5	4.7671321747275135	4.7671321747275135	4.7671321747275135	0.09109212816953825	5.498496337541887	0.017719595644381782	9.60288709991514	499.6412573104469	0.6551772765953664	0	0	0	-8222189884728435e-21	-0.0009179912527736382	-13440467297227558e-22	-0.0008667790427126232	-0.08341552789246445	-49695460792913386e-21
10.6	4.7671321747275135	4.7671321747275135	4.7671321747275135	0.09109212816953825	5.498496337541877	0.017719595644381896	9.602887099915142	499.64125731044714	0.6551772765953653	0	0	0	-8222190106426901e-21	-0.0009179917244111303	-13440440913421085e-22	-0.0008667790368489701	-0.08341551719523532	-49695484994720685e-21
10.7	4.7671321747275135	4.7671321747275135	4.7671321747275135	0.09109212816953824	5.498496337541872	0.01771959564438193	9.60288709991514	499.64125731044726	0.6551772765953648	0	0	0	-822219020540567e-20	-0.0009179919250531352	-13440430299352054e-22	-0.0008667790342491088	-0.08341551267083903	-49695494681445266e-21
10.8	4.7671321747275135	4.7671321747275135	4.7671321747275135	0.09109212816953825	5.498496337541872	0.017719595644381903	9.60288709991514	499.64125731044726	0.6551772765953652	0	0	0	-822219017073067e-20	-0.0009179918420693655	-13440435497586223e-22	-0.0008667790352062742	-0.08341551460744982	-4969548982072106e-20
10.9	4.7671321747275135	4.7671321747275135	4.7671321747275135	0.09109212816953825	5.498496337541868	0.017719595644381986	9.60288709991514	499.64125731044743	0.6551772765953644	0	0	0	-8222190301676756e-21	-0.0009179921300107221	-13440418825564916e-22	-0.0008667790317399823	-0.08341550807094944	-4969550512869301e-20
11	4.7671321747275135	4.7671321747275135	4.7671321747275135	0.09109212816953825	5.498496337541866	0.017719595644381993	9.60288709991514	499.64125731044743	0.6551772765953644	0	0	0	-822219032032727e-20	-0.0009179921651991185	-13440417153487952e-22	-0.0008667790312637899	-0.08341550729691768	-4969550661968928e-20
11.1	4.7671321747275135	4.7671321747275135	4.7671321747275135	0.09109212816953825	5.498496337541866	0.017719595644381986	9.60288709991514	499.6412573104475	0.6551772765953645	0	0	0	-8222190313872968e-21	-0.0009179921482811373	-13440418302009656e-22	-0.000866779031453093	-0.083415507706238	-4969550552231702e-20
11.2	4.7671321747275135	4.7671321747275135	4.7671321747275135	0.09109212816953825	5.498496337541863	0.01771959564438203	9.60288709991514	499.6412573104475	0.655177276595364	0	0	0	-8222190378659262e-21	-0.0009179922949562588	-13440409548011103e-22	-0.0008667790297390856	-0.08341550437711051	-4969551356174787e-20
11.3	4.7671321747275135	4.7671321747275135	4.7671321747275135	0.09109212816953825	5.498496337541863	0.017719595644382035	9.60288709991514	499.64125731044754	0.655177276595364	0	0	0	-8222190377593705e-21	-0.0009179922895378503	-13440410065771637e-22	-0.0008667790297787859	-0.0834155045165028	-4969551305680975e-20
11.4	4.7671321747275135	4.7671321747275135	4.7671321747275135	0.09109212816953825	5.498496337541862	0.01771959564438204	9.60288709991514	499.6412573104476	0.6551772765953638	0	0	0	-8222190383455981e-21	-0.0009179923026110793	-13440409297359345e-22	-0.0008667790296315454	-0.08341550423056299	-4969551374439885e-20
11.5	4.7671321747275135	4.7671321747275135	4.7671321747275135	0.09109212816953825	5.498496337541862	0.017719595644381785	9.60288709991514	499.6412573104476	0.6551772765953661	0	0	0	-8222189837784724e-21	-0.0009179909736073256	-13440494879463156e-22	-0.0008667790441926772	-0.08341553458995377	-4969543475011616e-20
11.6	4.7671321747275135	4.7671321747275135	4.7671321747275135	0.09109212816953823	5.498496337541862	0.017719595644381053	9.60288709991514	499.6412573104476	0.6551772765953731	0	0	0	-822218825329704e-20	-0.0009179871225964025	-13440742349694357e-22	-0.0008667790864589157	-0.08341562253893184	-4969520637099662e-20
11.7	4.7671321747275135	4.7671321747275135	4.7671321747275135	0.09109212816953824	5.498496337541862	0.01771959564438017	9.60288709991514	499.6412573104476	0.6551772765953812	0	0	0	-822218635491415e-20	-0.0009179825114335827	-13441038488735984e-22	-0.0008667791370959355	-0.08341572784452621	-4969493308518907e-20
11.8	4.7671321747275135	4.7671321747275135	4.7671321747275135	0.09109212816953824	5.498496337541862	0.01771959564437948	9.60288709991514	499.6412573104476	0.6551772765953877	0	0	0	-8222184877734068e-21	-0.0009179789266505155	-13441268495269685e-22	-0.0008667791764979835	-0.08341580971027145	-4969472083066416e-20
11.9	4.7671321747275135	4.7671321747275135	4.7671321747275135	0.09109212816953824	5.498496337541862	0.017719595644379332	9.60288709991514	499.6412573104476	0.6551772765953892	0	0	0	-8222184556854815e-21	-0.0009179781547788503	-13441317567977091e-22	-0.0008667791850593063	-0.08341582733970218	-49694675545392496e-21
12	4.7671321747275135	4.7671321747275135	4.7671321747275135	0.09109212816953825	5.498496337541862	0.01771959564438006	9.60288709991514	499.6412573104476	0.6551772765953823	0	0	0	-8222186127374406e-21	-0.0009179819823502362	-1344107090553985e-21	-0.0008667791431741507	-0.08341573993635298	-496949031673447e-19
12.1	4.7671321747275135	4.7671321747275135	4.7671321747275135	0.09109212816953825	5.498496337541862	0.01771959564438122	9.60288709991514	499.6412573104476	0.6551772765953714	0	0	0	-8222188621889202e-21	-0.0009179880265599652	-13440683778269586e-22	-0.0008667790766445046	-0.0834156019183522	-49695260386215815e-21
12.2	4.7671321747275135	4.7671321747275135	4.7671321747275135	0.09109212816953825	5.498496337541861	0.017719595644381376	9.60288709991514	499.6412573104476	0.65517727659537	0	0	0	-82221889591632e-19	-0.0009179887780966489	-13440640127137067e-22	-0.000866779067650693	-0.08341558476943345	-4969530060492653e-20
12.3	4.7671321747275135	4.7671321747275135	4.7671321747275135	0.09109212816953825	5.498496337541861	0.017719595644381612	9.60288709991514	499.6412573104476	0.6551772765953678	0	0	0	-8222189454878921e-21	-0.0009179899934991542	-13440561260937893e-22	-0.0008667790544307306	-0.08341555701522818	-4969537338841473e-20
12.4	4.7671321747275135	4.7671321747275135	4.7671321747275135	0.09109212816953824	5.4984963375418605	0.017719595644381837	9.60288709991514	499.6412573104476	0.6551772765953656	0	0	0	-8222189933662932e-21	-0.0009179911684795863	-13440485019190801e-22	-0.0008667790416621041	-0.0834155301836033	-4969544375035011e-20
12.5	4.7671321747275135	4.7671321747275135	4.7671321747275135	0.09109212816953824	5.49849633754186	0.017719595644381855	9.60288709991514	499.64125731044766	0.6551772765953657	0	0	0	-82221899645955e-19	-0.0009179912286813363	-13440482218124061e-22	-0.0008667790408380053	-0.0834155288124933	-49695446319356884e-21
12.6	4.7671321747275135	4.7671321747275135	4.7671321747275135	0.09109212816953824	5.498496337541861	0.017719595644381966	9.60288709991514	499.64125731044766	0.6551772765953645	0	0	0	-82221902151596e-19	-0.0009179918647087039	-13440439442837193e-22	-0.0008667790341558857	-0.08341551428529022	-4969548581408896e-20
12.7	4.7671321747275135	4.7671321747275135	4.7671321747275135	0.09109212816953827	5.4984963375418605	0.017719595644382004	9.60288709991514	499.6412573104476	0.6551772765953642	0	0	0	-8222190276470607e-21	-0.0009179920135893851	-1344042991485998e-21	-0.0008667790325212105	-0.08341551088641297	-4969549460432713e-20
12.8	4.7671321747275135	4.7671321747275135	4.7671321747275135	0.09109212816953827	5.4984963375418605	0.017719595644382018	9.60288709991514	499.6412573104476	0.6551772765953641	0	0	0	-822219031010395e-20	-0.0009179920982354387	-13440424271220456e-22	-0.000866779031624635	-0.08341550895374619	-49695499813455575e-21
12.9	4.767132174727513	4.767132174727513	4.767132174727513	0.09109212816953827	5.498496337541861	0.017719595644382042	9.60288709991514	499.6412573104476	0.6551772765953638	0	0	0	-8222190379072345e-21	-0.0009179922767494234	-13440412022171853e-22	-0.0008667790297855459	-0.08341550487617455	-4969551112546063e-20
13	4.7671321747275135	4.7671321747275135	4.7671321747275135	0.09109212816953828	5.498496337541863	0.017719595644382042	9.60288709991514	499.64125731044754	0.6551772765953638	0	0	0	-822219038395372e-20	-0.0009179922873129817	-1344041144916514e-21	-0.0008667790296556466	-0.08341550463563421	-49695511651986923e-21
13.1	4.767132174727513	4.767132174727513	4.767132174727513	0.09109212816953827	5.498496337541862	0.017719595644382052	9.60288709991514	499.64125731044754	0.6551772765953637	0	0	0	-8222190408699147e-21	-0.000917992352954567	-13440406826472043e-22	-0.0008667790289959213	-0.0834155031362074	-4969551592210071e-20
13.2	4.7671321747275135	4.7671321747275135	4.7671321747275135	0.0910921281695383	5.498496337541866	0.017719595644382056	9.60288709991514	499.6412573104476	0.6551772765953636	0	0	0	-8222190418906343e-21	-0.0009179923794253309	-13440405008292092e-22	-0.000866779028723916	-0.08341550253178905	-496955176007528e-19
13.3	4.7671321747275135	4.7671321747275135	4.7671321747275135	0.09109212816953831	5.498496337541868	0.01771959564438206	9.602887099915138	499.6412573104476	0.6551772765953636	0	0	0	-822219042087494e-20	-0.0009179923843307937	-13440404686335785e-22	-0.0008667790286715988	-0.08341550242001221	-49695517897423464e-21
13.4	4.7671321747275135	4.7671321747275135	4.7671321747275135	0.09109212816953827	5.498496337541864	0.017719595644382063	9.602887099915138	499.64125731044754	0.6551772765953636	0	0	0	-8222190429587828e-21	-0.0009179924079797383	-13440402981145132e-22	-0.0008667790284393478	-0.08341550187980891	-4969551947286494e-20
13.5	4.7671321747275135	4.7671321747275135	4.7671321747275135	0.09109212816953828	5.498496337541867	0.01771959564438207	9.60288709991514	499.6412573104476	0.6551772765953636	0	0	0	-822219043057222e-20	-0.0009179924104064394	-13440402824890427e-22	-0.0008667790284131815	-0.08341550182456102	-4969551961670697e-20
13.6	4.7671321747275135	4.7671321747275135	4.7671321747275135	0.09109212816953832	5.4984963375419085	0.017719595644382066	9.602887099915138	499.64125731044663	0.6551772765953635	0	0	0	-822219041096261e-20	-0.000917992353918422	-1344040715463713e-21	-0.0008667790289362829	-0.08341550311600926	-496955156121765e-19
13.7	4.767132174727514	4.767132174727514	4.767132174727514	0.09109212816954028	5.498496337543213	0.01771959564438214	9.602887099915087	499.6412573104173	0.6551772765953618	0	0	0	-8222189768771362e-21	-0.0009179905117752505	-13440547775184608e-22	-0.0008667790460643862	-0.08341554522606351	-4969538556898725e-20
13.8	4.7671321747275135	4.7671321747275135	4.7671321747275135	0.09109212816954425	5.498496337545857	0.017719595644382285	9.602887099914982	499.641257310358	0.6551772765953583	0	0	0	-822218846485e-17	-0.000917986772073131	-1344083319803563e-21	-0.000866779080841616	-0.08341563071270372	-4969512161619149e-20
13.9	4.7671321747275135	4.7671321747275135	4.7671321747275135	0.09109212816954924	5.498496337549194	0.017719595644382472	9.602887099914847	499.64125731028327	0.6551772765953539	0	0	0	-8222186817707324e-21	-0.0009179820486221481	-13441193654553971e-22	-0.0008667791247729586	-0.08341573868693895	-49694788274501434e-21
14	4.767132174727514	4.767132174727514	4.767132174727514	0.09109212816955435	5.498496337552578	0.017719595644382677	9.60288709991471	499.64125731020744	0.6551772765953493	0	0	0	-8222185145852126e-21	-0.0009179772552323873	-13441559376103411e-22	-0.000866779169363401	-0.08341584825977828	-49694450064629325e-21
14.1	4.7671321747275135	4.7671321747275135	4.7671321747275135	0.09109212816955854	5.498496337555362	0.017719595644382857	9.602887099914598	499.641257310145	0.6551772765953454	0	0	0	-8222183767793206e-21	-0.0009179733057139334	-1344186059404772e-21	-0.0008667792061179295	-0.08341593854223067	-49694171507287344e-21
14.2	4.7671321747275135	4.7671321747275135	4.7671321747275135	0.09109212816956087	5.498496337556901	0.017719595644382986	9.602887099914536	499.6412573101106	0.6551772765953429	0	0	0	-822218300203936e-20	-0.0009179711138768716	-13442027539750672e-22	-0.0008667792265415306	-0.08341598864530522	-4969401712318773e-20
14.3	4.7671321747275135	4.7671321747275135	4.7671321747275135	0.09109212816956037	5.4984963375565465	0.017719595644383038	9.602887099914549	499.6412573101185	0.6551772765953428	0	0	0	-8222183167099388e-21	-0.0009179715935312869	-13441990444576046e-22	-0.0008667792221391909	-0.08341597768001098	-496940514330427e-19
14.4	4.7671321747275135	4.7671321747275135	4.7671321747275135	0.09109212816955609	5.498496337553653	0.01771959564438297	9.602887099914664	499.6412573101834	0.6551772765953456	0	0	0	-8222184581482084e-21	-0.0009179756584872642	-13441679539887613e-22	-0.0008667791844158968	-0.08341588475735698	-4969433895756447e-20
14.5	4.767132174727514	4.767132174727514	4.767132174727514	0.0910921281695472	5.498496337547707	0.01771959564438275	9.6028870999149	499.6412573103167	0.6551772765953523	0	0	0	-8222187500228528e-21	-0.0009179840393775849	-13441039128831646e-22	-0.0008667791065693961	-0.08341569317578573	-4969493120323448e-20
14.6	4.7671321747275135	4.7671321747275135	4.7671321747275135	0.0910921281695421	5.498496337544409	0.017719595644382226	9.602887099915037	499.64125731039053	0.6551772765953598	0	0	0	-822218917388288e-20	-0.0009179888087937714	-13440677566896696e-22	-0.0008667790619310018	-0.08341558415484267	-49695265541591575e-21
14.7	4.7671321747275135	4.7671321747275135	4.7671321747275135	0.09109212816954072	5.498496337543561	0.017719595644381927	9.602887099915074	499.64125731040946	0.6551772765953633	0	0	0	-8222189626754296e-21	-0.0009179900847796997	-1344058197980166e-21	-0.0008667790498523647	-0.08341555498984184	-4969535391932516e-20
14.8	4.767132174727513	4.767132174727513	4.767132174727513	0.09109212816953921	5.498496337542529	0.017719595644382014	9.602887099915113	499.64125731043265	0.6551772765953633	0	0	0	-8222190118654977e-21	-0.0009179915078772053	-13440472365454822e-22	-0.00086677903673278	-0.08341552245740413	-49695455298731006e-21
14.9	4.7671321747275135	4.7671321747275135	4.7671321747275135	0.09109212816953884	5.4984963375423	0.017719595644381966	9.602887099915124	499.64125731043777	0.6551772765953641	0	0	0	-8222190237889254e-21	-0.000917991846505989	-13440446790153621e-22	-0.0008667790335526558	-0.08341551471707546	-49695478947312336e-21
15	4.7671321747275135	4.7671321747275135	4.7671321747275135	0.0910921281695385	5.498496337542048	0.01771959564438203	9.602887099915133	499.64125731044345	0.6551772765953636	0	0	0	-8222190352030303e-21	-0.0009179921801072203	-13440420814633717e-22	-0.0008667790305083379	-0.08341550709042334	-4969550297430454e-20
15.1	4.7671321747275135	4.7671321747275135	4.7671321747275135	0.0910921281695384	5.498496337541966	0.017719595644382035	9.602887099915135	499.64125731044516	0.6551772765953638	0	0	0	-8222190390081408e-21	-0.0009179922900489347	-13440412358514004e-22	-0.0008667790294934295	-0.08341550457715467	-49695510795006055e-21
15.2	4.7671321747275135	4.7671321747275135	4.7671321747275135	0.09109212816953836	5.498496337541914	0.017719595644382056	9.602887099915138	499.64125731044635	0.6551772765953637	0	0	0	-8222190413064712e-21	-0.0009179923576119386	-13440407064800206e-22	-0.0008667790288804597	-0.08341550303251064	-49695515691951514e-21
15.3	4.7671321747275135	4.7671321747275135	4.7671321747275135	0.0910921281695383	5.498496337541887	0.017719595644382063	9.602887099915138	499.64125731044703	0.6551772765953636	0	0	0	-8222190425455711e-21	-0.000917992394052941	-1344040420877122e-21	-0.0008667790285500263	-0.08341550219937441	-4969551833391634e-20
15.4	4.7671321747275135	4.7671321747275135	4.7671321747275135	0.09109212816953828	5.498496337541878	0.017719595644382063	9.60288709991514	499.6412573104473	0.6551772765953637	0	0	0	-8222190429762283e-21	-0.0009179924067115389	-13440403217002832e-22	-0.0008667790284352018	-0.08341550190996726	-49695519251343547e-21
15.5	4.767132174727513	4.767132174727513	4.767132174727513	0.09109212816953827	5.4984963375418685	0.017719595644382063	9.60288709991514	499.64125731044743	0.6551772765953636	0	0	0	-8222190433637758e-21	-0.000917992418294246	-1344040229380249e-21	-0.0008667790283318549	-0.08341550164513702	-4969552010550878e-20
15.6	4.7671321747275135	4.7671321747275135	4.7671321747275135	0.09109212816953827	5.498496337541868	0.017719595644382063	9.60288709991514	499.6412573104475	0.6551772765953635	0	0	0	-8222190434576005e-21	-0.0009179924210528906	-13440402077658288e-22	-0.0008667790283068427	-0.08341550158206595	-49695520305447155e-21
15.7	4.7671321747275135	4.7671321747275135	4.7671321747275135	0.09109212816953827	5.498496337541865	0.017719595644382063	9.60288709991514	499.6412573104475	0.6551772765953634	0	0	0	-8222190435599463e-21	-0.0009179924241519673	-134404018274149e-20	-0.0008667790282795364	-0.08341550151120512	-4969552053700874e-20
15.8	4.7671321747275135	4.7671321747275135	4.7671321747275135	0.09109212816953827	5.498496337541867	0.017719595644382066	9.60288709991514	499.6412573104476	0.6551772765953635	0	0	0	-822219043587604e-20	-0.0009179924249784407	-13440401761781817e-22	-0.0008667790282721151	-0.08341550149231668	-49695520597728186e-21
15.9	4.7671321747275135	4.7671321747275135	4.7671321747275135	0.09109212816954126	5.498496337543321	0.01771959564437905	9.60288709991506	499.64125731041526	0.6551772765953906	0	0	0	-8222190367079293e-21	-0.0009179922089301993	-134404199399358e-20	-0.0008667790301070192	-0.08341550643345204	-4969550376911238e-20
16	4.7671321747275135	4.7671321747275135	4.7671321747275135	0.09109212816956663	5.498496337555613	0.017719595644353558	9.602887099914383	499.6412573101421	0.6551772765956198	0	0	0	-8222189784818119e-21	-0.000917990380610123	-1344057375624082e-21	-0.0008667790456366456	-0.08341554824800453	-4969536137221163e-20
16.1	4.7671321747275135	4.7671321747275135	4.7671321747275135	0.09109212816961297	5.498496337578049	0.01771959564430703	9.602887099913149	499.6412573096437	0.6551772765960376	0	0	0	-8222188721807701e-21	-0.0009179870428331338	-13440854553470523e-22	-0.0008667790739884235	-0.0834156245845384	-49695101421604965e-21
16.2	4.7671321747275135	4.7671321747275135	4.7671321747275135	0.09109212816967434	5.498496337607749	0.017719595644245446	9.60288709991151	499.64125730898394	0.6551772765965909	0	0	0	-8222187314231417e-21	-0.0009179826233125931	-1344122634028292e-21	-0.0008667791115301794	-0.08341572566103525	-4969475723669439e-20
16.3	4.767132174727514	4.767132174727514	4.767132174727514	0.09109212816974477	5.4984963376418365	0.01771959564417477	9.602887099909632	499.6412573082268	0.6551772765972258	0	0	0	-822218569827265e-20	-0.0009179775497618616	-13441653125336027e-22	-0.0008667791546297394	-0.08341584169547663	-4969436213688193e-20
16.4	4.767132174727513	4.767132174727513	4.767132174727513	0.09109212816981833	5.49849633767743	0.017719595644100975	9.602887099907667	499.64125730743615	0.6551772765978885	0	0	0	-8222184010114775e-21	-0.000917972249894301	-13442098917287854e-22	-0.00086677919965493	-0.08341596290584413	-4969394944156959e-20
16.5	4.7671321747275135	4.7671321747275135	4.7671321747275135	0.09109212816988914	5.498496337711653	0.017719595644030035	9.60288709990578	499.641257306676	0.6551772765985259	0	0	0	-822218238594117e-20	-0.0009179671514232724	-13442527724796413e-22	-0.0008667792429735776	-0.08341607951011938	-496935524701594e-19
16.6	4.7671321747275135	4.7671321747275135	4.7671321747275135	0.09109212816995121	5.498496337741623	0.017719595643967925	9.602887099904123	499.64125730601035	0.6551772765990838	0	0	0	-822218096193522e-20	-0.000917962682062137	-13442903556519717e-22	-0.0008667792809535085	-0.08341618172628396	-4969320454205336e-20
16.7	4.7671321747275135	4.7671321747275135	4.7671321747275135	0.09109212816999863	5.498496337764466	0.017719595643920606	9.602887099902858	499.6412573055031	0.6551772765995089	0	0	0	-82221798742803e-19	-0.0009179592695242561	-13443190421115776e-22	-0.0008667793099625494	-0.08341625977231942	-4969293897665349e-20
16.8	4.7671321747275135	4.7671321747275135	4.7671321747275135	0.09109212817002545	5.498496337777298	0.017719595643894057	9.602887099902144	499.6412573052182	0.6551772765997473	0	0	0	-8222179259159786e-21	-0.0009179573415229908	-1344335232724261e-21	-0.0008667793263685262	-0.08341630386620738	-49692789093361804e-21
16.9	4.7671321747275135	4.7671321747275135	4.7671321747275135	0.09109212817002572	5.498496337777244	0.017719595643894245	9.602887099902137	499.6412573052196	0.6551772765997457	0	0	0	-8222179252757064e-21	-0.0009179573257717026	-13443353283558223e-22	-0.0008667793265392656	-0.08341630422592941	-4969278821158033e-20
17	4.7671321747275135	4.7671321747275135	4.7671321747275135	0.09109212816999353	5.498496337761422	0.01771959564392715	9.602887099902995	499.6412573055714	0.65517727659945	0	0	0	-8222179991255506e-21	-0.0009179596499837526	-13443157298720634e-22	-0.000866779306842594	-0.08341625106946712	-4969296965071108e-20
17.1	4.7671321747275135	4.7671321747275135	4.7671321747275135	0.09109212816992293	5.498496337726955	0.017719595643998737	9.602887099904875	499.6412573063373	0.655177276598807	0	0	0	-8222181610838493e-21	-0.0009179647418725019	-1344272838138785e-21	-0.0008667792636463375	-0.0834161346148021	-4969336673015607e-20
17.2	4.7671321747275135	4.7671321747275135	4.7671321747275135	0.09109212816980801	5.498496337670964	0.017719595644114974	9.602887099907942	499.64125730758144	0.6551772765977626	0	0	0	-8222184247689409e-21	-0.0009179730291513119	-13442030540217887e-22	-0.0008667791933183228	-0.08341594507991591	-49694012769317303e-21
17.3	4.7671321747275135	4.7671321747275135	4.7671321747275135	0.09109212816965688	5.498496337597743	0.01771959564426676	9.602887099911975	499.6412573092081	0.6551772765963992	0	0	0	-8222187714780979e-21	-0.0009179839166059801	-13441114538538125e-22	-0.0008667791008467944	-0.08341569607858433	-4969486076695501e-20
17.4	4.7671321747275135	4.7671321747275135	4.7671321747275135	0.09109212816960732	5.498496337576623	0.017719595644308795	9.602887099913296	499.641257309675	0.6551772765960221	0	0	0	-8222188851696642e-21	-0.0009179874205354869	-13440825480837633e-22	-0.0008667790705238839	-0.08341561594990639	-4969512830985213e-20
17.5	4.7671321747275135	4.7671321747275135	4.7671321747275135	0.0910921281695968	5.498496337572932	0.017719595644315744	9.602887099913575	499.64125730975576	0.6551772765959599	0	0	0	-8222189092672046e-21	-0.000917988145204533	-13440767258115253e-22	-0.0008667790640968044	-0.08341559938018399	-4969518218374404e-20
17.6	4.7671321747275135	4.7671321747275135	4.7671321747275135	0.09109212816956325	5.498496337555224	0.01771959564435338	9.602887099914472	499.6412573101502	0.6551772765956215	0	0	0	-8222189863094835e-21	-0.0009179905973991325	-13440558080086158e-22	-0.0008667790435487569	-0.08341554329339487	-4969537585990846e-20
17.7	4.7671321747275135	4.7671321747275135	4.7671321747275135	0.0910921281695585	5.498496337553548	0.01771959564435624	9.6028870999146	499.6412573101868	0.655177276595596	0	0	0	-8222189972130319e-21	-0.0009179909253622534	-13440531791646984e-22	-0.0008667790406407102	-0.08341553579443196	-4969540018416193e-20
17.8	4.7671321747275135	4.7671321747275135	4.7671321747275135	0.09109212816954981	5.498496337548601	0.017719595644367137	9.602887099914831	499.64125731029725	0.655177276595498	0	0	0	-8222190170977016e-21	-0.0009179915669806365	-13440476276084327e-22	-0.0008667790353372362	-0.08341552111825959	-4969545159298659e-20
17.9	4.7671321747275135	4.7671321747275135	4.7671321747275135	0.09109212816954465	5.498496337545759	0.017719595644373226	9.60288709991497	499.6412573103605	0.6551772765954431	0	0	0	-8222190290126738e-21	-0.000917991948672147	-1344044351214286e-21	-0.0008667790321594532	-0.08341551238789675	-49695481930786644e-21
18	4.767132174727513	4.767132174727513	4.767132174727513	0.09109212816954383	5.498496337545416	0.01771959564437385	9.602887099914991	499.6412573103681	0.6551772765954377	0	0	0	-8222190309300928e-21	-0.0009179920074716557	-13440438701322734e-22	-0.0008667790316481266	-0.08341551104329743	-49695486383144546e-21
18.1	4.7671321747275135	4.7671321747275135	4.7671321747275135	0.09109212816954065	5.498496337543394	0.01771959564437851	9.602887099915074	499.6412573104132	0.6551772765953957	0	0	0	-8222190381704317e-21	-0.0009179922461000248	-13440417606862856e-22	-0.0008667790297169957	-0.08341550558441618	-49695505921332596e-21
18.2	4.7671321747275135	4.7671321747275135	4.7671321747275135	0.09109212816954011	5.498496337543138	0.017719595644379003	9.60288709991509	499.64125731041895	0.6551772765953913	0	0	0	-8222190393743957e-21	-0.0009179922840035753	-13440414418528284e-22	-0.0008667790293958456	-0.08341550471753786	-4969550887296363e-20
18.3	4.767132174727513	4.767132174727513	4.767132174727513	0.09109212816953939	5.498496337542647	0.017719595644380172	9.60288709991511	499.64125731043	0.6551772765953807	0	0	0	-822219041036543e-20	-0.0009179923393733389	-1344040946888854e-21	-0.0008667790289525184	-0.08341550345082893	-4969551345793514e-20
18.4	4.7671321747275135	4.7671321747275135	4.7671321747275135	0.09109212816953882	5.498496337542287	0.01771959564438102	9.602887099915124	499.641257310438	0.6551772765953731	0	0	0	-8222190422758916e-21	-0.0009179923805649156	-13440405797146551e-22	-0.0008667790286219876	-0.08341550250848531	-4969551685906286e-20
18.5	4.7671321747275135	4.7671321747275135	4.7671321747275135	0.09109212816953874	5.498496337542255	0.017719595644381074	9.602887099915124	499.6412573104388	0.6551772765953725	0	0	0	-8222190424366158e-21	-0.0009179923855954469	-13440405377779497e-22	-0.0008667790285791391	-0.08341550239343459	-49695517247259026e-21
18.6	4.767132174727514	4.767132174727514	4.767132174727514	0.09109212816953847	5.498496337542033	0.017719595644381633	9.602887099915133	499.6412573104438	0.6551772765953676	0	0	0	-8222190431061824e-21	-0.0009179924084152205	-1344040329040273e-21	-0.0008667790284005268	-0.0834155018713216	-4969551918127759e-20
18.7	4.7671321747275135	4.7671321747275135	4.7671321747275135	0.0910921281695384	5.4984963375419955	0.017719595644381716	9.602887099915135	499.64125731044453	0.6551772765953667	0	0	0	-8222190432384566e-21	-0.0009179924127653645	-13440402907854443e-22	-0.0008667790283651719	-0.08341550177180697	-4969551953557896e-20
18.8	4.7671321747275135	4.7671321747275135	4.7671321747275135	0.09109212816953859	5.498496337542198	0.017719595644381116	9.602887099915131	499.64125731044	0.6551772765953724	0	0	0	-8222190427292243e-21	-0.0009179923945076913	-13440404667193e-19	-0.0008667790285009833	-0.08341550218963828	-4969551790470204e-20
18.9	4.7671321747275135	4.7671321747275135	4.7671321747275135	0.09109212816955507	5.498496337558826	0.017719595644332686	9.60288709991469	499.64125731006385	0.655177276595812	0	0	0	-8222189995283698e-21	-0.0009179908595174046	-13440551282645303e-22	-0.0008667790400231996	-0.08341553731683721	-4969538200598068e-20
19	4.7671321747275135	4.7671321747275135	4.7671321747275135	0.09109212816959125	5.498496337595313	0.017719595644226465	9.602887099913728	499.6412573092385	0.6551772765967766	0	0	0	-8222189046841392e-21	-0.0009179874900189729	-13440873078436924e-22	-0.0008667790653193012	-0.08341561442544633	-4969508373195181e-20
19.1	4.7671321747275135	4.7671321747275135	4.7671321747275135	0.09109212816963824	5.498496337642693	0.017719595644088572	9.602887099912474	499.64125730816676	0.6551772765980287	0	0	0	-8222187814784192e-21	-0.0009179831133628343	-13441291019106741e-22	-0.0008667790981797344	-0.08341571458210745	-4969469634113583e-20
19.2	4.767132174727513	4.767132174727513	4.767132174727513	0.09109212816968716	5.4984963376920035	0.017719595643945117	9.60288709991117	499.6412573070513	0.6551772765993311	0	0	0	-8222186531930966e-21	-0.0009179785568994276	-13441726069193633e-22	-0.0008667791323949454	-0.08341581885346235	-4969429309205319e-20
19.3	4.7671321747275135	4.7671321747275135	4.7671321747275135	0.09109212816972916	5.498496337734279	0.017719595643822226	9.602887099910053	499.64125730609516	0.655177276600447	0	0	0	-8222185431100588e-21	-0.0009179746479791906	-1344209919323648e-21	-0.0008667791617553804	-0.08341590830615277	-49693947243224295e-21
19.4	4.7671321747275135	4.7671321747275135	4.7671321747275135	0.09109212816975532	5.498496337760552	0.017719595643746026	9.602887099909355	499.6412573055009	0.6551772766011388	0	0	0	-822218474511192e-20	-0.0009179722139525615	-13442331355774158e-22	-0.0008667791800514853	-0.08341596400682053	-49693732053169575e-21
19.5	4.7671321747275135	4.7671321747275135	4.7671321747275135	0.09109212816975679	5.49849633776186	0.017719595643742623	9.602887099909315	499.64125730547136	0.6551772766011695	0	0	0	-822218470678383e-20	-0.0009179720821699788	-13442343521345544e-22	-0.0008667791810737063	-0.08341596702210739	-4969372078040946e-20
19.6	4.767132174727513	4.767132174727513	4.767132174727513	0.09109212816972467	5.498496337729236	0.017719595643838147	9.602887099910173	499.6412573062094	0.655177276600302	0	0	0	-822218554893519e-20	-0.0009179750799818804	-13442056654489515e-22	-0.0008667791586124895	-0.08341589841865514	-4969398668346435e-20
19.7	4.7671321747275135	4.7671321747275135	4.7671321747275135	0.09109212816965008	5.498496337653716	0.017719595644058717	9.602887099912163	499.6412573079177	0.655177276598299	0	0	0	-8222187504384866e-21	-0.0009179820347387044	-13441391719744954e-22	-0.0008667791064582811	-0.08341573926310555	-4969460302085469e-20
19.8	4.7671321747275135	4.7671321747275135	4.7671321747275135	0.0910921281695819	5.498496337585472	0.017719595644255997	9.60288709991398	499.6412573094611	0.6551772765965082	0	0	0	-8222189291742959e-21	-0.0009179883710508229	-1344078791998325e-21	-0.0008667790587873176	-0.08341559426246817	-49695162674368826e-21
19.9	4.7671321747275135	4.7671321747275135	4.7671321747275135	0.09109212816956586	5.498496337570299	0.017719595644297557	9.602887099914405	499.641257309804	0.6551772765961313	0	0	0	-8222189712534868e-21	-0.0009179898393714404	-13440650278581914e-22	-0.000866779047564362	-0.08341556066377684	-4969529023288759e-20
20	4.7671321747275135	4.7671321747275135	4.7671321747275135	0.09109212816954992	5.4984963375538864	0.017719595644346355	9.602887099914831	499.6412573101754	0.655177276595688	0	0	0	-8222190129945805e-21	-0.0009179913316169218	-13440506833108625e-22	-0.0008667790364315734	-0.08341552651380003	-4969542320107424e-20
20.1	4.7671321747275135	4.7671321747275135	4.7671321747275135	0.0910921281695447	5.498496337548706	0.017719595644361246	9.60288709991497	499.6412573102926	0.6551772765955529	0	0	0	-8222190266353612e-21	-0.000917991814454231	-13440460897207788e-22	-0.0008667790327934368	-0.08341551546458977	-4969546577777805e-20
20.2	4.7671321747275135	4.7671321747275135	4.7671321747275135	0.0910921281695415	5.498496337545326	0.017719595644371464	9.602887099915057	499.64125731036904	0.6551772765954601	0	0	0	-8222190350848394e-21	-0.0009179921180150308	-1344043156537399e-21	-0.000866779030539845	-0.08341550851746019	-49695492968488084e-21
20.3	4.7671321747275135	4.7671321747275135	4.7671321747275135	0.09109212816953978	5.4984963375435125	0.01771959564437694	9.602887099915101	499.64125731041014	0.6551772765954104	0	0	0	-82221903961852e-19	-0.0009179922809114306	-13440415825964715e-22	-0.0008667790293306476	-0.0834155047895091	-4969550755896985e-20
20.4	4.767132174727514	4.767132174727514	4.767132174727514	0.09109212816953917	5.498496337542883	0.017719595644378847	9.602887099915115	499.6412573104244	0.6551772765953929	0	0	0	-8222190411963048e-21	-0.0009179923375821823	-13440410351397637e-22	-0.000866779028909854	-0.08341550349258055	-49695512633900964e-21
20.5	4.7671321747275135	4.7671321747275135	4.7671321747275135	0.09109212816953864	5.498496337542276	0.01771959564438075	9.60288709991513	499.6412573104381	0.6551772765953756	0	0	0	-8222190426402227e-21	-0.0009179923901717006	-13440405199035852e-22	-0.0008667790285247875	-0.0834155022889718	-4969551741075457e-20
20.6	4.767132174727513	4.767132174727513	4.767132174727513	0.0910921281695385	5.498496337542137	0.017719595644381164	9.602887099915135	499.64125731044123	0.6551772765953718	0	0	0	-8222190429858308e-21	-0.0009179924025891059	-13440403999659344e-22	-0.0008667790284326365	-0.08341550200479782	-4969551852257707e-20
20.7	4.767132174727514	4.767132174727514	4.767132174727514	0.09109212816953836	5.4984963375419715	0.01771959564438171	9.602887099915138	499.6412573104449	0.6551772765953668	0	0	0	-8222190433702773e-21	-0.0009179924167347179	-13440402598923177e-22	-0.0008667790283300893	-0.08341550168103713	-4969551982134428e-20
20.8	4.7671321747275135	4.7671321747275135	4.7671321747275135	0.09109212816953834	5.498496337541931	0.017719595644381848	9.602887099915138	499.64125731044595	0.6551772765953655	0	0	0	-8222190434748578e-21	-0.0009179924205293273	-13440402228184947e-22	-0.0008667790283021778	-0.08341550159419037	-49695520165058824e-21
20.9	4.7671321747275135	4.7671321747275135	4.7671321747275135	0.0910921281695383	5.498496337541894	0.01771959564438197	9.60288709991514	499.6412573104468	0.6551772765953645	0	0	0	-8222190435574845e-21	-0.0009179924235909664	-13440401922944607e-22	-0.000866779028280135	-0.08341550152411288	-4969552044809282e-20
21	4.7671321747275135	4.7671321747275135	4.7671321747275135	0.0910921281695383	5.498496337541879	0.01771959564438202	9.60288709991514	499.6412573104472	0.6551772765953642	0	0	0	-8222190435921911e-21	-0.0009179924248751592	-13440401795551976e-22	-0.0008667790282708738	-0.08341550149472103	-4969552056620893e-20
21.1	4.7671321747275135	4.7671321747275135	4.7671321747275135	0.09109212816953972	5.498496337542294	0.01771959564438102	9.602887099915101	499.6412573104382	0.6551772765953733	0	0	0	-8222190429488144e-21	-0.0009179924003519615	-13440404331621996e-22	-0.0008667790284424867	-0.08341550205609082	-4969551821386693e-20
21.2	4.7671321747275135	4.7671321747275135	4.7671321747275135	0.09109212816961351	5.498496337563873	0.017719595644328675	9.602887099913135	499.64125730996955	0.6551772765958469	0	0	0	-8222190092323369e-21	-0.0009179911160494525	-13440537042714416e-22	-0.0008667790374350771	-0.08341553145555124	-49695395117912094e-21
21.3	4.7671321747275135	4.7671321747275135	4.7671321747275135	0.09109212816978149	5.498496337612985	0.01771959564420953	9.602887099908655	499.6412573089032	0.6551772765969254	0	0	0	-8222189324720698e-21	-0.0009179881922368394	-13440839161079055e-22	-0.0008667790579079228	-0.08341559838566256	-4969511488858229e-20
21.4	4.7671321747275135	4.7671321747275135	4.7671321747275135	0.09109212817001926	5.498496337682472	0.017719595644040926	9.602887099902313	499.6412573073944	0.6551772765984515	0	0	0	-8222188238240554e-21	-0.0009179840539340075	-1344126676074561e-21	-0.0008667790868855812	-0.08341569311712362	-4969471826939759e-20
21.5	4.7671321747275135	4.7671321747275135	4.7671321747275135	0.09109212817030239	5.498496337765178	0.017719595643840215	9.602887099894762	499.6412573055986	0.6551772766002683	0	0	0	-8222186944443361e-21	-0.0009179791261608435	-13441775915743789e-22	-0.0008667791213926096	-0.08341580592063316	-49694246003878024e-21
21.6	4.7671321747275135	4.7671321747275135	4.7671321747275135	0.09109212817060648	5.498496337853948	0.017719595643624728	9.602887099886654	499.6412573036712	0.6551772766022188	0	0	0	-8222185554889537e-21	-0.0009179738339372326	-13442322700103297e-22	-0.0008667791584535655	-0.08341592706688997	-4969373883554364e-20
21.7	4.7671321747275135	4.7671321747275135	4.7671321747275135	0.09109212817090709	5.498496337941625	0.01771959564341181	9.60288709987864	499.6412573017676	0.6551772766041462	0	0	0	-8222184181139505e-21	-0.0009179686022830608	-1344286318785383e-21	-0.0008667791950930058	-0.08341604682659277	-49693237507914486e-21
21.8	4.7671321747275135	4.7671321747275135	4.7671321747275135	0.09109212817117984	5.498496338021053	0.017719595643218806	9.602887099871367	499.6412573000432	0.6551772766058933	0	0	0	-8222182934753688e-21	-0.0009179638562182144	-13443353453025104e-22	-0.0008667792283354882	-0.08341615547044041	-496927827645106e-19
21.9	4.7671321747275135	4.7671321747275135	4.7671321747275135	0.09109212817140029	5.498496338085077	0.01771959564306306	9.602887099865487	499.6412572986534	0.6551772766073032	0	0	0	-8222181927292508e-21	-0.000917960020762579	-13443749569646807e-22	-0.00086677925520557	-0.08341624326913162	-49692415348852023e-21
22	4.7671321747275135	4.7671321747275135	4.7671321747275135	0.09109212817154407	5.49849633812654	0.017719595642961914	9.602887099861656	499.6412572977538	0.6551772766082189	0	0	0	-8222181270316383e-21	-0.0009179575209360405	-13444007611748654e-22	-0.0008667792727278085	-0.0834163004933652	-49692176004458815e-21
22.1	4.7671321747275135	4.7671321747275135	4.7671321747275135	0.09109212817158674	5.4984963381382865	0.0177195956429327	9.602887099860517	499.6412572974996	0.6551772766084836	0	0	0	-8222181075385736e-21	-0.0009179567817584847	-13444083653360342e-22	-0.0008667792779267608	-0.0834163174138399	-49692105474851005e-21
22.2	4.7671321747275135	4.7671321747275135	4.7671321747275135	0.09109212817150386	5.498496338113161	0.017719595642992775	9.602887099862729	499.6412572980461	0.65517727660794	0	0	0	-8222181454060992e-21	-0.0009179582282497975	-13443933768511577e-22	-0.0008667792678269849	-0.0834162843012545	-4969224450354865e-20
22.3	4.7671321747275135	4.7671321747275135	4.7671321747275135	0.09109212817127105	5.498496338044004	0.01771959564315947	9.602887099868937	499.6412572995491	0.6551772766064314	0	0	0	-8222182517902568e-21	-0.0009179622854298652	-1344351403123206e-21	-0.0008667792394530374	-0.0834161914263078	-49692633834071794e-21
22.4	4.7671321747275135	4.7671321747275135	4.7671321747275135	0.0910921281708639	5.498496337923663	0.01771959564345014	9.602887099879796	499.64125730216364	0.655177276603801	0	0	0	-8222184378470887e-21	-0.000917969378318573	-134427805155515e-20	-0.000866779189829476	-0.08341602905969853	-4969331420994046e-20
22.5	4.7671321747275135	4.7671321747275135	4.7671321747275135	0.09109212817025798	5.498496337744981	0.017719595643882115	9.602887099895955	499.64125730604536	0.6551772765998914	0	0	0	-8222187147326372e-21	-0.0009179799319358074	-13441689295499595e-22	-0.0008667791159808579	-0.08341578747212548	-49694326374674725e-21
22.6	4.7671321747275135	4.7671321747275135	4.7671321747275135	0.09109212816985712	5.498496337635486	0.017719595644153607	9.602887099906644	499.6412573084132	0.6551772765974314	0	0	0	-822218897920279e-20	-0.0009179868743636216	-13440975598222923e-22	-0.0008667790671226559	-0.08341562855380324	-4969498833449662e-20
22.7	4.7671321747275135	4.7671321747275135	4.7671321747275135	0.09109212816981593	5.498496337634784	0.0177195956441645	9.602887099907742	499.6412573084142	0.6551772765973292	0	0	0	-8222189167274225e-21	-0.0009179875389492804	-13440912288245412e-22	-0.000866779062106713	-0.08341561334558403	-4969504701546349e-20
22.8	4.7671321747275135	4.7671321747275135	4.7671321747275135	0.09109212816967852	5.4984963375889935	0.017719595644271894	9.602887099911404	499.64125730941583	0.6551772765963587	0	0	0	-8222189795250266e-21	-0.0009179899565692328	-13440659780207983e-22	-0.0008667790453579285	-0.08341555800039993	-49695281249972446e-21
22.9	4.7671321747275135	4.7671321747275135	4.7671321747275135	0.09109212816962609	5.498496337574547	0.017719595644306706	9.602887099912802	499.6412573097285	0.6551772765960436	0	0	0	-8222190034964482e-21	-0.0009179908655691077	-13440566318288854e-22	-0.0008667790389645813	-0.08341553719253995	-4969536793675127e-20
23	4.7671321747275135	4.7671321747275135	4.7671321747275135	0.09109212816961035	5.49849633757037	0.017719595644317042	9.60288709991322	499.6412573098187	0.65517727659595	0	0	0	-8222190106947916e-21	-0.0009179911377962911	-13440538398267267e-22	-0.0008667790370448044	-0.08341553096107784	-4969539383227474e-20
23.1	4.7671321747275135	4.7671321747275135	4.7671321747275135	0.09109212816956931	5.498496337554372	0.01771959564435345	9.602887099914312	499.6412573101712	0.6551772765956216	0	0	0	-8222190294413773e-21	-0.0009179918701463162	-13440460792220202e-22	-0.0008667790320449245	-0.08341551419477974	-4969546583078733e-20
23.2	4.7671321747275135	4.7671321747275135	4.7671321747275135	0.09109212816956452	5.498496337553552	0.017719595644355362	9.60288709991444	499.6412573101883	0.6551772765956043	0	0	0	-82221903163523e-19	-0.0009179919510400941	-13440452735372516e-22	-0.0008667790314598457	-0.0834155123432755	-4969547330153594e-20
23.3	4.7671321747275135	4.7671321747275135	4.7671321747275135	0.09109212816955246	5.498496337548224	0.017719595644367547	9.602887099914762	499.64125731030634	0.6551772765954943	0	0	0	-822219037144885e-20	-0.0009179921691400521	-1344042931332902e-21	-0.0008667790299904014	-0.08341550734985502	-49695495033560135e-21
23.4	4.7671321747275135	4.7671321747275135	4.7671321747275135	0.09109212816954657	5.498496337545854	0.017719595644372865	9.602887099914922	499.6412573103587	0.6551772765954466	0	0	0	-8222190398370232e-21	-0.0009179922746480281	-13440418099140001e-22	-0.0008667790292724444	-0.0834155049343344	-4969550543771197e-20
23.5	4.7671321747275135	4.7671321747275135	4.7671321747275135	0.09109212816954536	5.49849633754548	0.01771959564437369	9.60288709991495	499.6412573103668	0.6551772765954391	0	0	0	-8222190403781499e-21	-0.0009179922953843531	-13440415945921434e-22	-0.00086677902912815	-0.0834155044596365	-4969550743501384e-20
23.6	4.7671321747275135	4.7671321747275135	4.7671321747275135	0.09109212816954129	5.498496337543422	0.01771959564437844	9.60288709991506	499.6412573104126	0.6551772765953963	0	0	0	-8222190422375403e-21	-0.0009179923701730061	-13440407786945034e-22	-0.0008667790286322107	-0.08341550274723747	-4969551500624467e-20
23.7	4.7671321747275135	4.7671321747275135	4.7671321747275135	0.09109212816954072	5.498496337543235	0.017719595644378812	9.602887099915074	499.64125731041673	0.6551772765953929	0	0	0	-8222190424984265e-21	-0.0009179923801981856	-13440406744948347e-22	-0.0008667790285626427	-0.08341550251774628	-49695515972797485e-21
23.8	4.7671321747275135	4.7671321747275135	4.7671321747275135	0.09109212816953967	5.498496337542664	0.017719595644380165	9.602887099915103	499.6412573104295	0.6551772765953807	0	0	0	-8222190429738498e-21	-0.0009179923995304164	-13440404612560097e-22	-0.0008667790284358386	-0.08341550207508391	-4969551795174914e-20
23.9	4.7671321747275135	4.7671321747275135	4.7671321747275135	0.09109212816953888	5.498496337542228	0.0177195956443812	9.602887099915124	499.6412573104393	0.6551772765953713	0	0	0	-8222190433376296e-21	-0.0009179924143354943	-13440402978816534e-22	-0.0008667790283387946	-0.0834155017360691	-49695519467937054e-21
24	4.7671321747275135	4.7671321747275135	4.7671321747275135	0.09109212816953863	5.498496337542088	0.01771959564438153	9.602887099915131	499.6412573104425	0.6551772765953684	0	0	0	-8222190434562112e-21	-0.0009179924191489995	-13440402448897673e-22	-0.000866779028307141	-0.08341550162584857	-49695519959717925e-21
