0	4.7671321747275135	4.7671321747275135	4.7671321747275135	0.09109212816953825	5.498496337541862	0.017719595644382066	9.60288709991514	499.64125731044754	0.6551772765953636	0	0	0	0	0	0	0	0	0
0.1	4.7671321747275135	4.7671321747275135	4.7671321747275135	0.09109212816953825	5.498496337541862	0.017719595644382066	9.602887099915138	499.6412573104475	0.6551772765953635	0	0	0	0	-0.16459569087862044	54659645702721075e-21	-0.8657286646357849	-46.14225867651147	-0.05891861317579149
0.2	4.767132174727513	4.767132174727513	4.767132174727513	0.09109212816953825	5.498496337541862	0.017719595644382066	9.60288709991514	499.64125731044754	0.6551772765953635	0	0	0	0	-0.46423279395142797	0.00015980255473850227	-1.5667489045715712	-87.87583027173228	-0.1060213471335067
0.3	4.7671321747275135	4.7671321747275135	4.7671321747275135	0.09109212816953825	5.498496337541862	0.017719595644382066	9.60288709991514	499.64125731044754	0.6551772765953636	0	0	0	0	-0.7653570376152516	0.00027644676972050816	-2.134397712675895	-126.96009924825012	-0.14336942484556645
0.4	4.7671321747275135	4.7671321747275135	4.7671321747275135	0.09109212816953825	5.498496337541862	0.017719595644382066	9.60288709991514	499.64125731044754	0.6551772765953636	0	0	0	0	-1.029765959198641	0.0003921261984386406	-2.594047932452283	-163.5085560890531	-0.1727907053513249
0.5	4.7671321747275135	4.7671321747275135	4.7671321747275135	0.09109212816953827	5.498496337541862	0.017719595644382073	9.60288709991514	499.64125731044754	0.6551772765953636	0	0	0	0	-1.2510990219336788	0.0005021694811645495	-2.9662513789702687	-197.28792722492383	-0.19581977070959486
0.6	4.7671321747275135	4.7671321747275135	4.7671321747275135	0.09109212816953825	5.498496337541862	0.017719595644382066	9.60288709991514	499.64125731044754	0.6551772765953636	0	0	0	0	-1.432869233271267	0.0006044932579209978	-3.2676414942509506	-228.10520039466093	-0.2137206401112206
0.7	4.767132174727513	4.767132174727513	4.767132174727513	0.09109212816953824	5.498496337541862	0.017719595644382066	9.60288709991514	499.64125731044754	0.6551772765953636	0	0	0	0	-1.5809527404706414	0.0006981218280970409	-3.5116929198708373	-255.89154263246516	-0.22752745481133282
0.8	4.7671321747275135	4.7671321747275135	4.7671321747275135	0.09109212816953825	5.498496337541862	0.01771959564438207	9.60288709991514	499.6412573104476	0.6551772765953636	0	0	0	0	-1.7011766022240793	0.0007827158947079812	-3.7093108466739997	-280.6943901756125	-0.23808154117325914
0.9	4.7671321747275135	4.7671321747275135	4.7671321747275135	0.09109212816953824	5.498496337541862	0.017719595644382066	9.60288709991514	499.6412573104476	0.6551772765953636	0	0	0	0	-1.7986308482764164	0.0008583552284631596	-3.8693189693943584	-302.64666447065423	-0.2460643674822368
1	4.7671321747275135	4.7671321747275135	4.7671321747275135	0.09109212816953824	5.498496337541862	0.017719595644382066	9.60288709991514	499.6412573104476	0.6551772765953636	0	0	0	0	-1.8776032389720856	0.0009253942020416525	-3.9989211406188176	-321.935645145053	-0.2520308193932173
1.1	4.7671321747275135	4.7671321747275135	4.7671321747275135	0.09109212816953825	5.498496337541862	0.017719595644382066	9.60288709991514	499.6412573104476	0.6551772765953636	0	0	0	0	-1.941536388267657	0.000984381527963591	-4.103818502736986	-338.78158340071485	-0.2564163954685653
1.2	4.7671321747275135	4.7671321747275135	4.7671321747275135	0.09109212816953824	5.498496337541862	0.017719595644382066	9.60288709991514	499.6412573104476	0.6551772765953636	0	0	0	0	-1.99333461134539	0.0010359510497456232	-4.188798901954725	-353.4154834299071	-0.25958329839338257
1.3	4.7671321747275135	4.7671321747275135	4.7671321747275135	0.09109212816953824	5.498496337541862	0.017719595644382063	9.60288709991514	499.64125731044754	0.6551772765953636	0	0	0	0	-2.035259048724053	0.0010807938090075804	-4.25757719377943	-366.06909923360496	-0.26180703350092654
1.4	4.7671321747275135	4.7671321747275135	4.7671321747275135	0.09109212816953824	5.498496337541862	0.017719595644382066	9.60288709991514	499.6412573104476	0.6551772765953635	0	0	0	0	-2.0692256229918353	0.0011196032708198028	-4.313299430805652	-376.9670660380221	-0.26331698954407595
1.5	4.7671321747275135	4.7671321747275135	4.7671321747275135	0.09109212816953823	5.498496337541862	0.017719595644382066	9.602887099915138	499.6412573104476	0.6551772765953635	0	0	0	0	-2.096712852054146	0.0011530496348360136	-4.3583918332661	-386.3180291260495	-0.26428427155517314
1.6	4.7671321747275135	4.7671321747275135	4.7671321747275135	0.09109212816953824	5.498496337541862	0.017719595644382066	9.602887099915138	499.6412573104476	0.6551772765953635	0	0	0	0	-2.1189887526423887	0.0011817741162266778	-4.394934995909408	-394.31826362633853	-0.26485217154046425
1.7	4.767132174727514	4.767132174727514	4.767132174727514	0.09109212816953824	5.498496337541861	0.017719595644382066	9.60288709991514	499.6412573104476	0.6551772765953636	0	0	0	0	-2.1370068301152103	0.0012063544068772656	-4.424493198671962	-401.1402794010177	-0.265122821816343
1.8	4.7671321747275135	4.7671321747275135	4.7671321747275135	0.09109212816953824	5.498496337541862	0.017719595644382066	9.602887099915138	499.6412573104475	0.6551772765953635	0	0	0	0	-2.1516165264840126	0.0012273391165114687	-4.448460034308552	-406.9466150341896	-0.26518492985564673
1.9	4.7671321747275135	4.7671321747275135	4.7671321747275135	0.09109212816953824	5.498496337541862	0.017719595644382066	9.602887099915138	499.6412573104475	0.6551772765953635	0	0	0	0	-2.1634314169766578	0.00124519447096203	-4.467842033877539	-411.87291431235406	-0.2650973880669739
2	4.7671321747275135	4.7671321747275135	4.7671321747275135	0.09109212816953824	5.498496337541861	0.017719595644382066	9.602887099915138	499.6412573104475	0.6551772765953635	0	0	0	0	-2.1730056804156686	0.0012603606158269544	-4.483548354366354	-416.0466582050921	-0.2649117639660136
2.1	4.7671321747275135	4.7671321747275135	4.7671321747275135	0.09109212816953824	5.4984963375418605	0.017719595644382066	9.602887099915138	499.6412573104475	0.6551772765953635	0	0	0	0	-2.1807607171682664	0.0012732128554768924	-4.496270273565495	-419.57537069380055	-0.26466368388246714
2.2	4.7671321747275135	4.7671321747275135	4.7671321747275135	0.09109212816953824	5.4984963375418605	0.017719595644382066	9.602887099915138	499.64125731044754	0.6551772765953635	0	0	0	0	-2.1870294202191354	0.0012840745895257028	-4.506553904145254	-422.55101194742275	-0.26437859606376757
2.3	4.7671321747275135	4.7671321747275135	4.7671321747275135	0.09109212816953828	5.498496337541861	0.017719595644382063	9.60288709991514	499.6412573104476	0.6551772765953636	0	0	0	0	-2.1921177836506898	0.0012932524858004415	-4.51490122293254	-425.06056108653297	-0.26407892055621673
2.4	4.7671321747275135	4.7671321747275135	4.7671321747275135	0.09109212816953828	5.498496337541861	0.017719595644382056	9.602887099915138	499.6412573104476	0.6551772765953637	0	0	0	0	-2.1962332024068427	0.0013009832346364371	-4.521652448865257	-427.1704879263392	-0.26377663108829147
2.5	4.7671321747275135	4.7671321747275135	4.7671321747275135	0.09109212816953828	5.4984963375418605	0.017719595644382056	9.602887099915137	499.6412573104475	0.6551772765953635	0	0	0	0	-2.1995601759232284	0.0013074835173987767	-4.5271102554667975	-428.9415211526457	-0.2634815412513517
2.6	4.767132174727513	4.767132174727513	4.767132174727513	0.09109212816953825	5.4984963375418605	0.01771959564438206	9.602887099915138	499.64125731044754	0.6551772765953636	0	0	0	0	-2.2022632347260966	0.0013129540641961155	-4.531544547287145	-430.4297705755812	-0.2632014924178637
2.7	4.7671321747275135	4.7671321747275135	4.7671321747275135	0.09109212816953825	5.4984963375418605	0.01771959564438206	9.60288709991514	499.64125731044754	0.6551772765953636	0	0	0	0	-2.204448809324106	0.0013175414191377072	-4.535129917563962	-431.6758849945656	-0.26293930095501183
2.8	4.7671321747275135	4.7671321747275135	4.7671321747275135	0.09109212816953824	5.4984963375418605	0.01771959564438206	9.60288709991514	499.64125731044754	0.6551772765953636	0	0	0	0	-2.2062135744830815	0.0013213807192976115	-4.5380249646737	-432.71731669271657	-0.26269715103867247
2.9	4.7671321747275135	4.7671321747275135	4.7671321747275135	0.09109212816953823	5.498496337541862	0.01771959564438206	9.60288709991514	499.6412573104475	0.6551772765953636	0	0	0	0	-2.2076482975581033	0.0013246013647271	-4.5403785881345184	-433.58988482543856	-0.2624767382958362
3	4.7671321747275135	4.7671321747275135	4.7671321747275135	0.09109212816953817	5.498496337541866	0.017719595644382045	9.602887099915142	499.64125731044743	0.6551772765953638	0	0	0	0	-2.208810635584727	0.0013272955453168943	-4.54228536407076	-434.31894590879494	-0.2622775993914787
3.1	4.7671321747275135	4.7671321747275135	4.7671321747275135	0.09109212816953813	5.498496337541867	0.01771959564438204	9.602887099915144	499.6412573104474	0.6551772765953638	0	0	0	0	-2.2097477188654278	0.0013295409002568846	-4.543822617818523	-434.92582549557204	-0.2620988963694725
3.2	4.767132174727513	4.767132174727513	4.767132174727513	0.09109212816953818	5.498496337541866	0.01771959564438205	9.602887099915142	499.6412573104475	0.6551772765953637	0	0	0	0	-2.2105066315659623	0.0013314149554776386	-4.54506759828306	-435.43181827752954	-0.2619397948237244
3.3	4.7671321747275135	4.7671321747275135	4.7671321747275135	0.09109212816953795	5.498496337541844	0.01771959564438202	9.602887099915149	499.64125731044794	0.6551772765953641	0	0	0	0	-2.211124792907964	0.0013329831022854607	-4.546081656751456	-435.8548206219102	-0.26179899519338745
3.4	4.7671321747275135	4.7671321747275135	4.7671321747275135	0.09109212816953756	5.4984963375418126	0.01771959564438197	9.60288709991516	499.64125731044845	0.6551772765953644	0	0	0	0	-2.211624374003345	0.0013342882404701075	-4.5469011705806	-436.2065282574989	-0.2616749284921388
3.5	4.7671321747275135	4.7671321747275135	4.7671321747275135	0.09109212816953734	5.498496337541798	0.01771959564438194	9.602887099915165	499.6412573104488	0.6551772765953647	0	0	0	0	-2.2120265313866834	0.0013353709896675424	-4.547560880533892	-436.4980278623101	-0.26156611654057443
3.6	4.7671321747275135	4.7671321747275135	4.7671321747275135	0.09109212816953766	5.4984963375418205	0.017719595644381986	9.602887099915158	499.64125731044834	0.6551772765953644	0	0	0	0	-2.212352394713711	0.0013362719410321576	-4.5480954781655765	-436.7403960762207	-0.261471079295726
3.7	4.7671321747275135	4.7671321747275135	4.7671321747275135	0.09109212816953564	5.4984963375414795	0.01771959564438179	9.60288709991521	499.64125731045544	0.6551772765953664	0	0	0	0	-2.212618601175922	0.0013370251197927375	-4.548532000791217	-436.94278482213025	-0.2613882778627176
3.8	4.767132174727513	4.767132174727513	4.767132174727513	0.09109212816953159	5.498496337540856	0.01771959564438136	9.602887099915318	499.64125731046823	0.6551772765953707	0	0	0	0	-2.212834089142041	0.0013376508553548765	-4.548885140565415	-437.11071335409315	-0.2613164143851649
3.9	4.7671321747275135	4.7671321747275135	4.7671321747275135	0.09109212816952847	5.498496337540388	0.017719595644381022	9.602887099915401	499.64125731047784	0.6551772765953744	0	0	0	0	-2.2130072888785723	0.00133816789704913	-4.549168988529457	-437.2493686909792	-0.2612543015199288
4	4.7671321747275135	4.7671321747275135	4.7671321747275135	0.09109212816952915	5.498496337540514	0.017719595644381077	9.602887099915382	499.6412573104752	0.6551772765953736	0	0	0	0	-2.2131466306520187	0.0013385949942060537	-4.549397635724634	-437.36393785165853	-0.26120075192387016
4.1	4.7671321747275135	4.7671321747275135	4.7671321747275135	0.09109212816951956	5.498496337537834	0.017719595644381216	9.60288709991564	499.6412573105331	0.6551772765953743	0	0	0	0	-2.2132610980970266	0.001338952868165362	-4.549584561457055	-437.4594215068494	-0.26115460320917555
4.2	4.7671321747275135	4.7671321747275135	4.7671321747275135	0.09109212816943608	5.49849633751803	0.01771959564437906	9.602887099917865	499.64125731095726	0.6551772765954087	0	0	0	0	-2.213358633155039	0.0013392627008566372	-4.549737108334355	-437.53885986101307	-0.2611149605621841
4.3	4.7671321747275135	4.7671321747275135	4.7671321747275135	0.09109212816932218	5.498496337491377	0.017719595644375752	9.602887099920904	499.64125731152734	0.6551772765954587	0	0	0	0	-2.2134398470037695	0.0013395255959363491	-4.549860162994571	-437.60441299360855	-0.2610810543257782
4.4	4.7671321747275135	4.7671321747275135	4.7671321747275135	0.09109212816923595	5.498496337471476	0.01771959564437295	9.602887099923203	499.6412573119527	0.655177276595499	0	0	0	0	-2.2135046348139285	0.0013397404839804166	-4.549958742485834	-437.6582724470195	-0.261052111085932
4.5	4.7671321747275135	4.7671321747275135	4.7671321747275135	0.09109212816923548	5.4984963374719245	0.0177195956443723	9.602887099923217	499.6412573119422	0.6551772765955047	0	0	0	0	-2.2135528917562244	0.001339906295564759	-4.550037863856269	-437.7026297636293	-0.2610273574286194
4.6	4.7671321747275135	4.7671321747275135	4.7671321747275135	0.09109212816937372	5.498496337505052	0.017719595644375412	9.60288709991953	499.6412573112324	0.655177276595452	0	0	0	0	-2.2135847720037263	0.0013400227279814008	-4.55010251172923	-437.7396588122319	-0.2610060294219199
4.7	4.7671321747275135	4.7671321747275135	4.7671321747275135	0.09109212816946916	5.498496337525938	0.017719595644380123	9.602887099916984	499.6412573107878	0.6551772765953932	0	0	0	0	-2.2136118434127843	0.0013401232784417338	-4.550155447979851	-437.77044417201716	-0.26098786281976855
4.8	4.7671321747275135	4.7671321747275135	4.7671321747275135	0.09109212816949727	5.498496337531464	0.01771959564438219	9.602887099916234	499.6412573106713	0.6551772765953701	0	0	0	0	-2.213636411901368	0.0013402140626724167	-4.550198262983805	-437.7957908475587	-0.26097249457252736
4.9	4.7671321747275135	4.7671321747275135	4.7671321747275135	0.09109212816952236	5.498496337537851	0.017719595644382136	9.602887099915565	499.6412573105337	0.655177276595366	0	0	0	0	-2.213656203641381	0.0013402884326268129	-4.550232972477937	-437.8167408838266	-0.2609594322643809
5	4.767132174727514	4.767132174727514	4.767132174727514	0.09109212816952877	5.498496337539209	0.0177195956443825	9.602887099915394	499.6412573105049	0.6551772765953615	0	0	0	0	-2.213672970684321	0.001340352170247347	-4.550261050809827	-437.8340038545298	-0.26094838035116696
5.1	4.767132174727514	4.767132174727514	4.767132174727514	0.09109212816953449	5.498496337540817	0.017719595644382233	9.602887099915243	499.6412573104701	0.6551772765953628	0	0	0	0	-2.213686529430842	0.0013404046351626177	-4.550283803547049	-437.84825647840034	-0.2609390137595477
5.2	4.7671321747275135	4.7671321747275135	4.7671321747275135	0.09109212816953616	5.49849633754123	0.01771959564438225	9.602887099915197	499.6412573104612	0.6551772765953624	0	0	0	0	-2.213697664102317	0.0013404484425188225	-4.550302220181123	-437.86000566149863	-0.26093109453151736
5.3	4.7671321747275135	4.7671321747275135	4.7671321747275135	0.09109212816953735	5.4984963375415825	0.01771959564438215	9.602887099915165	499.64125731045357	0.6551772765953632	0	0	0	0	-2.213706691245862	0.0013404845962159732	-4.550317133400711	-437.8696938521311	-0.2609244008368088
5.4	4.7671321747275135	4.7671321747275135	4.7671321747275135	0.0910921281695378	5.498496337541714	0.017719595644382122	9.602887099915153	499.6412573104508	0.6551772765953632	0	0	0	0	-2.2137140295223965	0.0013405145057917844	-4.550329213208904	-437.87768124609	-0.2609187488336297
5.5	4.7671321747275135	4.7671321747275135	4.7671321747275135	0.09109212816953802	5.498496337541787	0.0177195956443821	9.602887099915147	499.6412573104492	0.6551772765953633	0	0	0	0	-2.213719975948693	0.0013405391750129024	-4.550338988413512	-437.8842599668002	-0.2609139825928116
5.6	4.7671321747275135	4.7671321747275135	4.7671321747275135	0.09109212816953816	5.4984963375418285	0.01771959564438208	9.602887099915142	499.6412573104483	0.6551772765953635	0	0	0	0	-2.2137247985202486	0.0013405595291869565	-4.550346911137274	-437.8896832626475	-0.2609099639776523
5.7	4.7671321747275135	4.7671321747275135	4.7671321747275135	0.0910921281695382	5.498496337541843	0.017719595644382077	9.602887099915142	499.641257310448	0.6551772765953635	0	0	0	0	-2.2137287025827206	0.0013405762956707672	-4.550353319507436	-437.8941459617168	-0.26090658195980587
5.8	4.767132174727514	4.767132174727514	4.767132174727514	0.09109212816953824	5.498496337541855	0.017719595644382073	9.602887099915142	499.64125731044777	0.6551772765953636	0	0	0	0	-2.213731867690241	0.0013405901171080693	-4.550358514848355	-437.8978236110873	-0.260903734793222
5.9	4.7671321747275135	4.7671321747275135	4.7671321747275135	0.09109212816953824	5.498496337541858	0.017719595644382073	9.60288709991514	499.6412573104477	0.6551772765953635	0	0	0	0	-2.213734428781081	0.0013406014915669907	-4.550362717053213	-437.900848124725	-0.260901342611871
6	4.7671321747275135	4.7671321747275135	4.7671321747275135	0.0910921281695395	5.498496337540827	0.0177195956443821	9.602887099915105	499.6412573104719	0.6551772765953642	0	0	0	0	-2.213736656567829	0.0013406115446864552	-4.550366106227965	-437.90333691340544	-0.2608993287452948
6.1	4.767132174727514	4.767132174727514	4.767132174727514	0.09109212816954404	5.49849633753712	0.0177195956443822	9.602887099914986	499.64125731055884	0.6551772765953664	0	0	0	0	-2.2137388662665565	0.0013406216489125938	-4.550368776915776	-437.90536359774734	-0.2608976378521128
6.2	4.7671321747275135	4.7671321747275135	4.7671321747275135	0.0910921281695509	5.498496337531496	0.017719595644382347	9.6028870999148	499.64125731069066	0.6551772765953698	0	0	0	0	-2.2137409965441264	0.001340631506571457	-4.550370823968547	-437.90698413231263	-0.2608962346547103
6.3	4.7671321747275135	4.7671321747275135	4.7671321747275135	0.09109212816955911	5.498496337524778	0.01771959564438251	9.602887099914582	499.6412573108482	0.655177276595374	0	0	0	0	-2.2137429763556047	0.0013406407764704818	-4.550372343013817	-437.9082544278253	-0.2608950841802166
6.4	4.767132174727514	4.767132174727514	4.767132174727514	0.09109212816956763	5.498496337517791	0.017719595644382677	9.602887099914355	499.64125731101205	0.6551772765953785	0	0	0	0	-2.2137447346560584	0.0013406491174171044	-4.550373429679122	-437.90923039500916	-0.26089415145576106
6.5	4.7671321747275135	4.7671321747275135	4.7671321747275135	0.0910921281695755	5.498496337511354	0.017719595644382805	9.602887099914144	499.64125731116286	0.6551772765953828	0	0	0	0	-2.213746200400552	0.0013406561882187617	-4.550374179592004	-437.9099679445881	-0.26089340150847273
6.6	4.7671321747275135	4.7671321747275135	4.7671321747275135	0.09109212816958165	5.498496337506294	0.017719595644382878	9.602887099913978	499.6412573112815	0.6551772765953866	0	0	0	0	-2.2137473025441534	0.0013406616476828895	-4.550374688380001	-437.91052298728596	-0.2608927993654811
6.7	4.7671321747275135	4.7671321747275135	4.7671321747275135	0.09109212816958513	5.498496337503433	0.017719595644382864	9.602887099913886	499.64125731134857	0.655177276595389	0	0	0	0	-2.2137479700419274	0.0013406651546169252	-4.550375051670649	-437.9109514338266	-0.2608923100539152
6.8	4.7671321747275135	4.7671321747275135	4.7671321747275135	0.0910921281695849	5.4984963375035925	0.017719595644382746	9.602887099913891	499.64125731134476	0.6551772765953902	0	0	0	0	-2.213748131848941	0.0013406663678283044	-4.550375365091488	-437.91130919493395	-0.26089189860090456
6.9	4.7671321747275135	4.7671321747275135	4.7671321747275135	0.09109212816957997	5.498496337507598	0.017719595644382486	9.602887099914023	499.64125731125085	0.655177276595389	0	0	0	0	-2.2137477169202593	0.001340664946124464	-4.550375724270059	-437.91165218133176	-0.26089153003357823
7	4.7671321747275135	4.7671321747275135	4.7671321747275135	0.09109212816956933	5.498496337516272	0.017719595644382063	9.602887099914307	499.6412573110474	0.6551772765953856	0	0	0	0	-2.2137466542109494	0.0013406605483128407	-4.550376224833897	-437.9120363037439	-0.26089116937906554
7.1	4.767132174727513	4.767132174727513	4.767132174727513	0.0910921281695527	5.498496337529845	0.01771959564438152	9.602887099914751	499.64125731072915	0.6551772765953789	0	0	0	0	-2.213744959615885	0.0013406532171309099	-4.550376949055244	-437.912509586892	-0.26089078728799525
7.2	4.7671321747275135	4.7671321747275135	4.7671321747275135	0.09109212816954457	5.498496337536678	0.017719595644382094	9.60288709991497	499.6412573105691	0.6551772765953678	0	0	0	0	-2.213744338708232	0.0013406504699746053	-4.550377646418262	-437.91293170123066	-0.2608904788978469
7.3	4.7671321747275135	4.7671321747275135	4.7671321747275135	0.09109212816954193	5.498496337538923	0.017719595644382424	9.602887099915039	499.6412573105164	0.655177276595363	0	0	0	0	-2.213744343319447	0.001340650346291773	-4.550378210464927	-437.91326816826813	-0.26089023879341794
7.4	4.767132174727514	4.767132174727514	4.767132174727514	0.0910921281695397	5.4984963375407006	0.017719595644382212	9.602887099915101	499.64125731047466	0.6551772765953633	0	0	0	0	-2.2137443373586385	0.0013406501520666656	-4.550378667751315	-437.913546425689	-0.260890035336013
7.5	4.7671321747275135	4.7671321747275135	4.7671321747275135	0.09109212816953913	5.498496337541178	0.017719595644382257	9.602887099915113	499.6412573104634	0.6551772765953625	0	0	0	0	-2.2137444896977274	0.001340650696795324	-4.550379037631971	-437.91377227511487	-0.2608898704651278
7.6	4.767132174727513	4.767132174727513	4.767132174727513	0.09109212816953859	5.498496337541591	0.017719595644382143	9.60288709991513	499.64125731045374	0.6551772765953631	0	0	0	0	-2.2137446037553845	0.0013406510870755458	-4.550379337410069	-437.91395899491636	-0.26088973094478346
7.7	4.7671321747275135	4.7671321747275135	4.7671321747275135	0.09109212816953845	5.4984963375417095	0.017719595644382136	9.602887099915135	499.64125731045084	0.6551772765953631	0	0	0	0	-2.213744732692065	0.0013406515801515195	-4.5503795800136695	-437.9141121191637	-0.26088961510140657
7.8	4.7671321747275135	4.7671321747275135	4.7671321747275135	0.09109212816953835	5.498496337541797	0.017719595644382097	9.60288709991514	499.6412573104489	0.6551772765953634	0	0	0	0	-2.21374483800614	0.0013406519870589704	-4.550379776501953	-437.9142384075695	-0.2608895176212844
7.9	4.7671321747275135	4.7671321747275135	4.7671321747275135	0.0910921281695383	5.498496337541831	0.017719595644382084	9.602887099915138	499.6412573104481	0.6551772765953635	0	0	0	0	-2.213744929706645	0.0013406523535007492	-4.550379935631578	-437.9143423926896	-0.260889435940916
8	4.7671321747275135	4.7671321747275135	4.7671321747275135	0.09109212816953827	5.498496337541848	0.01771959564438208	9.60288709991514	499.64125731044777	0.6551772765953635	0	0	0	0	-2.2137450053754293	0.00134065266173984	-4.550380064419737	-437.91442803419613	-0.2608893673862288
8.1	4.7671321747275135	4.7671321747275135	4.7671321747275135	0.09109212816953828	5.498496337541856	0.017719595644382077	9.60288709991514	499.6412573104476	0.6551772765953635	0	0	0	0	-2.213745067508615	0.0013406529198749786	-4.550380168791684	-437.9144986259253	-0.26088930983506986
8.2	4.7671321747275135	4.7671321747275135	4.7671321747275135	0.09109212816953827	5.498496337541859	0.017719595644382073	9.60288709991514	499.6412573104476	0.6551772765953635	0	0	0	0	-2.2137451184320778	0.0013406531355986294	-4.550380253217998	-437.91455671399467	-0.26088926159901143
8.3	4.7671321747275135	4.7671321747275135	4.7671321747275135	0.09109212816953827	5.49849633754186	0.017719595644382073	9.60288709991514	499.6412573104476	0.6551772765953635	0	0	0	0	-2.2137451597458955	0.001340653313558794	-4.550380321663123	-437.9146045921925	-0.2608892211236238
8.4	4.7671321747275135	4.7671321747275135	4.7671321747275135	0.09109212816953828	5.498496337541861	0.01771959564438207	9.60288709991514	499.64125731044754	0.6551772765953635	0	0	0	0	-2.2137451933818033	0.0013406534611107186	-4.550380377022044	-437.91464396916706	-0.2608891872339655
8.5	4.767132174727514	4.767132174727514	4.767132174727514	0.09109212816957962	5.498496337542138	0.01771959564437976	9.602887099914037	499.64125731045664	0.655177276595386	0	0	0	0	-2.213745399808355	0.0013406545743527645	-4.550380419230976	-437.9146714023973	-0.2608891681333049
8.6	4.7671321747275135	4.7671321747275135	4.7671321747275135	0.09109212816972359	5.498496337543084	0.01771959564437171	9.602887099910198	499.64125731048847	0.6551772765954643	0	0	0	0	-2.2137460452327	0.0013406581251986583	-4.550380445751771	-437.9146803813102	-0.26088917692428304
8.7	4.7671321747275135	4.7671321747275135	4.7671321747275135	0.09109212816994905	5.498496337544549	0.017719595644359102	9.602887099904187	499.6412573105388	0.6551772765955871	0	0	0	0	-2.213747038601403	0.0013406636087358937	-4.550380458743325	-437.9146740213952	-0.260889208395298
8.8	4.7671321747275135	4.7671321747275135	4.7671321747275135	0.09109212817023328	5.498496337546366	0.0177195956443432	9.602887099896607	499.6412573106028	0.6551772765957419	0	0	0	0	-2.2137482820621543	0.0013406704824234265	-4.550380460461977	-437.9146556258651	-0.2608892569832012
8.9	4.7671321747275135	4.7671321747275135	4.7671321747275135	0.0910921281705536	5.49849633754837	0.017719595644325285	9.602887099888065	499.6412573106759	0.6551772765959163	0	0	0	0	-2.2137496777626415	0.0013406782037202127	-4.550380453164065	-437.9146284979326	-0.2608893171248445
9	4.7671321747275135	4.7671321747275135	4.7671321747275135	0.0910921281708873	5.498496337550398	0.017719595644306606	9.602887099879167	499.64125731075353	0.6551772765960984	0	0	0	0	-2.213751127850553	0.0013406862300852087	-4.550380439105929	-437.91459594081044	-0.26088938325707944
9.1	4.7671321747275135	4.7671321747275135	4.7671321747275135	0.0910921281712117	5.498496337552283	0.017719595644288447	9.60288709987052	499.6412573108309	0.6551772765962752	0	0	0	0	-2.2137525344735773	0.0013406940189773706	-4.55038042054391	-437.9145612577112	-0.2608894498167578
9.2	4.7671321747275135	4.7671321747275135	4.7671321747275135	0.09109212817150407	5.498496337553861	0.01771959564427206	9.602887099862722	499.6412573109033	0.6551772765964351	0	0	0	0	-2.2137537997794015	0.0013407010278556543	-4.550380399734342	-437.91452775184763	-0.2608895112407311
9.3	4.7671321747275135	4.7671321747275135	4.7671321747275135	0.09109212817174171	5.498496337554967	0.017719595644258724	9.602887099856384	499.6412573109663	0.6551772765965652	0	0	0	0	-2.2137548259157147	0.0013407067141790164	-4.55038037893357	-437.9144987264323	-0.26088956196585106
9.4	4.7671321747275135	4.7671321747275135	4.7671321747275135	0.09109212817190196	5.498496337555436	0.0177195956442497	9.602887099852111	499.6412573110149	0.6551772765966536	0	0	0	0	-2.2137555150302046	0.001340710535406413	-4.550380360397931	-437.9144774846782	-0.26088959642896925
9.5	4.7671321747275135	4.7671321747275135	4.7671321747275135	0.09109212817196208	5.498496337555104	0.017719595644246255	9.60288709985051	499.6412573110448	0.6551772765966876	0	0	0	0	-2.2137557692705596	0.0013407119489968	-4.550380346383764	-437.91446732979773	-0.2608896090669375
9.6	4.7671321747275135	4.7671321747275135	4.7671321747275135	0.09109212817189936	5.498496337553805	0.017719595644249665	9.602887099852182	499.6412573110511	0.6551772765966551	0	0	0	0	-2.213755490784468	0.001340710412409134	-4.5503803391474085	-437.9144715650036	-0.2608895943166073
9.7	4.7671321747275135	4.7671321747275135	4.7671321747275135	0.09109212817169116	5.498496337551374	0.017719595644261187	9.602887099857737	499.6412573110292	0.6551772765965438	0	0	0	0	-2.213754581719618	0.0013407053831023706	-4.550380340945203	-437.91449349350876	-0.2608895466148304
9.8	4.7671321747275135	4.7671321747275135	4.7671321747275135	0.0910921281713147	5.498496337547647	0.017719595644282094	9.602887099867777	499.64125731097437	0.6551772765963413	0	0	0	0	-2.2137529442236983	0.0013406963185354664	-4.550380354033488	-437.91453641852564	-0.26088946039845845
9.9	4.7671321747275135	4.7671321747275135	4.7671321747275135	0.09109212817074734	5.498496337542459	0.01771959564431366	9.602887099882906	499.64125731088205	0.6551772765960351	0	0	0	0	-2.213750480444396	0.0013406826761673775	-4.550380380668603	-437.91460364326696	-0.26088933010434295
10	4.767132174727513	4.767132174727513	4.767132174727513	0.09109212817006233	5.4984963375391125	0.01771959564435151	9.602887099901173	499.64125731070374	0.6551772765956655	0	0	0	0	-2.213747510824424	0.001340666286386592	-4.5503804209943075	-437.9146880355499	-0.26088917234006714
10.1	4.7671321747275135	4.7671321747275135	4.7671321747275135	0.09109212816991816	5.498496337556617	0.017719595644357735	9.602887099905017	499.641257310248	0.6551772765955891	0	0	0	0	-2.213746902788637	0.001340663309319137	-4.550380457511816	-437.9147169697985	-0.2608891384264255
10.2	4.7671321747275135	4.7671321747275135	4.7671321747275135	0.09109212816991737	5.498496337565696	0.01771959564435757	9.602887099905038	499.6412573100395	0.6551772765955833	0	0	0	0	-2.2137469172025988	0.0013406635495705566	-4.550380487021013	-437.91472907878364	-0.26088913499259314
10.3	4.767132174727514	4.767132174727514	4.767132174727514	0.0910921281697108	5.498496337553652	0.01771959564437011	9.602887099910545	499.6412573102396	0.6551772765954704	0	0	0	0	-2.2137460289810647	0.0013406583659967733	-4.550380510957486	-437.91475986167916	-0.2608890823465287
10.4	4.7671321747275135	4.7671321747275135	4.7671321747275135	0.09109212816969782	5.498496337560534	0.017719595644367467	9.602887099910891	499.6412573100768	0.6551772765954891	0	0	0	0	-2.213745984124014	0.0013406582503363	-4.550380530338331	-437.91476951027573	-0.2608890770969141
10.5	4.7671321747275135	4.7671321747275135	4.7671321747275135	0.0910921281696631	5.498496337557742	0.017719595644370298	9.602887099911815	499.64125731012825	0.655177276595464	0	0	0	0	-2.213745841947618	0.0013406573804843932	-4.550380546006756	-437.9147799330321	-0.2608890654689389
10.6	4.7671321747275135	4.7671321747275135	4.7671321747275135	0.09109212816960105	5.498496337551215	0.01771959564437487	9.602887099913469	499.6412573102553	0.655177276595425	0	0	0	0	-2.213745578426448	0.001340655764347908	-4.5503805587240205	-437.91479194160416	-0.26088904747381864
10.7	4.7671321747275135	4.7671321747275135	4.7671321747275135	0.0910921281696044	5.49849633755445	0.01771959564437234	9.60288709991338	499.6412573101823	0.6551772765954461	0	0	0	0	-2.2137455992581976	0.0013406559385469564	-4.550380569006533	-437.91479639675555	-0.260889046440163
10.8	4.7671321747275135	4.7671321747275135	4.7671321747275135	0.0910921281695758	5.498496337549041	0.017719595644376553	9.602887099914142	499.6412573102961	0.6551772765954105	0	0	0	0	-2.213745479390708	0.001340655142093981	-4.55038057732815	-437.91480324427596	-0.26088903682870185
10.9	4.7671321747275135	4.7671321747275135	4.7671321747275135	0.09109212816956327	5.498496337547656	0.017719595644377174	9.602887099914476	499.64125731032334	0.6551772765954055	0	0	0	0	-2.213745428692954	0.001340654821754138	-4.550380584079102	-437.91480780585215	-0.26088903194517027
11	4.7671321747275135	4.7671321747275135	4.7671321747275135	0.09109212816956415	5.498496337548588	0.017719595644376196	9.602887099914453	499.64125731030225	0.6551772765954138	0	0	0	0	-2.213745435773348	0.0013406548745060229	-4.550380589535705	-437.91481045301884	-0.2608890307913005
11.1	4.7671321747275135	4.7671321747275135	4.7671321747275135	0.09109212816955031	5.498496337545025	0.01771959564437927	9.602887099914822	499.6412573103791	0.6551772765953877	0	0	0	0	-2.2137453780626046	0.001340654468361342	-4.550380593959858	-437.91481410856926	-0.26088902564292354
11.2	4.7671321747275135	4.7671321747275135	4.7671321747275135	0.09109212816954873	5.498496337545118	0.01771959564437885	9.602887099914863	499.6412573103764	0.6551772765953914	0	0	0	0	-2.2137453733027406	0.0013406544395778374	-4.550380597543175	-437.9148161459896	-0.26088902419095344
11.3	4.7671321747275135	4.7671321747275135	4.7671321747275135	0.09109212816954727	5.498496337544794	0.017719595644379117	9.6028870999149	499.6412573103833	0.655177276595389	0	0	0	0	-2.213745368720199	0.0013406544030179822	-4.550380600437824	-437.9148178444377	-0.2608890228465713
11.4	4.7671321747275135	4.7671321747275135	4.7671321747275135	0.0910921281695425	5.498496337543313	0.017719595644380536	9.602887099915026	499.64125731041565	0.6551772765953771	0	0	0	0	-2.2137453494035744	0.0013406542593780793	-4.5503806027868245	-437.9148196080361	-0.26088902066525427
11.5	4.7671321747275135	4.7671321747275135	4.7671321747275135	0.09109212816954261	5.498496337543546	0.017719595644380116	9.602887099915025	499.64125731041037	0.6551772765953807	0	0	0	0	-2.213745351081338	0.001340654271770973	-4.550380604688691	-437.91482065928074	-0.2608890200575073
11.6	4.7671321747275135	4.7671321747275135	4.7671321747275135	0.0910921281695441	5.49849633754444	0.017719595644378743	9.602887099914984	499.6412573103904	0.6551772765953927	0	0	0	0	-2.2137453586072	0.0013406543322561902	-4.550380606228382	-437.91482138653697	-0.2608890200063092
11.7	4.7671321747275135	4.7671321747275135	4.7671321747275135	0.09109212816962323	5.49849633758305	0.0177195956443253	9.602887099912872	499.64125730953236	0.655177276595863	0	0	0	0	-2.213745708445452	0.001340657159322749	-4.550380607485936	-437.91481409286143	-0.2608890456452299
11.8	4.7671321747275135	4.7671321747275135	4.7671321747275135	0.09109212816977053	5.498496337654589	0.017719595644226583	9.602887099908944	499.6412573079428	0.6551772765967313	0	0	0	0	-2.21374635871575	0.0013406624103275485	-4.55038060850538	-437.91479976283233	-0.2608890937916122
11.9	4.7671321747275135	4.7671321747275135	4.7671321747275135	0.09109212816992768	5.498496337730724	0.017719595644121747	9.602887099904752	499.6412573062513	0.6551772765976533	0	0	0	0	-2.213747052414989	0.001340668007986074	-4.550380609322344	-437.91478432267655	-0.2608891452152398
12	4.7671321747275135	4.7671321747275135	4.7671321747275135	0.09109212817003645	5.498496337783117	0.017719595644049922	9.602887099901851	499.6412573050875	0.655177276598285	0	0	0	0	-2.2137475325400637	0.0013406718750138124	-4.550380609972462	-437.914773698621	-0.26088918068589634
12.1	4.7671321747275135	4.7671321747275135	4.7671321747275135	0.09109212817003855	5.498496337783435	0.01771959564405026	9.602887099901796	499.64125730508107	0.6551772765982816	0	0	0	0	-2.2137475420878703	0.0013406719341262498	-4.550380610491368	-437.9147738168926	-0.2608891809733654
12.2	4.7671321747275135	4.7671321747275135	4.7671321747275135	0.09109212816987568	5.498496337703342	0.01771959564416191	9.60288709990614	499.64125730686146	0.6551772765972989	0	0	0	0	-2.2137468240553027	0.0013406661080388725	-4.550380610914694	-437.91479060371836	-0.2608891268474308
12.3	4.7671321747275135	4.7671321747275135	4.7671321747275135	0.09109212816968312	5.498496337612131	0.01771959564428455	9.602887099911275	499.64125730888634	0.6551772765962217	0	0	0	0	-2.2137459749039503	0.0013406593020859141	-4.550380611268604	-437.9148103601596	-0.2608890636959765
12.4	4.7671321747275135	4.7671321747275135	4.7671321747275135	0.09109212816966514	5.498496337609028	0.017719595644281456	9.602887099911756	499.64125730895086	0.6551772765962528	0	0	0	0	-2.2137458956107663	0.001340658795783161	-4.550380611557293	-437.91481237685383	-0.2608890588700441
12.5	4.7671321747275135	4.7671321747275135	4.7671321747275135	0.09109212816961344	5.498496337582007	0.01771959564432161	9.602887099913135	499.64125730955277	0.6551772765958981	0	0	0	0	-2.2137456678238925	0.001340656908931786	-4.550380611790982	-437.9148177732097	-0.26088904127688456
12.6	4.7671321747275135	4.7671321747275135	4.7671321747275135	0.0910921281695808	5.498496337565887	0.0177195956443438	9.602887099914007	499.6412573099112	0.655177276595703	0	0	0	0	-2.213745524073366	0.0013406557404431832	-4.550380611976746	-437.91482120949297	-0.2608890303552171
12.7	4.7671321747275135	4.7671321747275135	4.7671321747275135	0.09109212816957792	5.498496337565522	0.01771959564434263	9.602887099914083	499.64125730991844	0.655177276595714	0	0	0	0	-2.213745511500177	0.0013406556631624573	-4.5503806121264505	-437.91482160663287	-0.26088902955097143
12.8	4.7671321747275135	4.7671321747275135	4.7671321747275135	0.09109212816955593	5.498496337552443	0.017719595644364348	9.60288709991467	499.6412573102109	0.655177276595521	0	0	0	0	-2.2137454146073883	0.0013406548226248117	-4.550380612251829	-437.9148239232978	-0.2608890216911063
12.9	4.7671321747275135	4.7671321747275135	4.7671321747275135	0.0910921281695522	5.498496337550836	0.01771959564436598	9.602887099914769	499.64125731024643	0.655177276595507	0	0	0	0	-2.2137453982134634	0.0013406546948314597	-4.5503806123537265	-437.9148243736476	-0.26088902044475276
13	4.767132174727513	4.767132174727513	4.767132174727513	0.09109212816954813	5.49849633754833	0.01771959564437031	9.602887099914877	499.6412573103024	0.6551772765954684	0	0	0	0	-2.213745380290567	0.0013406545372562537	-4.550380612434109	-437.9148248460387	-0.2608890189316085
13.1	4.7671321747275135	4.7671321747275135	4.7671321747275135	0.09109212816954307	5.498496337545127	0.01771959564437593	9.60288709991501	499.6412573103742	0.6551772765954185	0	0	0	0	-2.2137453581178708	0.0013406543399656608	-4.550380612500882	-437.9148254054924	-0.2608890170591374
13.2	4.7671321747275135	4.7671321747275135	4.7671321747275135	0.09109212816954275	5.498496337545104	0.01771959564437565	9.602887099915021	499.6412573103747	0.655177276595421	0	0	0	0	-2.2137453568657275	0.001340654332646695	-4.550380612557215	-437.9148254751428	-0.260889016953925
13.3	4.7671321747275135	4.7671321747275135	4.7671321747275135	0.09109212816954045	5.498496337543445	0.01771959564437893	9.602887099915081	499.6412573104119	0.6551772765953916	0	0	0	0	-2.213745346620807	0.0013406542370970106	-4.550380612601243	-437.9148257442377	-0.260889016037033
13.4	4.7671321747275135	4.7671321747275135	4.7671321747275135	0.09109212816953977	5.498496337543013	0.01771959564437966	9.602887099915101	499.64125731042157	0.6551772765953852	0	0	0	0	-2.2137453436033336	0.0013406542103674948	-4.5503806126364195	-437.91482584118165	-0.26088901576302836
13.5	4.7671321747275135	4.7671321747275135	4.7671321747275135	0.09109212816953952	5.498496337542853	0.017719595644379943	9.602887099915108	499.64125731042515	0.6551772765953827	0	0	0	0	-2.2137453425231297	0.001340654200611759	-4.550380612664854	-437.91482588875243	-0.2608890156506611
13.6	4.7671321747275135	4.7671321747275135	4.7671321747275135	0.09109212816953881	5.498496337542303	0.01771959564438111	9.602887099915126	499.64125731043754	0.6551772765953722	0	0	0	0	-2.2137453393718967	0.0013406541702689935	-4.550380612686124	-437.91482597995673	-0.2608890153511852
13.7	4.7671321747275135	4.7671321747275135	4.7671321747275135	0.09109212816953875	5.498496337542274	0.017719595644381123	9.602887099915128	499.64125731043816	0.6551772765953721	0	0	0	0	-2.213745339127664	0.0013406541683815628	-4.550380612701428	-437.9148260008186	-0.2608890153185282
13.8	4.7671321747275135	4.7671321747275135	4.7671321747275135	0.09109212816954249	5.498496337545697	0.017719595644372508	9.602887099915028	499.6412573103609	0.6551772765954499	0	0	0	0	-2.213745355732276	0.0013406543425961573	-4.550380612716161	-437.9148256315928	-0.2608890169218685
13.9	4.7671321747275135	4.7671321747275135	4.7671321747275135	0.09109212816960455	5.498496337602121	0.017719595644231114	9.602887099913374	499.64125730908694	0.6551772765967278	0	0	0	0	-2.2137456310535617	0.0013406572232180095	-4.550380612728712	-437.9148193125894	-0.2608890436310943
14	4.7671321747275135	4.7671321747275135	4.7671321747275135	0.09109212816972101	5.498496337707981	0.017719595643965948	9.602887099910268	499.6412573066968	0.6551772765991241	0	0	0	0	-2.2137461478470106	0.0013406626290740225	-4.5503806127380235	-437.91480744051984	-0.26088909376535996
14.1	4.7671321747275135	4.7671321747275135	4.7671321747275135	0.09109212816986423	5.4984963378380804	0.017719595643640187	9.602887099906447	499.6412573037594	0.6551772766020678	0	0	0	0	-2.2137467832480238	0.0013406692742672002	-4.550380612744654	-437.9147928401557	-0.2608891553967871
14.2	4.767132174727513	4.767132174727513	4.767132174727513	0.09109212817000646	5.498496337967223	0.017719595643317015	9.602887099902654	499.64125730084356	0.6551772766049881	0	0	0	0	-2.213747414392	0.0013406758729005463	-4.550380612749162	-437.9147783362686	-0.26088921659749675
14.3	4.7671321747275135	4.7671321747275135	4.7671321747275135	0.09109212817012007	5.498496338070216	0.017719595643059607	9.602887099899624	499.6412572985184	0.6551772766073141	0	0	0	0	-2.2137479184143394	0.0013406811390770646	-4.550380612752104	-437.9147667536304	-0.2608892654396104
14.4	4.7671321747275135	4.7671321747275135	4.7671321747275135	0.09109212817017732	5.498496338121857	0.01771959564293115	9.602887099898096	499.6412572973525	0.6551772766084747	0	0	0	0	-2.2137481724504418	0.0013406837868997592	-4.5503806127540365	-437.9147609170124	-0.26088928999524913
14.5	4.7671321747275135	4.7671321747275135	4.7671321747275135	0.09109212817015054	5.498496338096955	0.017719595642994815	9.60288709989881	499.641257297915	0.6551772766078989	0	0	0	0	-2.213748053635706	0.001340682530471633	-4.550380612755517	-437.91476365118626	-0.26088927833653436
14.6	4.7671321747275135	4.7671321747275135	4.7671321747275135	0.09109212817001203	5.498496337970312	0.017719595643313792	9.602887099902505	499.6412573007747	0.6551772766050158	0	0	0	0	-2.213747439105533	0.0013406760838956904	-4.550380612757103	-437.91477778092366	-0.2608892185355873
14.7	4.7671321747275135	4.7671321747275135	4.7671321747275135	0.09109212816975501	5.498496337736092	0.01771959564390186	9.60288709990936	499.64125730606327	0.655177276599701	0	0	0	0	-2.213746298730474	0.0013406641401202577	-4.55038061275951	-437.9148039991158	-0.2608891077447353
14.8	4.7671321747275135	4.7671321747275135	4.7671321747275135	0.09109212816963871	5.498496337633384	0.01771959564415164	9.602887099912461	499.64125730838106	0.6551772765974462	0	0	0	0	-2.2137457825777593	0.0013406588136890218	-4.550380612764152	-437.91481586702406	-0.26088905834183973
14.9	4.7671321747275135	4.7671321747275135	4.7671321747275135	0.09109212816959858	5.498496337598068	0.0177195956442375	9.602887099913533	499.641257309178	0.6551772765966712	0	0	0	0	-2.2137456045604176	0.0013406569791945225	-4.5503806127669835	-437.91481996109906	-0.2608890413259884
15	4.7671321747275135	4.7671321747275135	4.7671321747275135	0.09109212816956266	5.498496337564681	0.017719595644323086	9.60288709991449	499.64125730993203	0.6551772765958972	0	0	0	0	-2.21374544520543	0.0013406552943897056	-4.550380612769318	-437.9148236257786	-0.2608890256953418
15.1	4.7671321747275135	4.7671321747275135	4.7671321747275135	0.09109212816955391	5.498496337556968	0.01771959564434182	9.602887099914724	499.6412573101061	0.6551772765957281	0	0	0	0	-2.2137454064125213	0.0013406548942145877	-4.550380612773091	-437.9148245187257	-0.2608890219826993
15.2	4.767132174727514	4.767132174727514	4.767132174727514	0.0910921281695445	5.498496337547877	0.01771959564436607	9.602887099914975	499.6412573103117	0.6551772765955085	0	0	0	0	-2.213745364659368	0.001340654444468878	-4.55038061277424	-437.91482547952927	-0.2608890178089535
15.3	4.7671321747275135	4.7671321747275135	4.7671321747275135	0.09109212816954196	5.498496337545527	0.017719595644372015	9.602887099915042	499.6412573103646	0.6551772765954548	0	0	0	0	-2.213745353328491	0.0013406543252720195	-4.550380612773156	-437.91482574086825	-0.2608890167023716
15.4	4.7671321747275135	4.7671321747275135	4.7671321747275135	0.09109212816953993	5.498496337543526	0.017719595644377497	9.602887099915096	499.6412573104099	0.655177276595405	0	0	0	0	-2.213745344360798	0.0013406542275098197	-4.550380612774136	-437.91482594757366	-0.26088901579464036
15.5	4.7671321747275135	4.7671321747275135	4.7671321747275135	0.0910921281695391	5.4984963375427265	0.01771959564437964	9.602887099915117	499.64125731042793	0.6551772765953857	0	0	0	0	-2.2137453407142798	0.001340654188131609	-4.550380612772435	-437.91482603173455	-0.26088901542893594
15.6	4.7671321747275135	4.7671321747275135	4.7671321747275135	0.09109212816953871	5.498496337542335	0.017719595644380724	9.60288709991513	499.64125731043674	0.6551772765953758	0	0	0	0	-2.2137453389757438	0.0013406541690854444	-4.550380612773022	-437.91482607202005	-0.26088901525185154
15.7	4.7671321747275135	4.7671321747275135	4.7671321747275135	0.09109212816953845	5.498496337542068	0.017719595644381463	9.602887099915137	499.64125731044265	0.6551772765953691	0	0	0	0	-2.2137453378215297	0.0013406541562996062	-4.550380612776051	-437.9148260988931	-0.260889015132833
15.8	4.7671321747275135	4.7671321747275135	4.7671321747275135	0.09109212816953838	5.498496337541994	0.017719595644381667	9.60288709991514	499.64125731044436	0.6551772765953673	0	0	0	0	-2.2137453374926834	0.0013406541526954014	-4.5503806127785165	-437.9148261067379	-0.2608890150990843
15.9	4.7671321747275135	4.7671321747275135	4.7671321747275135	0.09109212816953831	5.498496337541916	0.017719595644381917	9.60288709991514	499.64125731044624	0.655177276595365	0	0	0	0	-2.213745337147925	0.0013406541488107271	-4.550380612780535	-437.9148261148803	-0.2608890150627949
16	4.7671321747275135	4.7671321747275135	4.7671321747275135	0.0910921281695383	5.4984963375419	0.017719595644381976	9.602887099915142	499.64125731044663	0.6551772765953645	0	0	0	0	-2.2137453370657627	0.0013406541479029676	-4.550380612782557	-437.9148261169645	-0.26088901505418505
16.1	4.7671321747275135	4.7671321747275135	4.7671321747275135	0.0910921281695502	5.498496337555436	0.017719595644342664	9.602887099914824	499.64125731013996	0.6551772765957213	0	0	0	0	-2.2137453834881877	0.0013406547077479422	-4.550380612783326	-437.9148250499667	-0.26088902025284977
16.2	4.7671321747275135	4.7671321747275135	4.7671321747275135	0.0910921281696124	5.498496337626037	0.01771959564413767	9.602887099913165	499.6412573085402	0.6551772765975825	0	0	0	0	-2.213745625660475	0.0013406576280373646	-4.550380612783801	-437.9148194829215	-0.2608890473711179
16.3	4.7671321747275135	4.7671321747275135	4.7671321747275135	0.09109212816971662	5.498496337744351	0.017719595643794172	9.602887099910383	499.6412573058593	0.6551772766007008	0	0	0	0	-2.213746031533953	0.0013406625221231536	-4.550380612784144	-437.91481015258427	-0.26088909281848366
16.4	4.7671321747275135	4.7671321747275135	4.7671321747275135	0.09109212816985032	5.4984963378960785	0.017719595643353722	9.602887099906816	499.64125730242137	0.6551772766046995	0	0	0	0	-2.2137465520929283	0.0013406687987509457	-4.550380612784373	-437.9147981857619	-0.26088915110442107
16.5	4.7671321747275135	4.7671321747275135	4.7671321747275135	0.09109212817000087	5.498496338066921	0.01771959564285785	9.6028870999028	499.6412572985502	0.6551772766092011	0	0	0	0	-2.213747138321709	0.001340675866666376	-4.55038061278451	-437.9147847092612	-0.26088921673840393
16.6	4.7671321747275135	4.7671321747275135	4.7671321747275135	0.09109212817015569	5.498496338242584	0.017719595642348117	9.602887099898668	499.6412572945699	0.6551772766138287	0	0	0	0	-2.2137477412046023	0.0013406831346150798	-4.550380612784574	-437.91477084988907	-0.2608892842299065
16.7	4.767132174727514	4.767132174727514	4.767132174727514	0.09109212817030221	5.498496338408765	0.01771959564186605	9.602887099894762	499.6412572908047	0.6551772766182051	0	0	0	0	-2.213748311725916	0.0013406900113426933	-4.550380612784585	-437.9147577344523	-0.2608893480884027
16.8	4.7671321747275135	4.7671321747275135	4.7671321747275135	0.09109212817042783	5.498496338551166	0.0177195956414532	9.602887099891408	499.64125728757807	0.6551772766219529	0	0	0	0	-2.213748800869957	0.0013406959055948515	-4.550380612784563	-437.91474648975765	-0.26088940282336637
16.9	4.7671321747275135	4.7671321747275135	4.7671321747275135	0.09109212817051995	5.49849633865549	0.017719595641151116	9.602887099888951	499.6412572852143	0.6551772766246952	0	0	0	0	-2.213749159621033	0.0013407002261171903	-4.550380612784528	-437.914738242612	-0.2608894429442716
17	4.7671321747275135	4.7671321747275135	4.7671321747275135	0.09109212817056603	5.498496338707436	0.01771959564100133	9.602887099887722	499.6412572840374	0.6551772766260547	0	0	0	0	-2.2137493389634506	0.0013407023816553454	-4.550380612784499	-437.91473411982224	-0.26088946296059246
17.1	4.7671321747275135	4.7671321747275135	4.7671321747275135	0.09109212817055343	5.498496338692709	0.01771959564104539	9.602887099888058	499.6412572843713	0.6551772766256543	0	0	0	0	-2.2137492898815183	0.0013407017809549519	-4.5503806127844975	-437.91473524819514	-0.26088945738180286
17.2	4.7671321747275135	4.7671321747275135	4.7671321747275135	0.09109212817046956	5.498496338597007	0.017719595641324852	9.602887099890294	499.64125728654005	0.6551772766231168	0	0	0	0	-2.213748963359543	0.0013406978327616457	-4.550380612784543	-437.91474275453754	-0.2608894207173768
17.3	4.7671321747275135	4.7671321747275135	4.7671321747275135	0.09109212817030188	5.498496338406033	0.01771959564188124	9.602887099894769	499.6412572908677	0.655177276618065	0	0	0	0	-2.213748310381833	0.0013406899458210623	-4.5503806127846556	-437.91475776565636	-0.2608893474767883
17.4	4.7671321747275135	4.7671321747275135	4.7671321747275135	0.09109212817003776	5.4984963381054905	0.01771959564275611	9.602887099901812	499.641257297678	0.655177276610122	0	0	0	0	-2.213747281932694	0.0013406775288788372	-4.5503806127848545	-437.9147814083583	-0.2608892321695113
17.5	4.7671321747275135	4.7671321747275135	4.7671321747275135	0.09109212816974362	5.498496337772632	0.017719595643719003	9.602887099909658	499.64125730522	0.6551772766013815	0	0	0	0	-2.2137461366145694	0.0013406637396999185	-4.5503806127845925	-437.91480773769786	-0.2608891041218742
17.6	4.7671321747275135	4.7671321747275135	4.7671321747275135	0.0910921281696798	5.498496337706586	0.017719595643889585	9.602887099911364	499.6412573067143	0.6551772765998384	0	0	0	0	-2.2137458880556395	0.0013406608778130224	-4.550380612782136	-437.91481345163254	-0.2608890775550067
17.7	4.7671321747275135	4.7671321747275135	4.7671321747275135	0.09109212816963931	5.4984963376610425	0.017719595644020807	9.602887099912442	499.6412573077459	0.6551772765986473	0	0	0	0	-2.213745730391289	0.0013406589854627088	-4.5503806127794055	-437.9148170759506	-0.26088905998275447
17.8	4.7671321747275135	4.7671321747275135	4.7671321747275135	0.09109212816958477	5.49849633759742	0.017719595644211085	9.602887099913898	499.64125730918806	0.6551772765969184	0	0	0	0	-2.213745518049336	0.001340656388580859	-4.55038061277696	-437.91482195727855	-0.26088903586498996
17.9	4.7671321747275135	4.7671321747275135	4.7671321747275135	0.09109212816957876	5.498496337591834	0.017719595644222878	9.602887099914058	499.6412573093141	0.6551772765968126	0	0	0	0	-2.2137454947053516	0.0013406561328151274	-4.5503806127756485	-437.91482249389753	-0.26088903349155385
18	4.7671321747275135	4.7671321747275135	4.7671321747275135	0.09109212816955745	5.49849633756556	0.017719595644306536	9.602887099914625	499.64125730991003	0.6551772765960512	0	0	0	0	-2.213745411719368	0.0013406550881970311	-4.550380612776819	-437.9148244016605	-0.26088902378789464
18.1	4.7671321747275135	4.7671321747275135	4.7671321747275135	0.09109212816955092	5.498496337558007	0.01771959564432882	9.6028870999148	499.6412573100812	0.6551772765958488	0	0	0	0	-2.2137453863326506	0.0013406547788288455	-4.550380612776186	-437.9148249852183	-0.2608890209147662
18.2	4.7671321747275135	4.7671321747275135	4.7671321747275135	0.09109212816954779	5.498496337554211	0.017719595644340728	9.602887099914884	499.6412573101673	0.6551772765957404	0	0	0	0	-2.2137453741656126	0.0013406546268538294	-4.550380612774699	-437.9148252648618	-0.2608890195031
18.3	4.7671321747275135	4.7671321747275135	4.7671321747275135	0.09109212816954247	5.498496337547396	0.017719595644363335	9.602887099915025	499.64125731032203	0.6551772765955343	0	0	0	0	-2.2137453534661424	0.0013406543608064923	-4.550380612773186	-437.91482574065105	-0.2608890170313358
18.4	4.7671321747275135	4.7671321747275135	4.7671321747275135	0.09109212816954187	5.498496337546772	0.017719595644364896	9.602887099915042	499.6412573103361	0.6551772765955202	0	0	0	0	-2.213745351158005	0.0013406543339891245	-4.550380612772545	-437.9148257936256	-0.260889016782319
18.5	4.767132174727513	4.767132174727513	4.767132174727513	0.09109212816954003	5.498496337544282	0.017719595644373594	9.60288709991509	499.6412573103926	0.6551772765954407	0	0	0	0	-2.2137453439344577	0.001340654238783107	-4.550380612774	-437.91482595966346	-0.2608890158976511
18.6	4.7671321747275135	4.7671321747275135	4.7671321747275135	0.09109212816953938	5.498496337543429	0.017719595644376397	9.602887099915108	499.64125731041185	0.6551772765954152	0	0	0	0	-2.213745341358769	0.00134065420565338	-4.550380612772931	-437.91482601902845	-0.2608890155897039
18.7	4.767132174727514	4.767132174727514	4.767132174727514	0.09109212816953913	5.498496337543116	0.01771959564437745	9.602887099915115	499.641257310419	0.6551772765954056	0	0	0	0	-2.213745340423402	0.0013406541935408705	-4.5503806127728685	-437.91482604061434	-0.2608890154770522
18.8	4.7671321747275135	4.7671321747275135	4.7671321747275135	0.09109212816953864	5.498496337542409	0.01771959564438004	9.60288709991513	499.64125731043515	0.655177276595382	0	0	0	0	-2.2137453384401096	0.0013406541668419584	-4.550380612773454	-437.91482608616803	-0.2608890152289999
18.9	4.7671321747275135	4.7671321747275135	4.7671321747275135	0.09109212816953857	5.498496337542337	0.017719595644380245	9.602887099915131	499.6412573104367	0.65517727659538	0	0	0	0	-2.2137453382073993	0.0013406541639590754	-4.550380612772287	-437.9148260915213	-0.2608890152023313
19	4.767132174727514	4.767132174727514	4.767132174727514	0.09109212816954279	5.498496337549823	0.017719595644349277	9.60288709991502	499.6412573102662	0.6551772765956638	0	0	0	0	-2.2137453572524564	0.001340654435794124	-4.550380612774052	-437.9148256536773	-0.260889017729533
19.1	4.7671321747275135	4.7671321747275135	4.7671321747275135	0.09109212816958773	5.49849633762939	0.017719595644020807	9.60288709991382	499.64125730845376	0.6551772765986721	0	0	0	0	-2.21374556003837	0.0013406573268334918	-4.550380612777173	-437.9148209919292	-0.2608890446066162
19.2	4.7671321747275135	4.7671321747275135	4.7671321747275135	0.09109212816966746	5.498496337770496	0.017719595643438436	9.602887099911694	499.6412573052395	0.6551772766040056	0	0	0	0	-2.21374591975064	0.0013406624543735098	-4.55038061278051	-437.9148127227181	-0.2608890922757085
19.3	4.7671321747275135	4.7671321747275135	4.7671321747275135	0.09109212816976432	5.4984963379418925	0.017719595642731248	9.60288709990911	499.6412573013355	0.6551772766104821	0	0	0	0	-2.213746356763898	0.0013406686829380734	-4.550380612783858	-437.91480267650473	-0.2608891501806221
19.4	4.7671321747275135	4.7671321747275135	4.7671321747275135	0.0910921281698607	5.4984963381123215	0.017719595642028334	9.60288709990654	499.64125729745354	0.6551772766169196	0	0	0	0	-2.213746791452779	0.0013406748770510763	-4.550380612787011	-437.91479268374934	-0.26088920776516916
19.5	4.7671321747275135	4.7671321747275135	4.7671321747275135	0.09109212816993889	5.498496338250531	0.01771959564145878	9.602887099904454	499.64125729430543	0.6551772766221354	0	0	0	0	-2.2137471441919163	0.0013406799012364132	-4.550380612789762	-437.9147845749124	-0.2608892544731618
19.6	4.7671321747275135	4.7671321747275135	4.7671321747275135	0.09109212816998127	5.498496338325267	0.017719595641151678	9.602887099903324	499.64125729260314	0.6551772766249477	0	0	0	0	-2.213747335355943	0.0013406826200179783	-4.550380612791903	-437.91478018045433	-0.2608892797484123
19.7	4.7671321747275135	4.7671321747275135	4.7671321747275135	0.09109212816997019	5.4984963383052765	0.017719595641236104	9.602887099903619	499.6412572930586	0.6551772766241741	0	0	0	0	-2.2137472853194944	0.001340681897919666	-4.55038061279323	-437.91478133083564	-0.2608892730347328
19.8	4.7671321747275135	4.7671321747275135	4.7671321747275135	0.09109212816988797	5.498496338159306	0.017719595641841154	9.602887099905812	499.6412572963836	0.6551772766186323	0	0	0	0	-2.213746914457202	0.0013406765994653706	-4.550380612793536	-437.9147898565166	-0.2608892237759355
19.9	4.7671321747275135	4.7671321747275135	4.7671321747275135	0.09109212816971875	5.498496337859248	0.017719595643082748	9.602887099910326	499.64125730321854	0.655177276607261	0	0	0	0	-2.213746151084894	0.0013406657031722023	-4.550380612792624	-437.9148074054007	-0.2608891224756383
20	4.7671321747275135	4.7671321747275135	4.7671321747275135	0.09109212816961418	5.498496337675887	0.017719595643830178	9.602887099913115	499.6412573073948	0.6551772766004177	0	0	0	0	-2.21374567936186	0.0013406590200858947	-4.550380612791404	-437.91481824960294	-0.2608890603474916
20.1	4.7671321747275135	4.7671321747275135	4.7671321747275135	0.09109212816958732	5.498496337629839	0.017719595644012126	9.602887099913831	499.64125730844336	0.6551772765987529	0	0	0	0	-2.2137455581802916	0.0013406573291087486	-4.550380612790457	-437.91482103529694	-0.26088904462915613
20.2	4.7671321747275135	4.7671321747275135	4.7671321747275135	0.09109212816955756	5.4984963375764515	0.017719595644236755	9.602887099914625	499.6412573096595	0.6551772765966948	0	0	0	0	-2.213745424008414	0.0013406553981318958	-4.550380612790322	-437.9148241195879	-0.2608890266765288
20.3	4.7671321747275135	4.7671321747275135	4.7671321747275135	0.09109212816955012	5.498496337563488	0.017719595644289154	9.602887099914826	499.64125730995477	0.6551772765962152	0	0	0	0	-2.213745390456219	0.001340654924677858	-4.550380612790001	-437.91482489079743	-0.2608890222754864
20.4	4.7671321747275135	4.7671321747275135	4.7671321747275135	0.09109212816954342	5.498496337551282	0.01771959564434159	9.602887099915003	499.6412573102329	0.6551772765957345	0	0	0	0	-2.2137453602439967	0.001340654485339377	-4.55038061278697	-437.9148255853409	-0.260889018190532
20.5	4.7671321747275135	4.7671321747275135	4.7671321747275135	0.09109212816954104	5.49849633754696	0.017719595644359765	9.602887099915067	499.6412573103313	0.655177276595568	0	0	0	0	-2.21374534937776	0.0013406543289936233	-4.550380612785907	-437.9148258351078	-0.2608890167367283
20.6	4.7671321747275135	4.7671321747275135	4.7671321747275135	0.09109212816953971	5.498496337544524	0.01771959564437035	9.602887099915103	499.64125731038683	0.6551772765954711	0	0	0	0	-2.2137453433944736	0.0013406542415244339	-4.550380612785622	-437.91482597262376	-0.26088901592336866
20.7	4.7671321747275135	4.7671321747275135	4.7671321747275135	0.0910921281695389	5.498496337543081	0.01771959564437665	9.602887099915122	499.6412573104197	0.6551772765954132	0	0	0	0	-2.213745339864284	0.0013406541897561565	-4.550380612782778	-437.91482605367764	-0.26088901544182364
20.8	4.7671321747275135	4.7671321747275135	4.7671321747275135	0.09109212816953864	5.498496337542625	0.01771959564437861	9.602887099915128	499.64125731043003	0.6551772765953953	0	0	0	0	-2.2137453387479633	0.0013406541734665774	-4.550380612781024	-437.91482607925747	-0.2608890152902801
20.9	4.767132174727513	4.767132174727513	4.767132174727513	0.09109212816953842	5.498496337542166	0.01771959564438069	9.602887099915137	499.64125731044044	0.6551772765953763	0	0	0	0	-2.2137453376530596	0.0013406541571278185	-4.55038061278241	-437.9148261044439	-0.2608890151385222
21	4.7671321747275135	4.7671321747275135	4.7671321747275135	0.09109212816953835	5.498496337542062	0.017719595644381147	9.602887099915137	499.64125731044294	0.6551772765953721	0	0	0	0	-2.213745337394157	0.0013406541533301146	-4.55038061278386	-437.9148261104397	-0.2608890151033596
21.1	4.7671321747275135	4.7671321747275135	4.7671321747275135	0.0910921281695383	5.498496337541944	0.017719595644381695	9.602887099915138	499.64125731044555	0.655177276595367	0	0	0	0	-2.2137453371174787	0.0013406541491580957	-4.550380612784102	-437.9148261168175	-0.26088901506465095
21.2	4.7671321747275135	4.7671321747275135	4.7671321747275135	0.0910921281695383	5.498496337541916	0.01771959564438185	9.602887099915138	499.64125731044635	0.6551772765953657	0	0	0	0	-2.213745337036829	0.0013406541479746021	-4.550380612783799	-437.91482611866076	-0.2608890150537765
21.3	4.767132174727513	4.767132174727513	4.767132174727513	0.09109212816954815	5.498496337550299	0.017719595644348097	9.602887099914875	499.6412573102573	0.6551772765956747	0	0	0	0	-2.213745351895412	0.0013406543838319534	-4.550380612784077	-437.91482577708916	-0.26088901724788477
21.4	4.7671321747275135	4.7671321747275135	4.7671321747275135	0.09109212816964878	5.498496337635856	0.017719595644003706	9.602887099912191	499.64125730832797	0.6551772765988284	0	0	0	0	-2.2137455036011264	0.0013406567915457673	-4.550380612784798	-437.91482228969016	-0.2608890396458061
21.5	4.7671321747275135	4.7671321747275135	4.7671321747275135	0.09109212816983824	5.498496337796935	0.017719595643355318	9.60288709990714	499.6412573046954	0.6551772766047658	0	0	0	0	-2.213745789254945	0.001340661324985279	-4.550380612785735	-437.9148157231031	-0.26088908181843584
21.6	4.7671321747275135	4.7671321747275135	4.7671321747275135	0.09109212817009199	5.498496338012649	0.01771959564248702	9.602887099900375	499.64125729983095	0.6551772766127172	0	0	0	0	-2.2137461718490847	0.0013406673966661008	-4.550380612786807	-437.9148069280619	-0.26088913830065363
21.7	4.7671321747275135	4.7671321747275135	4.7671321747275135	0.09109212817038549	5.49849633826211	0.017719595641482903	9.602887099892545	499.64125729420545	0.655177276621912	0	0	0	0	-2.2137466143757614	0.0013406744191038432	-4.550380612787934	-437.91479675530013	-0.2608892036273392
21.8	4.7671321747275135	4.7671321747275135	4.7671321747275135	0.09109212817069418	5.49849633852443	0.01771959564042705	9.602887099884315	499.6412572882899	0.6551772766315808	0	0	0	0	-2.2137470798271925	0.0013406818048141175	-4.55038061278903	-437.91478605555193	-0.2608892723333721
21.9	4.767132174727513	4.767132174727513	4.767132174727513	0.09109212817099352	5.498496338778722	0.01771959563940355	9.60288709987633	499.6412572825554	0.6551772766409532	0	0	0	0	-2.213747531195595	0.0013406889663125354	-4.550380612790016	-437.9147756795509	-0.2608893389536319
22	4.7671321747275135	4.7671321747275135	4.7671321747275135	0.091092128171259	5.4984963390041	0.017719595638496496	9.602887099869253	499.6412572774731	0.6551772766492593	0	0	0	0	-2.2137479314731854	0.0013406953161147082	-4.550380612790808	-437.9147664780311	-0.2608893980229983
22.1	4.7671321747275135	4.7671321747275135	4.7671321747275135	0.09109212817146604	5.498496339179672	0.017719595637789968	9.602887099863732	499.6412572735139	0.6551772766557291	0	0	0	0	-2.2137482436521814	0.001340700266736247	-4.550380612791324	-437.9147593017262	-0.26088944407635106
22.2	4.7671321747275135	4.7671321747275135	4.7671321747275135	0.09109212817159011	5.4984963392845545	0.017719595637368052	9.602887099860425	499.64125727114885	0.6551772766595927	0	0	0	0	-2.213748430724798	0.001340703230692763	-4.550380612791484	-437.9147550013701	-0.26088947164856957
22.3	4.7671321747275135	4.7671321747275135	4.7671321747275135	0.09109212817160665	5.4984963392978585	0.017719595637314844	9.602887099859982	499.64125727084905	0.6551772766600799	0	0	0	0	-2.2137484556832527	0.0013407036204998676	-4.550380612791202	-437.91475442769655	-0.2608894752745336
22.4	4.7671321747275135	4.7671321747275135	4.7671321747275135	0.09109212817149114	5.498496339198697	0.017719595637714424	9.602887099863064	499.64125727308556	0.6551772766564207	0	0	0	0	-2.213748281519763	0.001340700848673172	-4.5503806127903985	-437.91475843143945	-0.2608894494891227
22.5	4.7671321747275135	4.7671321747275135	4.7671321747275135	0.09109212817121903	5.498496338966182	0.01771959563865088	9.60288709987032	499.6412572783293	0.6551772766478451	0	0	0	0	-2.2137478712265453	0.0013406943277282871	-4.550380612788991	-437.91476786333266	-0.2608893888272166
22.6	4.7671321747275135	4.7671321747275135	4.7671321747275135	0.09109212817076577	5.498496338579424	0.0177195956402083	9.60288709988241	499.6412572870515	0.6551772766335834	0	0	0	0	-2.2137471877958155	0.001340683470180825	-4.550380612786897	-437.91478357411	-0.2608892878236948
22.7	4.7671321747275135	4.7671321747275135	4.7671321747275135	0.09109212817012301	5.49849633803172	0.01771959564241342	9.60288709989955	499.6412572994029	0.6551772766133902	0	0	0	0	-2.2137462186218344	0.0013406680792575159	-4.550380612784103	-437.9148058535494	-0.2608891446482257
22.8	4.767132174727514	4.767132174727514	4.767132174727514	0.09109212816984032	5.498496337802188	0.01771959564333026	9.60288709990709	499.64125730457454	0.6551772766049957	0	0	0	0	-2.213745792323119	0.0013406614024656256	-4.550380612783075	-437.9148156533119	-0.26088908254146176
22.9	4.7671321747275135	4.7671321747275135	4.7671321747275135	0.09109212816980908	5.498496337784554	0.01771959564339594	9.602887099907923	499.6412573049685	0.6551772766043951	0	0	0	0	-2.213745745201218	0.0013406607276821116	-4.5503806127836235	-437.9148167365337	-0.26088907626785807
23	4.7671321747275135	4.7671321747275135	4.7671321747275135	0.09109212816965899	5.498496337650165	0.017719595643941738	9.602887099911925	499.64125730800225	0.6551772765993963	0	0	0	0	-2.2137455189474555	0.0013406570813033352	-4.550380612783789	-437.91482193768235	-0.2608890423441799
23.1	4.7671321747275135	4.7671321747275135	4.7671321747275135	0.0910921281696273	5.4984963376255305	0.017719595644038345	9.60288709991277	499.6412573085568	0.6551772765985121	0	0	0	0	-2.2137454711928486	0.0013406563421531161	-4.5503806127831625	-437.9148230354621	-0.2608890354690218
23.2	4.7671321747275135	4.7671321747275135	4.7671321747275135	0.09109212816959941	5.498496337600104	0.017719595644142234	9.602887099913513	499.6412573091311	0.6551772765975606	0	0	0	0	-2.2137454291624534	0.001340655661018274	-4.550380612783116	-437.91482400150596	-0.2608890291318989
23.3	4.7671321747275135	4.7671321747275135	4.7671321747275135	0.09109212816956773	5.498496337570456	0.017719595644263588	9.602887099914357	499.6412573098009	0.6551772765964491	0	0	0	0	-2.2137453813341237	0.0013406548800687708	-4.550380612781255	-437.9148251009608	-0.26088902186588003
23.4	4.7671321747275135	4.7671321747275135	4.7671321747275135	0.09109212816956468	5.498496337568483	0.01771959564427065	9.602887099914438	499.6412573098451	0.6551772765963846	0	0	0	0	-2.2137453767182733	0.0013406548119430331	-4.550380612778758	-437.9148252071496	-0.26088902123233776
23.5	4.7671321747275135	4.7671321747275135	4.7671321747275135	0.09109212816955063	5.498496337554314	0.017719595644329945	9.602887099914813	499.64125731016577	0.6551772765958412	0	0	0	0	-2.2137453555300697	0.0013406544575524431	-4.550380612779201	-437.9148256941086	-0.26088901793454766
23.6	4.7671321747275135	4.7671321747275135	4.7671321747275135	0.09109212816954679	5.498496337550781	0.017719595644344232	9.602887099914915	499.6412573102455	0.6551772765957103	0	0	0	0	-2.213745349744962	0.001340654363537273	-4.550380612778874	-437.91482582701485	-0.2608890170596882
23.7	4.7671321747275135	4.7671321747275135	4.7671321747275135	0.0910921281695447	5.498496337548701	0.017719595644352912	9.602887099914971	499.64125731029264	0.6551772765956307	0	0	0	0	-2.2137453465953087	0.001340654311062989	-4.550380612779157	-437.9148258993317	-0.26088901657134483
23.8	4.767132174727513	4.767132174727513	4.767132174727513	0.09109212816954115	5.49849633754499	0.017719595644368678	9.602887099915064	499.6412573103766	0.6551772765954863	0	0	0	0	-2.2137453412910197	0.0013406542209928195	-4.550380612780453	-437.9148260212643	-0.2608890157330738
23.9	4.7671321747275135	4.7671321747275135	4.7671321747275135	0.09109212816954083	5.498496337544724	0.01771959564436966	9.60288709991507	499.6412573103826	0.6551772765954773	0	0	0	0	-2.213745340776102	0.001340654213024209	-4.550380612781467	-437.91482603317604	-0.2608890156588172
24	4.7671321747275135	4.7671321747275135	4.7671321747275135	0.0910921281695395	5.49849633754324	0.017719595644376106	9.602887099915108	499.6412573104163	0.6551772765954181	0	0	0	0	-2.213745338784618	0.0013406541784680794	-4.550380612782231	-437.9148260789386	-0.2608890153372678
