0	4.7671321747275135	4.7671321747275135	4.7671321747275135	0.09109212816953825	5.498496337541862	0.017719595644382066	9.60288709991514	499.64125731044754	0.6551772765953636	0	0	0	0	0	0	0	0	0
0.1	4.7671321747275135	4.7671321747275135	4.7671321747275135	0.09109212816953825	5.498496337541862	0.017719595644382066	9.60288709991514	499.6412573104476	0.6551772765953636	0	0	0	0	-7.580906953485921	7190848793460978e-20	0	-78.99441558341103	0.00014996942351757318
0.2	4.7671321747275135	4.7671321747275135	4.7671321747275135	0.09109212816953825	5.498496337541862	0.017719595644382066	9.60288709991514	499.64125731044754	0.6551772765953636	0	0	0	0	-10.246657882869055	0.00034618735480694736	0	-222.79914233093126	0.001524071582604534
0.3	4.7671321747275135	4.7671321747275135	4.7671321747275135	0.09109212816953827	5.498496337541862	0.017719595644382066	9.60288709991514	499.6412573104476	0.6551772765953636	0	0	0	0	-11.183945216242696	0.0007340889710285424	0	-367.32125794222526	0.0050490406475468975
0.4	4.7671321747275135	4.7671321747275135	4.7671321747275135	0.09109212816953825	5.498496337541862	0.017719595644382066	9.60288709991514	499.64125731044754	0.6551772765953637	0	0	0	0	-11.513549975965647	0.001138079810999212	0	-494.2182680654709	0.010733368971904305
0.5	4.7671321747275135	4.7671321747275135	4.7671321747275135	0.09109212816953825	5.498496337541862	0.017719595644382066	9.60288709991514	499.6412573104475	0.6551772765953636	0	0	0	0	-11.62947351215508	0.001507920919462889	0	-600.4436512216852	0.018071365159298497
0.6	4.767132174727513	4.767132174727513	4.767132174727513	0.09109212816953825	5.498496337541862	0.017719595644382066	9.60288709991514	499.6412573104475	0.6551772765953636	0	0	0	0	-11.670206448699583	0.0018263323258124603	0	-687.6803847201734	0.02643166548775052
0.7	4.7671321747275135	4.7671321747275135	4.7671321747275135	0.09109212816953825	5.498496337541862	0.017719595644382066	9.60288709991514	499.6412573104476	0.6551772765953636	0	0	0	0	-11.684544574581201	0.0020921891036187507	0	-758.7494140256877	0.035247823873328706
0.8	4.7671321747275135	4.7671321747275135	4.7671321747275135	0.09109212816953825	5.498496337541862	0.01771959564438207	9.60288709991514	499.6412573104476	0.6551772765953636	0	0	0	0	-11.689580110154939	0.0023107744832119655	0	-816.4482421573903	0.0440808738568581
0.9	4.767132174727513	4.767132174727513	4.767132174727513	0.09109212816953825	5.498496337541862	0.017719595644382063	9.60288709991514	499.6412573104476	0.6551772765953636	0	0	0	0	-11.691346869624216	0.0024891033096098225	0	-863.2217785080222	0.052620526084296536
1	4.7671321747275135	4.7671321747275135	4.7671321747275135	0.09109212816953824	5.498496337541862	0.017719595644382066	9.60288709991514	499.6412573104476	0.6551772765953636	0	0	0	0	-11.691969747713117	0.0026340335382781803	0	-901.1157865346694	0.06066436813454948
1.1	4.7671321747275135	4.7671321747275135	4.7671321747275135	0.09109212816953824	5.498496337541862	0.017719595644382066	9.60288709991514	499.6412573104476	0.6551772765953636	0	0	0	0	-11.692192216561	0.0027516058783341193	0	-931.8095288064097	0.06809404667114953
1.2	4.7671321747275135	4.7671321747275135	4.7671321747275135	0.09109212816953825	5.498496337541862	0.017719595644382066	9.60288709991514	499.6412573104476	0.6551772765953636	0	0	0	0	-11.692268946519686	0.002846873123868585	0	-956.6612620480452	0.07485417741693445
1.3	4.7671321747275135	4.7671321747275135	4.7671321747275135	0.09109212816953825	5.498496337541862	0.017719595644382066	9.60288709991514	499.6412573104476	0.6551772765953636	0	0	0	0	-11.692296972335763	0.0029240549076734994	0	-976.7881698356414	0.08092987304236782
1.4	4.767132174727514	4.767132174727514	4.767132174727514	0.09109212816953825	5.498496337541862	0.01771959564438207	9.60288709991514	499.6412573104476	0.6551772765953636	0	0	0	0	-11.692307393622622	0.0029865669460479582	0	-993.0868586002437	0.08633739220704237
1.5	4.7671321747275135	4.7671321747275135	4.7671321747275135	0.09109212816953824	5.498496337541862	0.017719595644382066	9.60288709991514	499.6412573104476	0.6551772765953636	0	0	0	0	-11.692310935189983	0.003037177320798395	0	-1006.2813290387566	0.09111126484135566
1.6	4.7671321747275135	4.7671321747275135	4.7671321747275135	0.09109212816953824	5.498496337541862	0.017719595644382066	9.60288709991514	499.6412573104476	0.6551772765953636	0	0	0	0	-11.692312486652158	0.0030781789698220772	0	-1016.970376595158	0.0952965724518453
1.7	4.7671321747275135	4.7671321747275135	4.7671321747275135	0.09109212816953824	5.498496337541863	0.017719595644382066	9.602887099915138	499.6412573104476	0.6551772765953635	0	0	0	0	-11.69231295844518	0.003111360913712984	0	-1025.6206582904958	0.09894466692329998
1.8	4.7671321747275135	4.7671321747275135	4.7671321747275135	0.09109212816953824	5.498496337541862	0.017719595644382066	9.60288709991514	499.6412573104476	0.6551772765953635	0	0	0	0	-11.692313224706261	0.003138248008095056	0	-1032.6298756750007	0.10210853331100285
1.9	4.7671321747275135	4.7671321747275135	4.7671321747275135	0.09109212816953825	5.49849633754186	0.017719595644382066	9.602887099915138	499.6412573104476	0.6551772765953635	0	0	0	0	-11.692313293168375	0.0031600079755915345	0	-1038.3024663189235	0.10484013434019208
2	4.7671321747275135	4.7671321747275135	4.7671321747275135	0.09109212816953824	5.49849633754186	0.017719595644382063	9.602887099915138	499.6412573104476	0.6551772765953635	0	0	0	0	-11.69231334778972	0.003177629397864742	0	-1042.896176736701	0.10718961979209643
2.1	4.7671321747275135	4.7671321747275135	4.7671321747275135	0.09109212816953824	5.498496337541862	0.01771959564438206	9.602887099915138	499.64125731044754	0.6551772765953636	0	0	0	0	-11.692313362621615	0.003191909073623566	0	-1046.6187260255103	0.10920374751017597
2.2	4.7671321747275135	4.7671321747275135	4.7671321747275135	0.09109212816953824	5.498496337541862	0.017719595644382056	9.602887099915138	499.64125731044754	0.6551772765953635	0	0	0	0	-11.692313367039304	0.003203450755346283	0	-1049.6275088582368	0.11092413302054277
2.3	4.7671321747275135	4.7671321747275135	4.7671321747275135	0.09109212816953827	5.498496337541861	0.01771959564438206	9.602887099915138	499.64125731044754	0.6551772765953636	0	0	0	0	-11.692313380115102	0.0032128172263560543	0	-1052.0692402888703	0.11239108285207905
2.4	4.7671321747275135	4.7671321747275135	4.7671321747275135	0.0910921281695383	5.498496337541862	0.01771959564438205	9.602887099915138	499.6412573104475	0.6551772765953636	0	0	0	0	-11.692313373994855	0.0032203965542580287	0	-1054.0450832741726	0.11363783849599511
2.5	4.7671321747275135	4.7671321747275135	4.7671321747275135	0.0910921281695383	5.498496337541863	0.017719595644382045	9.602887099915138	499.6412573104475	0.6551772765953636	0	0	0	0	-11.692313375232715	0.003226519547262952	0	-1055.6412760165401	0.1146944449482449
2.6	4.767132174727514	4.767132174727514	4.767132174727514	0.0910921281695383	5.498496337541864	0.017719595644382056	9.602887099915138	499.64125731044754	0.6551772765953636	0	0	0	0	-11.692313380045285	0.003231494709514906	0	-1056.938243614038	0.1155898740819846
2.7	4.7671321747275135	4.7671321747275135	4.7671321747275135	0.09109212816953835	5.498496337541868	0.017719595644382056	9.602887099915137	499.64125731044743	0.6551772765953636	0	0	0	0	-11.692313364369937	0.0032355221166345824	0	-1057.9881439770706	0.11634630004533703
2.8	4.7671321747275135	4.7671321747275135	4.7671321747275135	0.09109212816953838	5.4984963375418685	0.01771959564438206	9.602887099915137	499.64125731044743	0.6551772765953636	0	0	0	0	-11.692313356564405	0.00323877067756754	0	-1058.8350067366468	0.1169832182147901
2.9	4.7671321747275135	4.7671321747275135	4.7671321747275135	0.09109212816953834	5.498496337541868	0.01771959564438206	9.602887099915137	499.64125731044743	0.6551772765953635	0	0	0	0	-11.692313370516858	0.0032414068022432988	0	-1059.5222127000452	0.117519963241741
3	4.7671321747275135	4.7671321747275135	4.7671321747275135	0.09109212816953839	5.498496337541888	0.01771959564438204	9.602887099915137	499.64125731044703	0.6551772765953637	0	0	0	0	-11.692313332283634	0.0032435490017888656	0	-1060.0806695932574	0.11797203013836796
3.1	4.7671321747275135	4.7671321747275135	4.7671321747275135	0.09109212816953849	5.498496337541912	0.017719595644382014	9.602887099915135	499.6412573104465	0.655177276595364	0	0	0	0	-11.692313281563928	0.003245277433384526	0	-1060.5312636096482	0.11835095699369433
3.2	4.7671321747275135	4.7671321747275135	4.7671321747275135	0.09109212816953849	5.498496337541911	0.017719595644382018	9.602887099915135	499.6412573104466	0.655177276595364	0	0	0	0	-11.69231328384987	0.0032466716573092886	0	-1060.8947205406823	0.11866810508394184
3.3	4.7671321747275135	4.7671321747275135	4.7671321747275135	0.09109212816953849	5.498496337541923	0.017719595644381986	9.602887099915137	499.6412573104463	0.6551772765953643	0	0	0	0	-11.692313282260804	0.0032478068971284516	0	-1061.1906729199113	0.11893444707790592
3.4	4.7671321747275135	4.7671321747275135	4.7671321747275135	0.09109212816953892	5.498496337542072	0.017719595644381744	9.602887099915124	499.641257310443	0.6551772765953665	0	0	0	0	-11.69231304480815	0.003248728230693769	0	-1061.4309407221524	0.11915762207732358
3.5	4.7671321747275135	4.7671321747275135	4.7671321747275135	0.09109212816953939	5.498496337542219	0.017719595644381504	9.602887099915112	499.64125731043976	0.6551772765953687	0	0	0	0	-11.692312801191644	0.00324947062832412	0	-1061.6245603589507	0.11934366442442527
3.6	4.7671321747275135	4.7671321747275135	4.7671321747275135	0.09109212816953938	5.498496337542209	0.01771959564438152	9.602887099915112	499.6412573104399	0.6551772765953686	0	0	0	0	-11.692312813525552	0.003250069293987432	0	-1061.780619001064	0.11949860523172576
3.7	4.7671321747275135	4.7671321747275135	4.7671321747275135	0.09109212816953952	5.498496337542338	0.017719595644381293	9.602887099915108	499.6412573104371	0.6551772765953707	0	0	0	0	-11.69231271707311	0.0032505569046478383	0	-1061.9078187694927	0.11962830375557561
3.8	4.7671321747275135	4.7671321747275135	4.7671321747275135	0.09109212816954308	5.498496337543864	0.017719595644378774	9.602887099915012	499.64125731040326	0.655177276595393	0	0	0	0	-11.69231076122009	0.00325095036087159	0	-1062.0113230207517	0.11973673922164352
3.9	4.7671321747275135	4.7671321747275135	4.7671321747275135	0.0910921281695473	5.498496337545646	0.017719595644375842	9.602887099914902	499.6412573103639	0.6551772765954191	0	0	0	0	-11.692308434598877	0.0032512662952376994	0	-1062.0947700794848	0.11982681706219385
4	4.7671321747275135	4.7671321747275135	4.7671321747275135	0.09109212816954888	5.4984963375462845	0.0177195956443748	9.602887099914858	499.64125731034983	0.6551772765954282	0	0	0	0	-11.692307573721418	0.0032515220635708202	0	-1062.1618328346062	0.11990143810066986
4.1	4.7671321747275135	4.7671321747275135	4.7671321747275135	0.09109212816954461	5.498496337544466	0.01771959564437781	9.602887099914973	499.6412573103901	0.6551772765954016	0	0	0	0	-11.692309916845682	0.0032517348056685133	0	-1062.2161787122297	0.11996350026149194
4.2	4.7671321747275135	4.7671321747275135	4.7671321747275135	0.09109212816954447	5.498496337544768	0.01771959564437705	9.602887099914978	499.641257310383	0.6551772765954084	0	0	0	0	-11.692309989738702	0.0032519041779943657	0	-1062.2605757876097	0.1200153460284068
4.3	4.7671321747275135	4.7671321747275135	4.7671321747275135	0.09109212816954881	5.498496337547088	0.017719595644372883	9.602887099914861	499.64125731033147	0.6551772765954454	0	0	0	0	-11.69230758809587	0.003252036294441815	0	-1062.2965126009012	0.12005839219174477
4.4	4.7671321747275135	4.7671321747275135	4.7671321747275135	0.09109212816954793	5.498496337546639	0.01771959564437369	9.602887099914886	499.6412573103414	0.6551772765954382	0	0	0	0	-11.692308077917863	0.003252148519543038	0	-1062.32548187018	0.12009400983526074
4.5	4.7671321747275135	4.7671321747275135	4.7671321747275135	0.09109212816954475	5.49849633754532	0.017719595644375738	9.60288709991497	499.6412573103706	0.65517727659542	0	0	0	0	-11.692309820928404	0.003252241828348628	0	-1062.3490033455764	0.12012361205152727
4.6	4.7671321747275135	4.7671321747275135	4.7671321747275135	0.09109212816954973	5.498496337548434	0.017719595644369594	9.602887099914836	499.6412573103009	0.6551772765954752	0	0	0	0	-11.692307083769034	0.0032523072867771904	0	-1062.3681366720798	0.12014823686808707
4.7	4.7671321747275135	4.7671321747275135	4.7671321747275135	0.09109212816955145	5.498496337549458	0.017719595644367626	9.60288709991479	499.641257310278	0.6551772765954927	0	0	0	0	-11.69230614047228	0.00325236381918725	0	-1062.3835487868262	0.12016855944945797
4.8	4.7671321747275135	4.7671321747275135	4.7671321747275135	0.09109212816954562	5.498496337546226	0.0177195956443736	9.602887099914945	499.64125731035006	0.6551772765954393	0	0	0	0	-11.692309341599415	0.0032524195368643033	0	-1062.3959714020473	0.12018533050660131
4.9	4.7671321747275135	4.7671321747275135	4.7671321747275135	0.09109212816955027	5.4984963375496845	0.017719595644366027	9.60288709991482	499.64125731027235	0.6551772765955076	0	0	0	0	-11.692306763087677	0.003252449613340265	0	-1062.40616396517	0.12019936436417683
5	4.7671321747275135	4.7671321747275135	4.7671321747275135	0.0910921281695547	5.498496337552714	0.01771959564435967	9.6028870999147	499.64125731020437	0.6551772765955647	0	0	0	0	-11.692304311989227	0.003252473381927921	0	-1062.4143977887454	0.12021095071893609
5.1	4.7671321747275135	4.7671321747275135	4.7671321747275135	0.09109212816954744	5.498496337547903	0.01771959564436962	9.602887099914895	499.64125731031226	0.6551772765954753	0	0	0	0	-11.692308322008744	0.0032525108044935496	0	-1062.4209319249885	0.12022037050598426
5.2	4.7671321747275135	4.7671321747275135	4.7671321747275135	0.09109212816954763	5.498496337548563	0.017719595644367397	9.60288709991489	499.6412573102972	0.6551772765954956	0	0	0	0	-11.692308223137728	0.0032525295373292246	0	-1062.426314810583	0.12022828008543805
5.3	4.7671321747275135	4.7671321747275135	4.7671321747275135	0.09109212816955128	5.498496337551436	0.017719595644360736	9.602887099914794	499.64125731023245	0.6551772765955557	0	0	0	0	-11.692306212690074	0.003252538817581835	0	-1062.430706551606	0.12023485610894072
5.4	4.767132174727514	4.767132174727514	4.767132174727514	0.09109212816954587	5.498496337547422	0.01771959564436972	9.602887099914938	499.64125731032277	0.6551772765954748	0	0	0	0	-11.69230920599357	0.003252562530151268	0	-1062.4341563459889	0.1202401384353691
5.5	4.7671321747275135	4.7671321747275135	4.7671321747275135	0.09109212816954435	5.498496337546627	0.017719595644370922	9.602887099914978	499.64125731034045	0.6551772765954642	0	0	0	0	-11.692310034967697	0.0032525753827480734	0	-1062.4369936243666	0.12024456737370301
5.6	4.7671321747275135	4.7671321747275135	4.7671321747275135	0.09109212816954587	5.498496337548043	0.017719595644367273	9.602887099914936	499.64125731030845	0.6551772765954973	0	0	0	0	-11.692309179617437	0.003252580522219275	0	-1062.4393208347155	0.12024826452180454
5.7	4.7671321747275135	4.7671321747275135	4.7671321747275135	0.09109212816954239	5.4984963375452	0.017719595644374076	9.60288709991503	499.64125731037245	0.6551772765954359	0	0	0	0	-11.692311116793746	0.0032525950239240212	0	-1062.4411456101946	0.12025122060296228
5.8	4.7671321747275135	4.7671321747275135	4.7671321747275135	0.09109212816954193	5.498496337545051	0.01771959564437399	9.602887099915039	499.64125731037564	0.6551772765954367	0	0	0	0	-11.692311347087003	0.003252601123188496	0	-1062.4426567691303	0.12025371474413005
5.9	4.7671321747275135	4.7671321747275135	4.7671321747275135	0.0910921281695427	5.4984963375458	0.017719595644371904	9.60288709991502	499.64125731035875	0.6551772765954557	0	0	0	0	-11.692310925412084	0.0032526038205327483	0	-1062.4438913596264	0.12025578767466974
6	4.767132174727513	4.767132174727513	4.767132174727513	0.09109212816954072	5.4984963375440765	0.017719595644376286	9.602887099915073	499.6412573103976	0.655177276595416	0	0	0	0	-11.692312020455248	0.0032526121357715353	0	-1062.4448592117785	0.12025744128286449
6.1	4.767132174727513	4.767132174727513	4.767132174727513	0.09109212816954192	5.498496337545405	0.017719595644372282	9.60288709991504	499.64125731036745	0.6551772765954523	0	0	0	0	-11.69231133247601	0.003252611636530061	0	-1062.4456805782008	0.12025887267103358
6.2	4.7671321747275135	4.7671321747275135	4.7671321747275135	0.09109212816954351	5.498496337547014	0.017719595644367717	9.602887099915	499.6412573103311	0.6551772765954939	0	0	0	0	-11.692310431127918	0.0032526098372516526	0	-1062.4463514880104	0.12026006113215303
6.3	4.7671321747275135	4.7671321747275135	4.7671321747275135	0.0910921281695415	5.498496337545027	0.017719595644373254	9.602887099915053	499.64125731037603	0.6551772765954437	0	0	0	0	-11.692311572615262	0.003252617142110268	0	-1062.4468517721853	0.12026095887146657
6.4	4.7671321747275135	4.7671321747275135	4.7671321747275135	0.09109212816954312	5.498496337546994	0.017719595644366915	9.60288709991501	499.6412573103314	0.6551772765955013	0	0	0	0	-11.69231063047049	0.0032526134167600983	0	-1062.4473014215619	0.12026178956402772
6.5	4.7671321747275135	4.7671321747275135	4.7671321747275135	0.09109212816954694	5.498496337551226	0.01771959564435411	9.602887099914907	499.6412573102355	0.6551772765956178	0	0	0	0	-11.692308422530967	0.0032526033237249914	0	-1062.4476978436085	0.12026253627078241
6.6	4.7671321747275135	4.7671321747275135	4.7671321747275135	0.09109212816954648	5.498496337550724	0.01771959564435566	9.60288709991492	499.6412573102469	0.6551772765956035	0	0	0	0	-11.692308680908688	0.00325260575444475	0	-1062.4479709452864	0.12026305051633818
6.7	4.7671321747275135	4.7671321747275135	4.7671321747275135	0.09109212816954337	5.498496337547559	0.017719595644364594	9.602887099915002	499.64125731031845	0.6551772765955224	0	0	0	0	-11.69231045096281	0.003252615074459672	0	-1062.4481572149512	0.12026340771116745
6.8	4.7671321747275135	4.7671321747275135	4.7671321747275135	0.09109212816954732	5.498496337552303	0.017719595644348878	9.6028870999149	499.6412573102109	0.6551772765956656	0	0	0	0	-11.692308212157426	0.0032526028013220975	0	-1062.448392490948	0.12026388486704809
6.9	4.7671321747275135	4.7671321747275135	4.7671321747275135	0.09109212816954929	5.498496337554634	0.017719595644341345	9.602887099914845	499.641257310158	0.6551772765957341	0	0	0	0	-11.69230707895936	0.0032525970143893732	0	-1062.448566865205	0.12026423661331152
7	4.7671321747275135	4.7671321747275135	4.7671321747275135	0.09109212816954375	5.498496337548215	0.017719595644361773	9.602887099914996	499.64125731030344	0.6551772765955481	0	0	0	0	-11.692310256387955	0.0032526149258423776	0	-1062.4486141644425	0.12026431740612327
7.1	4.7671321747275135	4.7671321747275135	4.7671321747275135	0.09109212816954379	5.498496337548609	0.017719595644359546	9.602887099914993	499.64125731029435	0.6551772765955688	0	0	0	0	-11.692310212860832	0.003252614117460646	0	-1062.4487127606587	0.12026452706019887
7.2	4.767132174727513	4.767132174727513	4.767132174727513	0.0910921281695445	5.498496337549605	0.01771959564435592	9.602887099914975	499.64125731027167	0.6551772765956019	0	0	0	0	-11.692309792012665	0.003252611659675516	0	-1062.4488012623706	0.12026471540665912
7.3	4.7671321747275135	4.7671321747275135	4.7671321747275135	0.09109212816954122	5.498496337545563	0.017719595644369528	9.602887099915064	499.64125731036347	0.655177276595478	0	0	0	0	-11.692311680387292	0.0032526229880714005	0	-1062.4488217887435	0.12026474726411517
7.4	4.7671321747275135	4.7671321747275135	4.7671321747275135	0.09109212816954118	5.49849633754566	0.017719595644368685	9.602887099915064	499.64125731036125	0.6551772765954856	0	0	0	0	-11.692311708811864	0.0032526228805557483	0	-1062.448872936011	0.12026486023381838
7.5	4.7671321747275135	4.7671321747275135	4.7671321747275135	0.09109212816954104	5.498496337545542	0.01771959564436898	9.602887099915066	499.6412573103639	0.6551772765954831	0	0	0	0	-11.692311777887832	0.003252623351272118	0	-1062.4489132023275	0.12026494762622297
7.6	4.7671321747275135	4.7671321747275135	4.7671321747275135	0.09109212816953985	5.498496337544008	0.017719595644374274	9.6028870999151	499.6412573103988	0.6551772765954347	0	0	0	0	-11.692312472855546	0.003252627701220088	0	-1062.448931203859	0.12026498296295465
7.7	4.7671321747275135	4.7671321747275135	4.7671321747275135	0.09109212816954063	5.498496337545196	0.017719595644369583	9.60288709991508	499.6412573103718	0.6551772765954778	0	0	0	0	-11.692312012544175	0.003252624506238025	0	-1062.4489692883312	0.12026507437289027
7.8	4.7671321747275135	4.7671321747275135	4.7671321747275135	0.09109212816954074	5.498496337545362	0.017719595644368917	9.602887099915076	499.64125731036796	0.6551772765954839	0	0	0	0	-11.692311948532183	0.0032526241266071735	0	-1062.4489929681542	0.12026512854911649
7.9	4.7671321747275135	4.7671321747275135	4.7671321747275135	0.09109212816953997	5.49849633754435	0.01771959564437246	9.602887099915096	499.641257310391	0.6551772765954514	0	0	0	0	-11.692312391802833	0.0032526269659012286	0	-1062.4490008181713	0.12026514403663624
8	4.7671321747275135	4.7671321747275135	4.7671321747275135	0.09109212816954172	5.4984963375471105	0.01771959564436119	9.602887099915048	499.6412573103281	0.6551772765955548	0	0	0	0	-11.692311337082991	0.0032526192712836856	0	-1062.44903968277	0.12026524935370288
8.1	4.7671321747275135	4.7671321747275135	4.7671321747275135	0.09109212816954301	5.498496337549065	0.01771959564435335	9.602887099915016	499.64125731028366	0.6551772765956265	0	0	0	0	-11.692310577463164	0.0032526138464351265	0	-1062.4490689351235	0.12026532743639605
8.2	4.7671321747275135	4.7671321747275135	4.7671321747275135	0.09109212816954107	5.498496337546133	0.01771959564436505	9.602887099915066	499.6412573103504	0.6551772765955195	0	0	0	0	-11.692311724885913	0.0032526220841657873	0	-1062.449052109658	0.12026527426300475
8.3	4.7671321747275135	4.7671321747275135	4.7671321747275135	0.0910921281695426	5.498496337548754	0.017719595644353336	9.602887099915025	499.64125731029065	0.6551772765956267	0	0	0	0	-11.692310815418853	0.0032526146770337975	0	-1062.4490807848456	0.12026536167416157
8.4	4.7671321747275135	4.7671321747275135	4.7671321747275135	0.09109212816954591	5.498496337554119	0.017719595644330535	9.602887099914936	499.6412573101686	0.6551772765958358	0	0	0	0	-11.69230884895055	0.0032525995828145203	0	-1062.4491322650865	0.1202655166864124
8.5	4.7671321747275135	4.7671321747275135	4.7671321747275135	0.09109212816954523	5.498496337553026	0.017719595644335208	9.602887099914954	499.64125731019345	0.655177276595793	0	0	0	0	-11.692309248565829	0.003252602686063115	0	-1062.4491281426324	0.12026550060614859
8.6	4.7671321747275135	4.7671321747275135	4.7671321747275135	0.09109212816954217	5.498496337548216	0.017719595644354907	9.602887099915037	499.64125731030293	0.6551772765956126	0	0	0	0	-11.692311071896452	0.0032526161806869644	0	-1062.4490903441938	0.12026538625174052
8.7	4.7671321747275135	4.7671321747275135	4.7671321747275135	0.09109212816954398	5.498496337551443	0.017719595644339906	9.602887099914987	499.64125731022943	0.6551772765957503	0	0	0	0	-11.69230998698721	0.0032526069648967384	0	-1062.449118619714	0.12026548006819814
8.8	4.7671321747275135	4.7671321747275135	4.7671321747275135	0.09109212816954412	5.498496337551691	0.017719595644338684	9.602887099914984	499.6412573102238	0.6551772765957615	0	0	0	0	-11.692309908162553	0.0032526062547858494	0	-1062.4491231243644	0.12026549359511737
8.9	4.7671321747275135	4.7671321747275135	4.7671321747275135	0.09109212816954101	5.498496337546475	0.01771959564436157	9.602887099915067	499.6412573103425	0.6551772765955517	0	0	0	0	-11.69231176915643	0.003252621047992745	0	-1062.4490825273544	0.12026536245063893
9	4.7671321747275135	4.7671321747275135	4.7671321747275135	0.09109212816954117	5.49849633754684	0.017719595644359286	9.602887099915066	499.64125731033414	0.6551772765955727	0	0	0	0	-11.692311691276656	0.0032526199727465244	0	-1062.4490860875376	0.12026537711656139
9.1	4.7671321747275135	4.7671321747275135	4.7671321747275135	0.09109212816954058	5.498496337545855	0.017719595644363734	9.60288709991508	499.64125731035665	0.6551772765955319	0	0	0	0	-11.692312035110243	0.00325262278171178	0	-1062.4490796136545	0.12026535494372492
9.2	4.7671321747275135	4.7671321747275135	4.7671321747275135	0.0910921281695396	5.498496337544238	0.017719595644370947	9.602887099915106	499.6412573103935	0.6551772765954658	0	0	0	0	-11.692312601006426	0.0032526273770645555	0	-1062.4490677655524	0.12026531555796617
9.3	4.7671321747275135	4.7671321747275135	4.7671321747275135	0.09109212816953997	5.498496337545026	0.017719595644366926	9.602887099915096	499.64125731037547	0.6551772765955025	0	0	0	0	-11.69231236127768	0.0032526251107034654	0	-1062.4490742160026	0.12026533912503919
9.4	4.767132174727513	4.767132174727513	4.767132174727513	0.09109212816953949	5.49849633754413	0.01771959564437121	9.602887099915108	499.64125731039593	0.6551772765954633	0	0	0	0	-11.692312654647512	0.003252627676295499	0	-1062.449068231183	0.12026531746339049
9.5	4.7671321747275135	4.7671321747275135	4.7671321747275135	0.09109212816953947	5.498496337544241	0.01771959564437024	9.602887099915108	499.64125731039337	0.6551772765954722	0	0	0	0	-11.692312638895352	0.003252627298876335	0	-1062.4490692105217	0.12026532270198441
9.6	4.7671321747275135	4.7671321747275135	4.7671321747275135	0.0910921281695404	5.498496337546155	0.01771959564436041	9.602887099915083	499.6412573103497	0.6551772765955627	0	0	0	0	-11.692312045130503	0.0032526217315135674	0	-1062.449083359728	0.12026537569915645
9.7	4.7671321747275135	4.7671321747275135	4.7671321747275135	0.09109212816954036	5.498496337546087	0.017719595644360757	9.602887099915083	499.64125731035125	0.6551772765955595	0	0	0	0	-11.692312065793413	0.003252621926752898	0	-1062.4490832874596	0.12026537503782131
9.8	4.7671321747275135	4.7671321747275135	4.7671321747275135	0.09109212816953993	5.498496337545222	0.017719595644364688	9.602887099915094	499.641257310371	0.6551772765955235	0	0	0	0	-11.692312359317436	0.003252624388192681	0	-1062.4490768670134	0.12026535319680492
9.9	4.7671321747275135	4.7671321747275135	4.7671321747275135	0.09109212816954196	5.498496337549468	0.017719595644341904	9.602887099915042	499.6412573102741	0.6551772765957332	0	0	0	0	-11.692311091690033	0.0032526119445880023	0	-1062.4491062744694	0.12026546932817775
10	4.7671321747275135	4.7671321747275135	4.7671321747275135	0.09109212816954343	5.498496337552541	0.017719595644325587	9.602887099915002	499.641257310204	0.6551772765958832	0	0	0	0	-11.692310164635344	0.0032526029535462093	0	-1062.449127800899	0.12026555330033797
10.1	4.7671321747275135	4.7671321747275135	4.7671321747275135	0.09109212816954142	5.498496337548341	0.01771959564434788	9.602887099915057	499.64125731029975	0.6551772765956781	0	0	0	0	-11.692311431033666	0.0032526152371910875	0	-1062.4490988602586	0.12026543995060177
10.2	4.767132174727514	4.767132174727514	4.767132174727514	0.09109212816954183	5.498496337549388	0.017719595644341023	9.602887099915048	499.64125731027593	0.6551772765957414	0	0	0	0	-11.692311179711306	0.003252612073250604	0	-1062.44910477889	0.12026546976321167
10.3	4.7671321747275135	4.7671321747275135	4.7671321747275135	0.09109212816954428	5.49849633755463	0.0177195956443117	9.602887099914982	499.6412573101563	0.6551772765960115	0	0	0	0	-11.69230967304007	0.003252596620522084	0	-1062.449139530294	0.12026561341969529
10.4	4.7671321747275135	4.7671321747275135	4.7671321747275135	0.09109212816954339	5.498496337552773	0.017719595644322003	9.602887099915003	499.6412573101987	0.6551772765959166	0	0	0	0	-11.69231021176398	0.0032526020902409435	0	-1062.4491272372732	0.12026556297825411
10.5	4.7671321747275135	4.7671321747275135	4.7671321747275135	0.09109212816954092	5.49849633754758	0.017719595644350224	9.60288709991507	499.6412573103172	0.6551772765956568	0	0	0	0	-11.692311745878442	0.003252617343395245	0	-1062.4490920435478	0.12026542178692332
10.6	4.7671321747275135	4.7671321747275135	4.7671321747275135	0.0910921281695415	5.498496337548913	0.017719595644341973	9.602887099915055	499.6412573102868	0.6551772765957329	0	0	0	0	-11.692311404051784	0.003252613376016027	0	-1062.4490999624593	0.12026545880685481
10.7	4.7671321747275135	4.7671321747275135	4.7671321747275135	0.09109212816954063	5.498496337547018	0.017719595644352715	9.602887099915078	499.64125731032993	0.655177276595634	0	0	0	0	-11.692311940700355	0.003252618960615903	0	-1062.4490876740683	0.12026540716160704
10.8	4.7671321747275135	4.7671321747275135	4.7671321747275135	0.09109212816953957	5.498496337544813	0.01771959564436502	9.602887099915105	499.6412573103803	0.6551772765955206	0	0	0	0	-11.692312575006458	0.0032526254582335074	0	-1062.4490731314138	0.1202653470281391
10.9	4.7671321747275135	4.7671321747275135	4.7671321747275135	0.09109212816953975	5.498496337545275	0.017719595644362	9.602887099915101	499.6412573103698	0.6551772765955486	0	0	0	0	-11.69231246284586	0.0032526240740131194	0	-1062.449075742084	0.12026535998742423
11	4.7671321747275135	4.7671321747275135	4.7671321747275135	0.09109212816953914	5.498496337543856	0.017719595644370322	9.602887099915117	499.6412573104022	0.6551772765954719	0	0	0	0	-11.692312851348799	0.003252628271842504	0	-1062.4490668366227	0.12026532112291512
11.1	4.7671321747275135	4.7671321747275135	4.7671321747275135	0.09109212816953921	5.498496337544078	0.01771959564436864	9.602887099915115	499.641257310397	0.6551772765954874	0	0	0	0	-11.692312805989115	0.003252627589987066	0	-1062.4490679005596	0.1202653275329809
11.2	4.7671321747275135	4.7671321747275135	4.7671321747275135	0.09109212816953965	5.498496337545131	0.0177195956443621	9.602887099915103	499.641257310373	0.6551772765955477	0	0	0	0	-11.69231253339488	0.0032526244543190524	0	-1062.4490741844472	0.12026535669737477
11.3	4.7671321747275135	4.7671321747275135	4.7671321747275135	0.09109212816953915	5.498496337543983	0.01771959564436912	9.602887099915115	499.6412573103992	0.655177276595483	0	0	0	0	-11.69231283598556	0.0032526278681120403	0	-1062.4490672418435	0.12026532505806867
11.4	4.7671321747275135	4.7671321747275135	4.7671321747275135	0.09109212816953961	5.498496337545235	0.017719595644360774	9.602887099915103	499.6412573103706	0.65517727659556	0	0	0	0	-11.69231252903858	0.0032526240855737603	0	-1062.4490743096007	0.12026536022667492
11.5	4.7671321747275135	4.7671321747275135	4.7671321747275135	0.09109212816954085	5.498496337548342	0.017719595644340867	9.60288709991507	499.6412573102996	0.6551772765957438	0	0	0	0	-11.692311740391984	0.0032526147656610225	0	-1062.4490924492268	0.12026544679109785
11.6	4.7671321747275135	4.7671321747275135	4.7671321747275135	0.09109212816954096	5.49849633754864	0.017719595644339003	9.602887099915067	499.6412573102927	0.655177276595761	0	0	0	0	-11.692311663532237	0.0032526138766903645	0	-1062.4490942234747	0.12026545506867278
11.7	4.7671321747275135	4.7671321747275135	4.7671321747275135	0.09109212816954002	5.498496337546305	0.01771959564435347	9.602887099915092	499.641257310346	0.6551772765956275	0	0	0	0	-11.692312273406431	0.003252620848066709	0	-1062.4490802087005	0.12026539037763882
11.8	4.7671321747275135	4.7671321747275135	4.7671321747275135	0.09109212816954193	5.498496337551411	0.01771959564431932	9.60288709991504	499.6412573102293	0.6551772765959427	0	0	0	0	-11.692311030998315	0.0032526054629810823	0	-1062.4491087758768	0.12026553329136266
11.9	4.7671321747275135	4.7671321747275135	4.7671321747275135	0.0910921281695437	5.498496337556011	0.017719595644288922	9.602887099914994	499.6412573101242	0.6551772765962235	0	0	0	0	-11.692309899073981	0.0032525916250303465	0	-1062.4491348021418	0.12026566182019201
12	4.7671321747275135	4.7671321747275135	4.7671321747275135	0.09109212816954176	5.498496337550954	0.01771959564432236	9.602887099915044	499.64125731023984	0.6551772765959147	0	0	0	0	-11.692311144055191	0.003252606843208772	0	-1062.4491061837414	0.12026552049780607
12.1	4.7671321747275135	4.7671321747275135	4.7671321747275135	0.09109212816954095	5.498496337548995	0.017719595644334177	9.602887099915066	499.6412573102845	0.6551772765958058	0	0	0	0	-11.692311659573052	0.003252612650469868	0	-1062.4490943347682	0.12026546660730536
12.2	4.7671321747275135	4.7671321747275135	4.7671321747275135	0.09109212816954211	5.498496337552227	0.01771959564431156	9.602887099915037	499.6412573102106	0.6551772765960147	0	0	0	0	-11.69231090094866	0.003252602830924299	0	-1062.4491117772473	0.12026555784711601
12.3	4.7671321747275135	4.7671321747275135	4.7671321747275135	0.09109212816954095	5.498496337549039	0.017719595644333296	9.602887099915067	499.64125731028344	0.655177276595814	0	0	0	0	-11.692311666881272	0.003252612474397264	0	-1062.4490941705433	0.12026546827388691
12.4	4.7671321747275135	4.7671321747275135	4.7671321747275135	0.09109212816953977	5.498496337545935	0.01771959564435403	9.6028870999151	499.6412573103543	0.6551772765956225	0	0	0	0	-11.692312425541482	0.0032526218387971223	0	-1062.4490767307109	0.12026538130412914
12.5	4.7671321747275135	4.7671321747275135	4.7671321747275135	0.09109212816953989	5.498496337546311	0.017719595644350983	9.602887099915096	499.6412573103458	0.6551772765956507	0	0	0	0	-11.692312350354443	0.003252620674075804	0	-1062.44907846032	0.1202653921416284
12.6	4.767132174727513	4.767132174727513	4.767132174727513	0.09109212816953911	5.498496337544239	0.017719595644365437	9.602887099915117	499.64125731039314	0.6551772765955173	0	0	0	0	-11.692312837468963	0.003252626957756629	0	-1062.4490672626432	0.12026533376528033
12.7	4.767132174727514	4.767132174727514	4.767132174727514	0.09109212816953906	5.498496337544081	0.01771959564436617	9.602887099915119	499.6412573103968	0.6551772765955106	0	0	0	0	-11.692312883448714	0.0032526274036398066	0	-1062.4490662063658	0.12026532963476536
12.8	4.7671321747275135	4.7671321747275135	4.7671321747275135	0.09109212816953921	5.498496337544537	0.017719595644362738	9.602887099915115	499.64125731038627	0.6551772765955424	0	0	0	0	-11.692312782311273	0.003252625998644612	0	-1062.4490685321173	0.12026534269667394
12.9	4.7671321747275135	4.7671321747275135	4.7671321747275135	0.09109212816953882	5.498496337543444	0.01771959564437056	9.602887099915126	499.6412573104112	0.65517727659547	0	0	0	0	-11.692313034849978	0.003252629334130564	0	-1062.4490627268312	0.12026531170462411
13	4.7671321747275135	4.7671321747275135	4.7671321747275135	0.09109212816953932	5.498496337544768	0.01771959564436041	9.602887099915112	499.64125731038104	0.6551772765955639	0	0	0	0	-11.692312745686161	0.00325262524723383	0	-1062.4490693749253	0.1202653496990128
13.1	4.7671321747275135	4.7671321747275135	4.7671321747275135	0.09109212816953988	5.4984963375463165	0.017719595644348766	9.602887099915097	499.6412573103457	0.6551772765956714	0	0	0	0	-11.692312402303621	0.0032526204855023813	0	-1062.4490772694146	0.12026539396119924
13.2	4.7671321747275135	4.7671321747275135	4.7671321747275135	0.09109212816953936	5.498496337544863	0.017719595644359657	9.602887099915112	499.64125731037893	0.6551772765955708	0	0	0	0	-11.692312725240964	0.0032526249504037335	0	-1062.4490698454767	0.12026535246108148
13.3	4.7671321747275135	4.7671321747275135	4.7671321747275135	0.09109212816953992	5.4984963375465385	0.017719595644346237	9.602887099915096	499.64125731034056	0.655177276595695	0	0	0	0	-11.692312376448779	0.003252619766959822	0	-1062.449077864225	0.12026540066350738
13.4	4.7671321747275135	4.7671321747275135	4.7671321747275135	0.09109212816954168	5.4984963375515745	0.017719595644307203	9.602887099915048	499.6412573102254	0.6551772765960561	0	0	0	0	-11.692311290907051	0.0032526042300120846	0	-1062.4491028204461	0.12026554511130137
13.5	4.767132174727513	4.767132174727513	4.767132174727513	0.09109212816954224	5.498496337553178	0.01771959564429487	9.602887099915034	499.64125731018885	0.6551772765961702	0	0	0	0	-11.69231094304151	0.0032525992890951746	0	-1062.4491108178188	0.12026559104541838
13.6	4.7671321747275135	4.7671321747275135	4.7671321747275135	0.0910921281695404	5.498496337548011	0.017719595644334573	9.602887099915083	499.6412573103069	0.6551772765958029	0	0	0	0	-11.692312066235246	0.0032526152170754678	0	-1062.4490849962285	0.12026544297189361
13.7	4.767132174727514	4.767132174727514	4.767132174727514	0.09109212816954153	5.498496337551378	0.017719595644307046	9.602887099915053	499.6412573102299	0.6551772765960577	0	0	0	0	-11.692311382769706	0.003252604799665701	0	-1062.4491007088243	0.1202655398595319
13.8	4.7671321747275135	4.7671321747275135	4.7671321747275135	0.09109212816954312	5.498496337556087	0.017719595644269507	9.602887099915012	499.64125731012217	0.6551772765964051	0	0	0	0	-11.692310398925962	0.0032525902528714413	0	-1062.449123326955	0.12026567512823627
13.9	4.7671321747275135	4.7671321747275135	4.7671321747275135	0.09109212816954129	5.4984963375507565	0.017719595644311824	9.602887099915058	499.6412573102441	0.6551772765960135	0	0	0	0	-11.692311518920098	0.00325260672063768	0	-1062.4490975788865	0.12026552200241793
14	4.7671321747275135	4.7671321747275135	4.7671321747275135	0.0910921281695402	5.498496337547612	0.017719595644335995	9.60288709991509	499.64125731031595	0.6551772765957901	0	0	0	0	-11.692312196658646	0.0032526163860248656	0	-1062.449081998092	0.12026543214539658
14.1	4.7671321747275135	4.7671321747275135	4.7671321747275135	0.09109212816954047	5.498496337548558	0.017719595644327787	9.602887099915083	499.64125731029435	0.6551772765958661	0	0	0	0	-11.6923120135751	0.0032526134228161724	0	-1062.449086207177	0.1202654597141427
14.2	4.767132174727513	4.767132174727513	4.767132174727513	0.09109212816953942	5.4984963375453715	0.017719595644353627	9.60288709991511	499.64125731036717	0.655177276595627	0	0	0	0	-11.692312671176287	0.0032526232985397425	0	-1062.4490710892915	0.12026536787295475
14.3	4.7671321747275135	4.7671321747275135	4.7671321747275135	0.09109212816953913	5.4984963375445295	0.01771959564436013	9.602887099915119	499.64125731038644	0.6551772765955669	0	0	0	0	-11.692312853654814	0.003252625903473206	0	-1062.4490668942785	0.1202653436554349
14.4	4.7671321747275135	4.7671321747275135	4.7671321747275135	0.09109212816953914	5.498496337544591	0.017719595644359456	9.602887099915117	499.641257310385	0.655177276595573	0	0	0	0	-11.69231284543038	0.0032526257082180084	0	-1062.4490670834311	0.1202653454752954
14.5	4.7671321747275135	4.7671321747275135	4.7671321747275135	0.09109212816953874	5.498496337543383	0.01771959564436937	9.602887099915128	499.64125731041264	0.6551772765954813	0	0	0	0	-11.692313091061807	0.0032526294524085697	0	-1062.4490614365127	0.12026531065241264
14.6	4.7671321747275135	4.7671321747275135	4.7671321747275135	0.09109212816953895	5.498496337544232	0.017719595644361926	9.602887099915122	499.64125731039326	0.6551772765955501	0	0	0	0	-11.692312928151217	0.0032526267954305988	0	-1062.4490651817607	0.12026533537306508
14.7	4.767132174727513	4.767132174727513	4.767132174727513	0.09109212816953909	5.498496337544751	0.01771959564435746	9.602887099915117	499.6412573103815	0.6551772765955916	0	0	0	0	-11.692312827096089	0.003252625178313549	0	-1062.4490675049772	0.120265350417217
14.8	4.7671321747275135	4.7671321747275135	4.7671321747275135	0.09109212816953882	5.498496337543768	0.017719595644365708	9.602887099915126	499.641257310404	0.6551772765955151	0	0	0	0	-11.69231302335524	0.0032526282346117623	0	-1062.4490629930833	0.1202653219885479
14.9	4.7671321747275135	4.7671321747275135	4.7671321747275135	0.09109212816953963	5.498496337546335	0.017719595644343035	9.602887099915105	499.64125731034517	0.655177276595725	0	0	0	0	-11.692312536192073	0.0032526202108990408	0	-1062.449074192727	0.12026539664553472
15	4.7671321747275135	4.7671321747275135	4.7671321747275135	0.09109212816954054	5.498496337549225	0.017719595644317722	9.60288709991508	499.641257310279	0.6551772765959594	0	0	0	0	-11.692311983360002	0.0032526111874592303	0	-1062.449086902058	0.12026548060044594
15.1	4.7671321747275135	4.7671321747275135	4.7671321747275135	0.09109212816954015	5.498496337547938	0.017719595644329022	9.60288709991509	499.64125731030845	0.6551772765958548	0	0	0	0	-11.692312228643106	0.0032526152038079045	0	-1062.449081263104	0.12026544323135197
15.2	4.7671321747275135	4.7671321747275135	4.7671321747275135	0.09109212816954	5.498496337547476	0.017719595644332214	9.602887099915096	499.6412573103191	0.6551772765958253	0	0	0	0	-11.692312334015039	0.0032526166141281774	0	-1062.4490788406504	0.1202654301253388
15.3	4.7671321747275135	4.7671321747275135	4.7671321747275135	0.09109212816954196	5.498496337553984	0.01771959564427336	9.602887099915042	499.6412573101702	0.6551772765963706	0	0	0	0	-11.692311122901446	0.003252596204747239	0	-1062.4491066835765	0.12026562004863692
15.4	4.7671321747275135	4.7671321747275135	4.7671321747275135	0.09109212816954303	5.498496337557482	0.017719595644241932	9.602887099915014	499.64125731009017	0.6551772765966618	0	0	0	0	-11.69231046816876	0.0032525852435636347	0	-1062.4491217355708	0.12026572204645695
15.5	4.7671321747275135	4.7671321747275135	4.7671321747275135	0.0910921281695408	5.498496337550243	0.01771959564430694	9.602887099915073	499.6412573102557	0.6551772765960597	0	0	0	0	-11.692311823169057	0.0032526079189183956	0	-1062.4490905847545	0.12026551104461272
15.6	4.7671321747275135	4.7671321747275135	4.7671321747275135	0.0910921281695407	5.498496337549898	0.017719595644308885	9.602887099915078	499.64125731026365	0.6551772765960417	0	0	0	0	-11.692311913682865	0.0032526089881295267	0	-1062.4490885038579	0.12026550111720295
15.7	4.7671321747275135	4.7671321747275135	4.7671321747275135	0.09109212816954146	5.498496337552437	0.017719595644285196	9.602887099915055	499.6412573102057	0.6551772765962611	0	0	0	0	-11.692311458543838	0.003252601026212858	0	-1062.4490989672643	0.12026557522257682
15.8	4.7671321747275135	4.7671321747275135	4.7671321747275135	0.09109212816953999	5.498496337547487	0.017719595644330587	9.602887099915096	499.64125731031885	0.6551772765958406	0	0	0	0	-11.692312364170792	0.00325261654251972	0	-1062.4490781473498	0.12026543082033353
15.9	4.7671321747275135	4.7671321747275135	4.7671321747275135	0.09109212816953939	5.49849633754569	0.017719595644346626	9.602887099915112	499.6412573103599	0.655177276595692	0	0	0	0	-11.69231270220286	0.0032526221674844835	0	-1062.4490703762112	0.12026537847974965
16	4.7671321747275135	4.7671321747275135	4.7671321747275135	0.09109212816953934	5.498496337545541	0.017719595644347774	9.602887099915112	499.6412573103633	0.6551772765956814	0	0	0	0	-11.69231273441469	0.003252622633600216	0	-1062.4490696356766	0.12026537414599023
16.1	4.767132174727513	4.767132174727513	4.767132174727513	0.09109212816953877	5.498496337543672	0.01771959564436511	9.602887099915126	499.64125731040605	0.6551772765955207	0	0	0	0	-11.69231307137138	0.0032526284894873955	0	-1062.4490618891375	0.12026531964427743
16.2	4.7671321747275135	4.7671321747275135	4.7671321747275135	0.09109212816953885	5.49849633754402	0.01771959564436156	9.602887099915124	499.64125731039803	0.6551772765955536	0	0	0	0	-11.692313014547848	0.00325262738745444	0	-1062.449063195514	0.12026532990660514
16.3	4.7671321747275135	4.7671321747275135	4.7671321747275135	0.09109212816953882	5.498496337543934	0.017719595644362315	9.602887099915126	499.6412573104	0.6551772765955467	0	0	0	0	-11.69231303033201	0.003252627651027918	0	-1062.4490628326705	0.1202653274540509
16.4	4.7671321747275135	4.7671321747275135	4.7671321747275135	0.09109212816953871	5.49849633754351	0.017719595644366173	9.60288709991513	499.64125731040974	0.6551772765955108	0	0	0	0	-11.692313109254835	0.0032526289894949443	0	-1062.4490610182313	0.12026531499825341
16.5	4.7671321747275135	4.7671321747275135	4.7671321747275135	0.09109212816953918	5.49849633754529	0.01771959564434872	9.602887099915117	499.6412573103689	0.6551772765956727	0	0	0	0	-11.692312806435226	0.0032526233944792367	0	-1062.4490679798628	0.12026536708772399
16.6	4.7671321747275135	4.7671321747275135	4.7671321747275135	0.09109212816953947	5.498496337546288	0.017719595644338986	9.602887099915108	499.6412573103461	0.655177276595763	0	0	0	0	-11.692312635276172	0.003252620254095542	0	-1062.4490719147175	0.12026539632364498
16.7	4.7671321747275135	4.7671321747275135	4.7671321747275135	0.091092128169539	5.4984963375446005	0.01771959564435532	9.602887099915122	499.6412573103848	0.6551772765956116	0	0	0	0	-11.692312926398067	0.0032526255565430043	0	-1062.4490652220184	0.12026534696136292
16.8	4.7671321747275135	4.7671321747275135	4.7671321747275135	0.09109212816953992	5.498496337548225	0.0177195956443187	9.602887099915096	499.64125731030174	0.6551772765959512	0	0	0	0	-11.692312322799117	0.0032526140953955474	0	-1062.4490790984937	0.12026545367820794
16.9	4.7671321747275135	4.7671321747275135	4.7671321747275135	0.09109212816954132	5.498496337553606	0.017719595644264854	9.602887099915058	499.64125731017856	0.6551772765964504	0	0	0	0	-11.692311419477011	0.0032525971059228914	0	-1062.4490998654235	0.12026561186321147
17	4.767132174727513	4.767132174727513	4.767132174727513	0.09109212816954135	5.498496337553654	0.017719595644264438	9.60288709991506	499.6412573101775	0.6551772765964542	0	0	0	0	-11.692311410127303	0.0032525969546442785	0	-1062.4491000803428	0.12026561327057475
17.1	4.7671321747275135	4.7671321747275135	4.7671321747275135	0.09109212816953999	5.498496337548561	0.01771959564431488	9.602887099915096	499.64125731029407	0.6551772765959866	0	0	0	0	-11.692312274212862	0.0032526130273761405	0	-1062.449080215429	0.12026546362886217
17.2	4.7671321747275135	4.7671321747275135	4.7671321747275135	0.09109212816954118	5.498496337553346	0.017719595644265278	9.602887099915062	499.6412573101844	0.6551772765964466	0	0	0	0	-11.69231150071207	0.003252597897379009	0	-1062.4490979978984	0.12026560452635937
17.3	4.7671321747275135	4.7671321747275135	4.7671321747275135	0.09109212816954214	5.498496337557154	0.017719595644226295	9.602887099915037	499.6412573100973	0.6551772765968082	0	0	0	0	-11.692310877386513	0.003252585868883584	0	-1062.4491123279213	0.12026571653434306
17.4	4.7671321747275135	4.7671321747275135	4.7671321747275135	0.09109212816954028	5.498496337549829	0.017719595644301016	9.602887099915087	499.64125731026496	0.6551772765961154	0	0	0	0	-11.692312082309066	0.0032526090125244793	0	-1062.449084627356	0.12026550102807015
17.5	4.7671321747275135	4.7671321747275135	4.7671321747275135	0.09109212816953971	5.498496337547749	0.017719595644321424	9.602887099915101	499.64125731031254	0.6551772765959261	0	0	0	0	-11.692312436156978	0.003252615558688484	0	-1062.4490764925501	0.12026544008294351
17.6	4.767132174727514	4.767132174727514	4.767132174727514	0.09109212816953974	5.498496337547935	0.0177195956443191	9.6028870999151	499.6412573103083	0.6551772765959477	0	0	0	0	-11.692312412041163	0.0032526149602347693	0	-1062.4490770469515	0.12026544566128873
17.7	4.7671321747275135	4.7671321747275135	4.7671321747275135	0.09109212816953895	5.49849633754463	0.017719595644353322	9.60288709991512	499.641257310384	0.6551772765956303	0	0	0	0	-11.692312947686368	0.0032526254124184456	0	-1062.4490647327145	0.12026534832678751
17.8	4.7671321747275135	4.7671321747275135	4.7671321747275135	0.09109212816953888	5.498496337544342	0.01771959564435593	9.602887099915124	499.64125731039064	0.6551772765956061	0	0	0	0	-11.692312998392712	0.003252626299718484	0	-1062.4490635669276	0.12026534006821883
17.9	4.7671321747275135	4.7671321747275135	4.7671321747275135	0.09109212816953874	5.498496337543836	0.0177195956443612	9.602887099915128	499.64125731040224	0.6551772765955572	0	0	0	0	-11.6923130803213	0.0032526279029720466	0	-1062.4490616833918	0.12026532513799809
18	4.767132174727514	4.767132174727514	4.767132174727514	0.09109212816953861	5.498496337543338	0.017719595644366253	9.602887099915131	499.6412573104137	0.6551772765955104	0	0	0	0	-11.692313162275733	0.0032526294748484595	0	-1062.4490597993029	0.12026531050134724
18.1	4.7671321747275135	4.7671321747275135	4.7671321747275135	0.09109212816953884	5.498496337544327	0.01771959564435537	9.602887099915124	499.6412573103911	0.6551772765956113	0	0	0	0	-11.692313008463723	0.0032526263073503208	0	-1062.4490633353505	0.120265340005271
18.2	4.7671321747275135	4.7671321747275135	4.7671321747275135	0.09109212816953881	5.49849633754427	0.017719595644355973	9.602887099915126	499.6412573103923	0.6551772765956057	0	0	0	0	-11.692313017462872	0.0032526264876369376	0	-1062.4490631284416	0.1202653383262212
18.3	4.7671321747275135	4.7671321747275135	4.7671321747275135	0.0910921281695388	5.498496337544143	0.017719595644357086	9.602887099915126	499.6412573103953	0.6551772765955954	0	0	0	0	-11.692313042935606	0.003252626906243276	0	-1062.449062542826	0.12026533443139438
18.4	4.7671321747275135	4.7671321747275135	4.7671321747275135	0.0910921281695396	5.4984963375474365	0.017719595644320584	9.602887099915105	499.64125731031993	0.655177276595934	0	0	0	0	-11.692312540844874	0.0032526164171808665	0	-1062.4490740856636	0.1202654321385684
18.5	4.7671321747275135	4.7671321747275135	4.7671321747275135	0.09109212816954021	5.498496337549912	0.017719595644293266	9.602887099915087	499.64125731026326	0.6551772765961876	0	0	0	0	-11.692312161943743	0.0032526085359945623	0	-1062.4490827964382	0.12026550555162621
18.6	4.7671321747275135	4.7671321747275135	4.7671321747275135	0.09109212816953956	5.498496337547211	0.01771959564432313	9.602887099915106	499.64125731032505	0.6551772765959105	0	0	0	0	-11.692312574763186	0.0032526171378749295	0	-1062.449073305926	0.12026542542476526
18.7	4.7671321747275135	4.7671321747275135	4.7671321747275135	0.09109212816953993	5.498496337549043	0.017719595644301624	9.602887099915096	499.64125731028304	0.6551772765961101	0	0	0	0	-11.692312310894248	0.003252611271396988	0	-1062.449079372127	0.12026548008590837
18.8	4.7671321747275135	4.7671321747275135	4.7671321747275135	0.09109212816954167	5.498496337556509	0.017719595644217226	9.602887099915051	499.64125731011205	0.6551772765968936	0	0	0	0	-11.692311193477618	0.0032525874464317747	0	-1062.449105060964	0.1202657020380013
18.9	4.7671321747275135	4.7671321747275135	4.7671321747275135	0.09109212816954218	5.4984963375586995	0.017719595644192607	9.602887099915035	499.6412573100619	0.6551772765971221	0	0	0	0	-11.69231086411493	0.0032525804629331425	0	-1062.44911263283	0.12026576709438497
19	4.7671321747275135	4.7671321747275135	4.7671321747275135	0.0910921281695402	5.498496337550189	0.017719595644288336	9.602887099915089	499.64125731025683	0.6551772765962336	0	0	0	0	-11.692312144276926	0.0032526076123249223	0	-1062.449083202532	0.12026551417775447
19.1	4.7671321747275135	4.7671321747275135	4.7671321747275135	0.09109212816954032	5.498496337550727	0.017719595644280953	9.602887099915085	499.64125731024444	0.6551772765963022	0	0	0	0	-11.692312080846882	0.003252605869886589	0	-1062.4490846608	0.12026553042524783
19.2	4.767132174727514	4.767132174727514	4.767132174727514	0.09109212816954068	5.498496337552266	0.017719595644262943	9.602887099915074	499.64125731020914	0.6551772765964694	0	0	0	0	-11.692311858152861	0.0032526009433857866	0	-1062.4490897804546	0.12026557632709911
19.3	4.7671321747275135	4.7671321747275135	4.7671321747275135	0.09109212816953938	5.498496337546651	0.017719595644327246	9.602887099915112	499.64125731033783	0.6551772765958725	0	0	0	0	-11.692312687791176	0.003252618878366378	0	-1062.4490707074533	0.12026540923627203
19.4	4.7671321747275135	4.7671321747275135	4.7671321747275135	0.09109212816953907	5.498496337545498	0.01771959564433998	9.602887099915119	499.64125731036415	0.6551772765957544	0	0	0	0	-11.692312863397344	0.0032526225450134638	0	-1062.449066670359	0.12026537508101855
19.5	4.7671321747275135	4.7671321747275135	4.7671321747275135	0.09109212816953886	5.498496337544675	0.017719595644349384	9.602887099915124	499.641257310383	0.655177276595667	0	0	0	0	-11.692312985391231	0.003252625174928468	0	-1062.4490638657942	0.12026535057979344
19.6	4.7671321747275135	4.7671321747275135	4.7671321747275135	0.09109212816953863	5.498496337543471	0.01771959564436325	9.60288709991513	499.6412573104106	0.6551772765955384	0	0	0	0	-11.692313162910716	0.0032526290288474886	0	-1062.4490597847637	0.12026531467419949
19.7	4.7671321747275135	4.7671321747275135	4.7671321747275135	0.09109212816953875	5.498496337543936	0.017719595644357558	9.602887099915128	499.64125731039996	0.6551772765955911	0	0	0	0	-11.692313098090015	0.0032526275307948396	0	-1062.449061275042	0.12026532863441033
19.8	4.767132174727514	4.767132174727514	4.767132174727514	0.09109212816953861	5.498496337543348	0.017719595644364504	9.602887099915133	499.6412573104134	0.6551772765955267	0	0	0	0	-11.692313182629844	0.0032526294151647363	0	-1062.4490593315159	0.12026531107659129
19.9	4.7671321747275135	4.7671321747275135	4.7671321747275135	0.09109212816953874	5.498496337543797	0.01771959564435894	9.602887099915128	499.64125731040315	0.6551772765955783	0	0	0	0	-11.692313123349997	0.0032526279949899504	0	-1062.4490606943073	0.12026532431294273
20	4.7671321747275135	4.7671321747275135	4.7671321747275135	0.09109212816953921	5.498496337545689	0.01771959564433617	9.602887099915115	499.6412573103599	0.65517727659579	0	0	0	0	-11.692312859774583	0.003252621959573019	0	-1062.4490667537812	0.12026538055461329
20.1	4.7671321747275135	4.7671321747275135	4.7671321747275135	0.09109212816953932	5.49849633754609	0.017719595644331343	9.602887099915113	499.6412573103506	0.6551772765958348	0	0	0	0	-11.692312803211937	0.0032526206723270125	0	-1062.449068054124	0.1202653925496505
20.2	4.7671321747275135	4.7671321747275135	4.7671321747275135	0.09109212816953903	5.498496337544943	0.01771959564434487	9.60288709991512	499.64125731037694	0.6551772765957091	0	0	0	0	-11.692312967560934	0.0032526243411970597	0	-1062.449064275787	0.12026535836431305
20.3	4.767132174727513	4.767132174727513	4.767132174727513	0.09109212816954027	5.498496337549989	0.017719595644282982	9.602887099915089	499.6412573102613	0.6551772765962839	0	0	0	0	-11.692312278836257	0.003252608237604944	0	-1062.4490801092052	0.12026550843942392
20.4	4.7671321747275135	4.7671321747275135	4.7671321747275135	0.09109212816954161	5.498496337555411	0.01771959564421674	9.602887099915051	499.6412573101371	0.6551772765968992	0	0	0	0	-11.69231153523695	0.003252590931154445	0	-1062.4490972041608	0.12026566972155303
20.5	4.7671321747275135	4.7671321747275135	4.7671321747275135	0.0910921281695412	5.4984963375537905	0.017719595644236606	9.602887099915062	499.64125731017424	0.6551772765967147	0	0	0	0	-11.692311756326001	0.003252596099960125	0	-1062.4490921213792	0.12026562155163158
20.6	4.7671321747275135	4.7671321747275135	4.7671321747275135	0.09109212816954013	5.498496337549406	0.017719595644289526	9.602887099915092	499.6412573102746	0.6551772765962232	0	0	0	0	-11.692312367903602	0.0032526101212138497	0	-1062.4490780614656	0.12026549089240825
20.7	4.7671321747275135	4.7671321747275135	4.7671321747275135	0.0910921281695415	5.498496337555184	0.017719595644217323	9.602887099915053	499.6412573101424	0.6551772765968938	0	0	0	0	-11.692311601045825	0.0032525917458147745	0	-1062.4490956911736	0.12026566215497067
20.8	4.7671321747275135	4.7671321747275135	4.7671321747275135	0.09109212816954214	5.498496337557803	0.017719595644184793	9.602887099915037	499.6412573100825	0.655177276597196	0	0	0	0	-11.6923112505109	0.0032525834104167924	0	-1062.4491037498192	0.1202657398403957
20.9	4.7671321747275135	4.7671321747275135	4.7671321747275135	0.09109212816954007	5.498496337549331	0.017719595644289664	9.60288709991509	499.6412573102765	0.6551772765962219	0	0	0	0	-11.692312390194271	0.0032526103887559254	0	-1062.4490775490276	0.12026548840797781
21	4.7671321747275135	4.7671321747275135	4.7671321747275135	0.09109212816953974	5.498496337547869	0.017719595644307053	9.6028870999151	499.6412573103099	0.6551772765960605	0	0	0	0	-11.692312595902827	0.003252615051498968	0	-1062.4490728199025	0.12026544495946026
21.1	4.7671321747275135	4.7671321747275135	4.7671321747275135	0.09109212816953956	5.498496337547152	0.017719595644315772	9.602887099915105	499.6412573103263	0.6551772765959795	0	0	0	0	-11.692312694145928	0.003252617333567652	0	-1062.449070561363	0.12026542369264637
21.2	4.7671321747275135	4.7671321747275135	4.7671321747275135	0.09109212816953885	5.498496337544268	0.017719595644351827	9.602887099915124	499.6412573103924	0.6551772765956445	0	0	0	0	-11.692313077511015	0.0032526265133160158	0	-1062.4490617479603	0.12026533813570425
21.3	4.7671321747275135	4.7671321747275135	4.7671321747275135	0.09109212816953882	5.498496337544203	0.017719595644352416	9.602887099915124	499.641257310394	0.6551772765956391	0	0	0	0	-11.6923130896248	0.003252626730147783	0	-1062.4490614694198	0.1202653361172969
21.4	4.7671321747275135	4.7671321747275135	4.7671321747275135	0.09109212816953863	5.498496337543318	0.017719595644363585	9.60288709991513	499.6412573104142	0.6551772765955354	0	0	0	0	-11.69231320548954	0.003252629540634803	0	-1062.4490588057517	0.12026530992176492
21.5	4.767132174727513	4.767132174727513	4.767132174727513	0.0910921281695386	5.498496337543451	0.017719595644361725	9.602887099915131	499.64125731041105	0.6551772765955526	0	0	0	0	-11.692313191590006	0.0032526291358703223	0	-1062.4490591253723	0.12026531369673128
21.6	4.7671321747275135	4.7671321747275135	4.7671321747275135	0.0910921281695388	5.4984963375444105	0.017719595644349356	9.602887099915126	499.6412573103891	0.6551772765956676	0	0	0	0	-11.69231307025953	0.0032526261052569084	0	-1062.4490619147887	0.12026534194695396
21.7	4.767132174727513	4.767132174727513	4.767132174727513	0.09109212816953866	5.498496337543807	0.017719595644357114	9.60288709991513	499.6412573104029	0.6551772765955954	0	0	0	0	-11.692313147199123	0.003252628015788371	0	-1062.4490601460227	0.12026532413809653
21.8	4.7671321747275135	4.7671321747275135	4.7671321747275135	0.09109212816953885	5.498496337544791	0.017719595644344017	9.602887099915124	499.64125731038035	0.6551772765957171	0	0	0	0	-11.692313027652736	0.003252624917238469	0	-1062.4490628943	0.12026535302524677
21.9	4.7671321747275135	4.7671321747275135	4.7671321747275135	0.09109212816953964	5.49849633754854	0.01771959564429504	9.602887099915105	499.6412573102945	0.6551772765961724	0	0	0	0	-11.692312560040701	0.003252613078400525	0	-1062.4490736444045	0.12026546338747708
22	4.7671321747275135	4.7671321747275135	4.7671321747275135	0.09109212816954004	5.498496337550514	0.017719595644269313	9.602887099915094	499.6412573102493	0.6551772765964113	0	0	0	0	-11.692312312948737	0.003252606842201689	0	-1062.4490793248685	0.12026552152099386
22.1	4.7671321747275135	4.7671321747275135	4.7671321747275135	0.09109212816953934	5.498496337547014	0.01771959564431495	9.602887099915112	499.64125731032954	0.6551772765959872	0	0	0	0	-11.692312750979871	0.003252617901879882	0	-1062.449069254734	0.12026541842310207
22.2	4.7671321747275135	4.7671321747275135	4.7671321747275135	0.0910921281695401	5.4984963375509	0.01771959564426261	9.602887099915092	499.6412573102405	0.6551772765964736	0	0	0	0	-11.69231228060185	0.00325260561084586	0	-1062.4490800685148	0.12026553301327776
22.3	4.7671321747275135	4.7671321747275135	4.7671321747275135	0.09109212816954175	5.498496337559079	0.017719595644153905	9.60288709991505	499.64125731005305	0.6551772765974838	0	0	0	0	-11.692311277104043	0.0032525797569674855	0	-1062.4491031384573	0.1202657740391232
22.4	4.7671321747275135	4.7671321747275135	4.7671321747275135	0.09109212816954189	5.498496337559706	0.017719595644145682	9.602887099915044	499.6412573100387	0.6551772765975602	0	0	0	0	-11.692311199291451	0.0032525777772972365	0	-1062.449104927322	0.12026579249401274
22.5	4.767132174727513	4.767132174727513	4.767132174727513	0.09109212816954	5.498496337550444	0.017719595644268223	9.602887099915096	499.6412573102509	0.6551772765964214	0	0	0	0	-11.692312341210927	0.0032526070546797115	0	-1062.4490786751035	0.12026551955668556
22.6	4.7671321747275135	4.7671321747275135	4.7671321747275135	0.09109212816954018	5.498496337551609	0.01771959564425137	9.60288709991509	499.6412573102243	0.6551772765965782	0	0	0	0	-11.69231221094285	0.0032526033607665414	0	-1062.4490816698622	0.1202655540043978
22.7	4.7671321747275135	4.7671321747275135	4.7671321747275135	0.09109212816954027	5.4984963375519955	0.017719595644245884	9.602887099915089	499.6412573102154	0.6551772765966293	0	0	0	0	-11.692312166868907	0.0032526021375613385	0	-1062.4490826830934	0.12026556541068342
22.8	4.7671321747275135	4.7671321747275135	4.7671321747275135	0.09109212816953913	5.498496337546233	0.0177195956443233	9.602887099915117	499.6412573103475	0.6551772765959099	0	0	0	0	-11.692312866063943	0.0032526203567500734	0	-1062.4490666089312	0.12026539555362609
22.9	4.7671321747275135	4.7671321747275135	4.7671321747275135	0.09109212816953896	5.498496337545406	0.017719595644333976	9.60288709991512	499.6412573103664	0.6551772765958107	0	0	0	0	-11.692312969867714	0.003252622962860397	0	-1062.4490642224534	0.12026537126006771
23	4.767132174727513	4.767132174727513	4.767132174727513	0.09109212816953868	5.498496337544055	0.01771959564435226	9.602887099915128	499.64125731039735	0.6551772765956407	0	0	0	0	-11.69231313268452	0.003252627236433073	0	-1062.449060479358	0.12026533141665259
23.1	4.7671321747275135	4.7671321747275135	4.7671321747275135	0.09109212816953859	5.498496337543448	0.017719595644360344	9.602887099915131	499.6412573104113	0.6551772765955656	0	0	0	0	-11.692313207503053	0.0032526291631801143	0	-1062.4490587593696	0.1202653134543996
23.2	4.7671321747275135	4.7671321747275135	4.7671321747275135	0.09109212816953867	5.498496337543887	0.0177195956443542	9.602887099915126	499.6412573104012	0.6551772765956226	0	0	0	0	-11.692313157086467	0.003252627782158261	0	-1062.4490599184921	0.12026532633181986
23.3	4.7671321747275135	4.7671321747275135	4.7671321747275135	0.09109212816953852	5.498496337543121	0.0177195956443647	9.602887099915133	499.64125731041867	0.6551772765955249	0	0	0	0	-11.692313247506648	0.0032526301974262913	0	-1062.449057839841	0.12026530381241372
23.4	4.767132174727514	4.767132174727514	4.767132174727514	0.09109212816953877	5.498496337544187	0.017719595644349797	9.602887099915126	499.6412573103943	0.6551772765956636	0	0	0	0	-11.692313127169273	0.0032526268735077663	0	-1062.4490606063819	0.12026533480720142
23.5	4.7671321747275135	4.7671321747275135	4.7671321747275135	0.0910921281695392	5.498496337546076	0.01771959564432353	9.602887099915115	499.6412573103509	0.6551772765959077	0	0	0	0	-11.692312910503002	0.003252620956417429	0	-1062.4490655874458	0.12026538998075217
23.6	4.7671321747275135	4.7671321747275135	4.7671321747275135	0.09109212816953915	5.4984963375458875	0.017719595644326177	9.602887099915117	499.6412573103553	0.6551772765958832	0	0	0	0	-11.692312932027003	0.003252621548262781	0	-1062.4490650925918	0.12026538446203196
23.7	4.7671321747275135	4.7671321747275135	4.7671321747275135	0.09109212816953906	5.498496337545466	0.017719595644331582	9.602887099915119	499.6412573103649	0.6551772765958328	0	0	0	0	-11.692312984807765	0.0032526228770606343	0	-1062.4490638791108	0.12026537207511083
23.8	4.7671321747275135	4.7671321747275135	4.7671321747275135	0.09109212816954028	5.498496337550966	0.017719595644253724	9.602887099915089	499.641257310239	0.6551772765965568	0	0	0	0	-11.69231236460133	0.003252605638012763	0	-1062.4490781372488	0.12026553282849094
23.9	4.7671321747275135	4.7671321747275135	4.7671321747275135	0.09109212816954129	5.498496337555532	0.017719595644189255	9.602887099915062	499.64125731013434	0.6551772765971562	0	0	0	0	-11.692311847808078	0.0032525913199099765	0	-1062.4490900179972	0.12026566634282004
24	4.7671321747275135	4.7671321747275135	4.7671321747275135	0.09109212816954045	5.498496337551773	0.017719595644242407	9.602887099915083	499.64125731022045	0.655177276596662	0	0	0	0	-11.692312272305559	0.0032526031028510777	0	-1062.449080259018	0.120265556467884
