0	4.7671321747275135	4.7671321747275135	4.7671321747275135	0.09109212816953825	5.498496337541862	0.017719595644382066	9.60288709991514	499.64125731044754	0.6551772765953636	0	0	0	0	0	0	0	0	0
0.1	4.7671321747275135	4.7671321747275135	4.7671321747275135	0.09109212816953825	5.498496337541862	0.017719595644382066	9.60288709991514	499.64125731044754	0.6551772765953636	0	0	0	0	0.0005847631442157114	0	0.003075739065583376	0.16393320604255998	0.00020932455216107266
0.2	4.7671321747275135	4.7671321747275135	4.7671321747275135	0.09109212816953825	5.498496337541862	0.017719595644382066	9.60288709991514	499.64125731044754	0.6551772765953636	0	0	0	0	0.0016493122644611674	0	0.0055663058595591544	0.31220305162904044	0.0003766699560290774
0.3	4.7671321747275135	4.7671321747275135	4.7671321747275135	0.09109212816953825	5.498496337541862	0.017719595644382066	9.60288709991514	499.64125731044754	0.6551772765953636	0	0	0	0	0.002719152282115739	0	0.007583031873998784	0.45106051755424076	0.0005093591178238274
0.4	4.7671321747275135	4.7671321747275135	4.7671321747275135	0.09109212816953825	5.498496337541862	0.017719595644382066	9.60288709991514	499.6412573104476	0.6551772765953636	0	0	0	0	0.0036585132298771706	-13931325472830772e-22	0.0092160741159309	0.5809088994228186	0.0006138868850016292
0.5	4.7671321747275135	4.7671321747275135	4.7671321747275135	0.09109212816953825	5.498496337541862	0.017719595644382066	9.60288709991514	499.64125731044754	0.6551772765953636	0	0	0	0	0.004444879035955319	-17840985472108516e-22	0.010538411785942593	0.7009199804138577	0.0006957027203622809
0.6	4.7671321747275135	4.7671321747275135	4.7671321747275135	0.09109212816953825	5.498496337541862	0.01771959564438207	9.60288709991514	499.64125731044754	0.6551772765953636	0	0	0	0	0.005090660367553076	-2147632766269368e-21	0.01160917546813918	0.8104071967227561	0.0007592998930603943
0.7	4.7671321747275135	4.7671321747275135	4.7671321747275135	0.09109212816953825	5.498496337541862	0.01771959564438207	9.60288709991514	499.64125731044754	0.6551772765953636	0	0	0	0	0.005616756370030764	-248027637053246e-20	0.012476219437072273	0.9091263465435827	0.0008083511502043882
0.8	4.7671321747275135	4.7671321747275135	4.7671321747275135	0.09109212816953825	5.498496337541862	0.01771959564438207	9.60288709991514	499.6412573104475	0.6551772765953636	0	0	0	0	0.006043892969894453	-27808144093862955e-22	0.013178335308653191	0.9972440139909486	0.000845849248538305
0.9	4.7671321747275135	4.7671321747275135	4.7671321747275135	0.09109212816953824	5.498496337541862	0.01771959564438207	9.60288709991514	499.6412573104476	0.6551772765953636	0	0	0	0	0.0063901804400441995	-30495317340978987e-22	0.013746906105165982	1.0752336082032052	0.0008742182444044636
1	4.7671321747275135	4.7671321747275135	4.7671321747275135	0.09109212816953824	5.498496337541862	0.01771959564438207	9.60288709991514	499.6412573104476	0.6551772765953636	0	0	0	0	0.0066706444335474235	-328772636407275e-20	0.014207165988567765	1.1437659248604826	0.000895400714175543
1.1	4.767132174727514	4.767132174727514	4.767132174727514	0.09109212816953824	5.498496337541862	0.017719595644382073	9.60288709991514	499.6412573104476	0.6551772765953636	0	0	0	0	0.006897908329663428	-34972803391017802e-22	0.014580052877157374	1.2036146899835038	0.0009109986304230796
1.2	4.7671321747275135	4.7671321747275135	4.7671321747275135	0.09109212816953823	5.498496337541861	0.01771959564438207	9.60288709991514	499.6412573104476	0.6551772765953635	0	0	0	0	0.007081819787759445	-36805021910740283e-22	0.014881775490826159	1.2556048568070262	0.0009222342532819375
1.3	4.7671321747275135	4.7671321747275135	4.7671321747275135	0.09109212816953824	5.498496337541861	0.017719595644382063	9.60288709991514	499.6412573104476	0.6551772765953636	0	0	0	0	0.007230866700517748	-38398202698803576e-22	0.01512629370856218	1.3005630386578504	0.000930148011684775
1.4	4.7671321747275135	4.7671321747275135	4.7671321747275135	0.09109212816953824	5.498496337541861	0.017719595644382063	9.60288709991514	499.64125731044766	0.6551772765953636	0	0	0	0	0.007351450799246437	-3977693791016283e-21	0.015324111757325766	1.3392769484219558	0.0009355003777337524
1.5	4.7671321747275135	4.7671321747275135	4.7671321747275135	0.09109212816953824	5.498496337541861	0.017719595644382066	9.60288709991514	499.64125731044766	0.6551772765953635	0	0	0	0	0.007449191834752179	-40965356712856974e-22	0.015484455228685363	1.3725045427114002	0.000938948145378452
1.6	4.7671321747275135	4.7671321747275135	4.7671321747275135	0.09109212816953825	5.498496337541861	0.017719595644382066	9.60288709991514	499.64125731044766	0.6551772765953635	0	0	0	0	0.007528260412899428	-4198569750192271e-21	0.015614165488036093	1.4009213315590572	0.0009409563219065817
1.7	4.7671321747275135	4.7671321747275135	4.7671321747275135	0.09109212816953825	5.498496337541862	0.017719595644382066	9.60288709991514	499.6412573104477	0.6551772765953635	0	0	0	0	0.007592332146732982	-4285917155705473e-21	0.015719273820533074	1.4251647410453645	0.000941925189478484
1.8	4.7671321747275135	4.7671321747275135	4.7671321747275135	0.09109212816953825	5.498496337541862	0.017719595644382066	9.60288709991514	499.64125731044766	0.6551772765953635	0	0	0	0	0.007644207732996898	-4360459010809269e-21	0.0158043743489089	1.4457895128282205	0.0009421422197939817
1.9	4.767132174727513	4.767132174727513	4.767132174727513	0.09109212816953825	5.498496337541862	0.017719595644382066	9.60288709991514	499.6412573104476	0.6551772765953635	0	0	0	0	0.007686174634385652	-4423892042634681e-21	0.015873219951463912	1.4632905592569796	0.0009418300701415235
2	4.7671321747275135	4.7671321747275135	4.7671321747275135	0.09109212816953825	5.498496337541862	0.01771959564438206	9.60288709991514	499.64125731044766	0.6551772765953635	0	0	0	0	0.0077202208987695265	-44777905786439924e-22	0.015929071938460066	1.4781239816078227	0.0009411742526518823
2.1	4.7671321747275135	4.7671321747275135	4.7671321747275135	0.09109212816953825	5.498496337541862	0.017719595644382052	9.60288709991514	499.64125731044766	0.6551772765953635	0	0	0	0	0.007747737128605971	-45234303497196354e-22	0.015974211521022966	1.4906543167647661	0.0009402888159408543
2.2	4.7671321747275135	4.7671321747275135	4.7671321747275135	0.09109212816953825	5.498496337541862	0.01771959564438206	9.60288709991514	499.6412573104476	0.6551772765953635	0	0	0	0	0.00777003007748488	-4562034474144935e-21	0.016010782515639997	1.5012304672495427	0.0009392782709055091
2.3	4.7671321747275135	4.7671321747275135	4.7671321747275135	0.09109212816953825	5.498496337541862	0.017719595644382042	9.60288709991514	499.64125731044766	0.6551772765953636	0	0	0	0	0.007788110969463273	-45946439662125185e-22	0.016040443699165997	1.5101470475125778	0.0009382139077288704
2.4	4.7671321747275135	4.7671321747275135	4.7671321747275135	0.09109212816953825	5.498496337541861	0.017719595644382028	9.60288709991514	499.6412573104477	0.6551772765953638	0	0	0	0	0.007802711578808496	-4622093056160041e-21	0.01606439556613102	1.517638361394576	0.000937137910161066
2.5	4.7671321747275135	4.7671321747275135	4.7671321747275135	0.09109212816953827	5.498496337541862	0.017719595644382045	9.60288709991514	499.64125731044766	0.6551772765953637	0	0	0	0	0.007814545797756752	-4645199691956794e-21	0.016083809297642096	1.5239340580263019	0.000936090790268233
2.6	4.767132174727513	4.767132174727513	4.767132174727513	0.09109212816953824	5.498496337541863	0.01771959564438203	9.602887099915138	499.6412573104475	0.6551772765953638	0	0	0	0	0.007824152069859577	-466463835882629e-20	0.016099568088410617	1.5292223268521377	0.0009350960642940407
2.7	4.7671321747275135	4.7671321747275135	4.7671321747275135	0.09109212816953827	5.498496337541867	0.017719595644382007	9.602887099915138	499.6412573104475	0.6551772765953641	0	0	0	0	0.007831905913096213	-46809248555006325e-22	0.016112288009035844	1.533646273944333	0.0009341637110344657
2.8	4.7671321747275135	4.7671321747275135	4.7671321747275135	0.09109212816953825	5.498496337541866	0.01771959564438202	9.602887099915138	499.6412573104475	0.655177276595364	0	0	0	0	0.007838177531956095	-4694566776001104e-21	0.0161225764535325	1.5373467515106871	0.0009333035340722546
2.9	4.7671321747275135	4.7671321747275135	4.7671321747275135	0.09109212816953832	5.498496337541875	0.017719595644382004	9.602887099915137	499.6412573104473	0.6551772765953641	0	0	0	0	0.00784328113024772	-47060168241063056e-22	0.01613094871870799	1.5404489580974339	0.0009325207834273883
3	4.7671321747275135	4.7671321747275135	4.7671321747275135	0.09109212816953843	5.4984963375418925	0.017719595644381934	9.602887099915135	499.641257310447	0.6551772765953647	0	0	0	0	0.007847407357553703	-471558445744457e-20	0.016137717542529698	1.5430379478089309	0.0009318131321089997
3.1	4.7671321747275135	4.7671321747275135	4.7671321747275135	0.09109212816953847	5.498496337541899	0.017719595644381903	9.602887099915135	499.6412573104469	0.655177276595365	0	0	0	0	0.007850732757271689	-4723556711904123e-21	0.01614317271085492	1.5451926548099628	0.0009311780647547299
3.2	4.7671321747275135	4.7671321747275135	4.7671321747275135	0.0910921281695384	5.498496337541889	0.01771959564438195	9.602887099915135	499.64125731044703	0.6551772765953645	0	0	0	0	0.007853431954333401	-4730218670355908e-21	0.01614760075858262	1.546991425103922	0.0009306129156244632
3.3	4.767132174727514	4.767132174727514	4.767132174727514	0.09109212816953874	5.4984963375419875	0.017719595644381563	9.602887099915128	499.6412573104449	0.6551772765953682	0	0	0	0	0.007855629716271448	-4735792512526094e-21	0.016151205588469417	1.5484947843453176	0.0009301127001182289
3.4	4.7671321747275135	4.7671321747275135	4.7671321747275135	0.09109212816953922	5.498496337542123	0.017719595644381015	9.602887099915113	499.6412573104419	0.6551772765953732	0	0	0	0	0.00785740393940746	-47404285425157685e-22	0.016154115365029652	1.5497438464760707	0.0009296719203189224
3.5	4.7671321747275135	4.7671321747275135	4.7671321747275135	0.09109212816953942	5.498496337542178	0.017719595644380796	9.602887099915108	499.64125731044084	0.6551772765953752	0	0	0	0	0.007858831516229141	-4744273462153867e-21	0.016156456945594103	1.5507788791910286	0.000929285337187914
3.6	4.7671321747275135	4.7671321747275135	4.7671321747275135	0.09109212816953904	5.498496337542081	0.0177195956443812	9.602887099915117	499.6412573104429	0.6551772765953715	0	0	0	0	0.007859989241148477	-4747474056110984e-21	0.016158356763960536	1.551640059410821	0.0009289476997220556
3.7	4.7671321747275135	4.7671321747275135	4.7671321747275135	0.0910921281695423	5.498496337543337	0.017719595644376886	9.602887099915032	499.6412573104152	0.6551772765954109	0	0	0	0	0.00786093859280037	-4750158711704441e-21	0.016159908661942075	1.5523593148243136	0.0009286535776166648
3.8	4.7671321747275135	4.7671321747275135	4.7671321747275135	0.09109212816954831	5.4984963375455695	0.01771959564436911	9.602887099914872	499.64125731036603	0.655177276595482	0	0	0	0	0.007861709760651042	-4752395986789796e-21	0.01616116371455622	1.5529559276923959	0.0009283983734042299
3.9	4.7671321747275135	4.7671321747275135	4.7671321747275135	0.09109212816955298	5.498496337547293	0.017719595644363078	9.602887099914748	499.6412573103281	0.655177276595537	0	0	0	0	0.007862329161780554	-4754243348481088e-21	0.01616217199198374	1.5534483890193422	0.0009281777990445512
4	4.7671321747275135	4.7671321747275135	4.7671321747275135	0.09109212816955232	5.4984963375470155	0.017719595644363987	9.602887099914765	499.6412573103343	0.6551772765955287	0	0	0	0	0.00786282321326896	-4755758263892357e-21	0.016162983564405407	1.5538551898094277	0.0009279875664974275
4.1	4.7671321747275135	4.7671321747275135	4.7671321747275135	0.09109212816954619	5.498496337544866	0.01771959564437165	9.602887099914929	499.64125731038143	0.6551772765954587	0	0	0	0	0.007863221112557814	-4757007138914653e-21	0.01616364655032892	1.554194156072504	0.0009278235307629588
4.2	4.7671321747275135	4.7671321747275135	4.7671321747275135	0.09109212816955436	5.49849633754895	0.017719595644358897	9.60288709991471	499.6412573102907	0.6551772765955748	0	0	0	0	0.00786355841627756	-4758085267572162e-21	0.016164186275683196	1.5544755537018506	0.0009276828321347184
4.3	4.7671321747275135	4.7671321747275135	4.7671321747275135	0.0910921281695653	5.498496337553984	0.017719595644342737	9.602887099914419	499.641257310179	0.6551772765957222	0	0	0	0	0.007863835018613497	-4758987707266342e-21	0.016164621803922228	1.5547078665279022	0.0009275624121742185
4.4	4.7671321747275135	4.7671321747275135	4.7671321747275135	0.09109212816956097	5.49849633755196	0.01771959564434924	9.602887099914534	499.641257310224	0.6551772765956629	0	0	0	0	0.007864045062683867	-4759692236166774e-21	0.016164973608267078	1.554900088260374	0.0009274590539060779
4.5	4.767132174727514	4.767132174727514	4.767132174727514	0.09109212816955906	5.4984963375522184	0.01771959564434915	9.602887099914586	499.6412573102173	0.6551772765956635	0	0	0	0	0.007864217731796928	-4760289013614829e-21	0.01616526001543103	1.55505961494465	0.0009273707357175876
4.6	4.7671321747275135	4.7671321747275135	4.7671321747275135	0.091092128169583	5.498496337565529	0.017719595644307792	9.602887099913946	499.6412573099202	0.6551772765960401	0	0	0	0	0.007864383445974217	-47608686933188955e-22	0.01616549185042613	1.555190874161418	0.0009272962046091914
4.7	4.7671321747275135	4.7671321747275135	4.7671321747275135	0.09109212816959614	5.498496337572562	0.01771959564428582	9.602887099913598	499.6412573097635	0.6551772765962403	0	0	0	0	0.007864510763065062	-4761321207435046e-21	0.016165678772890657	1.5552991710282018	0.0009272325819181295
4.8	4.767132174727514	4.767132174727514	4.767132174727514	0.09109212816957109	5.498496337559297	0.01771959564432735	9.602887099914266	499.6412573100591	0.655177276595862	0	0	0	0	0.007864577653393493	-47615706994845824e-22	0.016165830355411293	1.555389558718825	0.0009271773114771616
4.9	4.7671321747275135	4.7671321747275135	4.7671321747275135	0.09109212816958599	5.498496337570331	0.01771959564429324	9.602887099913868	499.64125730981095	0.6551772765961724	0	0	0	0	0.007864667943826306	-4761918259650349e-21	0.01616595355462982	1.5554635567555555	0.0009271316185921166
5	4.7671321747275135	4.7671321747275135	4.7671321747275135	0.09109212816961652	5.498496337589675	0.017719595644233154	9.602887099913055	499.64125730937775	0.6551772765967194	0	0	0	0	0.007864759669535452	-4762271149284924e-21	0.016166053025456265	1.555524080485438	0.0009270935041046789
5.1	4.7671321747275135	4.7671321747275135	4.7671321747275135	0.09109212816959936	5.49849633757897	0.017719595644266548	9.602887099913513	499.64125730961734	0.6551772765964153	0	0	0	0	0.00786479121021882	-4762392010437958e-21	0.01616613342337304	1.5555749435399013	0.0009270596627671832
5.2	4.7671321747275135	4.7671321747275135	4.7671321747275135	0.09109212816957418	5.498496337564849	0.01771959564431007	9.60288709991418	499.64125730993266	0.6551772765960192	0	0	0	0	0.007864805428930114	-4762457030083988e-21	0.0161661987899874	1.5556172767395375	0.0009270306766610245
5.3	4.7671321747275135	4.7671321747275135	4.7671321747275135	0.09109212816958608	5.498496337574381	0.017719595644279714	9.602887099913866	499.6412573097179	0.6551772765962954	0	0	0	0	0.007864849759474978	-4762645178995206e-21	0.016166251647380225	1.5556513836820194	0.0009270074409013823
5.4	4.7671321747275135	4.7671321747275135	4.7671321747275135	0.09109212816957389	5.498496337566103	0.017719595644305825	9.602887099914193	499.64125730990366	0.655177276596058	0	0	0	0	0.00786486337282947	-4762699162917654e-21	0.016166294386107196	1.55567998274844	0.0009269868972512994
5.5	4.7671321747275135	4.7671321747275135	4.7671321747275135	0.0910921281695585	5.4984963375562685	0.017719595644336287	9.6028870999146	499.641257310124	0.6551772765957806	0	0	0	0	0.007864868883547205	-4762724352659632e-21	0.016166329090515602	1.555703721989931	0.0009269693776644423
5.6	4.7671321747275135	4.7671321747275135	4.7671321747275135	0.0910921281695619	5.498496337559621	0.01771959564432507	9.602887099914511	499.6412573100481	0.6551772765958828	0	0	0	0	0.007864889478507718	-4762817014578757e-21	0.01616635714604606	1.5557228776439531	0.0009269552946717125
5.7	4.7671321747275135	4.7671321747275135	4.7671321747275135	0.09109212816955221	5.49849633755235	0.01771959564434842	9.602887099914769	499.64125731021164	0.6551772765956702	0	0	0	0	0.007864893447955202	-4762831137422782e-21	0.016166379854970055	1.5557389417696315	0.0009269428638664736
5.8	4.7671321747275135	4.7671321747275135	4.7671321747275135	0.09109212816954818	5.498496337549718	0.017719595644356413	9.602887099914877	499.64125731027065	0.6551772765955974	0	0	0	0	0.007864900520405525	-4762863502105368e-21	0.016166398281329895	1.5557520968299268	0.0009269325925953038
5.9	4.7671321747275135	4.7671321747275135	4.7671321747275135	0.09109212816954963	5.498496337551177	0.017719595644351365	9.602887099914836	499.6412573102376	0.6551772765956434	0	0	0	0	0.007864911053126812	-47629127015239525e-22	0.016166413169735338	1.55576279468772	0.0009269241775209591
6	4.7671321747275135	4.7671321747275135	4.7671321747275135	0.09109212816954536	5.498496337547806	0.017719595644362294	9.60288709991495	499.64125731031356	0.6551772765955438	0	0	0	0	0.007864914068482417	-4762925029978929e-21	0.016166425238068043	1.5557717322485771	0.0009269168441860999
6.1	4.7671321747275135	4.7671321747275135	4.7671321747275135	0.09109212816955306	5.498496337555162	0.017719595644336672	9.602887099914746	499.64125731014735	0.6551772765957776	0	0	0	0	0.007864927891777522	-4762997281973878e-21	0.01616643503319691	1.555778835679124	0.0009269112550949028
6.2	4.7671321747275135	4.7671321747275135	4.7671321747275135	0.09109212816956265	5.498496337563956	0.017719595644306453	9.602887099914488	499.64125730994874	0.6551772765960534	0	0	0	0	0.00786494246109165	-476307356396121e-20	0.01616644293619195	1.5557845855274572	0.0009269067253104676
6.3	4.7671321747275135	4.7671321747275135	4.7671321747275135	0.09109212816955806	5.498496337559722	0.017719595644321046	9.602887099914613	499.64125731004435	0.6551772765959202	0	0	0	0	0.007864941688191985	-4763066159429694e-21	0.016166449321359636	1.5557895965244857	0.0009269022800210042
6.4	4.7671321747275135	4.7671321747275135	4.7671321747275135	0.09109212816956708	5.498496337569761	0.017719595644283676	9.602887099914371	499.64125730981687	0.6551772765962617	0	0	0	0	0.007864953981734589	-4763141677206624e-21	0.016166454522393677	1.5557934366155197	0.0009268993005934828
6.5	4.767132174727514	4.767132174727514	4.767132174727514	0.09109212816961175	5.498496337614391	0.01771959564412425	9.60288709991318	499.6412573088076	0.6551772765977174	0	0	0	0	0.007865001851490484	-4763424821358371e-21	0.01616645873363325	1.5557957236170417	0.0009268988344979029
6.6	4.7671321747275135	4.7671321747275135	4.7671321747275135	0.09109212816964395	5.498496337646185	0.017719595644011238	9.602887099912321	499.6412573080887	0.6551772765987494	0	0	0	0	0.007865036567526669	-4763628077277388e-21	0.016166462125312	1.5557976965112223	0.0009268981436872321
6.7	4.7671321747275135	4.7671321747275135	4.7671321747275135	0.0910921281696152	5.498496337617422	0.01771959564411415	9.602887099913085	499.6412573087392	0.6551772765978096	0	0	0	0	0.007865009086918395	-4763462129385523e-21	0.016166464867736385	1.5558006015126085	0.000926894473509366
6.8	4.7671321747275135	4.7671321747275135	4.7671321747275135	0.09109212816957382	5.498496337577323	0.017719595644255216	9.60288709991419	499.64125730964565	0.6551772765965219	0	0	0	0	0.007864968468179525	-476322523377095e-20	0.016166467101516552	1.5558034105303034	0.0009268904974224295
6.9	4.7671321747275135	4.7671321747275135	4.7671321747275135	0.0910921281695717	5.4984963375765865	0.017719595644255272	9.602887099914248	499.6412573096618	0.6551772765965219	0	0	0	0	0.007864967397547124	-4763225689428931e-21	0.016166468907995273	1.5558049731428691	0.0009268890064172494
7	4.7671321747275135	4.7671321747275135	4.7671321747275135	0.09109212816955603	5.498496337560341	0.017719595644314565	9.602887099914666	499.6412573100294	0.6551772765959802	0	0	0	0	0.00786495239926184	-47631322009392334e-22	0.01616647037065534	1.5558065803496801	0.000926886895872771
7.1	4.7671321747275135	4.7671321747275135	4.7671321747275135	0.09109212816954963	5.498496337554111	0.017719595644336398	9.602887099914836	499.6412573101701	0.6551772765957811	0	0	0	0	0.0078649466263688	-4763098173188726e-21	0.016166471556586338	1.5558077502252514	0.0009268855403348726
7.2	4.7671321747275135	4.7671321747275135	4.7671321747275135	0.09109212816954863	5.498496337553285	0.017719595644338948	9.602887099914863	499.6412573101888	0.6551772765957579	0	0	0	0	0.007864946179876788	-4763096212223726e-21	0.016166472515069242	1.5558086102438302	0.0009268846547226346
7.3	4.7671321747275135	4.7671321747275135	4.7671321747275135	0.0910921281695428	5.498496337546887	0.017719595644363033	9.602887099915018	499.6412573103337	0.6551772765955377	0	0	0	0	0.007864940755007259	-4763060358380148e-21	0.016166473292473043	1.5558094330467298	0.000926883600094243
7.4	4.7671321747275135	4.7671321747275135	4.7671321747275135	0.09109212816954218	5.4984963375463645	0.017719595644364608	9.602887099915035	499.6412573103454	0.6551772765955234	0	0	0	0	0.007864940499316464	-4763059264924993e-21	0.016166473921686922	1.5558100113417885	0.0009268829874710096
7.5	4.7671321747275135	4.7671321747275135	4.7671321747275135	0.09109212816954078	5.498496337544783	0.017719595644370704	9.602887099915073	499.64125731038126	0.6551772765954675	0	0	0	0	0.007864939403559134	-47630515245231175e-22	0.016166474430676838	1.5558105056155898	0.0009268824145737906
7.6	4.7671321747275135	4.7671321747275135	4.7671321747275135	0.09109212816953963	5.49849633754346	0.01771959564437575	9.602887099915103	499.64125731041116	0.6551772765954215	0	0	0	0	0.007864938469095773	-4763045027580264e-21	0.01616647484361416	1.5558109123537969	0.0009268819367978118
7.7	4.7671321747275135	4.7671321747275135	4.7671321747275135	0.09109212816953959	5.498496337543441	0.01771959564437572	9.602887099915105	499.6412573104117	0.6551772765954218	0	0	0	0	0.007864938617139489	-4763046063783648e-21	0.016166475177405226	1.555811224363892	0.0009268815992145975
7.8	4.7671321747275135	4.7671321747275135	4.7671321747275135	0.09109212816953888	5.498496337542598	0.0177195956443791	9.602887099915122	499.6412573104308	0.6551772765953909	0	0	0	0	0.007864938083521292	-4763042008017502e-21	0.016166475447909858	1.5558114953683853	0.0009268812728778705
7.9	4.7671321747275135	4.7671321747275135	4.7671321747275135	0.09109212816953875	5.49849633754243	0.0177195956443797	9.602887099915126	499.6412573104346	0.6551772765953854	0	0	0	0	0.007864938062773677	-4763041797207372e-21	0.016166475667061638	1.5558117080053782	0.000926881030743922
8	4.7671321747275135	4.7671321747275135	4.7671321747275135	0.09109212816953863	5.498496337542322	0.01771959564438013	9.602887099915131	499.641257310437	0.6551772765953814	0	0	0	0	0.007864938079510837	-4763041799333715e-21	0.016166475844223035	1.5558118812510981	0.000926880831383323
8.1	4.7671321747275135	4.7671321747275135	4.7671321747275135	0.09109212816953842	5.498496337542075	0.017719595644381164	9.602887099915137	499.6412573104426	0.655177276595372	0	0	0	0	0.007864937968446225	-4763040848663225e-21	0.016166475987972318	1.5558120263192876	0.0009268806567505518
8.2	4.7671321747275135	4.7671321747275135	4.7671321747275135	0.0910921281695384	5.498496337542065	0.01771959564438117	9.602887099915135	499.64125731044277	0.6551772765953718	0	0	0	0	0.007864938028406945	-4763041236672281e-21	0.016166476104230627	1.5558121415830723	0.0009268805227360886
8.3	4.7671321747275135	4.7671321747275135	4.7671321747275135	0.09109212816953899	5.498496337543171	0.017719595644375998	9.602887099915119	499.6412573104176	0.6551772765954194	0	0	0	0	0.007864938870897608	-4763048183831647e-21	0.01616647619842437	1.5558122178226714	0.0009268804727407687
8.4	4.7671321747275135	4.7671321747275135	4.7671321747275135	0.09109212816954686	5.498496337557618	0.0177195956443087	9.602887099914911	499.64125731008846	0.6551772765960372	0	0	0	0	0.007864949235061567	-476313460524426e-20	0.016166476275417094	1.555812058598331	0.0009268811769520901
8.5	4.7671321747275135	4.7671321747275135	4.7671321747275135	0.09109212816956071	5.498496337583038	0.017719595644190348	9.602887099914541	499.6412573095093	0.6551772765971239	0	0	0	0	0.007864967434150865	-47632863823064884e-22	0.016166476337690222	1.5558117049855742	0.0009268825022320153
8.6	4.7671321747275135	4.7671321747275135	4.7671321747275135	0.09109212816957668	5.498496337612351	0.017719595644053912	9.602887099914115	499.6412573088414	0.6551772765983763	0	0	0	0	0.007864988413425802	-47634613066609595e-22	0.016166476387358655	1.555811275130518	0.0009268840558459508
8.7	4.7671321747275135	4.7671321747275135	4.7671321747275135	0.0910921281695909	5.498496337638476	0.017719595643932395	9.602887099913735	499.6412573082463	0.6551772765994918	0	0	0	0	0.00786500711814668	-47636171699502985e-22	0.016166476426537305	1.5558108871792802	0.0009268854450593038
8.8	4.7671321747275135	4.7671321747275135	4.7671321747275135	0.09109212816959958	5.49849633765433	0.017719595643858783	9.602887099913502	499.641257307885	0.6551772766001674	0	0	0	0	0.0078650184935738	-476371176381713e-20	0.01616647645734107	1.555810659277978	0.0009268862771374811
8.9	4.7671321747275135	4.7671321747275135	4.7671321747275135	0.09109212816959879	5.498496337652835	0.017719595643866073	9.602887099913524	499.64125730791915	0.6551772766001005	0	0	0	0	0.007865017484967462	-4763702879904084e-21	0.016166476481884857	1.555810709572729	0.0009268861593458896
9	4.767132174727514	4.767132174727514	4.767132174727514	0.09109212816958473	5.498496337626908	0.01771959564398724	9.602887099913898	499.6412573085099	0.6551772765989881	0	0	0	0	0.007864999037587968	-4763548309853783e-21	0.016166476502283582	1.5558111562096502	0.000926884698949936
9.1	4.7671321747275135	4.7671321747275135	4.7671321747275135	0.09109212816955843	5.498496337578653	0.017719595644212015	9.602887099914602	499.6412573096094	0.6551772765969245	0	0	0	0	0.007864964588513317	-4763260694446864e-21	0.016166476520359463	1.5558119678547893	0.0009268820111690776
9.2	4.7671321747275135	4.7671321747275135	4.7671321747275135	0.09109212816954976	5.498496337563192	0.017719595644281588	9.602887099914833	499.64125730996153	0.6551772765962862	0	0	0	0	0.007864953223987092	-4763169085891392e-21	0.01616647653536445	1.555812245522177	0.0009268811420550671
9.3	4.7671321747275135	4.7671321747275135	4.7671321747275135	0.09109212816954629	5.498496337556897	0.017719595644310367	9.602887099914927	499.6412573101049	0.6551772765960221	0	0	0	0	0.007864948661234985	-4763131734793122e-21	0.016166476547497526	1.5558123638254444	0.0009268807786070564
9.4	4.7671321747275135	4.7671321747275135	4.7671321747275135	0.0910921281695417	5.498496337548327	0.017719595644351063	9.602887099915048	499.6412573103002	0.6551772765956484	0	0	0	0	0.007864942651133935	-4763080523544602e-21	0.016166476557338362	1.5558125129819975	0.0009268802897443231
9.5	4.7671321747275135	4.7671321747275135	4.7671321747275135	0.09109212816954092	5.49849633754696	0.01771959564435709	9.602887099915069	499.6412573103313	0.6551772765955931	0	0	0	0	0.007864941634466948	-4763072473004347e-21	0.016166476565296677	1.5558125453348415	0.0009268802030697238
9.6	4.7671321747275135	4.7671321747275135	4.7671321747275135	0.09109212816953945	5.4984963375441485	0.017719595644370863	9.602887099915108	499.6412573103953	0.6551772765954664	0	0	0	0	0.007864939718579317	-4763055602836597e-21	0.01616647657174398	1.5558125967305951	0.0009268800367340472
9.7	4.7671321747275135	4.7671321747275135	4.7671321747275135	0.091092128169539	5.498496337543316	0.017719595644374798	9.60288709991512	499.64125731041435	0.6551772765954305	0	0	0	0	0.007864939135416412	-4763050648458836e-21	0.01616647657696609	1.5558126161516261	0.0009268799825103398
9.8	4.7671321747275135	4.7671321747275135	4.7671321747275135	0.09109212816953872	5.498496337542775	0.017719595644377466	9.602887099915128	499.6412573104266	0.6551772765954058	0	0	0	0	0.007864938771505577	-4763047416952379e-21	0.016166476581190057	1.5558126294327568	0.0009268799456734828
9.9	4.7671321747275135	4.7671321747275135	4.7671321747275135	0.09109212816953846	5.498496337542287	0.017719595644379908	9.602887099915137	499.6412573104378	0.6551772765953835	0	0	0	0	0.007864938445990743	-4763044485588972e-21	0.016166476584616136	1.5558126409415254	0.0009268799128020122
10	4.7671321747275135	4.7671321747275135	4.7671321747275135	0.09109212816953843	5.4984963375422	0.017719595644380314	9.602887099915135	499.6412573104397	0.6551772765953796	0	0	0	0	0.007864938386764756	-4763043981108237e-21	0.016166476587386524	1.555812645590829	0.0009268799034095381
10.1	4.767132174727513	4.767132174727513	4.767132174727513	0.09109212816953831	5.498496337542004	0.017719595644381324	9.602887099915138	499.6412573104442	0.6551772765953704	0	0	0	0	0.007864938260953662	-4763042804258542e-21	0.016166476589632075	1.5558126511738724	0.000926879888598783
10.2	4.7671321747275135	4.7671321747275135	4.7671321747275135	0.09109212816953831	5.498496337541961	0.017719595644381542	9.602887099915138	499.6412573104452	0.6551772765953685	0	0	0	0	0.007864938232137159	-47630425461931175e-22	0.01616647659145011	1.5558126540358685	0.0009268798829816706
10.3	4.7671321747275135	4.7671321747275135	4.7671321747275135	0.09109212816953828	5.498496337541917	0.017719595644381768	9.60288709991514	499.64125731044624	0.6551772765953663	0	0	0	0	0.007864938205158845	-4763042288561144e-21	0.01616647659292118	1.5558126564533834	0.0009268798779294299
10.4	4.7671321747275135	4.7671321747275135	4.7671321747275135	0.09109212816953827	5.498496337541892	0.01771959564438192	9.60288709991514	499.641257310447	0.6551772765953651	0	0	0	0	0.007864938188329866	-4763042128051221e-21	0.016166476594113858	1.5558126583112657	0.000926879874238859
10.5	4.767132174727514	4.767132174727514	4.767132174727514	0.09109212816953827	5.498496337541886	0.01771959564438195	9.60288709991514	499.64125731044703	0.6551772765953647	0	0	0	0	0.007864938184777825	-4763042094576745e-21	0.01616647659507812	1.5558126595937265	0.0009268798721114397
10.6	4.7671321747275135	4.7671321747275135	4.7671321747275135	0.09109212816953623	5.498496337547576	0.017719595644346907	9.602887099915195	499.64125731031544	0.6551772765956877	0	0	0	0	0.007864941818702563	-4763079723796146e-21	0.016166476595854122	1.555812577030605	0.0009268802196202231
10.7	4.767132174727513	4.767132174727513	4.767132174727513	0.09109212816952905	5.498496337567633	0.017719595644223426	9.602887099915385	499.64125730985165	0.655177276596826	0	0	0	0	0.007864954626618815	-4763212333545403e-21	0.016166476596460137	1.555812283366298	0.000926881448342429
10.8	4.7671321747275135	4.7671321747275135	4.7671321747275135	0.09109212816951819	5.498496337598093	0.01771959564403595	9.602887099915677	499.6412573091474	0.6551772765985544	0	0	0	0	0.007864974074163082	-4763413671618536e-21	0.01616647659691874	1.555811836889061	0.0009268833147569648
10.9	4.767132174727513	4.767132174727513	4.767132174727513	0.09109212816950511	5.498496337634683	0.017719595643810794	9.602887099916027	499.6412573083012	0.6551772766006302	0	0	0	0	0.007864997435001223	-4763655498193361e-21	0.01616647659725276	1.5558113003005969	0.0009268855569077106
11	4.767132174727514	4.767132174727514	4.767132174727514	0.09109212816949139	5.498496337673138	0.01771959564357426	9.602887099916392	499.6412573074121	0.6551772766028109	0	0	0	0	0.00786502198279909	-4763909573447697e-21	0.016166476597485033	1.5558107363026086	0.0009268879128385471
11.1	4.767132174727513	4.767132174727513	4.767132174727513	0.09109212816947851	5.498496337709187	0.017719595643352647	9.602887099916735	499.6412573065785	0.6551772766048538	0	0	0	0	0.00786504499122254	-4764147657559359e-21	0.016166476597638393	1.5558102075967983	0.0009268901205933539
11.2	4.7671321747275135	4.7671321747275135	4.7671321747275135	0.09109212816946803	5.498496337738561	0.017719595643172267	9.602887099917016	499.6412573058993	0.6551772766065167	0	0	0	0	0.007865063733937425	-4764341510706162e-21	0.016166476597735673	1.555809776884869	0.0009268919182160119
11.3	4.7671321747275135	4.7671321747275135	4.7671321747275135	0.09109212816946147	5.498496337756993	0.017719595643059416	9.602887099917192	499.64125730547306	0.6551772766075571	0	0	0	0	0.007865075484609603	-4764462893065928e-21	0.01616647659779971	1.555809506868524	0.0009268930437504012
11.4	4.7671321747275135	4.7671321747275135	4.7671321747275135	0.09109212816946033	5.498496337760215	0.01771959564304041	9.602887099917222	499.64125730539854	0.6551772766077322	0	0	0	0	0.007865077516904927	-47644835648164686e-22	0.016166476597853332	1.5558094602494654	0.0009268932352404018
11.5	4.7671321747275135	4.7671321747275135	4.7671321747275135	0.09109212816946616	5.498496337743957	0.017719595643141545	9.602887099917067	499.64125730577456	0.6551772766067997	0	0	0	0	0.007865067104489254	-4764375286135603e-21	0.01616647659791938	1.5558096997293966	0.0009268922307298944
11.6	4.7671321747275135	4.7671321747275135	4.7671321747275135	0.09109212816948047	5.4984963377039495	0.017719595643389128	9.602887099916686	499.64125730669963	0.6551772766045171	0	0	0	0	0.007865041521028437	-4764109817201148e-21	0.01616647659802068	1.5558102880100195	0.000926889768262759
11.7	4.7671321747275135	4.7671321747275135	4.7671321747275135	0.09109212816950477	5.498496337635924	0.01771959564380947	9.602887099916035	499.64125730827266	0.6551772766006416	0	0	0	0	0.007864998040188332	-4763658918190919e-21	0.01616647659818007	1.5558112877930375	0.0009268855858828761
11.8	4.7671321747275135	4.7671321747275135	4.7671321747275135	0.09109212816952554	5.498496337577669	0.017719595644165222	9.602887099915483	499.6412573096197	0.6551772765973624	0	0	0	0	0.007864960930295808	-476327600043022e-20	0.01616647659837007	1.5558121411359447	0.0009268820341672646
11.9	4.7671321747275135	4.7671321747275135	4.7671321747275135	0.09109212816953105	5.498496337562011	0.01771959564425621	9.602887099915334	499.6412573099817	0.6551772765965244	0	0	0	0	0.007864951094229907	-4763176609862293e-21	0.016166476598525267	1.5558123674291913	0.0009268811122955136
12	4.7671321747275135	4.7671321747275135	4.7671321747275135	0.0910921281695354	5.4984963375498666	0.01771959564433228	9.60288709991522	499.6412573102625	0.6551772765958229	0	0	0	0	0.007864943300523012	-4763095308756647e-21	0.016166476598650475	1.5558125467394575	0.0009268803579976584
12.1	4.7671321747275135	4.7671321747275135	4.7671321747275135	0.0910921281695367	5.498496337546086	0.017719595644355057	9.602887099915185	499.64125731034994	0.6551772765956129	0	0	0	0	0.00786494090062249	-47630706851289655e-22	0.01616647659875131	1.5558126020236613	0.0009268801294800846
12.2	4.7671321747275135	4.7671321747275135	4.7671321747275135	0.0910921281695376	5.498496337543682	0.017719595644370426	9.60288709991516	499.64125731040554	0.6551772765954711	0	0	0	0	0.007864939348452001	-4763054349852472e-21	0.01616647659883406	1.5558126377986163	0.0009268799778239156
12.3	4.7671321747275135	4.7671321747275135	4.7671321747275135	0.09109212816953792	5.498496337542739	0.017719595644376328	9.602887099915153	499.6412573104273	0.6551772765954167	0	0	0	0	0.007864938744789114	-4763048049269642e-21	0.016166476598900706	1.555812651751306	0.0009268799192780442
12.4	4.7671321747275135	4.7671321747275135	4.7671321747275135	0.0910921281695381	5.498496337542281	0.01771959564437932	9.602887099915145	499.641257310438	0.6551772765953892	0	0	0	0	0.007864938445959148	-4763044884239883e-21	0.016166476598954767	1.5558126586823506	0.0009268798898307663
12.5	4.7671321747275135	4.7671321747275135	4.7671321747275135	0.0910921281695382	5.498496337542044	0.017719595644380835	9.602887099915144	499.64125731044334	0.6551772765953751	0	0	0	0	0.00786493829407767	-4763043271889277e-21	0.01616647659899875	1.5558126622240367	0.0009268798748018338
12.6	4.7671321747275135	4.7671321747275135	4.7671321747275135	0.09109212816953821	5.498496337541956	0.017719595644381407	9.602887099915144	499.6412573104453	0.6551772765953697	0	0	0	0	0.007864938237126027	-47630426662119416e-22	0.01616647659903435	1.5558126635741976	0.0009268798691240463
12.7	4.7671321747275135	4.7671321747275135	4.7671321747275135	0.09109212816953825	5.498496337541902	0.0177195956443818	9.602887099915144	499.6412573104467	0.6551772765953663	0	0	0	0	0.007864938199426304	-4763042259503159e-21	0.016166476599063215	1.555812664474355	0.0009268798653019505
12.8	4.7671321747275135	4.7671321747275135	4.7671321747275135	0.09109212816953825	5.498496337541886	0.017719595644381907	9.602887099915142	499.6412573104471	0.6551772765953652	0	0	0	0	0.007864938188349796	-4763042141362441e-21	0.016166476599086568	1.5558126647563366	0.0009268798641657924
12.9	4.767132174727514	4.767132174727514	4.767132174727514	0.09109212816953827	5.498496337541873	0.01771959564438201	9.602887099915144	499.6412573104475	0.6551772765953643	0	0	0	0	0.007864938179249218	-4763042041678869e-21	0.016166476599105493	1.555812664987942	0.0009268798632075411
13	4.7671321747275135	4.7671321747275135	4.7671321747275135	0.09109212816953825	5.49849633754187	0.01771959564438203	9.602887099915144	499.6412573104475	0.655177276595364	0	0	0	0	0.007864938176837864	-4763042015739417e-21	0.016166476599120808	1.5558126650616555	0.000926879862939494
13.1	4.7671321747275135	4.7671321747275135	4.7671321747275135	0.09109212816954307	5.498496337546186	0.017719595644348322	9.602887099915014	499.64125731035006	0.6551772765956758	0	0	0	0	0.0078649406073371	-4763070147122967e-21	0.016166476599132444	1.5558126091999929	0.0009268801240716675
13.2	4.7671321747275135	4.7671321747275135	4.7671321747275135	0.0910921281695631	5.498496337564131	0.01771959564420821	9.60288709991448	499.64125730994493	0.6551772765969723	0	0	0	0	0.00786495071121674	-4763187086026394e-21	0.01616647659913916	1.5558123769264505	0.0009268812096428288
13.3	4.7671321747275135	4.7671321747275135	4.7671321747275135	0.09109212816959555	5.498496337593205	0.01771959564398117	9.602887099913614	499.6412573092884	0.6551772765990729	0	0	0	0	0.007864967084215777	-4763376573866477e-21	0.016166476599141624	1.5558120005248937	0.0009268829687173594
13.4	4.767132174727514	4.767132174727514	4.767132174727514	0.09109212816963703	5.498496337630361	0.01771959564369104	9.60288709991251	499.64125730844944	0.6551772766017573	0	0	0	0	0.007864988009115685	-4763618729873445e-21	0.016166476599140594	1.5558115194739914	0.0009268852167334613
13.5	4.7671321747275135	4.7671321747275135	4.7671321747275135	0.09109212816968412	5.498496337672543	0.017719595643361626	9.602887099911253	499.641257307497	0.6551772766048051	0	0	0	0	0.007865011768697944	-4763893673277522e-21	0.016166476599136833	1.5558109732524141	0.0009268877691293357
13.6	4.767132174727513	4.767132174727513	4.767132174727513	0.09109212816973342	5.498496337716699	0.017719595643016766	9.602887099909939	499.64125730649994	0.6551772766079957	0	0	0	0	0.007865036645744032	-4764181523308938e-21	0.01616647659913111	1.5558104013388303	0.0009268904413431843
13.7	4.7671321747275135	4.7671321747275135	4.7671321747275135	0.09109212816978154	5.4984963377597795	0.01771959564268028	9.602887099908658	499.64125730552723	0.655177276611109	0	0	0	0	0.007865060923035433	-4764462399197919e-21	0.01616647659912418	1.5558098432119107	0.000926893048813209
13.8	4.7671321747275135	4.7671321747275135	4.7671321747275135	0.09109212816982507	5.49849633779873	0.017719595642375994	9.602887099907498	499.64125730464764	0.6551772766139244	0	0	0	0	0.007865082883353618	-4764716420174692e-21	0.016166476599116804	1.5558093383503238	0.0009268954069776114
13.9	4.7671321747275135	4.7671321747275135	4.7671321747275135	0.09109212816986059	5.498496337830499	0.017719595642127727	9.602887099906551	499.6412573039303	0.6551772766162216	0	0	0	0	0.007865100809480077	-4764923705469482e-21	0.01616647659910975	1.555808926232739	0.0009268973312745928
14	4.7671321747275135	4.7671321747275135	4.7671321747275135	0.09109212816988473	5.498496337852036	0.017719595641959306	9.602887099905908	499.641257303444	0.6551772766177799	0	0	0	0	0.00786511298419628	-4765064374312517e-21	0.016166476599103776	1.5558086463378267	0.0009268986371423552
14.1	4.7671321747275135	4.7671321747275135	4.7671321747275135	0.09109212816989405	5.498496337860287	0.017719595641894553	9.60288709990566	499.64125730325753	0.655177276618379	0	0	0	0	0.007865117690283707	-4765118545934025e-21	0.016166476599099654	1.555808538144256	0.0009268991400191001
14.2	4.7671321747275135	4.7671321747275135	4.7671321747275135	0.09109212816988517	5.498496337852199	0.017719595641957294	9.602887099905896	499.64125730344006	0.6551772766177985	0	0	0	0	0.007865113210523841	-4765066339564232e-21	0.016166476599098135	1.5558086411306962	0.0009268986553430292
14.3	4.7671321747275135	4.7671321747275135	4.7671321747275135	0.09109212816985468	5.498496337824723	0.017719595642171352	9.602887099906711	499.6412573040604	0.6551772766158179	0	0	0	0	0.00786509782769816	-4764887874433364e-21	0.016166476599099984	1.5558089947758165	0.000926896998552344
14.4	4.7671321747275135	4.7671321747275135	4.7671321747275135	0.09109212816979917	5.498496337774804	0.017719595642560555	9.602887099908191	499.6412573051874	0.6551772766122168	0	0	0	0	0.00786506982458814	-4764563269771649e-21	0.016166476599105965	1.5558096385582874	0.0009268939850852462
14.5	4.7671321747275135	4.7671321747275135	4.7671321747275135	0.09109212816971526	5.4984963376993905	0.017719595643148716	9.602887099910427	499.64125730689	0.6551772766067749	0	0	0	0	0.007865027483975265	-4764072644809314e-21	0.016166476599116845	1.5558106119567774	0.0009268894303799374
14.6	4.7671321747275135	4.7671321747275135	4.7671321747275135	0.09109212816961489	5.498496337609674	0.0177195956438498	9.6028870999131	499.6412573089155	0.6551772766002881	0	0	0	0	0.007864976847638228	-4763487186745738e-21	0.016166476599131972	1.555811776073395	0.0009268839953838811
14.7	4.7671321747275135	4.7671321747275135	4.7671321747275135	0.09109212816959607	5.498496337595654	0.017719595643967516	9.602887099913604	499.64125730923115	0.6551772765991982	0	0	0	0	0.00786496734151027	-4763385001832914e-21	0.01616647659914171	1.5558119946230662	0.0009268830473122485
14.8	4.7671321747275135	4.7671321747275135	4.7671321747275135	0.09109212816959703	5.498496337597906	0.01771959564395404	9.602887099913577	499.6412573091801	0.6551772765993225	0	0	0	0	0.007864967826125974	-4763394421038288e-21	0.016166476599148903	1.5558119834884139	0.0009268831350183184
14.9	4.7671321747275135	4.7671321747275135	4.7671321747275135	0.09109212816956526	5.498496337567763	0.017719595644184554	9.602887099914422	499.64125730986143	0.6551772765971903	0	0	0	0	0.007864951796281747	-476320431601265e-20	0.0161664765991569	1.5558123520131963	0.0009268813698687032
15	4.7671321747275135	4.7671321747275135	4.7671321747275135	0.09109212816956377	5.498496337567609	0.017719595644188655	9.602887099914462	499.64125730986456	0.655177276597152	0	0	0	0	0.007864951052251202	-4763198900409254e-21	0.01616647659916219	1.5558123691225691	0.0009268813198163005
15.1	4.7671321747275135	4.7671321747275135	4.7671321747275135	0.09109212816955914	5.498496337563152	0.01771959564422267	9.602887099914586	499.6412573099654	0.6551772765968374	0	0	0	0	0.007864948711024982	-4763170985814098e-21	0.016166476599166545	1.555812422950053	0.000926881060611965
15.2	4.7671321747275135	4.7671321747275135	4.7671321747275135	0.09109212816954865	5.498496337552662	0.01771959564430159	9.602887099914865	499.6412573102027	0.6551772765961077	0	0	0	0	0.007864943412036276	-4763106699725666e-21	0.016166476599170893	1.5558125447745992	0.0009268804636054717
15.3	4.7671321747275135	4.7671321747275135	4.7671321747275135	0.09109212816954944	5.498496337553934	0.017719595644292985	9.602887099914845	499.6412573101739	0.6551772765961872	0	0	0	0	0.007864943797757661	-4763112769785287e-21	0.01616647659917432	1.555812535909446	0.0009268805200676332
15.4	4.767132174727514	4.767132174727514	4.767132174727514	0.09109212816954497	5.4984963375491285	0.01771959564432847	9.602887099914964	499.6412573102827	0.655177276595859	0	0	0	0	0.007864941554861579	-4763084564197809e-21	0.01616647659917647	1.5558125874746989	0.0009268802580618621
15.5	4.7671321747275135	4.7671321747275135	4.7671321747275135	0.09109212816954262	5.498496337546717	0.017719595644346477	9.602887099915026	499.6412573103373	0.6551772765956926	0	0	0	0	0.007864940355299709	-4763069914031424e-21	0.016166476599178196	1.5558126150537483	0.0009268801220021515
15.6	4.7671321747275135	4.7671321747275135	4.7671321747275135	0.09109212816954296	5.498496337547234	0.01771959564434288	9.602887099915014	499.64125731032567	0.6551772765957258	0	0	0	0	0.007864940523746844	-4763072461809532e-21	0.016166476599179764	1.5558126111825459	0.0009268801456951424
15.7	4.7671321747275135	4.7671321747275135	4.7671321747275135	0.09109212816954053	5.49849633754447	0.017719595644363033	9.60288709991508	499.6412573103884	0.6551772765955394	0	0	0	0	0.00786493931389129	-4763056776731377e-21	0.016166476599180964	1.555812638997763	0.0009268799999633255
15.8	4.7671321747275135	4.7671321747275135	4.7671321747275135	0.09109212816954014	5.498496337544132	0.017719595644365562	9.60288709991509	499.64125731039604	0.6551772765955161	0	0	0	0	0.007864939127113155	-4763054604805467e-21	0.016166476599181644	1.5558126432926298	0.0009268799797986321
15.9	4.7671321747275135	4.7671321747275135	4.7671321747275135	0.09109212816954004	5.498496337544044	0.017719595644366228	9.602887099915092	499.64125731039803	0.65517727659551	0	0	0	0	0.007864939077107145	-4763054030324782e-21	0.016166476599182238	1.5558126444430482	0.0009268799744648411
16	4.7671321747275135	4.7671321747275135	4.7671321747275135	0.09109212816953906	5.498496337542875	0.01771959564437471	9.602887099915119	499.64125731042446	0.6551772765954316	0	0	0	0	0.00786493858983204	-4763047555934109e-21	0.016166476599182907	1.5558126556460863	0.0009268799143003145
16.1	4.7671321747275135	4.7671321747275135	4.7671321747275135	0.09109212816953904	5.498496337542925	0.017719595644374364	9.602887099915119	499.64125731042327	0.6551772765954347	0	0	0	0	0.007864938594439923	-4763047726544127e-21	0.016166476599183233	1.5558126555408187	0.000926879915891837
16.2	4.7671321747275135	4.7671321747275135	4.7671321747275135	0.09109212816953893	5.49849633754279	0.017719595644375342	9.602887099915122	499.64125731042634	0.6551772765954258	0	0	0	0	0.0078649385351932	-47630469597174485e-22	0.016166476599183285	1.5558126569032582	0.0009268799087666402
16.3	4.7671321747275135	4.7671321747275135	4.7671321747275135	0.09109212816955305	5.498496337563625	0.017719595644224678	9.602887099914748	499.64125730995266	0.6551772765968183	0	0	0	0	0.007864946174640196	-4763155465336484e-21	0.016166476599182772	1.555812481275556	0.000926880917496948
16.4	4.7671321747275135	4.7671321747275135	4.7671321747275135	0.09109212816958352	5.498496337608521	0.0177195956439	9.602887099913934	499.6412573089318	0.6551772765998193	0	0	0	0	0.00786496266460522	-4763389467740602e-21	0.016166476599181755	1.555812102177878	0.0009268830929057935
16.5	4.7671321747275135	4.7671321747275135	4.7671321747275135	0.09109212816961833	5.498496337659795	0.01771959564352921	9.602887099913007	499.64125730776607	0.6551772766032465	0	0	0	0	0.007864981512170851	-476365681115388e-20	0.016166476599180673	1.5558116688798667	0.0009268855782636109
16.6	4.7671321747275135	4.7671321747275135	4.7671321747275135	0.09109212816964553	5.498496337699765	0.01771959564324019	9.602887099912284	499.64125730685737	0.6551772766059181	0	0	0	0	0.007864996224419673	-47638653398003885e-22	0.016166476599179972	1.5558113306511636	0.0009268875168408347
16.7	4.7671321747275135	4.7671321747275135	4.7671321747275135	0.09109212816965306	5.49849633771075	0.017719595643160842	9.602887099912083	499.64125730660766	0.6551772766066515	0	0	0	0	0.007865000308434265	-47639228979042015e-22	0.016166476599180083	1.5558112367614112	0.000926888051907899
16.8	4.7671321747275135	4.7671321747275135	4.7671321747275135	0.09109212816962896	5.498496337675065	0.017719595643419045	9.602887099912726	499.64125730741904	0.6551772766042648	0	0	0	0	0.007864987271297206	-4763737329689392e-21	0.016166476599181454	1.5558115364802514	0.0009268863267352382
16.9	4.7671321747275135	4.7671321747275135	4.7671321747275135	0.0910921281695775	5.4984963375993114	0.017719595643966784	9.602887099914096	499.64125730914145	0.655177276599202	0	0	0	0	0.007864959418925552	-4763342311608561e-21	0.01616647659918377	1.5558121767955329	0.0009268826544523557
17	4.7671321747275135	4.7671321747275135	4.7671321747275135	0.09109212816956572	5.498496337583207	0.01771959564408217	9.602887099914412	499.6412573095073	0.6551772765981356	0	0	0	0	0.00786495304428309	-476325553848295e-20	0.016166476599184052	1.555812323346107	0.0009268818479781539
17.1	4.7671321747275135	4.7671321747275135	4.7671321747275135	0.09109212816956037	5.4984963375755544	0.01771959564413737	9.602887099914552	499.64125730968124	0.6551772765976254	0	0	0	0	0.007864950141434528	-4763215082452685e-21	0.01616647659918408	1.5558123900815164	0.0009268814719204762
17.2	4.7671321747275135	4.7671321747275135	4.7671321747275135	0.09109212816954812	5.498496337557011	0.01771959564427189	9.602887099914879	499.64125731010296	0.655177276596382	0	0	0	0	0.00786494351383256	-4763119556293403e-21	0.016166476599184416	1.5558125424475613	0.0009268805837731073
17.3	4.7671321747275135	4.7671321747275135	4.7671321747275135	0.09109212816954715	5.498496337555883	0.017719595644279683	9.602887099914906	499.64125731012854	0.6551772765963101	0	0	0	0	0.00786494298335397	-4763112955735923e-21	0.016166476599184187	1.555812554643047	0.0009268805224646937
17.4	4.7671321747275135	4.7671321747275135	4.7671321747275135	0.09109212816954301	5.498496337549372	0.017719595644327228	9.602887099915018	499.6412573102767	0.6551772765958706	0	0	0	0	0.00786494074628481	-4763079971874752e-21	0.016166476599184503	1.5558126060724242	0.0009268802157573719
17.5	4.7671321747275135	4.7671321747275135	4.7671321747275135	0.09109212816954117	5.498496337546592	0.017719595644347382	9.602887099915066	499.6412573103398	0.6551772765956843	0	0	0	0	0.00786493975817435	-4763065685955456e-21	0.01616647659918513	1.5558126287888214	0.0009268800829325395
17.6	4.7671321747275135	4.7671321747275135	4.7671321747275135	0.09109212816954083	5.498496337546131	0.01771959564435068	9.602887099915074	499.64125731035034	0.6551772765956537	0	0	0	0	0.007864939580257347	-476306322711979e-20	0.01616647659918558	1.5558126328791742	0.0009268800600776839
17.7	4.767132174727514	4.767132174727514	4.767132174727514	0.09109212816953938	5.498496337543719	0.017719595644368407	9.602887099915112	499.6412573104053	0.6551772765954899	0	0	0	0	0.007864938783576978	-4763051209401687e-21	0.016166476599185915	1.555812651194579	0.0009268799483132243
17.8	4.7671321747275135	4.7671321747275135	4.7671321747275135	0.09109212816953921	5.498496337543464	0.017719595644370204	9.602887099915115	499.641257310411	0.6551772765954733	0	0	0	0	0.007864938686403129	-47630498631088125e-22	0.016166476599186384	1.555812653428598	0.0009268799357991782
17.9	4.767132174727514	4.767132174727514	4.767132174727514	0.09109212816953885	5.498496337542853	0.017719595644374725	9.602887099915126	499.64125731042486	0.6551772765954316	0	0	0	0	0.007864938489633912	-4763046849036166e-21	0.016166476599186137	1.5558126579522633	0.0009268799077657606
18	4.7671321747275135	4.7671321747275135	4.7671321747275135	0.09109212816953859	5.498496337542408	0.017719595644378014	9.602887099915133	499.6412573104351	0.655177276595401	0	0	0	0	0.007864938344530252	-4763044638821197e-21	0.016166476599185797	1.5558126612881802	0.0009268798872096247
18.1	4.7671321747275135	4.7671321747275135	4.7671321747275135	0.09109212816953854	5.498496337542378	0.017719595644378222	9.602887099915133	499.6412573104357	0.6551772765953993	0	0	0	0	0.007864938332141544	-4763044474872334e-21	0.016166476599185756	1.5558126615730314	0.0009268798856861684
18.2	4.767132174727514	4.767132174727514	4.767132174727514	0.09109212816953839	5.498496337542094	0.01771959564438034	9.602887099915138	499.64125731044226	0.6551772765953796	0	0	0	0	0.007864938244972208	-4763043103391644e-21	0.01616647659918575	1.555812663577042	0.0009268798729283077
18.3	4.7671321747275135	4.7671321747275135	4.7671321747275135	0.09109212816953834	5.498496337542043	0.017719595644380713	9.60288709991514	499.64125731044334	0.6551772765953761	0	0	0	0	0.007864938227966366	-4763042848569364e-21	0.016166476599185617	1.5558126639680585	0.0009268798705585356
18.4	4.7671321747275135	4.7671321747275135	4.7671321747275135	0.09109212816953831	5.498496337542037	0.017719595644380748	9.602887099915138	499.64125731044356	0.6551772765953757	0	0	0	0	0.00786493822525542	-47630428151603086e-22	0.016166476599185586	1.5558126640303451	0.0009268798702482915
18.5	4.7671321747275135	4.7671321747275135	4.7671321747275135	0.09109212816954294	5.4984963375623055	0.017719595644219367	9.602887099915016	499.6412573099793	0.6551772765968689	0	0	0	0	0.007864944229730695	-4763142227817943e-21	0.016166476599185364	1.5558125259895306	0.0009268807952668934
18.6	4.7671321747275135	4.7671321747275135	4.7671321747275135	0.09109212816955418	5.4984963376115275	0.01771959564382754	9.602887099914714	499.64125730885195	0.6551772766004937	0	0	0	0	0.007864958813124205	-4763383637121456e-21	0.016166476599184704	1.555812190722531	0.0009268830415390544
18.7	4.767132174727513	4.767132174727513	4.767132174727513	0.09109212816956928	5.498496337677502	0.01771959564330245	9.602887099914312	499.641257307341	0.6551772766053517	0	0	0	0	0.007864978360872861	-4763707190520738e-21	0.016166476599183768	1.5558117413268384	0.0009268860521461781
18.8	4.7671321747275135	4.7671321747275135	4.7671321747275135	0.09109212816958541	5.498496337748025	0.01771959564274127	9.602887099913882	499.6412573057258	0.6551772766105435	0	0	0	0	0.007864999258413573	-47640530354656825e-22	0.01616647659918275	1.555811260899944	0.000926889270169668
18.9	4.7671321747275135	4.7671321747275135	4.7671321747275135	0.0910921281695998	5.498496337810894	0.017719595642241178	9.602887099913499	499.64125730428583	0.6551772766151702	0	0	0	0	0.007865017891183245	-4764361319406177e-21	0.016166476599181818	1.555810832539339	0.0009268921386909275
19	4.7671321747275135	4.7671321747275135	4.7671321747275135	0.09109212816960965	5.498496337853905	0.01771959564189935	9.602887099913234	499.6412573033008	0.6551772766183327	0	0	0	0	0.007865030644618791	-4764572189792117e-21	0.01616647659918115	1.5558105393425152	0.00092689410079136
19.1	4.7671321747275135	4.7671321747275135	4.7671321747275135	0.09109212816961217	5.498496337864857	0.017719595641812958	9.602887099913168	499.64125730304994	0.6551772766191318	0	0	0	0	0.007865033904157116	-4764625794073393e-21	0.016166476599180926	1.5558104644069646	0.0009268945995523691
19.2	4.7671321747275135	4.7671321747275135	4.7671321747275135	0.09109212816960456	5.498496337831546	0.017719595642079183	9.602887099913373	499.6412573038129	0.6551772766166688	0	0	0	0	0.00786502405523513	-4764462279699894e-21	0.016166476599181318	1.5558106908301776	0.000926893078055358
19.3	4.7671321747275135	4.7671321747275135	4.7671321747275135	0.09109212816958404	5.498496337741768	0.0177195956427952	9.60288709991392	499.64125730586915	0.6551772766100442	0	0	0	0	0.007864997483289745	-4764021794121513e-21	0.016166476599182508	1.5558113017096464	0.0009268889793817305
19.4	4.7671321747275135	4.7671321747275135	4.7671321747275135	0.0910921281695565	5.498496337621429	0.01771959564375264	9.602887099914653	499.64125730862526	0.6551772766011863	0	0	0	0	0.007864961822339447	-4763431673742007e-21	0.016166476599184285	1.5558121215419993	0.0009268834884229646
19.5	4.7671321747275135	4.7671321747275135	4.7671321747275135	0.09109212816954806	5.49849633758485	0.017719595644038137	9.602887099914877	499.6412573094631	0.6551772765985456	0	0	0	0	0.007864950878440712	-4763253038696068e-21	0.01616647659918526	1.5558123731381555	0.0009268818263805235
19.6	4.767132174727514	4.767132174727514	4.767132174727514	0.09109212816954303	5.498496337562801	0.01771959564421407	9.602887099915014	499.6412573099681	0.6551772765969178	0	0	0	0	0.007864944353040188	-4763144847505003e-21	0.016166476599185624	1.5558125231547193	0.0009268808196715324
19.7	4.7671321747275135	4.7671321747275135	4.7671321747275135	0.09109212816954047	5.498496337551661	0.017719595644302893	9.60288709991508	499.6412573102232	0.655177276596096	0	0	0	0	0.00786494105544829	-4763090196207377e-21	0.016166476599185763	1.5558125989651364	0.0009268803111475815
19.8	4.7671321747275135	4.7671321747275135	4.7671321747275135	0.09109212816953954	5.498496337547461	0.017719595644336467	9.602887099915106	499.64125731031936	0.6551772765957855	0	0	0	0	0.00786493981424861	-4763069585654874e-21	0.01616647659918581	1.5558126274999082	0.0009268801193667601
19.9	4.7671321747275135	4.7671321747275135	4.7671321747275135	0.09109212816953877	5.498496337544168	0.017719595644363255	9.602887099915126	499.64125731039485	0.6551772765955376	0	0	0	0	0.007864938847994819	-4763053344945098e-21	0.016166476599185815	1.5558126497137754	0.0009268799682374876
20	4.7671321747275135	4.7671321747275135	4.7671321747275135	0.09109212816953857	5.498496337543313	0.017719595644370086	9.602887099915131	499.64125731041435	0.6551772765954744	0	0	0	0	0.007864938595387524	-47630491502721624e-22	0.016166476599185603	1.555812655521139	0.0009268799292061834
20.1	4.7671321747275135	4.7671321747275135	4.7671321747275135	0.09109212816953839	5.498496337542428	0.017719595644377393	9.602887099915137	499.64125731043464	0.6551772765954067	0	0	0	0	0.007864938338390371	-47630447790601e-19	0.01616647659918527	1.5558126614293832	0.0009268798885269486
20.2	4.7671321747275135	4.7671321747275135	4.7671321747275135	0.09109212816953835	5.498496337542203	0.017719595644379218	9.602887099915137	499.6412573104398	0.6551772765953898	0	0	0	0	0.007864938272139936	-4763043669155362e-21	0.016166476599185277	1.5558126629523366	0.0009268798781988
20.3	4.767132174727514	4.767132174727514	4.767132174727514	0.0910921281695383	5.498496337542007	0.017719595644380855	9.602887099915138	499.64125731044425	0.6551772765953747	0	0	0	0	0.007864938215544562	-47630426986478325e-22	0.016166476599185454	1.5558126642534338	0.0009268798691667524
20.4	4.7671321747275135	4.7671321747275135	4.7671321747275135	0.09109212816953825	5.498496337541942	0.01771959564438141	9.60288709991514	499.6412573104458	0.6551772765953696	0	0	0	0	0.007864938195854543	-476304236404886e-20	0.01616647659918572	1.5558126647061155	0.000926879866052856
20.5	4.7671321747275135	4.7671321747275135	4.7671321747275135	0.09109212816953825	5.498496337541902	0.017719595644381744	9.60288709991514	499.6412573104467	0.6551772765953664	0	0	0	0	0.007864938184599173	-4763042170071675e-21	0.016166476599185835	1.5558126649648283	0.0009268798642474713
20.6	4.7671321747275135	4.7671321747275135	4.7671321747275135	0.09109212816953825	5.498496337541879	0.01771959564438192	9.60288709991514	499.64125731044726	0.655177276595365	0	0	0	0	0.007864938178676662	-4763042067919868e-21	0.01616647659918587	1.555812665101014	0.0009268798632967041
20.7	4.7671321747275135	4.7671321747275135	4.7671321747275135	0.09109212816953827	5.49849633754192	0.01771959564438156	9.60288709991514	499.6412573104463	0.6551772765953683	0	0	0	0	0.007864938189616887	-47630422663295e-19	0.016166476599185894	1.5558126648495085	0.0009268798651437677
20.8	4.7671321747275135	4.7671321747275135	4.7671321747275135	0.09109212816954654	5.498496337558439	0.01771959564423969	9.602887099914918	499.6412573100696	0.655177276596682	0	0	0	0	0.007864942588938202	-476312141853477e-20	0.016166476599185523	1.555812563710597	0.0009268806019570386
20.9	4.7671321747275135	4.7671321747275135	4.7671321747275135	0.09109212816956751	5.498496337600356	0.017719595643879683	9.60288709991436	499.6412573091138	0.6551772766000158	0	0	0	0	0.007864953753655335	-4763322286766542e-21	0.01616647659918454	1.5558123070376095	0.0009268824718018826
21	4.7671321747275135	4.7671321747275135	4.7671321747275135	0.0910921281695981	5.4984963376614795	0.017719595643354735	9.602887099913543	499.6412573077201	0.6551772766048768	0	0	0	0	0.007864970034392623	-476361519005995e-20	0.016166476599183095	1.5558119327491151	0.0009268851983834565
21.1	4.7671321747275135	4.7671321747275135	4.7671321747275135	0.09109212816963518	5.498496337735611	0.017719595642718064	9.602887099912554	499.6412573060297	0.6551772766107724	0	0	0	0	0.007864989781774408	-47639704474501265e-22	0.016166476599181332	1.5558114787636828	0.0009268885054069174
21.2	4.7671321747275135	4.7671321747275135	4.7671321747275135	0.09109212816967567	5.498496337816559	0.017719595642022874	9.602887099911475	499.64125730418397	0.65517727661721	0	0	0	0	0.007865011346425034	-4764358377972207e-21	0.016166476599179393	1.555810982999883	0.0009268921165774222
21.3	4.7671321747275135	4.7671321747275135	4.7671321747275135	0.09109212816971649	5.4984963378981275	0.017719595641322375	9.602887099910387	499.64125730232405	0.6551772766236968	0	0	0	0	0.007865033078968842	-47647493006613235e-22	0.016166476599177425	1.5558104833762842	0.0009268957556001279
21.4	4.7671321747275135	4.7671321747275135	4.7671321747275135	0.09109212816975451	5.498496337974121	0.01771959564066978	9.602887099909372	499.6412573005912	0.65517727662974	0	0	0	0	0.007865053330030172	-4765113534552611e-21	0.016166476599175573	1.555810017811456	0.0009268991461801912
21.5	4.7671321747275135	4.7671321747275135	4.7671321747275135	0.09109212816978667	5.498496338038345	0.01771959564011829	9.602887099908514	499.6412572991268	0.655177276634847	0	0	0	0	0.007865070450233366	-4765421398681202e-21	0.016166476599173984	1.5558096242239683	0.0009269020120227696
21.6	4.7671321747275135	4.7671321747275135	4.7671321747275135	0.09109212816980983	5.498496338084608	0.01771959563972112	9.602887099907896	499.6412572980719	0.6551772766385249	0	0	0	0	0.007865082790202763	-4765643212082231e-21	0.016166476599172797	1.5558093405323903	0.0009269040768330196
21.7	4.7671321747275135	4.7671321747275135	4.7671321747275135	0.09109212816982094	5.49849633810671	0.01771959563953148	9.602887099907601	499.64125729756796	0.655177276640281	0	0	0	0	0.007865088700562708	-4765749293790833e-21	0.016166476599172166	1.555809204655291	0.0009269050643160985
21.8	4.7671321747275135	4.7671321747275135	4.7671321747275135	0.09109212816981686	5.498496338098458	0.017719595639602573	9.60288709990771	499.64125729775617	0.6551772766396228	0	0	0	0	0.007865086531937543	-476570996284214e-20	0.016166476599172225	1.5558092545112405	0.0009269046981771629
21.9	4.7671321747275135	4.7671321747275135	4.7671321747275135	0.09109212816979452	5.49849633805366	0.017719595639987613	9.602887099908305	499.6412572987777	0.6551772766360573	0	0	0	0	0.007865074634951605	-4765495538271286e-21	0.016166476599173127	1.5558095280188076	0.0009269027021213698
22	4.7671321747275135	4.7671321747275135	4.7671321747275135	0.0910921281697508	5.498496337966118	0.017719595640739806	9.602887099909472	499.6412573007739	0.6551772766290919	0	0	0	0	0.007865051360229238	-4765076339113405e-21	0.016166476599175018	1.5558100630965623	0.0009268987998538764
22.1	4.7671321747275135	4.7671321747275135	4.7671321747275135	0.09109212816968264	5.498496337829638	0.01771959564191236	9.60288709991129	499.64125730388594	0.6551772766182338	0	0	0	0	0.007865015058394783	-4764422684403632e-21	0.016166476599178033	1.5558108976630738	0.0009268927150798395
22.2	4.7671321747275135	4.7671321747275135	4.7671321747275135	0.09109212816959994	5.498496337664428	0.01771959564333092	9.602887099913495	499.64125730765306	0.6551772766050977	0	0	0	0	0.007864971019621938	-4763630751682552e-21	0.01616647659918168	1.5558119100990973	0.0009268853431438841
22.3	4.7671321747275135	4.7671321747275135	4.7671321747275135	0.09109212816958014	5.498496337626854	0.01771959564364911	9.602887099914023	499.6412573085094	0.6551772766021516	0	0	0	0	0.00786496049386277	-4763446995903117e-21	0.016166476599182144	1.555812152082662	0.0009268836328533916
22.4	4.7671321747275135	4.7671321747275135	4.7671321747275135	0.09109212816957556	5.4984963376184375	0.017719595643719773	9.602887099914147	499.64125730870114	0.6551772766014973	0	0	0	0	0.00786495805759361	-4763405276738023e-21	0.016166476599182068	1.5558122080917058	0.0009268832445944034
22.5	4.7671321747275135	4.7671321747275135	4.7671321747275135	0.09109212816955467	5.498496337575665	0.017719595644089352	9.602887099914705	499.6412573096767	0.6551772765980748	0	0	0	0	0.00786494691911228	-4763202121187206e-21	0.016166476599183292	1.5558124641615625	0.0009268813533309207
22.6	4.7671321747275135	4.7671321747275135	4.7671321747275135	0.09109212816955292	5.498496337572743	0.01771959564411292	9.60288709991475	499.641257309743	0.6551772765978566	0	0	0	0	0.007864945991628534	-4763187056648673e-21	0.016166476599183747	1.555812485484094	0.0009268812131726572
22.7	4.7671321747275135	4.7671321747275135	4.7671321747275135	0.09109212816954732	5.498496337560991	0.01771959564421525	9.602887099914899	499.6412573100111	0.6551772765969088	0	0	0	0	0.007864943004405081	-47631317591587804e-22	0.01616647659918387	1.555812554159308	0.0009268806983473992
22.8	4.7671321747275135	4.7671321747275135	4.7671321747275135	0.09109212816954332	5.498496337552717	0.017719595644286965	9.602887099915005	499.6412573101998	0.6551772765962446	0	0	0	0	0.007864940876289842	-4763092646139575e-21	0.016166476599184	1.5558126030839357	0.0009268803342136214
22.9	4.7671321747275135	4.7671321747275135	4.7671321747275135	0.09109212816954315	5.498496337552493	0.017719595644288468	9.60288709991501	499.64125731020494	0.6551772765962306	0	0	0	0	0.007864940780130298	-476309131489735e-20	0.016166476599184236	1.5558126052946142	0.0009268803218395697
23	4.7671321747275135	4.7671321747275135	4.7671321747275135	0.0910921281695405	5.498496337546749	0.017719595644339024	9.60288709991508	499.64125731033596	0.6551772765957624	0	0	0	0	0.00786493937128015	-4763064656334302e-21	0.016166476599184562	1.555812637683595	0.0009268800736198232
23.1	4.7671321747275135	4.7671321747275135	4.7671321747275135	0.09109212816953999	5.49849633754573	0.017719595644347736	9.602887099915096	499.64125731035915	0.6551772765956817	0	0	0	0	0.007864939102729855	-4763059798359e-18	0.016166476599184652	1.555812643857514	0.0009268800283966634
23.2	4.7671321747275135	4.7671321747275135	4.7671321747275135	0.0910921281695396	5.498496337544906	0.017719595644354987	9.602887099915106	499.64125731037797	0.6551772765956146	0	0	0	0	0.007864938899918327	-4763055967753654e-21	0.016166476599184795	1.5558126485201205	0.000926879992730008
23.3	4.7671321747275135	4.7671321747275135	4.7671321747275135	0.09109212816953886	5.498496337543294	0.017719595644369292	9.602887099915126	499.6412573104148	0.655177276595482	0	0	0	0	0.007864938513048854	-4763048546427503e-21	0.016166476599184996	1.5558126574140478	0.0009268799236251425
23.4	4.7671321747275135	4.7671321747275135	4.7671321747275135	0.09109212816953881	5.498496337543249	0.01771959564436961	9.602887099915126	499.6412573104158	0.655177276595479	0	0	0	0	0.00786493849643722	-476304829810493e-20	0.01616647659918496	1.5558126577958282	0.0009268799213158591
23.5	4.7671321747275135	4.7671321747275135	4.7671321747275135	0.09109212816953854	5.4984963375426	0.01771959564437544	9.602887099915131	499.64125731043066	0.655177276595425	0	0	0	0	0.007864938345317566	-4763045341555226e-21	0.016166476599184697	1.5558126612700445	0.0009268798937830584
23.6	4.7671321747275135	4.7671321747275135	4.7671321747275135	0.09109212816953845	5.498496337542345	0.017719595644377688	9.602887099915135	499.6412573104365	0.6551772765954043	0	0	0	0	0.007864938284430719	-476304417244684e-20	0.016166476599184614	1.5558126626698796	0.0009268798828965707
23.7	4.7671321747275135	4.7671321747275135	4.7671321747275135	0.09109212816953843	5.49849633754231	0.01771959564437798	9.602887099915137	499.6412573104373	0.6551772765954016	0	0	0	0	0.007864938275475249	-4763044009605637e-21	0.016166476599184736	1.5558126628757858	0.0009268798813804745
23.8	4.7671321747275135	4.7671321747275135	4.7671321747275135	0.09109212816953834	5.49849633754207	0.017719595644380158	9.602887099915138	499.64125731044277	0.6551772765953814	0	0	0	0	0.007864938220968091	-47630429260503e-19	0.01616647659918481	1.555812664128884	0.0009268798712891307
23.9	4.7671321747275135	4.7671321747275135	4.7671321747275135	0.09109212816953831	5.498496337542077	0.01771959564438004	9.602887099915138	499.6412573104426	0.6551772765953825	0	0	0	0	0.007864938222273401	-4763042965110503e-21	0.016166476599184684	1.5558126640989205	0.0009268798716535675
24	4.7671321747275135	4.7671321747275135	4.7671321747275135	0.0910921281695383	5.498496337542034	0.017719595644380443	9.60288709991514	499.64125731044356	0.6551772765953787	0	0	0	0	0.00786493821247972	-4763042768496164e-21	0.01616647659918473	1.5558126643240848	0.0009268798698224595
