0	4.7671321747275135	4.7671321747275135	4.7671321747275135	0.09109212816953825	5.498496337541862	0.01702176199641263	9.60288709991514	499.6412573104476	0.6293750666351564	0	0	0	0	0	0	0	0	0
0.1	4.7671321747275135	4.7671321747275135	4.7671321747275135	0.09109212816953825	5.498496337541862	0.01702176199641263	9.602887099915142	499.64125731044766	0.6293750666351564	0	0	0	0	-0.1645956908407991	7230479810871093e-20	-0.8657286646365338	-46.142258677304675	-0.056544501304875844
0.2	4.7671321747275135	4.7671321747275135	4.7671321747275135	0.09109212816953825	5.498496337541862	0.01702176199641263	9.60288709991514	499.6412573104476	0.6293750666351565	0	0	0	0	-0.4642327841174468	0.00020913438099064198	-1.566748905340498	-87.87583042904271	-0.10153540144697466
0.3	4.7671321747275135	4.7671321747275135	4.7671321747275135	0.09109212816953827	5.498496337541862	0.01702176199641263	9.60288709991514	499.6412573104476	0.6293750666351564	0	0	0	0	-0.7653570021824793	0.00035677480563056413	-2.134397718319971	-126.96009960933957	-0.13694868576481883
0.4	4.7671321747275135	4.7671321747275135	4.7671321747275135	0.09109212816953825	5.498496337541862	0.01702176199641263	9.60288709991514	499.6412573104476	0.6293750666351565	0	0	0	0	-1.0297659390067933	0.000498647566546764	-2.5940479389661903	-163.50855612531774	-0.1646017949337398
0.5	4.7671321747275135	4.7671321747275135	4.7671321747275135	0.09109212816953825	5.498496337541862	0.01702176199641263	9.60288709991514	499.6412573104476	0.6293750666351564	0	0	0	0	-1.2510989919101472	0.0006295970052583812	-2.966251390194516	-197.28792704937837	-0.18603428009740375
0.6	4.7671321747275135	4.7671321747275135	4.7671321747275135	0.09109212816953825	5.498496337541862	0.01702176199641263	9.60288709991514	499.6412573104476	0.6293750666351564	0	0	0	0	-1.4328691910748517	0.0007481673362017287	-3.2676413670879043	-228.10520636295954	-0.2025126983306152
0.7	4.767132174727514	4.767132174727514	4.767132174727514	0.09109212816953827	5.498496337541862	0.01702176199641263	9.60288709991514	499.6412573104476	0.6293750666351564	0	0	0	0	-1.5809526548040442	0.0008542387281825914	-3.5116927782376277	-255.89154756522353	-0.21506776011083517
0.8	4.767132174727514	4.767132174727514	4.767132174727514	0.09109212816953825	5.498496337541862	0.01702176199641263	9.60288709991514	499.6412573104476	0.6293750666351564	0	0	0	0	-1.7011768583861282	0.0009482721525583943	-3.709311378465878	-280.6943719806559	-0.224532130310426
0.9	4.7671321747275135	4.7671321747275135	4.7671321747275135	0.09109212816953824	5.498496337541862	0.017021761996412626	9.60288709991514	499.6412573104476	0.6293750666351564	0	0	0	0	-1.7986306141339845	0.0010310175659116252	-3.8693186836244458	-302.64667239423375	-0.23157489216661456
1	4.7671321747275135	4.7671321747275135	4.7671321747275135	0.09109212816953824	5.498496337541862	0.01702176199641263	9.60288709991514	499.6412573104476	0.6293750666351564	0	0	0	0	-1.8776025051640297	0.001103371378630842	-3.998919935494571	-321.93564885140614	-0.2367369287418008
1.1	4.7671321747275135	4.7671321747275135	4.7671321747275135	0.09109212816953827	5.498496337541862	0.01702176199641263	9.60288709991514	499.6412573104476	0.6293750666351565	0	0	0	0	-1.9415372748073347	0.0011662974723293282	-4.103820078869268	-338.78158945566565	-0.24043926066465096
1.2	4.7671321747275135	4.7671321747275135	4.7671321747275135	0.09109212816953824	5.498496337541862	0.017021761996412626	9.60288709991514	499.6412573104476	0.6293750666351565	0	0	0	0	-1.9933336480877493	0.0012207661411399995	-4.188797330138942	-353.41545547844765	-0.24302869268443053
1.3	4.7671321747275135	4.7671321747275135	4.7671321747275135	0.09109212816953824	5.498496337541863	0.017021761996412626	9.60288709991514	499.6412573104476	0.6293750666351565	0	0	0	0	-2.035260123347029	0.001267716338192102	-4.257578989329664	-366.06914545516037	-0.24476795481592803
1.4	4.7671321747275135	4.7671321747275135	4.7671321747275135	0.09109212816953824	5.498496337541862	0.01702176199641263	9.60288709991514	499.6412573104476	0.6293750666351565	0	0	0	0	-2.0692246840019792	0.00130804105931974	-4.313297892899423	-376.96700260659213	-0.2458725088710944
1.5	4.7671321747275135	4.7671321747275135	4.7671321747275135	0.09109212816953824	5.498496337541862	0.01702176199641263	9.60288709991514	499.6412573104476	0.6293750666351564	0	0	0	0	-2.096713817518653	0.001342557123299367	-4.358393427125344	-386.31810767044306	-0.24650308038919067
1.6	4.7671321747275135	4.7671321747275135	4.7671321747275135	0.09109212816953824	5.498496337541862	0.01702176199641263	9.60288709991514	499.6412573104476	0.6293750666351565	0	0	0	0	-2.1189881542998186	0.0013720223799954224	-4.394934015457825	-394.31819241819613	-0.24679157920890618
1.7	4.7671321747275135	4.7671321747275135	4.7671321747275135	0.09109212816953825	5.498496337541863	0.01702176199641263	9.60288709991514	499.6412573104476	0.6293750666351565	0	0	0	0	-2.13700711650578	0.001397098802463073	-4.424493673039962	-401.14030726739196	-0.24683209245432708
1.8	4.7671321747275135	4.7671321747275135	4.7671321747275135	0.09109212816953825	5.498496337541862	0.01702176199641263	9.60288709991514	499.6412573104476	0.6293750666351565	0	0	0	0	-2.151616754849111	0.0014184040324470284	-4.448460409761533	-406.94662957825585	-0.2467048010322717
1.9	4.7671321747275135	4.7671321747275135	4.7671321747275135	0.09109212816953825	5.498496337541862	0.01702176199641263	9.60288709991514	499.6412573104476	0.6293750666351565	0	0	0	0	-2.1634302689738383	0.001436449573059469	-4.467840151602968	-411.8727425797003	-0.24646210264066562
2	4.7671321747275135	4.7671321747275135	4.7671321747275135	0.09109212816953825	5.498496337541862	0.01702176199641263	9.60288709991514	499.6412573104476	0.6293750666351565	0	0	0	0	-2.1730067177992303	0.0014517179580296048	-4.483550056967571	-416.0468337036939	-0.24615014842869862
2.1	4.7671321747275135	4.7671321747275135	4.7671321747275135	0.09109212816953824	5.498496337541862	0.017021761996412626	9.60288709991514	499.6412573104476	0.6293750666351565	0	0	0	0	-2.180759929860414	0.0014646067875335525	-4.49626898225965	-419.5752074300969	-0.24579890560080123
2.2	4.7671321747275135	4.7671321747275135	4.7671321747275135	0.09109212816953824	5.498496337541862	0.017021761996412626	9.60288709991514	499.6412573104476	0.6293750666351565	0	0	0	0	-2.187029485367972	0.0014754632693234353	-4.50655401219171	-422.55101356385353	-0.2454305287717785
2.3	4.7671321747275135	4.7671321747275135	4.7671321747275135	0.09109212816953827	5.498496337541862	0.01702176199641263	9.60288709991514	499.6412573104476	0.6293750666351564	0	0	0	0	-2.1921184663304776	0.0014846090357922164	-4.514902343067992	-425.0607064008617	-0.2450634133111393
2.4	4.7671321747275135	4.7671321747275135	4.7671321747275135	0.09109212816953828	5.498496337541861	0.01702176199641264	9.60288709991514	499.6412573104476	0.6293750666351565	0	0	0	0	-2.1962322951095636	0.0014922881794618792	-4.5216509608204225	-427.1702553366604	-0.24470668773123355
2.5	4.7671321747275135	4.7671321747275135	4.7671321747275135	0.09109212816953827	5.498496337541861	0.017021761996412636	9.60288709991514	499.64125731044754	0.6293750666351564	0	0	0	0	-2.199560472457705	0.0014987296731767852	-4.527110742824218	-428.94159084204733	-0.2443681798914627
2.6	4.7671321747275135	4.7671321747275135	4.7671321747275135	0.09109212816953825	5.498496337541862	0.017021761996412636	9.60288709991514	499.6412573104476	0.6293750666351565	0	0	0	0	-2.2022638641471195	0.0015041372982343092	-4.531545579966367	-430.42994154110977	-0.2440532435088806
2.7	4.7671321747275135	4.7671321747275135	4.7671321747275135	0.09109212816953825	5.498496337541863	0.01702176199641264	9.602887099915142	499.64125731044754	0.6293750666351565	0	0	0	0	-2.2044481857359526	0.0015086594277439194	-4.535128895107098	-431.67568595214516	-0.24376319707110375
2.8	4.7671321747275135	4.7671321747275135	4.7671321747275135	0.09109212816953825	5.498496337541863	0.017021761996412633	9.602887099915142	499.64125731044754	0.6293750666351565	0	0	0	0	-2.2062133231926446	0.0015124371406781997	-4.538024553859334	-432.7172276584772	-0.24349908478830792
2.9	4.767132174727514	4.767132174727514	4.767132174727514	0.09109212816953821	5.498496337541865	0.017021761996412643	9.602887099915144	499.64125731044754	0.6293750666351565	0	0	0	0	-2.207648984720469	0.0015156009076248088	-4.540379715481305	-433.59011922110346	-0.24326125438039448
3	4.7671321747275135	4.7671321747275135	4.7671321747275135	0.09109212816953809	5.4984963375418685	0.017021761996412664	9.602887099915145	499.64125731044743	0.6293750666351562	0	0	0	0	-2.208810573589338	0.0015182404946256108	-4.542285263190729	-434.31891328966816	-0.2430483428547872
3.1	4.7671321747275135	4.7671321747275135	4.7671321747275135	0.09109212816953804	5.498496337541869	0.017021761996412674	9.602887099915147	499.6412573104473	0.629375066635156	0	0	0	0	-2.2097470776226547	0.0015204361993126682	-4.543821568644854	-434.9255838572239	-0.24285890619347758
3.2	4.7671321747275135	4.7671321747275135	4.7671321747275135	0.0910921281695381	5.498496337541865	0.01702176199641266	9.602887099915145	499.64125731044743	0.6293750666351561	0	0	0	0	-2.2105069577171657	0.0015222677305128866	-4.545068134709491	-435.43194492775933	-0.2426914682408606
3.3	4.767132174727514	4.767132174727514	4.767132174727514	0.09109212816953773	5.498496337541851	0.017021761996412726	9.602887099915156	499.64125731044766	0.6293750666351555	0	0	0	0	-2.211125219961381	0.0015237971034000582	-4.546082357270558	-435.85499761753647	-0.242544139948858
3.4	4.7671321747275135	4.7671321747275135	4.7671321747275135	0.09109212816953718	5.498496337541839	0.017021761996412817	9.602887099915172	499.6412573104477	0.6293750666351546	0	0	0	0	-2.2116242352588187	0.0015250669499053873	-4.546900950011621	-436.2064652507405	-0.2424150671300523
3.5	4.7671321747275135	4.7671321747275135	4.7671321747275135	0.09109212816953703	5.498496337541838	0.01702176199641284	9.602887099915174	499.6412573104476	0.6293750666351544	0	0	0	0	-2.2120260777626077	0.0015261190171835283	-4.5475601529942296	-436.4978295317423	-0.24230246200894773
3.6	4.7671321747275135	4.7671321747275135	4.7671321747275135	0.09109212816953727	5.498496337541816	0.01702176199641281	9.602887099915167	499.6412573104481	0.6293750666351549	0	0	0	0	-2.212352579980153	0.0015269947471114077	-4.548095784012528	-436.74047955272334	-0.24220452863183622
3.7	4.7671321747275135	4.7671321747275135	4.7671321747275135	0.09109212816953337	5.498496337541403	0.017021761996413524	9.602887099915272	499.6412573104561	0.6293750666351484	0	0	0	0	-2.212618927394196	0.001527725423928555	-4.548532528587906	-436.9429457537447	-0.2421195211097939
3.8	4.7671321747275135	4.7671321747275135	4.7671321747275135	0.09109212816952746	5.498496337540828	0.0170217619964146	9.60288709991543	499.6412573104671	0.6293750666351389	0	0	0	0	-2.2128340845019308	0.0015283308398409202	-4.548885198466786	-437.11073220553527	-0.24204605061748685
3.9	4.7671321747275135	4.7671321747275135	4.7671321747275135	0.0910921281695238	5.498496337540494	0.017021761996415256	9.602887099915527	499.6412573104734	0.6293750666351329	0	0	0	0	-2.2130069236923435	0.0015288302609265884	-4.549168556914623	-437.2492352489524	-0.2419827892342747
4	4.7671321747275135	4.7671321747275135	4.7671321747275135	0.09109212816952664	5.498496337540805	0.01702176199641472	9.602887099915453	499.6412573104674	0.6293750666351379	0	0	0	0	-2.2131463173544192	0.0015292429532636433	-4.549397367196866	-437.3638512248536	-0.24192840903951723
4.1	4.7671321747275135	4.7671321747275135	4.7671321747275135	0.09109212816949382	5.49849633753426	0.01702176199642311	9.602887099916327	499.6412573106056	0.6293750666350642	0	0	0	0	-2.2132615944990355	0.0015295903142638655	-4.549584864113041	-437.4595200884533	-0.24188164268359363
4.2	4.7671321747275135	4.7671321747275135	4.7671321747275135	0.09109212816936364	5.498496337510561	0.01702176199645477	9.602887099919798	499.64125731110175	0.6293750666347854	0	0	0	0	-2.2133584628697354	0.001529887208554966	-4.549737377700142	-437.5389670896723	-0.2418415709821349
4.3	4.7671321747275135	4.7671321747275135	4.7671321747275135	0.09109212816921147	5.498496337483294	0.017021761996491438	9.602887099923857	499.6412573116717	0.6293750666344626	0	0	0	0	-2.2134378580012575	0.0015301355274455924	-4.549860146062321	-437.6044541938232	-0.2418073848819264
4.4	4.7671321747275135	4.7671321747275135	4.7671321747275135	0.09109212816911742	5.498496337466869	0.017021761996513722	9.602887099926363	499.6412573120142	0.6293750666342661	0	0	0	0	-2.213500604432447	0.0015303368181389346	-4.5499584596303	-437.65825642336165	-0.24177827450669673
4.5	4.7671321747275135	4.7671321747275135	4.7671321747275135	0.09109212816916168	5.498496337475693	0.017021761996502238	9.602887099925185	499.6412573118279	0.629375066634367	0	0	0	0	-2.2135475267021496	0.0015304926278381815	-4.550037608834795	-437.7026488007436	-0.24175342998017432
4.6	4.7671321747275135	4.7671321747275135	4.7671321747275135	0.09109212816937023	5.498496337513613	0.01702176199645157	9.602887099919622	499.64125731103417	0.6293750666348131	0	0	0	0	-2.213580898311385	0.0015306086455194826	-4.550102600898431	-437.7397704492519	-0.24173210352439406
4.7	4.7671321747275135	4.7671321747275135	4.7671321747275135	0.09109212816944642	5.498496337523915	0.017021761996436853	9.602887099917588	499.6412573108258	0.6293750666349432	0	0	0	0	-2.213610872801999	0.0015307131921116583	-4.5501555160198	-437.77048375359857	-0.24171403528701482
4.8	4.7671321747275135	4.7671321747275135	4.7671321747275135	0.09109212816948022	5.498496337529474	0.01702176199642903	9.602887099916687	499.64125731071067	0.6293750666350124	0	0	0	0	-2.2136359487881965	0.001530801462694505	-4.5501983124289875	-437.7958136939518	-0.2416987259525836
4.9	4.7671321747275135	4.7671321747275135	4.7671321747275135	0.09109212816951318	5.498496337536269	0.017021761996420096	9.602887099915808	499.6412573105667	0.6293750666350908	0	0	0	0	-2.2136561175389313	0.0015308738086987621	-4.550233018527701	-437.81675597898357	-0.2416857353540038
5	4.767132174727513	4.767132174727513	4.767132174727513	0.09109212816951998	5.4984963375371745	0.01702176199641886	9.602887099915627	499.6412573105484	0.6293750666351017	0	0	0	0	-2.213673021639722	0.0015309352524350143	-4.55026108407111	-437.83401187996003	-0.24167475928281565
5.1	4.767132174727513	4.767132174727513	4.767132174727513	0.09109212816953063	5.498496337539914	0.017021761996415224	9.60288709991534	499.6412573104894	0.6293750666351337	0	0	0	0	-2.2136865685191127	0.001530985404004111	-4.550283830763344	-437.848263510625	-0.2416654673348304
5.2	4.7671321747275135	4.7671321747275135	4.7671321747275135	0.09109212816953338	5.498496337540451	0.017021761996414548	9.60288709991527	499.64125731047807	0.6293750666351395	0	0	0	0	-2.2136977108247	0.0015310273354608556	-4.550302245029484	-437.8600126437844	-0.2416576233460495
5.3	4.767132174727513	4.767132174727513	4.767132174727513	0.0910921281695357	5.4984963375411064	0.017021761996413653	9.602887099915208	499.6412573104638	0.6293750666351473	0	0	0	0	-2.2137067264987884	0.0015310618568591197	-4.5503171487159175	-437.86969740152676	-0.2416510039724444
5.4	4.7671321747275135	4.7671321747275135	4.7671321747275135	0.09109212816953699	5.498496337541457	0.01702176199641319	9.602887099915174	499.6412573104563	0.6293750666351514	0	0	0	0	-2.213714052883086	0.0015310903922581957	-4.550329229787912	-437.8776865558465	-0.24164542026440072
5.5	4.7671321747275135	4.7671321747275135	4.7671321747275135	0.09109212816953738	5.498496337541559	0.017021761996413063	9.602887099915163	499.641257310454	0.6293750666351526	0	0	0	0	-2.213719996108209	0.001531113939901241	-4.550338998622098	-437.8842627045685	-0.24164072000103706
5.6	4.7671321747275135	4.7671321747275135	4.7671321747275135	0.0910921281695379	5.498496337541737	0.017021761996412803	9.602887099915149	499.64125731045016	0.6293750666351549	0	0	0	0	-2.2137248095561852	0.0015311333311533255	-4.550346920568243	-437.88968634581045	-0.24163676058078642
5.7	4.7671321747275135	4.7671321747275135	4.7671321747275135	0.09109212816953802	5.498496337541763	0.017021761996412765	9.602887099915147	499.64125731044965	0.6293750666351552	0	0	0	0	-2.213728712573522	0.0015311493201140784	-4.55035332846656	-437.8941492348827	-0.24163343269467816
5.8	4.7671321747275135	4.7671321747275135	4.7671321747275135	0.09109212816953816	5.49849633754182	0.01702176199641269	9.602887099915142	499.64125731044845	0.6293750666351557	0	0	0	0	-2.2137318726790745	0.0015311624783132733	-4.5503585195049325	-437.897824977543	-0.2416306353023823
5.9	4.7671321747275135	4.7671321747275135	4.7671321747275135	0.09109212816953818	5.498496337541835	0.01702176199641267	9.602887099915144	499.64125731044805	0.629375066635156	0	0	0	0	-2.2137344342460863	0.0015311733169503365	-4.550362723974811	-437.90085104011325	-0.24162828600389238
6	4.7671321747275135	4.7671321747275135	4.7671321747275135	0.09109212816953766	5.498496337541597	0.01702176199641305	9.602887099915156	499.64125731045334	0.6293750666351525	0	0	0	0	-2.2137365192458436	0.001531182284687016	-4.550366125327265	-437.90333945552453	-0.24162631562290726
6.1	4.7671321747275135	4.7671321747275135	4.7671321747275135	0.09109212816951515	5.498496337531662	0.017021761996428884	9.602887099915757	499.6412573106734	0.629375066635012	0	0	0	0	-2.2137386903625793	0.0015311918378682157	-4.5503688727271125	-437.90538570343494	-0.24162466710529157
6.2	4.7671321747275135	4.7671321747275135	4.7671321747275135	0.09109212816946671	5.498496337510286	0.01702176199646295	9.60288709991705	499.64125731114666	0.6293750666347094	0	0	0	0	-2.2137410870497605	0.0015312025698183294	-4.550371051271797	-437.9070460505932	-0.24162330296047385
6.3	4.7671321747275135	4.7671321747275135	4.7671321747275135	0.09109212816940195	5.49849633748172	0.01702176199650847	9.602887099918776	499.64125731177916	0.6293750666343051	0	0	0	0	-2.213743544938358	0.0015312137104576968	-4.550372739305361	-437.9083709145525	-0.241622187112212
6.4	4.7671321747275135	4.7671321747275135	4.7671321747275135	0.09109212816933046	5.4984963374502165	0.01702176199655866	9.602887099920686	499.6412573124767	0.6293750666338592	0	0	0	0	-2.2137458996593438	0.0015312244897066577	-4.550374015171852	-437.9094107128664	-0.24162128348426387
6.5	4.7671321747275135	4.7671321747275135	4.7671321747275135	0.09109212816926189	5.498496337420025	0.01702176199660673	9.602887099922512	499.64125731314516	0.6293750666334322	0	0	0	0	-2.2137479868436896	0.001531234137485552	-4.550374957215312	-437.910215863088	-0.24162055600038726
6.6	4.7671321747275135	4.7671321747275135	4.7671321747275135	0.09109212816920584	5.498496337395398	0.01702176199664592	9.602887099924008	499.64125731369035	0.6293750666330842	0	0	0	0	-2.213749642122368	0.001531241883714719	-4.550375643779787	-437.91083678277073	-0.24161996858434004
6.7	4.7671321747275135	4.7671321747275135	4.7671321747275135	0.09109212816917192	5.4984963373805895	0.01702176199666942	9.602887099924912	499.6412573140181	0.6293750666328753	0	0	0	0	-2.2137507011263504	0.0015312469583144987	-4.550376153209318	-437.9113238894679	-0.24161948515988008
6.8	4.7671321747275135	4.7671321747275135	4.7671321747275135	0.09109212816916974	5.498496337379848	0.017021761996670468	9.60288709992497	499.6412573140343	0.629375066632866	0	0	0	0	-2.213750999486609	0.0015312485912052304	-4.550376563847951	-437.91172760073266	-0.24161906965076518
6.9	4.7671321747275135	4.7671321747275135	4.7671321747275135	0.09109212816920892	5.498496337397427	0.017021761996642272	9.602887099923926	499.64125731364476	0.6293750666331166	0	0	0	0	-2.213750372834116	0.001531246012307254	-4.550376954039732	-437.91209833411847	-0.24161868598075323
7	4.7671321747275135	4.7671321747275135	4.7671321747275135	0.09109212816929907	5.498496337437575	0.01702176199657806	9.60288709992152	499.6412573127555	0.6293750666336871	0	0	0	0	-2.2137486567998423	0.001531238451540909	-4.550377402128702	-437.9124865071785	-0.24161829807360208
7.1	4.7671321747275135	4.7671321747275135	4.7671321747275135	0.09109212816943482	5.4984963374976985	0.017021761996482133	9.6028870999179	499.64125731142406	0.6293750666345393	0	0	0	0	-2.2137460044245927	0.0015312265833952675	-4.550377964573593	-437.9129250703516	-0.24161788733397707
7.2	4.7671321747275135	4.7671321747275135	4.7671321747275135	0.0910921281694926	5.498496337521892	0.017021761996444562	9.602887099916359	499.64125731088944	0.6293750666348725	0	0	0	0	-2.2137450371669654	0.0015312222948802824	-4.550378468539372	-437.91328107002505	-0.24161758553908627
7.3	4.7671321747275135	4.7671321747275135	4.7671321747275135	0.0910921281695163	5.498496337532056	0.017021761996428474	9.602887099915725	499.6412573106646	0.6293750666350155	0	0	0	0	-2.2137447630036027	0.0015312209939452803	-4.550378876343651	-437.91356226642023	-0.24161735353880076
7.4	4.7671321747275135	4.7671321747275135	4.7671321747275135	0.09109212816952915	5.49849633753773	0.01702176199641938	9.602887099915383	499.64125731053906	0.6293750666350963	0	0	0	0	-2.2137446815320154	0.001531220544247723	-4.550379206833131	-437.91379073304205	-0.24161716485398554
7.5	4.7671321747275135	4.7671321747275135	4.7671321747275135	0.0910921281695336	5.498496337539683	0.017021761996416248	9.602887099915264	499.64125731049575	0.629375066635124	0	0	0	0	-2.2137447459654314	0.0015312207681866818	-4.550379474199698	-437.9139757335019	-0.24161701237085184
7.6	4.7671321747275135	4.7671321747275135	4.7671321747275135	0.09109212816953643	5.498496337540998	0.017021761996414062	9.602887099915192	499.64125731046664	0.6293750666351435	0	0	0	0	-2.213744815723463	0.0015312210263892614	-4.550379690913924	-437.91412777970623	-0.2416168852732847
7.7	4.7671321747275135	4.7671321747275135	4.7671321747275135	0.09109212816953727	5.498496337541378	0.017021761996413448	9.602887099915169	499.6412573104582	0.6293750666351491	0	0	0	0	-2.213744903737483	0.0015312213872888173	-4.550379866219479	-437.9142521265507	-0.24161678030742267
7.8	4.7671321747275135	4.7671321747275135	4.7671321747275135	0.09109212816953788	5.49849633754168	0.01702176199641293	9.602887099915153	499.6412573104516	0.6293750666351536	0	0	0	0	-2.213744976779295	0.0015312216902043198	-4.550380008316697	-437.9143545156267	-0.24161669247354597
7.9	4.7671321747275135	4.7671321747275135	4.7671321747275135	0.09109212816953807	5.49849633754176	0.017021761996412796	9.602887099915145	499.64125731044976	0.6293750666351549	0	0	0	0	-2.2137450430529473	0.0015312219739277595	-4.550380123273279	-437.9144385435424	-0.2416166193717947
8	4.7671321747275135	4.7671321747275135	4.7671321747275135	0.09109212816953817	5.498496337541824	0.01702176199641269	9.602887099915142	499.64125731044834	0.6293750666351557	0	0	0	0	-2.2137450970392964	0.0015312222082160896	-4.550380216436754	-437.9145077116298	-0.24161655823741202
8.1	4.7671321747275135	4.7671321747275135	4.7671321747275135	0.09109212816953823	5.498496337541842	0.01702176199641266	9.602887099915142	499.641257310448	0.629375066635156	0	0	0	0	-2.21374514218729	0.0015312224079906882	-4.550380291822911	-437.91456453738317	-0.2416165072438237
8.2	4.7671321747275135	4.7671321747275135	4.7671321747275135	0.09109212816953823	5.498496337541853	0.01702176199641264	9.602887099915142	499.64125731044777	0.6293750666351563	0	0	0	0	-2.2137451788645808	0.0015312225726696602	-4.5503803528990625	-437.91461128267133	-0.2416164646458384
8.3	4.7671321747275135	4.7671321747275135	4.7671321747275135	0.09109212816953821	5.498496337541857	0.017021761996412633	9.602887099915142	499.6412573104476	0.6293750666351563	0	0	0	0	-2.21374520882497	0.0015312227093570152	-4.550380402338006	-437.9146496956529	-0.24161642910690645
8.4	4.7671321747275135	4.7671321747275135	4.7671321747275135	0.09109212816953292	5.498496337538145	0.01702176199641648	9.602887099915282	499.641257310531	0.6293750666351231	0	0	0	0	-2.213745313572232	0.0015312232558279165	-4.550380441217389	-437.91467894913495	-0.2416164036224483
8.5	4.7671321747275135	4.7671321747275135	4.7671321747275135	0.09109212816949859	5.498496337514056	0.01702176199644142	9.602887099916197	499.64125731107197	0.6293750666349079	0	0	0	0	-2.213745854854551	0.0015312261622680951	-4.550380465800575	-437.9146896381555	-0.24161640607739057
8.6	4.7671321747275135	4.7671321747275135	4.7671321747275135	0.09109212816943787	5.49849633747148	0.01702176199648549	9.602887099917817	499.641257312028	0.6293750666345278	0	0	0	0	-2.2137467921940206	0.0015312312096705733	-4.550380477357265	-437.91468346792817	-0.24161643388259313
8.7	4.767132174727514	4.767132174727514	4.767132174727514	0.09109212816935731	5.498496337414991	0.017021761996543948	9.602887099919965	499.64125731329653	0.6293750666340236	0	0	0	0	-2.213748027040186	0.0015312378657823273	-4.55038047795952	-437.9146637979326	-0.24161648145545855
8.8	4.7671321747275135	4.7671321747275135	4.7671321747275135	0.09109212816926342	5.49849633734916	0.017021761996612043	9.60288709992247	499.6412573147748	0.6293750666334362	0	0	0	0	-2.2137494608425907	0.0015312455983503325	-4.550380469679394	-437.9146339876488	-0.2416165432133896
8.9	4.7671321747275135	4.7671321747275135	4.7671321747275135	0.09109212816916268	5.498496337278562	0.017021761996685033	9.602887099925157	499.64125731636	0.6293750666328067	0	0	0	0	-2.21375099505078	0.0015312538751215657	-4.550380454588945	-437.9145973965565	-0.24161661357378894
9	4.7671321747275135	4.7671321747275135	4.7671321747275135	0.09109212816906166	5.498496337207768	0.017021761996758176	9.60288709992785	499.6412573179497	0.6293750666321759	0	0	0	0	-2.213752531114298	0.0015312621638430032	-4.55038043476023	-437.9145573841358	-0.24161668695405933
9.1	4.7671321747275135	4.7671321747275135	4.7671321747275135	0.09109212816896683	5.498496337141349	0.01702176199682672	9.60288709993038	499.641257319441	0.6293750666315847	0	0	0	0	-2.2137539704826885	0.0015312699322616208	-4.550380412265305	-437.91451730986626	-0.24161675777160332
9.2	4.7671321747275135	4.7671321747275135	4.7671321747275135	0.09109212816888472	5.498496337083881	0.017021761996885924	9.602887099932568	499.6412573207313	0.6293750666310741	0	0	0	0	-2.213755214605497	0.0015312766481243953	-4.550380389176228	-437.9144805332281	-0.2416168204438238
9.3	4.7671321747275135	4.7671321747275135	4.7671321747275135	0.09109212816882183	5.498496337039935	0.017021761996931048	9.602887099934245	499.641257321718	0.6293750666306852	0	0	0	0	-2.213756164932267	0.0015312817791783026	-4.550380367565054	-437.91445041370093	-0.24161686938812335
9.4	4.7671321747275135	4.7671321747275135	4.7671321747275135	0.0910921281687847	5.4984963370140845	0.017021761996957336	9.602887099935236	499.64125732229826	0.6293750666304587	0	0	0	0	-2.2137567229125437	0.0015312847931703184	-4.550380349503842	-437.91443031076477	-0.24161689902190472
9.5	4.7671321747275135	4.7671321747275135	4.7671321747275135	0.09109212816877983	5.498496337010901	0.017021761996960053	9.602887099935366	499.6412573223696	0.6293750666304357	0	0	0	0	-2.2137567899958706	0.00153128515784742	-4.550380337064648	-437.91442358389946	-0.24161690376257058
9.6	4.7671321747275135	4.7671321747275135	4.7671321747275135	0.09109212816881372	5.498496337034959	0.017021761996934448	9.602887099934462	499.64125732182913	0.629375066630657	0	0	0	0	-2.213756267631793	0.0015312823409565825	-4.550380332319529	-437.9144335925848	-0.2416168780275236
9.7	4.7671321747275135	4.7671321747275135	4.7671321747275135	0.09109212816889292	5.4984963370908275	0.017021761996875776	9.60288709993235	499.6412573205743	0.6293750666311636	0	0	0	0	-2.213755057269855	0.0015312758102447826	-4.550380337340541	-437.9144636963008	-0.24161681623416653
9.8	4.7671321747275135	4.7671321747275135	4.7671321747275135	0.09109212816902391	5.498496337183085	0.017021761996779298	9.602887099928857	499.6412573185024	0.6293750666319966	0	0	0	0	-2.2137530603596005	0.0015312650334589966	-4.550380354199741	-437.91451725452725	-0.24161671279990202
9.9	4.7671321747275135	4.7671321747275135	4.7671321747275135	0.09109212816921324	5.498496337316299	0.017021761996640263	9.602887099923809	499.64125731551076	0.6293750666331965	0	0	0	0	-2.213750178350575	0.0015312494783462007	-4.550380384969188	-437.91459762674407	-0.24161656214213278
10	4.7671321747275135	4.7671321747275135	4.7671321747275135	0.09109212816939743	5.498496337443804	0.017021761996512837	9.602887099918895	499.64125731264846	0.6293750666342925	0	0	0	0	-2.213747381221707	0.00153123452482273	-4.550380426769936	-437.9146813568404	-0.2416164142880948
10.1	4.7671321747275135	4.7671321747275135	4.7671321747275135	0.09109212816940168	5.498496337439681	0.017021761996536006	9.602887099918783	499.641257312745	0.6293750666340789	0	0	0	0	-2.213747338328646	0.0015312347805137819	-4.5503804621872295	-437.9146991907466	-0.24161640772268253
10.2	4.7671321747275135	4.7671321747275135	4.7671321747275135	0.0910921281694076	5.498496337442299	0.01702176199653711	9.602887099918625	499.6412573126871	0.6293750666340668	0	0	0	0	-2.2137472653527617	0.0015312344606676148	-4.550380490803896	-437.91471482642095	-0.24161639712378657
10.3	4.7671321747275135	4.7671321747275135	4.7671321747275135	0.09109212816947777	5.4984963374950695	0.017021761996473282	9.602887099916753	499.6412573115003	0.6293750666346241	0	0	0	0	-2.213746203662459	0.001531228455872808	-4.550380514027029	-437.91475082489956	-0.241616335227836
10.4	4.7671321747275135	4.7671321747275135	4.7671321747275135	0.0910921281694764	5.498496337491108	0.017021761996486456	9.60288709991679	499.64125731159095	0.6293750666345039	0	0	0	0	-2.2137462356999666	0.0015312288319514718	-4.550380532818801	-437.91475968924397	-0.24161633316732442
10.5	4.7671321747275135	4.7671321747275135	4.7671321747275135	0.09109212816949469	5.498496337505881	0.017021761996465493	9.602887099916304	499.64125731125813	0.6293750666346889	0	0	0	0	-2.2137459648737376	0.0015312272064649515	-4.5503805480165695	-437.9147738607578	-0.24161631345157478
10.6	4.767132174727513	4.767132174727513	4.767132174727513	0.09109212816951387	5.498496337520994	0.017021761996445457	9.60288709991579	499.641257310918	0.6293750666348649	0	0	0	0	-2.2137456785708065	0.0015312255244252443	-4.550380560349069	-437.9147870307165	-0.24161629392954295
10.7	4.7671321747275135	4.7671321747275135	4.7671321747275135	0.09109212816951151	5.498496337517994	0.017021761996452958	9.602887099915852	499.64125731098613	0.6293750666347971	0	0	0	0	-2.2137457204230895	0.001531225839971997	-4.550380570316659	-437.914791513408	-0.24161629345753385
10.8	4.7671321747275135	4.7671321747275135	4.7671321747275135	0.0910921281695239	5.4984963375290405	0.017021761996434282	9.602887099915522	499.6412573107368	0.6293750666349636	0	0	0	0	-2.2137455358244633	0.0015312246563307646	-4.55038057839153	-437.91480026094314	-0.24161627965354213
10.9	4.7671321747275135	4.7671321747275135	4.7671321747275135	0.09109212816952773	5.498496337532014	0.017021761996430695	9.60288709991542	499.64125731066986	0.6293750666349948	0	0	0	0	-2.2137454807775407	0.0015312243317174982	-4.5503805849400845	-437.9148052536194	-0.24161627422829884
11	4.767132174727514	4.767132174727514	4.767132174727514	0.09109212816952733	5.4984963375313844	0.017021761996432617	9.602887099915431	499.64125731068424	0.6293750666349774	0	0	0	0	-2.2137454899034403	0.0015312244018227852	-4.550380590231319	-437.9148081190832	-0.24161627282558457
11.1	4.7671321747275135	4.7671321747275135	4.7671321747275135	0.0910921281695332	5.498496337536987	0.017021761996422	9.602887099915275	499.64125731055765	0.6293750666350724	0	0	0	0	-2.2137454030111843	0.0015312238148317025	-4.55038059452337	-437.91481265963154	-0.2416162656675815
11.2	4.7671321747275135	4.7671321747275135	4.7671321747275135	0.0910921281695336	5.498496337537127	0.017021761996422444	9.602887099915264	499.6412573105546	0.6293750666350683	0	0	0	0	-2.2137453992478355	0.0015312238005219568	-4.55038059799917	-437.914814846104	-0.24161626407485584
11.3	4.7671321747275135	4.7671321747275135	4.7671321747275135	0.09109212816953427	5.4984963375377625	0.017021761996421265	9.602887099915247	499.64125731054025	0.6293750666350788	0	0	0	0	-2.213745390636567	0.0015312237386734186	-4.550380600807058	-437.9148167751161	-0.24161626227225264
11.4	4.767132174727514	4.767132174727514	4.767132174727514	0.09109212816953632	5.498496337539843	0.017021761996417	9.602887099915193	499.64125731049324	0.6293750666351172	0	0	0	0	-2.2137453605451425	0.001531223525726717	-4.5503806030852845	-437.9148188976711	-0.24161625926581431
11.5	4.7671321747275135	4.7671321747275135	4.7671321747275135	0.09109212816953617	5.498496337539622	0.017021761996417764	9.602887099915195	499.64125731049813	0.6293750666351101	0	0	0	0	-2.2137453635821926	0.0015312235504194836	-4.550380604928343	-437.91482000692247	-0.24161625862220917
11.6	4.7671321747275135	4.7671321747275135	4.7671321747275135	0.091092128169536	5.498496337539343	0.017021761996418715	9.602887099915199	499.6412573105045	0.6293750666351015	0	0	0	0	-2.2137453670826215	0.0015312235799013292	-4.5503806064193455	-437.91482089827633	-0.2416162581621851
11.7	4.7671321747275135	4.7671321747275135	4.7671321747275135	0.0910921281695105	5.49849633750912	0.01702176199649657	9.60288709991588	499.6412573111898	0.6293750666343961	0	0	0	0	-2.213745755853917	0.0015312266156405643	-4.550380607634405	-437.9148127666798	-0.24161628564564647
11.8	4.7671321747275135	4.7671321747275135	4.7671321747275135	0.09109212816946324	5.498496337453274	0.017021761996639972	9.602887099917139	499.641257312456	0.6293750666330968	0	0	0	0	-2.2137464753879743	0.001531232226222049	-4.550380608617262	-437.91479688953353	-0.24161633706299016
11.9	4.7671321747275135	4.7671321747275135	4.7671321747275135	0.09109212816941516	5.498496337396556	0.017021761996785345	9.602887099918421	499.64125731374185	0.6293750666317799	0	0	0	0	-2.213747207079397	0.0015312379259165136	-4.550380609404782	-437.914780611805	-0.2416163893906202
12	4.7671321747275135	4.7671321747275135	4.7671321747275135	0.09109212816938723	5.49849633736372	0.017021761996869108	9.602887099919167	499.6412573144862	0.629375066631021	0	0	0	0	-2.2137476323227894	0.0015312412289946891	-4.550380610033831	-437.91477127846093	-0.24161641960494062
12.1	4.7671321747275135	4.7671321747275135	4.7671321747275135	0.09109212816940038	5.498496337379522	0.017021761996827676	9.602887099918817	499.64125731412787	0.6293750666313966	0	0	0	0	-2.213747432512756	0.001531239649727306	-4.550380610541275	-437.9147762344686	-0.2416164046823554
12.2	4.767132174727513	4.767132174727513	4.767132174727513	0.09109212816946938	5.498496337461256	0.017021761996617108	9.602887099916977	499.64125731227466	0.6293750666333046	0	0	0	0	-2.2137463832317748	0.001531231447731693	-4.550380610963097	-437.91480065907774	-0.24161632850022804
12.3	4.767132174727513	4.767132174727513	4.767132174727513	0.09109212816949637	5.498496337491375	0.017021761996546043	9.602887099916256	499.64125731159237	0.6293750666339464	0	0	0	0	-2.2137459729024673	0.0015312283806938908	-4.550380611310946	-437.91481034327757	-0.2416162999076707
12.4	4.7671321747275135	4.7671321747275135	4.7671321747275135	0.09109212816949613	5.498496337489739	0.01702176199655485	9.602887099916265	499.6412573116299	0.6293750666338654	0	0	0	0	-2.213745977149299	0.0015312285135566624	-4.550380611592175	-437.914810451804	-0.24161630096865505
12.5	4.7671321747275135	4.7671321747275135	4.7671321747275135	0.09109212816951871	5.498496337517641	0.017021761996478865	9.60288709991566	499.64125731099693	0.6293750666345551	0	0	0	0	-2.213745633762186	0.0015312257418299646	-4.550380611819316	-437.9148185159041	-0.24161627515198458
12.6	4.7671321747275135	4.7671321747275135	4.7671321747275135	0.09109212816952224	5.498496337521278	0.017021761996471714	9.602887099915568	499.64125731091457	0.6293750666346192	0	0	0	0	-2.2137455799586987	0.001531225363623066	-4.55038061200261	-437.9148198923863	-0.24161627152987003
12.7	4.7671321747275135	4.7671321747275135	4.7671321747275135	0.09109212816952493	5.498496337524555	0.017021761996462995	9.602887099915495	499.64125731084033	0.6293750666346982	0	0	0	0	-2.213745538903604	0.0015312250369200707	-4.550380612150916	-437.91482095088725	-0.24161626840056885
12.8	4.7671321747275135	4.7671321747275135	4.7671321747275135	0.09109212816953204	5.498496337533678	0.017021761996436832	9.602887099915305	499.64125731063314	0.6293750666349361	0	0	0	0	-2.2137454311929026	0.0015312241395288445	-4.550380612272621	-437.91482352161313	-0.24161626000062317
12.9	4.7671321747275135	4.7671321747275135	4.7671321747275135	0.09109212816953212	5.498496337533496	0.017021761996438407	9.602887099915305	499.6412573106375	0.6293750666349216	0	0	0	0	-2.2137454303138004	0.0015312241522517666	-4.550380612371146	-437.9148236193383	-0.24161626004766887
13	4.767132174727514	4.767132174727514	4.767132174727514	0.0910921281695347	5.498496337537006	0.017021761996427614	9.602887099915234	499.64125731055776	0.62937506663502	0	0	0	0	-2.213745390992467	0.0015312238108284456	-4.550380612447776	-437.91482458691866	-0.2416162568230895
13.1	4.7671321747275135	4.7671321747275135	4.7671321747275135	0.09109212816953605	5.4984963375387546	0.01702176199642255	9.6028870999152	499.6412573105181	0.6293750666350659	0	0	0	0	-2.2137453706015786	0.0015312236394362136	-4.550380612507402	-437.91482510794145	-0.2416162551845941
13.2	4.7671321747275135	4.7671321747275135	4.7671321747275135	0.09109212816953606	5.4984963375386915	0.017021761996423003	9.602887099915199	499.64125731051956	0.6293750666350618	0	0	0	0	-2.2137453706185433	0.0015312236445334116	-4.550380612555485	-437.914825150352	-0.24161625519004684
13.3	4.767132174727513	4.767132174727513	4.767132174727513	0.09109212816953724	5.498496337540403	0.017021761996417407	9.602887099915169	499.6412573104807	0.6293750666351128	0	0	0	0	-2.2137453523429333	0.0015312234794893197	-4.550380612596206	-437.9148256056672	-0.2416162536249886
13.4	4.7671321747275135	4.7671321747275135	4.7671321747275135	0.09109212816953739	5.498496337540601	0.017021761996416925	9.602887099915163	499.6412573104762	0.6293750666351172	0	0	0	0	-2.2137453498094426	0.0015312234595886089	-4.550380612630543	-437.91482569275354	-0.24161625341175114
13.5	4.7671321747275135	4.7671321747275135	4.7671321747275135	0.09109212816953756	5.498496337540832	0.017021761996416168	9.602887099915158	499.64125731047096	0.6293750666351241	0	0	0	0	-2.2137453473434707	0.0015312234373426668	-4.550380612659429	-437.9148257731179	-0.2416162531813339
13.6	4.767132174727514	4.767132174727514	4.767132174727514	0.09109212816953792	5.498496337541367	0.017021761996414354	9.602887099915149	499.64125731045885	0.6293750666351408	0	0	0	0	-2.213745341853915	0.0015312233863287567	-4.550380612683457	-437.9148259188484	-0.2416162526879784
13.7	4.7671321747275135	4.7671321747275135	4.7671321747275135	0.09109212816953789	5.498496337541355	0.01702176199641445	9.60288709991515	499.6412573104591	0.6293750666351399	0	0	0	0	-2.21374534185646	0.0015312233873446429	-4.550380612702983	-437.91482593481743	-0.24161625268059075
13.8	4.7671321747275135	4.7671321747275135	4.7671321747275135	0.09109212816953646	5.498496337539126	0.017021761996423024	9.602887099915188	499.6412573105098	0.6293750666350614	0	0	0	0	-2.2137453622043273	0.0015312235943080437	-4.5503806127188335	-437.914825480156	-0.2416162545871562
13.9	4.7671321747275135	4.7671321747275135	4.7671321747275135	0.09109212816951286	5.498496337502841	0.01702176199656173	9.602887099915817	499.6412573113351	0.6293750666337913	0	0	0	0	-2.2137456953527157	0.001531226967005668	-4.550380612732298	-437.91481783194274	-0.2416162858722546
14	4.767132174727513	4.767132174727513	4.767132174727513	0.09109212816946995	5.4984963374368565	0.01702176199681387	9.60288709991696	499.641257312836	0.6293750666314826	0	0	0	0	-2.2137463014948144	0.001531233101291415	-4.550380612743717	-437.9148039056578	-0.2416163427852241
14.1	4.7671321747275135	4.7671321747275135	4.7671321747275135	0.09109212816941965	5.498496337359527	0.017021761997109253	9.602887099918304	499.64125731459495	0.6293750666287781	0	0	0	0	-2.213747012117056	0.0015312402909023516	-4.550380612753123	-437.9147875756799	-0.24161640949258545
14.2	4.7671321747275135	4.7671321747275135	4.7671321747275135	0.09109212816937386	5.49849633728921	0.017021761997377687	9.602887099919526	499.6412573161944	0.6293750666263205	0	0	0	0	-2.2137476587058744	0.0015312468295755437	-4.550380612760559	-437.9147727163885	-0.24161647016085966
14.3	4.7671321747275135	4.7671321747275135	4.7671321747275135	0.09109212816934456	5.49849633724426	0.01702176199754897	9.60288709992031	499.6412573172168	0.6293750666247524	0	0	0	0	-2.2137480727477032	0.0015312510110480578	-4.550380612766058	-437.9147632021625	-0.2416165089565675
14.4	4.7671321747275135	4.7671321747275135	4.7671321747275135	0.09109212816934363	5.498496337243036	0.017021761997552915	9.602887099920334	499.64125731724465	0.6293750666247164	0	0	0	0	-2.213748085728975	0.0015312511290569606	-4.550380612769656	-437.914762907381	-0.24161651004622994
14.5	4.7671321747275135	4.7671321747275135	4.7671321747275135	0.09109212816938306	5.498496337303895	0.017021761997319328	9.602887099919284	499.6412573158603	0.6293750666268553	0	0	0	0	-2.213747529136123	0.0015312454773393186	-4.550380612771394	-437.9147757064231	-0.24161645759636788
14.6	4.7671321747275135	4.7671321747275135	4.7671321747275135	0.09109212816946673	5.498496337432772	0.01702176199682607	9.602887099917051	499.64125731292876	0.6293750666313717	0	0	0	0	-2.213746347185075	0.0015312335009538256	-4.550380612771396	-437.91480288203286	-0.24161634645792948
14.7	4.7671321747275135	4.7671321747275135	4.7671321747275135	0.09109212816950273	5.49849633748698	0.017021761996623756	9.602887099916092	499.64125731169605	0.6293750666332232	0	0	0	0	-2.213745838330686	0.0015312284351288877	-4.550380612771376	-437.91481458302894	-0.24161629945360336
14.8	4.7671321747275135	4.7671321747275135	4.7671321747275135	0.09109212816951397	5.498496337503738	0.017021761996561684	9.60288709991579	499.64125731131503	0.6293750666337912	0	0	0	0	-2.213745679749562	0.001531226865839238	-4.55038061277287	-437.91481823081676	-0.2416162848920148
14.9	4.7671321747275135	4.7671321747275135	4.7671321747275135	0.09109212816952837	5.498496337526302	0.017021761996473636	9.602887099915407	499.6412573108016	0.6293750666345977	0	0	0	0	-2.213745476527848	0.0015312247779778964	-4.550380612775021	-437.9148229045399	-0.24161626551369347
15	4.7671321747275135	4.7671321747275135	4.7671321747275135	0.09109212816953127	5.498496337530662	0.017021761996457562	9.60288709991533	499.64125731070254	0.6293750666347446	0	0	0	0	-2.2137454352198773	0.001531224369638378	-4.550380612776485	-437.91482385571567	-0.2416162617237627
15.1	4.7671321747275135	4.7671321747275135	4.7671321747275135	0.09109212816953519	5.498496337536958	0.0170217619964323	9.602887099915224	499.64125731055924	0.6293750666349761	0	0	0	0	-2.213745379973255	0.0015312237906140733	-4.550380612777926	-437.91482512685934	-0.2416162563480119
15.2	4.7671321747275135	4.7671321747275135	4.7671321747275135	0.09109212816953648	5.498496337538917	0.017021761996424686	9.60288709991519	499.6412573105146	0.6293750666350459	0	0	0	0	-2.2137453622858403	0.0015312236092290062	-4.550380612777799	-437.91482553430376	-0.24161625466373907
15.3	4.7671321747275135	4.7671321747275135	4.7671321747275135	0.09109212816953725	5.498496337540189	0.017021761996419523	9.60288709991517	499.64125731048574	0.6293750666350932	0	0	0	0	-2.2137453512380914	0.0015312234925552684	-4.550380612776611	-437.91482578895653	-0.24161625357985736
15.4	4.7671321747275135	4.7671321747275135	4.7671321747275135	0.0910921281695378	5.498496337541076	0.0170217619964159	9.602887099915156	499.6412573104655	0.6293750666351264	0	0	0	0	-2.213745343580696	0.0015312234112389372	-4.550380612776786	-437.9148259656498	-0.2416162528240732
15.5	4.7671321747275135	4.7671321747275135	4.7671321747275135	0.09109212816953793	5.498496337541294	0.017021761996415048	9.602887099915153	499.6412573104606	0.6293750666351343	0	0	0	0	-2.213745341659174	0.0015312233912366546	-4.550380612778231	-437.9148260103613	-0.241616252637641
15.6	4.7671321747275135	4.7671321747275135	4.7671321747275135	0.09109212816953811	5.498496337541634	0.017021761996413597	9.602887099915147	499.64125731045283	0.6293750666351475	0	0	0	0	-2.2137453388330863	0.0015312233603862354	-4.550380612779697	-437.91482607564166	-0.24161625235069667
15.7	4.7671321747275135	4.7671321747275135	4.7671321747275135	0.09109212816953814	5.498496337541705	0.017021761996413306	9.602887099915147	499.6412573104512	0.6293750666351503	0	0	0	0	-2.2137453382215444	0.0015312233539279134	-4.550380612780866	-437.91482608998166	-0.24161625229037167
15.8	4.7671321747275135	4.7671321747275135	4.7671321747275135	0.09109212816953821	5.498496337541789	0.017021761996412945	9.602887099915145	499.6412573104492	0.6293750666351535	0	0	0	0	-2.213745337530375	0.0015312233462670413	-4.55038061278182	-437.9148261062767	-0.24161625221901345
15.9	4.7671321747275135	4.7671321747275135	4.7671321747275135	0.09109212816953821	5.498496337541818	0.0170217619964128	9.602887099915144	499.6412573104485	0.629375066635155	0	0	0	0	-2.2137453372603746	0.0015312233433098206	-4.5503806127825115	-437.9148261127324	-0.24161625219126237
16	4.7671321747275135	4.7671321747275135	4.7671321747275135	0.09109212816953795	5.498496337541604	0.017021761996413563	9.60288709991515	499.64125731045345	0.6293750666351479	0	0	0	0	-2.2137453385762886	0.0015312233588031408	-4.550380612783115	-437.91482608261975	-0.24161625233487763
16.1	4.7671321747275135	4.7671321747275135	4.7671321747275135	0.09109212816950753	5.498496337515932	0.017021761996506034	9.60288709991596	499.64125731103223	0.6293750666343023	0	0	0	0	-2.213745499426146	0.001531225242900807	-4.550380612783398	-437.9148223848223	-0.24161626983725962
16.2	4.7671321747275135	4.7671321747275135	4.7671321747275135	0.09109212816943536	5.498496337455028	0.017021761996725414	9.602887099917886	499.6412573124054	0.6293750666322961	0	0	0	0	-2.2137458810987956	0.0015312297132802433	-4.550380612783187	-437.91481361032265	-0.24161631136538342
16.3	4.7671321747275135	4.7671321747275135	4.7671321747275135	0.0910921281693338	5.498496337369334	0.017021761997034066	9.602887099920594	499.6412573143373	0.6293750666294736	0	0	0	0	-2.2137464182143733	0.0015312360039052306	-4.550380612782592	-437.91480126219585	-0.24161636980300358
16.4	4.7671321747275135	4.7671321747275135	4.7671321747275135	0.09109212816921523	5.498496337269294	0.017021761997394382	9.602887099923757	499.64125731659266	0.6293750666261785	0	0	0	0	-2.2137470453930144	0.0015312433487395505	-4.550380612781723	-437.91478684351694	-0.2416164380338747
16.5	4.7671321747275135	4.7671321747275135	4.7671321747275135	0.09109212816909197	5.49849633716535	0.017021761997768736	9.602887099927043	499.6412573189359	0.6293750666227552	0	0	0	0	-2.2137476972548535	0.0015312509817469843	-4.550380612780689	-437.9147718573607	-0.24161650894175132
16.6	4.7671321747275135	4.7671321747275135	4.7671321747275135	0.09109212816897644	5.498496337067947	0.017021761998119507	9.602887099930127	499.6412573211318	0.6293750666195476	0	0	0	0	-2.2137483084200262	0.0015312581368913136	-4.5503806127796	-437.91475780680213	-0.2416165754103881
16.7	4.7671321747275135	4.7671321747275135	4.7671321747275135	0.09109212816888095	5.498496336987525	0.017021761998409074	9.602887099932675	499.6412573229447	0.6293750666168995	0	0	0	0	-2.213748813508668	0.0015312640481363196	-4.550380612778564	-437.9147461949163	-0.2416166303235396
16.8	4.7671321747275135	4.7671321747275135	4.7671321747275135	0.09109212816881787	5.498496336934529	0.017021761998599817	9.602887099934359	499.6412573241393	0.6293750666151552	0	0	0	0	-2.2137491471409128	0.001531267949445784	-4.550380612777694	-437.9147385247779	-0.24161666656496045
16.9	4.7671321747275135	4.7671321747275135	4.7671321747275135	0.09109212816879955	5.498496336919401	0.01702176199865411	9.602887099934845	499.6412573244801	0.6293750666146587	0	0	0	0	-2.213749243936897	0.0015312690747834874	-4.550380612777096	-437.91473629946205	-0.24161667701840517
17	4.7671321747275135	4.7671321747275135	4.7671321747275135	0.09109212816883841	5.498496336952584	0.01702176199853434	9.60288709993381	499.6412573237317	0.629375066615754	0	0	0	0	-2.2137490385167538	0.001531266658113212	-4.550380612776882	-437.91474102204376	-0.24161665456762832
17.1	4.7671321747275135	4.7671321747275135	4.7671321747275135	0.09109212816894675	5.49849633704452	0.017021761998202874	9.60288709993092	499.6412573216587	0.6293750666187851	0	0	0	0	-2.2137484655006205	0.0015312599333987386	-4.55038061277716	-437.9147541955978	-0.2416165920963846
17.2	4.7671321747275135	4.7671321747275135	4.7671321747275135	0.09109212816913696	5.498496337205651	0.017021761997622103	9.602887099925848	499.64125731802557	0.6293750666240961	0	0	0	0	-2.2137474595086313	0.001531248134603849	-4.550380612778041	-437.9147773231993	-0.24161648248842857
17.3	4.767132174727513	4.767132174727513	4.767132174727513	0.09109212816937423	5.498496337405765	0.01702176199690152	9.602887099919515	499.64125731351396	0.6293750666306855	0	0	0	0	-2.213746204506619	0.0015312334392191785	-4.550380612779837	-437.91480617550167	-0.24161634597340378
17.4	4.7671321747275135	4.7671321747275135	4.7671321747275135	0.09109212816945118	5.498496337467465	0.017021761996681824	9.602887099917465	499.6412573121245	0.6293750666326942	0	0	0	0	-2.2137457974648265	0.001531228757762767	-4.550380612782209	-437.9148155333461	-0.24161630248979482
17.5	4.7671321747275135	4.7671321747275135	4.7671321747275135	0.09109212816949072	5.49849633750067	0.01702176199656211	9.60288709991641	499.6412573113761	0.6293750666337891	0	0	0	0	-2.2137455883509656	0.0015312263127845167	-4.550380612781277	-437.9148203409342	-0.24161627977701355
17.6	4.7671321747275135	4.7671321747275135	4.7671321747275135	0.09109212816951708	5.498496337523267	0.01702176199648042	9.602887099915707	499.64125731086654	0.6293750666345362	0	0	0	0	-2.2137454488651773	0.001531224670085803	-4.550380612777752	-437.9148235475734	-0.24161626451619442
17.7	4.7671321747275135	4.7671321747275135	4.7671321747275135	0.09109212816952446	5.498496337529386	0.017021761996458457	9.60288709991551	499.64125731072875	0.6293750666347372	0	0	0	0	-2.2137454098519123	0.0015312242160024896	-4.550380612776414	-437.9148244444038	-0.2416162602980237
17.8	4.7671321747275135	4.7671321747275135	4.7671321747275135	0.0910921281695328	5.498496337536932	0.017021761996430754	9.602887099915288	499.6412573105585	0.6293750666349907	0	0	0	0	-2.2137453657400235	0.0015312236858669574	-4.55038061277985	-437.9148254586554	-0.24161625537248785
17.9	4.7671321747275135	4.7671321747275135	4.7671321747275135	0.09109212816953476	5.498496337538575	0.017021761996424835	9.602887099915234	499.64125731052155	0.6293750666350448	0	0	0	0	-2.213745355485441	0.0015312235655904431	-4.550380612783054	-437.9148256944472	-0.24161625425532088
18	4.7671321747275135	4.7671321747275135	4.7671321747275135	0.09109212816953677	5.498496337540464	0.01702176199641782	9.60288709991518	499.6412573104789	0.629375066635109	0	0	0	0	-2.2137453448268416	0.001531223435744236	-4.550380612781305	-437.9148259395189	-0.24161625304878237
18.1	4.7671321747275135	4.7671321747275135	4.7671321747275135	0.0910921281695374	5.498496337541056	0.017021761996415648	9.602887099915163	499.6412573104657	0.6293750666351289	0	0	0	0	-2.2137453413542394	0.0015312233940874762	-4.5503806127804625	-437.9148260194394	-0.24161625266167794
18.2	4.7671321747275135	4.7671321747275135	4.7671321747275135	0.09109212816953782	5.498496337541444	0.017021761996414187	9.602887099915153	499.64125731045687	0.6293750666351422	0	0	0	0	-2.2137453391946895	0.0015312233675881049	-4.550380612781064	-437.9148260690843	-0.2416162524153955
18.3	4.7671321747275135	4.7671321747275135	4.7671321747275135	0.09109212816953804	5.498496337541665	0.017021761996413375	9.602887099915145	499.6412573104519	0.6293750666351496	0	0	0	0	-2.213745337988972	0.0015312233527980399	-4.550380612781953	-437.9148260966956	-0.24161625227777417
18.4	4.7671321747275135	4.7671321747275135	4.7671321747275135	0.09109212816953811	5.498496337541739	0.01702176199641311	9.602887099915144	499.6412573104503	0.629375066635152	0	0	0	0	-2.213745337591097	0.0015312233479281999	-4.550380612782726	-437.91482610589185	-0.24161625223250424
18.5	4.7671321747275135	4.7671321747275135	4.7671321747275135	0.0910921281695382	5.498496337541811	0.017021761996412824	9.602887099915144	499.64125731044874	0.6293750666351547	0	0	0	0	-2.213745337195759	0.0015312233429453574	-4.550380612783354	-437.914826115084	-0.24161625218635327
18.6	4.7671321747275135	4.7671321747275135	4.7671321747275135	0.09109212816953824	5.498496337541825	0.01702176199641276	9.60288709991514	499.6412573104484	0.6293750666351553	0	0	0	0	-2.213745337105097	0.0015312233418193842	-4.5503806127838615	-437.914826117137	-0.24161625217591678
18.7	4.7671321747275135	4.7671321747275135	4.7671321747275135	0.09109212816952647	5.49849633752891	0.017021761996460865	9.602887099915453	499.6412573107409	0.6293750666347151	0	0	0	0	-2.2137453919297925	0.0015312240575780158	-4.550380612784006	-437.9148248567	-0.24161625882979693
18.8	4.7671321747275135	4.7671321747275135	4.7671321747275135	0.0910921281694724	5.498496337469523	0.017021761996682046	9.602887099916895	499.641257312086	0.629375066632691	0	0	0	0	-2.213745644088494	0.0015312273493426648	-4.550380612783095	-437.91481905954237	-0.24161628943107577
18.9	4.7671321747275135	4.7671321747275135	4.7671321747275135	0.0910921281693845	5.498496337372987	0.017021761997041567	9.60288709991924	499.64125731427237	0.6293750666294009	0	0	0	0	-2.213746054033894	0.0015312327006608512	-4.550380612781297	-437.9148096348545	-0.2416163391786321
19	4.7671321747275135	4.7671321747275135	4.7671321747275135	0.0910921281692739	5.498496337251532	0.01702176199749386	9.602887099922192	499.6412573170231	0.629375066625262	0	0	0	0	-2.2137465698644836	0.0015312394338015496	-4.550380612778844	-437.9147977758561	-0.24161640177204086
19.1	4.7671321747275135	4.7671321747275135	4.7671321747275135	0.09109212816915174	5.498496337117391	0.017021761997993358	9.60288709992545	499.64125732006124	0.6293750666206909	0	0	0	0	-2.2137471396787527	0.0015312468710337352	-4.550380612775965	-437.9147846757665	-0.2416164709108771
19.2	4.767132174727513	4.767132174727513	4.767132174727513	0.09109212816902912	5.498496336982795	0.017021761998494485	9.60288709992872	499.6412573231096	0.629375066616105	0	0	0	0	-2.2137477115751913	0.001531254334626383	-4.550380612772886	-437.91477152780504	-0.24161654029471585
19.3	4.7671321747275135	4.7671321747275135	4.7671321747275135	0.09109212816891717	5.498496336859976	0.017021761998951678	9.602887099931708	499.6412573258912	0.6293750666119212	0	0	0	0	-2.2137482336522893	0.0015312611468484684	-4.55038061276984	-437.91475952519124	-0.24161660362313225
19.4	4.7671321747275135	4.7671321747275135	4.7671321747275135	0.09109212816882704	5.498496336761164	0.017021761999319363	9.602887099934112	499.6412573281291	0.6293750666085566	0	0	0	0	-2.213748654008536	0.0015312666299689658	-4.550380612767056	-437.9147498611447	-0.24161665459570128
19.5	4.7671321747275135	4.7671321747275135	4.7671321747275135	0.09109212816876987	5.498496336698591	0.01702176199955197	9.60288709993564	499.64125732954614	0.6293750666064278	0	0	0	0	-2.2137489207424226	0.0015312701062568507	-4.550380612764761	-437.91474372888473	-0.24161668691199795
19.6	4.7671321747275135	4.7671321747275135	4.7671321747275135	0.09109212816875674	5.49849633668449	0.017021761999603927	9.602887099935987	499.6412573298653	0.6293750666059525	0	0	0	0	-2.213748981952438	0.0015312708979810983	-4.5503806127631865	-437.9147423216308	-0.2416166942715974
19.7	4.7671321747275135	4.7671321747275135	4.7671321747275135	0.09109212816879882	5.498496336731092	0.017021761999429674	9.602887099934865	499.6412573288098	0.6293750666075472	0	0	0	0	-2.213748785737072	0.0015312683274106835	-4.550380612762561	-437.9147468326024	-0.24161667037407455
19.8	4.7671321747275135	4.7671321747275135	4.7671321747275135	0.09109212816890719	5.498496336850628	0.017021761998983632	9.602887099931975	499.6412573261022	0.6293750666116292	0	0	0	0	-2.213748280194816	0.0015312617168145813	-4.550380612763113	-437.914758455019	-0.24161660891900455
19.9	4.7671321747275135	4.7671321747275135	4.7671321747275135	0.09109212816909304	5.49849633705533	0.017021761998220232	9.602887099927019	499.6412573214658	0.6293750666186155	0	0	0	0	-2.213747413424159	0.0015312503884617667	-4.550380612765073	-437.9147783821	-0.24161650360596232
20	4.767132174727513	4.767132174727513	4.767132174727513	0.09109212816934355	5.4984963373306375	0.017021761997194698	9.602887099920336	499.64125731523023	0.6293750666280002	0	0	0	0	-2.2137462450348804	0.0015312351326183175	-4.550380612768539	-437.91480524341955	-0.24161636178227813
20.1	4.7671321747275135	4.7671321747275135	4.7671321747275135	0.09109212816943417	5.498496337426218	0.01702176199684648	9.60288709991792	499.641257313067	0.6293750666311854	0	0	0	0	-2.2137458223466635	0.0015312297072983625	-4.550380612771661	-437.91481496108037	-0.24161631135241576
20.2	4.7671321747275135	4.7671321747275135	4.7671321747275135	0.09109212816946188	5.49849633745508	0.01702176199674181	9.602887099917181	499.6412573124139	0.6293750666321427	0	0	0	0	-2.2137456931816084	0.0015312280574786429	-4.550380612772709	-437.9148179306174	-0.24161629601749074
20.3	4.7671321747275135	4.7671321747275135	4.7671321747275135	0.09109212816950658	5.498496337505721	0.017021761996550127	9.602887099915987	499.6412573112665	0.6293750666338974	0	0	0	0	-2.2137454846526174	0.0015312252995312466	-4.550380612774963	-437.91482272462633	-0.24161627037659553
20.4	4.7671321747275135	4.7671321747275135	4.7671321747275135	0.09109212816951442	5.498496337513774	0.017021761996521407	9.602887099915778	499.64125731108436	0.6293750666341601	0	0	0	0	-2.213745448015015	0.001531224834661555	-4.550380612779111	-437.91482356685054	-0.24161626605594344
20.5	4.7671321747275135	4.7671321747275135	4.7671321747275135	0.09109212816952708	5.498496337528666	0.017021761996463755	9.60288709991544	499.6412573107467	0.629375066634688	0	0	0	0	-2.213745389065005	0.001531224041564698	-4.550380612779145	-437.91482492225833	-0.2416162586818324
20.6	4.7671321747275135	4.7671321747275135	4.7671321747275135	0.09109212816953166	5.498496337533864	0.017021761996444104	9.602887099915318	499.64125731062893	0.6293750666348681	0	0	0	0	-2.2137453676809598	0.0015312237585962838	-4.550380612782366	-437.91482541400393	-0.24161625605117634
20.7	4.7671321747275135	4.7671321747275135	4.7671321747275135	0.09109212816953388	5.498496337536492	0.017021761996433925	9.60288709991526	499.6412573105694	0.6293750666349613	0	0	0	0	-2.21374535728053	0.0015312236186723774	-4.550380612782918	-437.9148256531598	-0.24161625475034865
20.8	4.767132174727514	4.767132174727514	4.767132174727514	0.0910921281695363	5.498496337539472	0.017021761996422167	9.602887099915195	499.6412573105019	0.6293750666350693	0	0	0	0	-2.213745345907573	0.0015312234632228181	-4.550380612781185	-437.9148259146284	-0.24161625330496592
20.9	4.7671321747275135	4.7671321747275135	4.7671321747275135	0.09109212816953671	5.498496337539953	0.017021761996420366	9.602887099915183	499.6412573104909	0.6293750666350855	0	0	0	0	-2.21374534389897	0.0015312234368192407	-4.550380612780276	-437.91482596079277	-0.24161625305951195
21	4.7671321747275135	4.7671321747275135	4.7671321747275135	0.09109212816953757	5.4984963375410345	0.017021761996415984	9.60288709991516	499.64125731046636	0.6293750666351257	0	0	0	0	-2.2137453399515734	0.001531223381764675	-4.55038061277888	-437.9148260515573	-0.24161625254746058
21.1	4.7671321747275135	4.7671321747275135	4.7671321747275135	0.0910921281695378	5.498496337541311	0.017021761996414895	9.602887099915153	499.6412573104601	0.6293750666351355	0	0	0	0	-2.2137453388859525	0.0015312233672653205	-4.550380612779242	-437.9148260761511	-0.24161625241253207
21.2	4.7671321747275135	4.7671321747275135	4.7671321747275135	0.09109212816953799	5.4984963375415346	0.01702176199641398	9.602887099915147	499.641257310455	0.6293750666351441	0	0	0	0	-2.213745338078747	0.0015312233559242844	-4.5503806127804225	-437.9148260947106	-0.24161625230702186
21.3	4.767132174727514	4.767132174727514	4.767132174727514	0.09109212816953814	5.498496337541703	0.01702176199641329	9.602887099915145	499.64125731045124	0.6293750666351504	0	0	0	0	-2.213745337480528	0.001531223347478423	-4.550380612781334	-437.9148261083398	-0.24161625222850927
21.4	4.7671321747275135	4.7671321747275135	4.7671321747275135	0.09109212816953816	5.498496337541736	0.017021761996413153	9.602887099915145	499.6412573104505	0.6293750666351516	0	0	0	0	-2.2137453373557614	0.001531223345753226	-4.5503806127820585	-437.91482611120045	-0.24161625221258165
21.5	4.7671321747275135	4.7671321747275135	4.7671321747275135	0.09109212816952465	5.498496337521268	0.01702176199650353	9.602887099915504	499.641257310916	0.6293750666343217	0	0	0	0	-2.2137454036600857	0.0015312243306432733	-4.550380612782792	-437.91482458704803	-0.24161626137562162
21.6	4.7671321747275135	4.7671321747275135	4.7671321747275135	0.09109212816947213	5.498496337441682	0.01702176199685486	9.602887099916904	499.6412573127261	0.6293750666310955	0	0	0	0	-2.2137456615323274	0.0015312281605757484	-4.5503806127833535	-437.91481865863636	-0.24161629700723833
21.7	4.7671321747275135	4.7671321747275135	4.7671321747275135	0.09109212816939168	5.498496337319836	0.017021761997392682	9.60288709991905	499.6412573154972	0.6293750666261568	0	0	0	0	-2.2137460563760207	0.0015312340244249645	-4.550380612783756	-437.91480958115045	-0.24161635156117148
21.8	4.767132174727513	4.767132174727513	4.767132174727513	0.09109212816929593	5.498496337174804	0.017021761998032778	9.602887099921602	499.64125731879585	0.629375066620279	0	0	0	0	-2.2137465264293716	0.0015312410046476985	-4.550380612784028	-437.9147987745225	-0.24161641650111926
21.9	4.7671321747275135	4.7671321747275135	4.7671321747275135	0.09109212816919744	5.498496337025659	0.017021761998690915	9.602887099924228	499.641257322188	0.6293750666142356	0	0	0	0	-2.2137470099305845	0.001531248183700728	-4.550380612784196	-437.91478765868504	-0.24161648329077978
22	4.7671321747275135	4.7671321747275135	4.7671321747275135	0.09109212816910879	5.498496336891472	0.01702176199928287	9.602887099926592	499.64125732523985	0.6293750666087998	0	0	0	0	-2.213747445117864	0.0015312546440408297	-4.550380612784288	-437.91477765357024	-0.24161654339385108
22.1	4.7671321747275135	4.7671321747275135	4.7671321747275135	0.09109212816904255	5.498496336791315	0.017021761999724425	9.602887099928358	499.6412573275178	0.6293750666047453	0	0	0	0	-2.2137477702294146	0.0015312594681247814	-4.55038061278433	-437.9147701791106	-0.2416165882740313
22.2	4.7671321747275135	4.7671321747275135	4.7671321747275135	0.09109212816901133	5.49849633674426	0.017021761999931353	9.60288709992919	499.641257328588	0.6293750666028451	0	0	0	0	-2.213747923503441	0.0015312617384093605	-4.55038061278435	-437.91476665523817	-0.24161660939501856
22.3	4.7671321747275135	4.7671321747275135	4.7671321747275135	0.09109212816902769	5.498496336769378	0.01702176199981943	9.602887099928754	499.64125732801665	0.6293750666038731	0	0	0	0	-2.2137478431781483	0.0015312605373513438	-4.550380612784376	-437.91476850188553	-0.24161659822051101
22.4	4.7671321747275135	4.7671321747275135	4.7671321747275135	0.09109212816910423	5.498496336885742	0.017021761999304427	9.602887099926711	499.6412573253701	0.6293750666086024	0	0	0	0	-2.213747467491741	0.0015312549474075087	-4.550380612784433	-437.914777138985	-0.24161654621420667
22.5	4.7671321747275135	4.7671321747275135	4.7671321747275135	0.09109212816925352	5.498496337112424	0.01702176199830213	9.60288709992273	499.64125732021444	0.6293750666178066	0	0	0	0	-2.2137467346824233	0.0015312440510346324	-4.550380612784549	-437.91479398646885	-0.2416164448398037
22.6	4.767132174727513	4.767132174727513	4.767132174727513	0.09109212816942808	5.498496337376648	0.017021761997136665	9.602887099918075	499.64125731420506	0.6293750666285085	0	0	0	0	-2.21374587771044	0.0015312313296904532	-4.550380612783885	-437.91481368858916	-0.24161632648796097
22.7	4.7671321747275135	4.7671321747275135	4.7671321747275135	0.09109212816948285	5.498496337457752	0.017021761996784925	9.602887099916616	499.64125731236084	0.6293750666317374	0	0	0	0	-2.2137456087612826	0.0015312273819948659	-4.550380612781706	-437.91481987198824	-0.24161628976335356
22.8	4.7671321747275135	4.7671321747275135	4.7671321747275135	0.09109212816951467	5.498496337506068	0.017021761996571103	9.602887099915767	499.64125731126194	0.629375066633701	0	0	0	0	-2.213745452593595	0.0015312250597566439	-4.5503806127811295	-437.91482346218953	-0.241616268158469
22.9	4.7671321747275135	4.7671321747275135	4.7671321747275135	0.09109212816952718	5.498496337524848	0.01702176199648855	9.602887099915435	499.64125731083465	0.6293750666344589	0	0	0	0	-2.2137453913601104	0.0015312241532257334	-4.550380612778228	-437.9148248697644	-0.24161625972470344
23	4.7671321747275135	4.7671321747275135	4.7671321747275135	0.09109212816953319	5.498496337534056	0.017021761996447553	9.602887099915273	499.64125731062524	0.6293750666348354	0	0	0	0	-2.213745361820572	0.0015312237123048307	-4.550380612778292	-437.91482554878263	-0.24161625562258723
23.1	4.7671321747275135	4.7671321747275135	4.7671321747275135	0.091092128169536	5.498496337538406	0.017021761996428166	9.602887099915199	499.64125731052627	0.6293750666350136	0	0	0	0	-2.2137453478709914	0.0015312235039906474	-4.5503806127780875	-437.91482586947126	-0.24161625368469428
23.2	4.7671321747275135	4.7671321747275135	4.7671321747275135	0.09109212816953714	5.4984963375401525	0.017021761996420356	9.60288709991517	499.6412573104865	0.6293750666350854	0	0	0	0	-2.213745342305062	0.0015312234206602908	-4.550380612776823	-437.9148259975399	-0.24161625290950745
23.3	4.7671321747275135	4.7671321747275135	4.7671321747275135	0.0910921281695378	5.498496337541152	0.01702176199641584	9.602887099915153	499.6412573104637	0.6293750666351269	0	0	0	0	-2.213745339145199	0.0015312233730879628	-4.550380612777938	-437.91482607019896	-0.24161625246701685
23.4	4.7671321747275135	4.7671321747275135	4.7671321747275135	0.091092128169538	5.498496337541484	0.01702176199641434	9.602887099915145	499.64125731045607	0.6293750666351405	0	0	0	0	-2.2137453380898227	0.0015312233572461705	-4.550380612779903	-437.91482609439686	-0.24161625231967387
23.5	4.7671321747275135	4.7671321747275135	4.7671321747275135	0.09109212816953817	5.498496337541717	0.017021761996413292	9.602887099915142	499.64125731045084	0.6293750666351502	0	0	0	0	-2.213745337380772	0.0015312233464860358	-4.550380612781102	-437.9148261106501	-0.2416162522195999
23.6	4.7671321747275135	4.7671321747275135	4.7671321747275135	0.09109212816953823	5.498496337541783	0.017021761996413	9.602887099915142	499.64125731044936	0.629375066635153	0	0	0	0	-2.2137453371752143	0.0015312233433872825	-4.550380612782074	-437.9148261153536	-0.2416162521909187
23.7	4.767132174727513	4.767132174727513	4.767132174727513	0.09109212816953821	5.498496337541831	0.017021761996412768	9.60288709991514	499.64125731044817	0.6293750666351551	0	0	0	0	-2.213745337021044	0.0015312233410188694	-4.550380612782826	-437.9148261189025	-0.24161625216892638
23.8	4.7671321747275135	4.7671321747275135	4.7671321747275135	0.09109212816953823	5.498496337541846	0.017021761996412706	9.602887099915142	499.6412573104479	0.6293750666351557	0	0	0	0	-2.2137453369785676	0.0015312233403723494	-4.550380612783433	-437.91482611988664	-0.24161625216281934
23.9	4.7671321747275135	4.7671321747275135	4.7671321747275135	0.09109212816953824	5.498496337541859	0.01702176199641266	9.60288709991514	499.64125731044766	0.6293750666351562	0	0	0	0	-2.213745336946689	0.0015312233398695786	-4.550380612783927	-437.91482612063595	-0.24161625215808188
24	4.7671321747275135	4.7671321747275135	4.7671321747275135	0.09109212816953825	5.4984963375418605	0.01702176199641264	9.60288709991514	499.64125731044766	0.6293750666351563	0	0	0	0	-2.2137453369352813	0.0015312233396912705	-4.550380612784326	-437.9148261209166	-0.2416162521563844
