0	4.7671321747275135	4.7671321747275135	4.7671321747275135	0.09109212816953825	5.498496337541862	0.01702176199641263	9.60288709991514	499.6412573104476	0.6293750666351564	0	0	0	0	0	0	0	0	0
0.1	4.7671321747275135	4.7671321747275135	4.7671321747275135	0.09109212816953827	5.498496337541862	0.01702176199641263	9.60288709991514	499.6412573104476	0.6293750666351564	0	0	0	0	3.2696067738041115	-2861890148131099e-20	0	34.07015472354649	-59685913759936716e-21
0.2	4.7671321747275135	4.7671321747275135	4.7671321747275135	0.09109212816953825	5.498496337541861	0.01702176199641263	9.60288709991514	499.6412573104476	0.6293750666351563	0	0	0	0	4.419336551308693	-0.00013778097034156903	0	96.09250860598632	-0.0006065715216111196
0.3	4.7671321747275135	4.7671321747275135	4.7671321747275135	0.09109212816953825	5.498496337541862	0.01702176199641263	9.60288709991514	499.6412573104476	0.6293750666351564	0	0	0	0	4.8236141694235615	-0.00029216233197791434	0	158.42369784761976	-0.002009513709477945
0.4	4.7671321747275135	4.7671321747275135	4.7671321747275135	0.09109212816953825	5.498496337541862	0.01702176199641263	9.60288709991514	499.6412573104476	0.6293750666351564	0	0	0	0	4.965766244527787	-0.0004529482638496817	0	213.15402895581923	-0.004271842087297584
0.5	4.7671321747275135	4.7671321747275135	4.7671321747275135	0.09109212816953825	5.498496337541862	0.01702176199641263	9.60288709991514	499.6412573104476	0.6293750666351564	0	0	0	0	5.015744979653673	-0.000600145955168933	0	258.96896465094767	-0.007192319494500383
0.6	4.7671321747275135	4.7671321747275135	4.7671321747275135	0.09109212816953825	5.498496337541862	0.01702176199641263	9.60288709991514	499.6412573104476	0.6293750666351564	0	0	0	0	5.0333214215027855	-0.0007268706344553218	0	296.59381869699934	-0.010519652410985422
0.7	4.7671321747275135	4.7671321747275135	4.7671321747275135	0.09109212816953825	5.498496337541862	0.01702176199641263	9.60288709991514	499.6412573104476	0.6293750666351564	0	0	0	0	5.03949536447111	-0.0008326821873988035	0	327.24547649685616	-0.014028509289586698
0.8	4.7671321747275135	4.7671321747275135	4.7671321747275135	0.09109212816953825	5.498496337541862	0.01702176199641263	9.60288709991514	499.6412573104476	0.6293750666351564	0	0	0	0	5.0416680998396535	-0.0009196779110380751	0	352.13073899836974	-0.017544019793901692
0.9	4.7671321747275135	4.7671321747275135	4.7671321747275135	0.09109212816953825	5.498496337541862	0.01702176199641263	9.60288709991514	499.6412573104476	0.6293750666351564	0	0	0	0	5.042433150097023	-0.0009906540520569576	0	372.3048872928928	-0.02094257036615271
1	4.7671321747275135	4.7671321747275135	4.7671321747275135	0.09109212816953825	5.498496337541862	0.01702176199641263	9.60288709991514	499.6412573104476	0.6293750666351564	0	0	0	0	5.042700915804781	-0.0010483366515881153	0	388.6485627717265	-0.02414399294683996
1.1	4.767132174727514	4.767132174727514	4.767132174727514	0.09109212816953824	5.498496337541862	0.017021761996412626	9.60288709991514	499.64125731044766	0.6293750666351564	0	0	0	0	5.04279433057142	-0.001095122308605229	0	401.8841876277299	-0.027101370055714686
1.2	4.7671321747275135	4.7671321747275135	4.7671321747275135	0.09109212816953824	5.498496337541862	0.01702176199641263	9.60288709991514	499.6412573104476	0.6293750666351564	0	0	0	0	5.042828795011693	-0.0011330458690409445	0	412.60498185840555	-0.029791521533131353
1.3	4.7671321747275135	4.7671321747275135	4.7671321747275135	0.09109212816953827	5.498496337541862	0.01702176199641263	9.60288709991514	499.6412573104476	0.6293750666351564	0	0	0	0	5.042840841163955	-0.00116376155708159	0	421.28495541814607	-0.03220973823336465
1.4	4.7671321747275135	4.7671321747275135	4.7671321747275135	0.09109212816953825	5.498496337541862	0.01702176199641263	9.60288709991514	499.6412573104476	0.6293750666351564	0	0	0	0	5.042845160315408	-0.0011886379997584613	0	428.3136261407049	-0.03436194728987781
1.5	4.767132174727514	4.767132174727514	4.767132174727514	0.09109212816953827	5.498496337541862	0.01702176199641263	9.60288709991514	499.64125731044766	0.6293750666351564	0	0	0	0	5.042846874613094	-0.001208787309344217	0	434.0062384987463	-0.03626184626615534
1.6	4.767132174727513	4.767132174727513	4.767132174727513	0.09109212816953825	5.498496337541862	0.01702176199641263	9.60288709991514	499.6412573104476	0.6293750666351564	0	0	0	0	5.0428474337282765	-0.0012250977184115111	0	438.6140862967734	-0.03792763077215941
1.7	4.7671321747275135	4.7671321747275135	4.7671321747275135	0.09109212816953824	5.498496337541862	0.01702176199641263	9.60288709991514	499.64125731044754	0.6293750666351564	0	0	0	0	5.042847705703192	-0.0012383119660990525	0	442.3471821910936	-0.039379569987527195
1.8	4.7671321747275135	4.7671321747275135	4.7671321747275135	0.09109212816953825	5.498496337541862	0.01702176199641263	9.60288709991514	499.6412573104476	0.6293750666351564	0	0	0	0	5.042847783532029	-0.0012490067158306768	0	445.3684738445697	-0.040638711199456765
1.9	4.7671321747275135	4.7671321747275135	4.7671321747275135	0.09109212816953825	5.498496337541862	0.01702176199641263	9.60288709991514	499.6412573104476	0.6293750666351564	0	0	0	0	5.042847834728083	-0.001257669538921841	0	447.81573444706396	-0.041725938384628666
2	4.7671321747275135	4.7671321747275135	4.7671321747275135	0.09109212816953825	5.498496337541862	0.01702176199641263	9.60288709991514	499.6412573104476	0.6293750666351564	0	0	0	0	5.042847848282937	-0.001264685758553168	0	449.79782176891877	-0.042661069717184905
2.1	4.7671321747275135	4.7671321747275135	4.7671321747275135	0.09109212816953825	5.498496337541862	0.017021761996412626	9.60288709991514	499.6412573104476	0.6293750666351564	0	0	0	0	5.042847856819477	-0.0012703602178962949	0	451.4008590772203	-0.04346242902124411
2.2	4.7671321747275135	4.7671321747275135	4.7671321747275135	0.09109212816953825	5.498496337541862	0.01702176199641263	9.60288709991514	499.6412573104476	0.6293750666351564	0	0	0	0	5.042847863236184	-0.001274964802090588	0	452.7016561807169	-0.04414755663349431
2.3	4.7671321747275135	4.7671321747275135	4.7671321747275135	0.09109212816953825	5.498496337541862	0.01702176199641263	9.60288709991514	499.6412573104476	0.6293750666351564	0	0	0	0	5.04284786077286	-0.0012786868527263752	0	453.75313632788817	-0.04473112680204796
2.4	4.7671321747275135	4.7671321747275135	4.7671321747275135	0.09109212816953825	5.498496337541862	0.017021761996412633	9.60288709991514	499.64125731044766	0.6293750666351565	0	0	0	0	5.042847865448082	-0.0012816992018250218	0	454.604125584205	-0.04522711427852008
2.5	4.7671321747275135	4.7671321747275135	4.7671321747275135	0.09109212816953818	5.498496337541859	0.01702176199641261	9.602887099915142	499.6412573104476	0.6293750666351565	0	0	0	0	5.042847863813294	-0.0012841457765127952	0	455.29528399976937	-0.04564823109047685
2.6	4.7671321747275135	4.7671321747275135	4.7671321747275135	0.09109212816953811	5.498496337541857	0.01702176199641259	9.602887099915145	499.64125731044766	0.6293750666351567	0	0	0	0	5.042847857377351	-0.001286121972959334	0	455.8535604115561	-0.04600434482858363
2.7	4.7671321747275135	4.7671321747275135	4.7671321747275135	0.09109212816953814	5.498496337541859	0.017021761996412595	9.602887099915144	499.64125731044766	0.6293750666351567	0	0	0	0	5.042847860027366	-0.0012877187412438694	0	456.30464742607745	-0.046304938744855424
2.8	4.767132174727513	4.767132174727513	4.767132174727513	0.09109212816953806	5.498496337541848	0.01702176199641259	9.602887099915147	499.6412573104478	0.6293750666351567	0	0	0	0	5.0428478579003615	-0.0012890179343145534	0	456.6716711034208	-0.04655894463207873
2.9	4.7671321747275135	4.7671321747275135	4.7671321747275135	0.09109212816953775	5.4984963375418205	0.01702176199641255	9.602887099915156	499.6412573104484	0.6293750666351573	0	0	0	0	5.042847837869484	-0.001290069392055934	0	456.96871221951346	-0.046772791247994924
3	4.7671321747275135	4.7671321747275135	4.7671321747275135	0.09109212816953759	5.498496337541806	0.01702176199641252	9.60288709991516	499.64125731044874	0.6293750666351576	0	0	0	0	5.042847826160201	-0.0012909167655857005	0	457.2080975219568	-0.04695219932314228
3.1	4.767132174727514	4.767132174727514	4.767132174727514	0.09109212816953784	5.498496337541827	0.01702176199641256	9.602887099915154	499.64125731044834	0.6293750666351571	0	0	0	0	5.042847843547433	-0.00129160353878919	0	457.4021079553389	-0.04710287817163486
3.2	4.7671321747275135	4.7671321747275135	4.7671321747275135	0.09109212816953717	5.498496337541699	0.017021761996412515	9.602887099915172	499.64125731045095	0.6293750666351576	0	0	0	0	5.042847793093236	-0.0012921628389896008	0	457.56012807746373	-0.047229603367737995
3.3	4.7671321747275135	4.7671321747275135	4.7671321747275135	0.09109212816953598	5.498496337541495	0.017021761996412407	9.602887099915204	499.6412573104552	0.6293750666351589	0	0	0	0	5.042847700766876	-0.0012926146327980998	0	457.68778871663443	-0.0473356259250228
3.4	4.7671321747275135	4.7671321747275135	4.7671321747275135	0.09109212816953544	5.498496337541411	0.017021761996412352	9.602887099915218	499.6412573104569	0.6293750666351592	0	0	0	0	5.0428476601538925	-0.0012929784378060024	0	457.790575613023	-0.047424066171642666
3.5	4.7671321747275135	4.7671321747275135	4.7671321747275135	0.09109212816953642	5.498496337541558	0.017021761996412463	9.60288709991519	499.64125731045385	0.6293750666351582	0	0	0	0	5.042847734946723	-0.0012932736452932888	0	457.87395051571406	-0.04749803655050004
3.6	4.7671321747275135	4.7671321747275135	4.7671321747275135	0.09109212816953134	5.498496337540235	0.017021761996412546	9.602887099915327	499.64125731048233	0.6293750666351583	0	0	0	0	5.0428473513544425	-0.0012935137936656918	0	457.9419650410961	-0.047560057425140564
3.7	4.7671321747275135	4.7671321747275135	4.7671321747275135	0.09109212816952232	5.498496337538036	0.01702176199641253	9.602887099915568	499.64125731052957	0.6293750666351601	0	0	0	0	5.042846672802431	-0.0012937073597507902	0	457.9969369617352	-0.04761174643695884
3.8	4.7671321747275135	4.7671321747275135	4.7671321747275135	0.09109212816951677	5.498496337536726	0.017021761996412466	9.602887099915716	499.6412573105576	0.6293750666351616	0	0	0	0	5.042846255188299	-0.001293863225146126	0	458.0411425003614	-0.047654656539945155
3.9	4.7671321747275135	4.7671321747275135	4.7671321747275135	0.09109212816952209	5.498496337538066	0.017021761996412414	9.602887099915574	499.6412573105288	0.6293750666351612	0	0	0	0	5.042846654409656	-0.001293990271449242	0	458.07685787970547	-0.04769034068808981
4	4.7671321747275135	4.7671321747275135	4.7671321747275135	0.09109212816951924	5.498496337536229	0.017021761996414052	9.602887099915648	499.6412573105698	0.6293750666351472	0	0	0	0	5.042846438033042	-0.001294092885382345	0	458.1060599372994	-0.04772020004930417
4.1	4.7671321747275135	4.7671321747275135	4.7671321747275135	0.0910921281694913	5.4984963375268165	0.01702176199641773	9.602887099916392	499.6412573107758	0.6293750666351199	0	0	0	0	5.042844330638235	-0.001294172597810291	0	458.12975343228374	-0.04774506448076892
4.2	4.7671321747275135	4.7671321747275135	4.7671321747275135	0.09109212816947164	5.498496337520462	0.017021761996419908	9.602887099916918	499.64125731091457	0.6293750666351045	0	0	0	0	5.042842847337404	-0.0012942373292343678	0	458.14883802040816	-0.047765657288431844
4.3	4.7671321747275135	4.7671321747275135	4.7671321747275135	0.0910921281694937	5.4984963375278175	0.01702176199641706	9.602887099916328	499.64125731075364	0.6293750666351255	0	0	0	0	5.042844512927481	-0.0012942950172557764	0	458.164215440605	-0.047782702673617325
4.4	4.7671321747275135	4.7671321747275135	4.7671321747275135	0.09109212816950682	5.498496337530592	0.017021761996418295	9.60288709991598	499.64125731069475	0.6293750666351119	0	0	0	0	5.042845501575486	-0.0012943406951135361	0	458.1767434585837	-0.04779690901122035
4.5	4.7671321747275135	4.7671321747275135	4.7671321747275135	0.0910921281694925	5.498496337523885	0.017021761996423693	9.602887099916362	499.6412573108436	0.6293750666350666	0	0	0	0	5.042844420793453	-0.001294373854387473	0	458.1869139166432	-0.047808713697758715
4.6	4.7671321747275135	4.7671321747275135	4.7671321747275135	0.09109212816950335	5.498496337528178	0.017021761996420963	9.602887099916074	499.6412573107489	0.6293750666350888	0	0	0	0	5.042845240431254	-0.0012944046786415818	0	458.1950974855651	-0.0478184529369321
4.7	4.7671321747275135	4.7671321747275135	4.7671321747275135	0.0910921281695144	5.498496337531521	0.017021761996420554	9.602887099915778	499.6412573106763	0.6293750666350902	0	0	0	0	5.042846073888676	-0.0012944297018179448	0	458.2017421872384	-0.04782654082017205
4.8	4.7671321747275135	4.7671321747275135	4.7671321747275135	0.09109212816950349	5.4984963375255465	0.01702176199642688	9.602887099916067	499.6412573108094	0.6293750666350354	0	0	0	0	5.042845250443001	-0.0012944463487124488	0	458.2071485466104	-0.04783326403577919
4.9	4.767132174727514	4.767132174727514	4.767132174727514	0.0910921281695109	5.498496337529028	0.017021761996423787	9.602887099915872	499.6412573107322	0.6293750666350616	0	0	0	0	5.042845809477618	-0.0012944631936000935	0	458.21149069323013	-0.047838791373702255
5	4.7671321747275135	4.7671321747275135	4.7671321747275135	0.09109212816952014	5.498496337532653	0.01702176199642191	9.602887099915623	499.6412573106524	0.6293750666350767	0	0	0	0	5.042846507393737	-0.001294477229857405	0	458.21501283318594	-0.04784337188518148
5.1	4.7671321747275135	4.7671321747275135	4.7671321747275135	0.09109212816951183	5.498496337527454	0.01702176199642868	9.602887099915847	499.6412573107688	0.6293750666350172	0	0	0	0	5.042845881453094	-0.0012944852664234108	0	458.2178880047557	-0.047847186184073055
5.2	4.7671321747275135	4.7671321747275135	4.7671321747275135	0.09109212816951678	5.498496337530148	0.017021761996425657	9.602887099915716	499.64125731070874	0.6293750666350434	0	0	0	0	5.042846255072193	-0.00129449454422389	0	458.220191675644	-0.04785030936317364
5.3	4.767132174727514	4.767132174727514	4.767132174727514	0.09109212816952449	5.498496337533835	0.017021761996422545	9.60288709991551	499.6412573106268	0.6293750666350698	0	0	0	0	5.042846835889597	-0.0012945027055866962	0	458.22205691673634	-0.04785289051355277
5.4	4.7671321747275135	4.7671321747275135	4.7671321747275135	0.09109212816951819	5.498496337529389	0.017021761996429352	9.602887099915675	499.64125731072664	0.6293750666350094	0	0	0	0	5.042846361188948	-0.0012945063094100136	0	458.2235869341661	-0.04785504780576155
5.5	4.7671321747275135	4.7671321747275135	4.7671321747275135	0.09109212816952145	5.498496337531393	0.017021761996426667	9.602887099915588	499.64125731068185	0.6293750666350331	0	0	0	0	5.042846606227846	-0.0012945114610196133	0	458.2248089898045	-0.047856805669306654
5.6	4.7671321747275135	4.7671321747275135	4.7671321747275135	0.09109212816952779	5.498496337534972	0.01702176199642263	9.602887099915419	499.641257310602	0.6293750666350681	0	0	0	0	5.0428470849211875	-0.0012945164419855934	0	458.22579541473715	-0.047858252809232796
5.7	4.7671321747275135	4.7671321747275135	4.7671321747275135	0.091092128169523	5.49849633753122	0.017021761996429213	9.602887099915547	499.64125731068657	0.6293750666350093	0	0	0	0	5.0428467257773	-0.0012945178125880683	0	458.2266103307211	-0.04785947013166321
5.8	4.7671321747275135	4.7671321747275135	4.7671321747275135	0.09109212816952507	5.4984963375326545	0.017021761996427	9.602887099915492	499.6412573106542	0.6293750666350291	0	0	0	0	5.042846882939838	-0.0012945206927768324	0	458.22725856078006	-0.04786045612902098
5.9	4.7671321747275135	4.7671321747275135	4.7671321747275135	0.09109212816953027	5.498496337536019	0.01702176199642234	9.602887099915351	499.64125731057885	0.62937506663507	0	0	0	0	5.042847273800041	-0.0012945239156576724	0	458.22777915182934	-0.04786126303821356
6	4.7671321747275135	4.7671321747275135	4.7671321747275135	0.09109212816952668	5.498496337532899	0.0170217619964285	9.60288709991545	499.6412573106493	0.6293750666350147	0	0	0	0	5.042847002747933	-0.0012945242029867834	0	458.22821372701475	-0.047861948968344226
6.1	4.7671321747275135	4.7671321747275135	4.7671321747275135	0.09109212816952797	5.498496337533881	0.017021761996426788	9.602887099915414	499.6412573106271	0.6293750666350301	0	0	0	0	5.042847100493615	-0.0012945258179423884	0	458.22855757928244	-0.04786250036430475
6.2	4.7671321747275135	4.7671321747275135	4.7671321747275135	0.09109212816952769	5.498496337532983	0.017021761996429855	9.602887099915423	499.64125731064775	0.629375066635002	0	0	0	0	5.042847072241192	-0.0012945264673699282	0	458.22883958576534	-0.04786296207539268
6.3	4.7671321747275135	4.7671321747275135	4.7671321747275135	0.09109212816951463	5.4984963375213285	0.017021761996453874	9.60288709991577	499.64125731091065	0.629375066634786	0	0	0	0	5.042846078557049	-0.0012945226784542938	0	458.2290901593308	-0.04786338173902208
6.4	4.7671321747275135	4.7671321747275135	4.7671321747275135	0.09109212816950712	5.498496337514765	0.017021761996467107	9.602887099915971	499.6412573110587	0.6293750666346672	0	0	0	0	5.0428455075954135	-0.0012945207382851836	0	458.2292868498728	-0.04786371517508235
6.5	4.7671321747275135	4.7671321747275135	4.7671321747275135	0.09109212816951955	5.4984963375255544	0.0170217619964455	9.60288709991564	499.6412573108152	0.6293750666348613	0	0	0	0	5.042846451679949	-0.0012945255238617976	0	458.22941395215577	-0.04786393109893122
6.6	4.7671321747275135	4.7671321747275135	4.7671321747275135	0.09109212816950242	5.498496337508104	0.017021761996487104	9.602887099916098	499.64125731121004	0.6293750666344853	0	0	0	0	5.042845148546342	-0.001294519101675627	0	458.22956498582573	-0.04786420481852626
6.7	4.7671321747275135	4.7671321747275135	4.7671321747275135	0.09109212816947003	5.49849633747677	0.017021761996558048	9.602887099916959	499.6412573119183	0.6293750666338453	0	0	0	0	5.042842682851831	-0.0012945071267376988	0	458.229719446264	-0.04786449109690017
6.8	4.7671321747275135	4.7671321747275135	4.7671321747275135	0.09109212816946707	5.498496337474067	0.01702176199656374	9.602887099917039	499.6412573119794	0.6293750666337942	0	0	0	0	5.042842457537842	-0.001294506340776137	0	458.22980348616005	-0.047864642642695125
6.9	4.7671321747275135	4.7671321747275135	4.7671321747275135	0.0910921281695027	5.498496337507681	0.01702176199648981	9.602887099916089	499.64125731122	0.6293750666344603	0	0	0	0	5.0428451691970695	-0.001294519796544547	0	458.2298052644542	-0.047864637866845215
7	4.7671321747275135	4.7671321747275135	4.7671321747275135	0.09109212816949339	5.498496337496288	0.017021761996522323	9.60288709991634	499.6412573114784	0.6293750666341648	0	0	0	0	5.042844464237793	-0.0012945155318072241	0	458.2298734510476	-0.04786477513441697
7.1	4.7671321747275135	4.7671321747275135	4.7671321747275135	0.09109212816948624	5.498496337488461	0.017021761996542574	9.60288709991653	499.6412573116557	0.6293750666339812	0	0	0	0	5.042843921197767	-0.001294512613595922	0	458.22992790763635	-0.047864882285208174
7.2	4.767132174727514	4.767132174727514	4.767132174727514	0.09109212816951485	5.498496337517873	0.01702176199647093	9.602887099915765	499.6412573109902	0.6293750666346293	0	0	0	0	5.042846094899133	-0.0012945242768646723	0	458.22991198412336	-0.04786484086185879
7.3	4.7671321747275135	4.7671321747275135	4.7671321747275135	0.09109212816952086	5.49849633752331	0.017021761996459918	9.602887099915604	499.64125731086745	0.629375066634728	0	0	0	0	5.042846553384932	-0.0012945265181007778	0	458.2299290259486	-0.047864874489062806
7.4	4.7671321747275135	4.7671321747275135	4.7671321747275135	0.09109212816952583	5.498496337528467	0.017021761996447223	9.60288709991547	499.6412573107508	0.6293750666348429	0	0	0	0	5.042846932188086	-0.0012945286202335204	0	458.2299426212025	-0.04786489960450993
7.5	4.7671321747275135	4.7671321747275135	4.7671321747275135	0.09109212816953152	5.498496337534389	0.01702176199643251	9.602887099915318	499.6412573106167	0.629375066634976	0	0	0	0	5.042847361367655	-0.0012945310068484264	0	458.2299508536395	-0.04786491419409865
7.6	4.7671321747275135	4.7671321747275135	4.7671321747275135	0.09109212816953074	5.49849633753317	0.017021761996436638	9.60288709991534	499.6412573106445	0.6293750666349384	0	0	0	0	5.042847298313128	-0.001294530584406826	0	458.2299669356699	-0.04786494809181152
7.7	4.767132174727513	4.767132174727513	4.767132174727513	0.09109212816953367	5.498496337536535	0.017021761996427416	9.602887099915263	499.6412573105683	0.6293750666350221	0	0	0	0	5.042847522671065	-0.0012945319432916323	0	458.2299736236818	-0.04786496016118417
7.8	4.767132174727513	4.767132174727513	4.767132174727513	0.09109212816953162	5.498496337533664	0.017021761996436815	9.602887099915316	499.6412573106335	0.6293750666349363	0	0	0	0	5.04284736288737	-0.0012945308596185277	0	458.22998691649855	-0.04786499041712083
7.9	4.7671321747275135	4.7671321747275135	4.7671321747275135	0.09109212816952696	5.498496337527739	0.01702176199645481	9.602887099915442	499.64125731076797	0.6293750666347724	0	0	0	0	5.042847004613386	-0.0012945285749942667	0	458.230002920818	-0.04786502808325019
8	4.7671321747275135	4.7671321747275135	4.7671321747275135	0.09109212816952864	5.498496337529866	0.01702176199644836	9.602887099915396	499.64125731071977	0.6293750666348311	0	0	0	0	5.042847133796049	-0.0012945294273807987	0	458.23000622608646	-0.0478650337706378
8.1	4.7671321747275135	4.7671321747275135	4.7671321747275135	0.09109212816952666	5.498496337526722	0.017021761996460247	9.60288709991545	499.6412573107913	0.6293750666347223	0	0	0	0	5.0428469844600885	-0.0012945282234943848	0	458.2300147665795	-0.047865056088199916
8.2	4.7671321747275135	4.7671321747275135	4.7671321747275135	0.09109212816951011	5.498496337504524	0.017021761996532273	9.602887099915892	499.6412573112955	0.6293750666340654	0	0	0	0	5.042845719934285	-0.001294519582648693	0	458.23004797241794	-0.04786514511515604
8.3	4.7671321747275135	4.7671321747275135	4.7671321747275135	0.09109212816949902	5.498496337489789	0.017021761996579562	9.602887099916185	499.64125731163	0.6293750666336342	0	0	0	0	5.042844871670767	-0.0012945138479655838	0	458.2300708051945	-0.04786520559234256
8.4	4.7671321747275135	4.7671321747275135	4.7671321747275135	0.09109212816951295	5.4984963375084295	0.01702176199651931	9.602887099915815	499.64125731120674	0.6293750666341837	0	0	0	0	5.042845937831159	-0.001294521125244303	0	458.23004899175066	-0.04786514445515083
8.5	4.7671321747275135	4.7671321747275135	4.7671321747275135	0.09109212816951065	5.498496337503756	0.017021761996540437	9.602887099915877	499.64125731131327	0.6293750666339897	0	0	0	0	5.042845764927782	-0.0012945193241312577	0	458.23005516301765	-0.047865166217486904
8.6	4.7671321747275135	4.7671321747275135	4.7671321747275135	0.09109212816948777	5.498496337471012	0.017021761996654356	9.602887099916487	499.6412573120574	0.6293750666329488	0	0	0	0	5.0428440187337795	-0.0012945065810234084	0	458.2300970823035	-0.04786528822341832
8.7	4.7671321747275135	4.7671321747275135	4.7671321747275135	0.09109212816948715	5.498496337470189	0.01702176199665701	9.602887099916503	499.64125731207605	0.6293750666329246	0	0	0	0	5.042843972517031	-0.0012945062655585475	0	458.23009957762713	-0.0478652945127351
8.8	4.7671321747275135	4.7671321747275135	4.7671321747275135	0.09109212816951519	5.498496337509368	0.017021761996524	9.602887099915755	499.6412573111859	0.6293750666341392	0	0	0	0	5.042846112300588	-0.0012945215321570462	0	458.2300515493538	-0.047865156099820574
8.9	4.7671321747275135	4.7671321747275135	4.7671321747275135	0.09109212816951627	5.4984963375097555	0.017021761996526774	9.602887099915728	499.6412573111775	0.6293750666341129	0	0	0	0	5.042846191696911	-0.0012945216957484349	0	458.2300506667898	-0.04786515690023223
9	4.7671321747275135	4.7671321747275135	4.7671321747275135	0.09109212816952132	5.49849633751698	0.017021761996501624	9.60288709991559	499.64125731101325	0.6293750666343426	0	0	0	0	5.042846578096807	-0.0012945245113579105	0	458.2300425458273	-0.047865132712389874
9.1	4.7671321747275135	4.7671321747275135	4.7671321747275135	0.09109212816953031	5.498496337530098	0.01702176199645523	9.602887099915351	499.64125731071505	0.6293750666347667	0	0	0	0	5.042847267837735	-0.0012945296202856017	0	458.23002730759254	-0.04786508696883258
9.2	4.7671321747275135	4.7671321747275135	4.7671321747275135	0.09109212816953102	5.498496337530882	0.017021761996453524	9.602887099915332	499.6412573106973	0.629375066634782	0	0	0	0	5.042847323036787	-0.0012945299294572455	0	458.23002653878723	-0.04786508536469702
9.3	4.7671321747275135	4.7671321747275135	4.7671321747275135	0.0910921281695344	5.498496337535989	0.017021761996434622	9.602887099915243	499.6412573105811	0.6293750666349549	0	0	0	0	5.042847580561527	-0.0012945319166291181	0	458.2300210236048	-0.047865067991959116
9.4	4.7671321747275135	4.7671321747275135	4.7671321747275135	0.09109212816953373	5.498496337534755	0.017021761996440347	9.602887099915261	499.6412573106094	0.6293750666349023	0	0	0	0	5.042847532057501	-0.0012945314393841719	0	458.2300224672785	-0.04786507325599204
9.5	4.7671321747275135	4.7671321747275135	4.7671321747275135	0.09109212816953224	5.498496337532372	0.017021761996450006	9.6028870999153	499.6412573106635	0.6293750666348138	0	0	0	0	5.042847422169948	-0.0012945305160413892	0	458.2300252588563	-0.04786508249293654
9.6	4.7671321747275135	4.7671321747275135	4.7671321747275135	0.09109212816953445	5.498496337535774	0.017021761996436815	9.602887099915243	499.64125731058607	0.6293750666349346	0	0	0	0	5.0428475863145295	-0.0012945318385530972	0	458.23002170028826	-0.04786507080570974
9.7	4.7671321747275135	4.7671321747275135	4.7671321747275135	0.09109212816952948	5.4984963375273095	0.017021761996472755	9.602887099915373	499.64125731077877	0.6293750666346049	0	0	0	0	5.042847213962864	-0.0012945285622024878	0	458.2300304351936	-0.047865101630487336
9.8	4.7671321747275135	4.7671321747275135	4.7671321747275135	0.09109212816952234	5.49849633751534	0.017021761996522694	9.602887099915563	499.6412573110512	0.6293750666341468	0	0	0	0	5.042846677081377	-0.001294523924336499	0	458.230042918854	-0.04786514498201497
9.9	4.7671321747275135	4.7671321747275135	4.7671321747275135	0.09109212816952261	5.498496337515847	0.017021761996520432	9.602887099915556	499.64125731103974	0.6293750666341676	0	0	0	0	5.04284669820656	-0.0012945241204257913	0	458.23004254694877	-0.04786514346931704
10	4.7671321747275135	4.7671321747275135	4.7671321747275135	0.09109212816952628	5.4984963375214235	0.01702176199649945	9.602887099915458	499.6412573109128	0.6293750666343597	0	0	0	0	5.042846971631896	-0.0012945262874593882	0	458.2300363535943	-0.0478651236566857
10.1	4.7671321747275135	4.7671321747275135	4.7671321747275135	0.09109212816950894	5.498496337490492	0.017021761996636135	9.602887099915922	499.6412573116176	0.6293750666331046	0	0	0	0	5.04284566084792	-0.0012945143190070132	0	458.230066562928	-0.04786523482503939
10.2	4.7671321747275135	4.7671321747275135	4.7671321747275135	0.09109212816949316	5.498496337462678	0.01702176199675772	9.602887099916341	499.64125731225107	0.6293750666319882	0	0	0	0	5.042844469127588	-0.0012945035543100824	0	458.2300940204997	-0.04786533478524452
10.3	4.7671321747275135	4.7671321747275135	4.7671321747275135	0.09109212816950467	5.498496337483031	0.01702176199666827	9.602887099916035	499.64125731178746	0.6293750666328095	0	0	0	0	5.042845337019589	-0.0012945114313949392	0	458.2300741170267	-0.047865261895456285
10.4	4.7671321747275135	4.7671321747275135	4.7671321747275135	0.09109212816951731	5.498496337504398	0.01702176199657897	9.602887099915698	499.6412573113009	0.6293750666336286	0	0	0	0	5.0428462905928075	-0.0012945197096144374	0	458.23005223469045	-0.04786518529400108
10.5	4.7671321747275135	4.7671321747275135	4.7671321747275135	0.09109212816950835	5.498496337487096	0.01702176199666114	9.602887099915938	499.64125731169537	0.6293750666328731	0	0	0	0	5.042845609219861	-0.0012945130257172456	0	458.230067931323	-0.04786524739257111
10.6	4.7671321747275135	4.7671321747275135	4.7671321747275135	0.09109212816951356	5.498496337496629	0.017021761996617975	9.6028870999158	499.64125731147817	0.6293750666332697	0	0	0	0	5.042846004538911	-0.0012945167124807503	0	458.2300588691663	-0.04786521328011695
10.7	4.7671321747275135	4.7671321747275135	4.7671321747275135	0.0910921281695272	5.49849633752147	0.017021761996505902	9.602887099915435	499.6412573109121	0.6293750666342992	0	0	0	0	5.042847036561021	-0.0012945263201969376	0	458.23003516463416	-0.047865124250436174
10.8	4.7671321747275135	4.7671321747275135	4.7671321747275135	0.0910921281695286	5.498496337523673	0.017021761996497718	9.6028870999154	499.641257310862	0.6293750666343741	0	0	0	0	5.042847142931509	-0.001294527174547072	0	458.23003273632645	-0.04786511638941743
10.9	4.7671321747275135	4.7671321747275135	4.7671321747275135	0.09109212816953334	5.498496337532607	0.017021761996456008	9.602887099915273	499.6412573106585	0.6293750666347575	0	0	0	0	5.042847502335177	-0.0012945306275346329	0	458.2300244876563	-0.047865084402560557
11	4.7671321747275135	4.7671321747275135	4.7671321747275135	0.09109212816953433	5.498496337534266	0.017021761996449156	9.602887099915245	499.6412573106207	0.6293750666348205	0	0	0	0	5.042847576698962	-0.0012945312731526795	0	458.2300227892866	-0.04786507845317137
11.1	4.7671321747275135	4.7671321747275135	4.7671321747275135	0.09109212816953417	5.498496337533906	0.017021761996451293	9.602887099915247	499.6412573106289	0.6293750666348007	0	0	0	0	5.042847566202048	-0.0012945311362509205	0	458.23002303968167	-0.04786507975319183
11.2	4.7671321747275135	4.7671321747275135	4.7671321747275135	0.0910921281695356	5.498496337536604	0.017021761996438588	9.60288709991521	499.6412573105673	0.6293750666349175	0	0	0	0	5.0428476736764285	-0.0012945321790315773	0	458.23002057629066	-0.047865070102568553
11.3	4.7671321747275135	4.7671321747275135	4.7671321747275135	0.09109212816953305	5.498496337531162	0.017021761996466718	9.60288709991528	499.6412573106915	0.6293750666346587	0	0	0	0	5.042847476721921	-0.0012945300856709733	0	458.23002511017216	-0.047865089553572444
11.4	4.7671321747275135	4.7671321747275135	4.7671321747275135	0.091092128169531	5.498496337526864	0.01702176199648861	9.602887099915334	499.6412573107895	0.6293750666344571	0	0	0	0	5.042847318758149	-0.0012945284316078314	0	458.230028746505	-0.047865104921389665
11.5	4.767132174727514	4.767132174727514	4.767132174727514	0.09109212816953365	5.498496337532352	0.01702176199646089	9.602887099915264	499.6412573106644	0.6293750666347122	0	0	0	0	5.04284752225885	-0.0012945305444014286	0	458.23002407200664	-0.047865085324083116
11.6	4.7671321747275135	4.7671321747275135	4.7671321747275135	0.09109212816952747	5.498496337518695	0.017021761996534483	9.602887099915428	499.641257310976	0.6293750666340342	0	0	0	0	5.04284704637936	-0.001294525286977275	0	458.2300350154158	-0.047865134153171236
11.7	4.7671321747275135	4.7671321747275135	4.7671321747275135	0.09109212816951634	5.498496337494503	0.017021761996662818	9.602887099915726	499.641257311528	0.6293750666328521	0	0	0	0	5.042846189996062	-0.0012945159738919055	0	458.23005470582876	-0.047865220630008386
11.8	4.7671321747275135	4.7671321747275135	4.7671321747275135	0.091092128169513	5.498496337487315	0.017021761996700583	9.602887099915813	499.64125731169196	0.6293750666325044	0	0	0	0	5.042845933319795	-0.0012945132072222612	0	458.2300606087688	-0.04786524632247136
11.9	4.7671321747275135	4.7671321747275135	4.7671321747275135	0.09109212816952582	5.4984963375150455	0.01702176199655385	9.60288709991547	499.6412573110593	0.6293750666338559	0	0	0	0	5.042846917285262	-0.001294523881780285	0	458.2300379895534	-0.047865147220289776
12	4.7671321747275135	4.7671321747275135	4.7671321747275135	0.09109212816952926	5.498496337522012	0.01702176199651947	9.60288709991538	499.64125731090047	0.6293750666341722	0	0	0	0	5.042847179883519	-0.001294526564219235	0	458.2300319539006	-0.047865122331364765
12.1	4.767132174727513	4.767132174727513	4.767132174727513	0.0910921281695294	5.498496337522062	0.017021761996520383	9.602887099915376	499.6412573108994	0.6293750666341636	0	0	0	0	5.042847189015345	-0.0012945265836431159	0	458.2300317450602	-0.047865122160212895
12.2	4.7671321747275135	4.7671321747275135	4.7671321747275135	0.09109212816953424	5.4984963375328615	0.01702176199646175	9.602887099915247	499.6412573106529	0.629375066634704	0	0	0	0	5.042847563148005	-0.001294530741066567	0	458.2300231448178	-0.047865083556771486
12.3	4.7671321747275135	4.7671321747275135	4.7671321747275135	0.09109212816953452	5.4984963375333376	0.017021761996460206	9.60288709991524	499.64125731064206	0.6293750666347179	0	0	0	0	5.0428475859254736	-0.001294530925746542	0	458.23002262187964	-0.047865081848915345
12.4	4.767132174727514	4.767132174727514	4.767132174727514	0.09109212816953542	5.498496337535338	0.017021761996449194	9.602887099915216	499.6412573105965	0.6293750666348195	0	0	0	0	5.0428476543035705	-0.0012945316954316901	0	458.2300210504816	-0.04786507470280364
12.5	4.7671321747275135	4.7671321747275135	4.7671321747275135	0.0910921281695368	5.498496337538503	0.017021761996431663	9.60288709991518	499.6412573105242	0.6293750666349811	0	0	0	0	5.0428477616774465	-0.0012945329126294077	0	458.23001858246005	-0.04786506339971879
12.6	4.7671321747275135	4.7671321747275135	4.7671321747275135	0.09109212816953674	5.498496337538273	0.01702176199643333	9.602887099915181	499.6412573105295	0.6293750666349656	0	0	0	0	5.042847756145721	-0.001294532824781098	0	458.2300187099758	-0.047865064218632694
12.7	4.7671321747275135	4.7671321747275135	4.7671321747275135	0.0910921281695374	5.498496337539874	0.01702176199642409	9.602887099915161	499.64125731049285	0.6293750666350508	0	0	0	0	5.0428478085030495	-0.0012945334409905152	0	458.23001750662394	-0.04786505849511736
12.8	4.7671321747275135	4.7671321747275135	4.7671321747275135	0.09109212816953768	5.498496337540489	0.017021761996420706	9.602887099915154	499.64125731047875	0.629375066635082	0	0	0	0	5.042847829329418	-0.0012945336771858847	0	458.2300170280878	-0.047865056302328665
12.9	4.7671321747275135	4.7671321747275135	4.7671321747275135	0.09109212816953766	5.498496337540451	0.01702176199642104	9.602887099915156	499.6412573104796	0.6293750666350789	0	0	0	0	5.042847828552432	-0.001294533661827453	0	458.2300170461475	-0.04786505644614419
13	4.7671321747275135	4.7671321747275135	4.7671321747275135	0.09109212816953799	5.498496337541212	0.017021761996416505	9.602887099915147	499.64125731046227	0.6293750666351208	0	0	0	0	5.042847852786582	-0.0012945339551216574	0	458.23001648919296	-0.04786505372150227
13.1	4.7671321747275135	4.7671321747275135	4.7671321747275135	0.09109212816953803	5.498496337541277	0.017021761996416203	9.602887099915147	499.6412573104609	0.6293750666351235	0	0	0	0	5.0428478551917815	-0.0012945339798687602	0	458.23001643404893	-0.047865053492277335
13.2	4.7671321747275135	4.7671321747275135	4.7671321747275135	0.09109212816953807	5.498496337541376	0.01702176199641561	9.602887099915145	499.6412573104586	0.6293750666351291	0	0	0	0	5.042847858367894	-0.001294534018223183	0	458.23001636115225	-0.04786505313627452
13.3	4.7671321747275135	4.7671321747275135	4.7671321747275135	0.09109212816953816	5.498496337541628	0.01702176199641408	9.602887099915142	499.641257310453	0.6293750666351432	0	0	0	0	5.0428478661559195	-0.0012945341144703071	0	458.2300161822055	-0.04786505224215166
13.4	4.7671321747275135	4.7671321747275135	4.7671321747275135	0.09109212816953817	5.498496337541615	0.017021761996414177	9.602887099915142	499.6412573104532	0.6293750666351422	0	0	0	0	5.042847865914402	-0.0012945341098250097	0	458.23001618783263	-0.047865052285658675
13.5	4.7671321747275135	4.7671321747275135	4.7671321747275135	0.09109212816953803	5.498496337541337	0.017021761996416012	9.602887099915145	499.64125731045965	0.6293750666351252	0	0	0	0	5.0428478579644915	-0.0012945340031689648	0	458.23001637064516	-0.04786505327754737
13.6	4.7671321747275135	4.7671321747275135	4.7671321747275135	0.09109212816953449	5.498496337534372	0.017021761996461496	9.60288709991524	499.6412573106183	0.6293750666347049	0	0	0	0	5.042847655305703	-0.001294531321541333	0	458.2300210297293	-0.047865078209124744
13.7	4.767132174727514	4.767132174727514	4.767132174727514	0.09109212816952815	5.498496337521772	0.017021761996543757	9.60288709991541	499.6412573109056	0.629375066633945	0	0	0	0	5.0428472883739	-0.0012945264689736063	0	458.23002946538526	-0.04786512332398394
13.8	4.7671321747275135	4.7671321747275135	4.7671321747275135	0.09109212816952121	5.498496337508011	0.017021761996633564	9.602887099915597	499.64125731121925	0.6293750666331154	0	0	0	0	5.042846887458292	-0.0012945211690173436	0	458.23003868231564	-0.04786517259810468
13.9	4.7671321747275135	4.7671321747275135	4.7671321747275135	0.09109212816951595	5.498496337497567	0.017021761996701693	9.602887099915737	499.6412573114573	0.629375066632486	0	0	0	0	5.042846582848096	-0.0012945171452241045	0	458.23004568522305	-0.047865210007466706
14	4.7671321747275135	4.7671321747275135	4.7671321747275135	0.09109212816951459	5.498496337494914	0.017021761996718923	9.602887099915772	499.64125731151773	0.629375066632327	0	0	0	0	5.042846504832525	-0.0012945161211454482	0	458.23004747881015	-0.047865219528049736
14.1	4.7671321747275135	4.7671321747275135	4.7671321747275135	0.0910921281695194	5.4984963375045295	0.01702176199665602	9.602887099915645	499.6412573112985	0.629375066632908	0	0	0	0	5.042846783700793	-0.0012945198203329338	0	458.23004106777955	-0.04786518513583348
14.2	4.7671321747275135	4.7671321747275135	4.7671321747275135	0.09109212816953001	5.498496337525595	0.01702176199651852	9.602887099915362	499.6412573108182	0.6293750666341784	0	0	0	0	5.042847397107841	-0.0012945279323555562	0	458.2300269658347	-0.04786510971778743
14.3	4.7671321747275135	4.7671321747275135	4.7671321747275135	0.09109212816953291	5.498496337531152	0.017021761996483104	9.602887099915284	499.6412573106915	0.6293750666345055	0	0	0	0	5.0428475656339184	-0.001294530093882362	0	458.23002309151934	-0.04786508962584777
14.4	4.7671321747275135	4.7671321747275135	4.7671321747275135	0.09109212816953402	5.4984963375333	0.017021761996469265	9.602887099915254	499.64125731064263	0.6293750666346333	0	0	0	0	5.042847629972985	-0.0012945309277240893	0	458.2300216124052	-0.047865081874603144
14.5	4.767132174727513	4.767132174727513	4.767132174727513	0.0910921281695364	5.49849633753811	0.01702176199643751	9.60288709991519	499.6412573105329	0.6293750666349266	0	0	0	0	5.0428477672525265	-0.001294532771028654	0	458.2300184563909	-0.047865064735672806
14.6	4.7671321747275135	4.7671321747275135	4.7671321747275135	0.09109212816953666	5.49849633753858	0.017021761996434626	9.602887099915185	499.6412573105223	0.6293750666349532	0	0	0	0	5.042847782427504	-0.0012945329571202918	0	458.23001810750003	-0.047865063006392324
14.7	4.7671321747275135	4.7671321747275135	4.7671321747275135	0.09109212816953743	5.498496337540163	0.017021761996424013	9.602887099915165	499.64125731048614	0.6293750666350513	0	0	0	0	5.042847826384489	-0.0012945335597510025	0	458.2300170969359	-0.04786505740246863
14.8	4.7671321747275135	4.7671321747275135	4.7671321747275135	0.09109212816953775	5.498496337540807	0.017021761996419735	9.602887099915154	499.6412573104716	0.6293750666350908	0	0	0	0	5.042847844802392	-0.0012945338076741305	0	458.23001667348586	-0.04786505509727496
14.9	4.7671321747275135	4.7671321747275135	4.7671321747275135	0.09109212816953782	5.498496337540973	0.01702176199641864	9.602887099915154	499.6412573104678	0.6293750666351009	0	0	0	0	5.04284784963881	-0.0012945338719618485	0	458.2300165622823	-0.04786505449957879
15	4.7671321747275135	4.7671321747275135	4.7671321747275135	0.09109212816953809	5.498496337541483	0.017021761996415218	9.602887099915147	499.6412573104563	0.6293750666351325	0	0	0	0	5.042847863226232	-0.001294534062242764	0	458.2300162499237	-0.047865052729926534
15.1	4.7671321747275135	4.7671321747275135	4.7671321747275135	0.09109212816953813	5.498496337541543	0.017021761996414853	9.602887099915145	499.64125731045493	0.6293750666351359	0	0	0	0	5.04284786493864	-0.001294534084523591	0	458.2300162105643	-0.047865052522822735
15.2	4.767132174727514	4.767132174727514	4.767132174727514	0.09109212816953817	5.498496337541687	0.017021761996413854	9.602887099915145	499.64125731045164	0.629375066635145	0	0	0	0	5.0428478687429195	-0.0012945341387178894	0	458.2300161231355	-0.04786505201874271
15.3	4.7671321747275135	4.7671321747275135	4.7671321747275135	0.09109212816953821	5.498496337541758	0.01702176199641334	9.602887099915144	499.64125731045	0.6293750666351497	0	0	0	0	5.042847870735258	-0.0012945341667738837	0	458.2300160773747	-0.04786505175781636
15.4	4.7671321747275135	4.7671321747275135	4.7671321747275135	0.09109212816953821	5.498496337541771	0.01702176199641325	9.602887099915142	499.64125731044965	0.6293750666351506	0	0	0	0	5.042847871107587	-0.0012945341718286888	0	458.2300160688481	-0.04786505171082992
15.5	4.7671321747275135	4.7671321747275135	4.7671321747275135	0.09109212816953823	5.498496337541823	0.017021761996412896	9.602887099915142	499.64125731044845	0.6293750666351539	0	0	0	0	5.042847872420594	-0.0012945341909458895	0	458.23001603867095	-0.047865051532972165
15.6	4.7671321747275135	4.7671321747275135	4.7671321747275135	0.09109212816953825	5.498496337541831	0.017021761996412862	9.60288709991514	499.6412573104484	0.6293750666351543	0	0	0	0	5.042847872617394	-0.0012945341936353026	0	458.2300160341304	-0.04786505150792449
15.7	4.767132174727514	4.767132174727514	4.767132174727514	0.09109212816953827	5.498496337541554	0.017021761996414714	9.60288709991514	499.64125731045476	0.6293750666351372	0	0	0	0	5.042847866754083	-0.0012945341033517791	0	458.23001616889496	-0.04786505234805255
15.8	4.7671321747275135	4.7671321747275135	4.7671321747275135	0.0910921281695383	5.498496337534636	0.01702176199646113	9.60288709991514	499.6412573106138	0.6293750666347082	0	0	0	0	5.042847719415208	-0.001294531839061435	0	458.230019556116	-0.04786507341753347
15.9	4.7671321747275135	4.7671321747275135	4.7671321747275135	0.09109212816953835	5.498496337520703	0.017021761996554596	9.602887099915137	499.64125731093407	0.6293750666338443	0	0	0	0	5.042847422642872	-0.0012945272787875182	0	458.23002637874606	-0.04786511585132138
16	4.7671321747275135	4.7671321747275135	4.7671321747275135	0.09109212816953842	5.498496337502745	0.01702176199667506	9.602887099915135	499.64125731134703	0.6293750666327311	0	0	0	0	5.0428470400725285	-0.001294521400674533	0	458.23003517383654	-0.047865170547679116
16.1	4.7671321747275135	4.7671321747275135	4.7671321747275135	0.0910921281695385	5.498496337483746	0.017021761996802463	9.602887099915133	499.64125731178376	0.6293750666315537	0	0	0	0	5.042846635339634	-0.0012945151828669833	0	458.2300444784387	-0.047865228404869536
16.2	4.7671321747275135	4.7671321747275135	4.7671321747275135	0.09109212816953859	5.498496337466694	0.017021761996916743	9.60288709991513	499.6412573121758	0.6293750666304976	0	0	0	0	5.0428462720796405	-0.0012945096035093728	0	458.2300528296039	-0.04786528032115547
16.3	4.7671321747275135	4.7671321747275135	4.7671321747275135	0.09109212816953863	5.498496337454576	0.01702176199699786	9.602887099915128	499.64125731245434	0.629375066629748	0	0	0	0	5.042846013928008	-0.001294505640746206	0	458.2300587643836	-0.04786531719479977
16.4	4.7671321747275135	4.7671321747275135	4.7671321747275135	0.09109212816953866	5.498496337450379	0.017021761997025747	9.602887099915128	499.6412573125508	0.6293750666294903	0	0	0	0	5.0428459245201855	-0.001294504272721987	0	458.2300608198292	-0.04786532992406529
16.5	4.7671321747275135	4.7671321747275135	4.7671321747275135	0.09109212816953863	5.498496337457089	0.017021761996980342	9.60288709991513	499.6412573123965	0.6293750666299098	0	0	0	0	5.042846067491633	-0.00129450647758122	0	458.230057532992	-0.047865309407214854
16.6	4.7671321747275135	4.7671321747275135	4.7671321747275135	0.09109212816953853	5.498496337477696	0.0170217619968416	9.602887099915131	499.64125731192274	0.629375066631192	0	0	0	0	5.042846506477804	-0.0012945132334684088	0	458.2300474409235	-0.04786524654251133
16.7	4.7671321747275135	4.7671321747275135	4.7671321747275135	0.09109212816953838	5.498496337512656	0.01702176199660662	9.602887099915135	499.64125731111886	0.6293750666333636	0	0	0	0	5.042847251294488	-0.0012945246870214972	0	458.23003031796037	-0.047865139965690064
16.8	4.7671321747275135	4.7671321747275135	4.7671321747275135	0.09109212816953832	5.498496337528933	0.017021761996499227	9.602887099915137	499.6412573107447	0.6293750666343559	0	0	0	0	5.042847597991456	-0.0012945299761008599	0	458.2300223475528	-0.04786509075224497
16.9	4.767132174727513	4.767132174727513	4.767132174727513	0.0910921281695383	5.498496337534797	0.01702176199646054	9.602887099915138	499.6412573106099	0.6293750666347134	0	0	0	0	5.0428477228839865	-0.001294531881362651	0	458.23001947633776	-0.04786507302432534
17	4.7671321747275135	4.7671321747275135	4.7671321747275135	0.09109212816953828	5.498496337539009	0.01702176199643201	9.60288709991514	499.641257310513	0.6293750666349771	0	0	0	0	5.042847812647418	-0.0012945332663393551	0	458.2300174127126	-0.04786506013671909
17.1	4.7671321747275135	4.7671321747275135	4.7671321747275135	0.09109212816953827	5.498496337540179	0.017021761996424252	9.60288709991514	499.6412573104861	0.6293750666350488	0	0	0	0	5.042847837596988	-0.001294533647572243	0	458.2300168391171	-0.04786505658942957
17.2	4.7671321747275135	4.7671321747275135	4.7671321747275135	0.09109212816953827	5.498496337541215	0.017021761996417084	9.60288709991514	499.6412573104623	0.6293750666351151	0	0	0	0	5.04284785963039	-0.0012945339909676628	0	458.2300163325979	-0.047865053393868366
17.3	4.7671321747275135	4.7671321747275135	4.7671321747275135	0.09109212816953827	5.49849633754149	0.01702176199641525	9.60288709991514	499.6412573104562	0.6293750666351321	0	0	0	0	5.0428478654432505	-0.0012945340803666968	0	458.230016198991	-0.04786505256199733
17.4	4.7671321747275135	4.7671321747275135	4.7671321747275135	0.09109212816953827	5.498496337541712	0.01702176199641368	9.60288709991514	499.64125731045095	0.6293750666351465	0	0	0	0	5.042847870197445	-0.0012945341550346596	0	458.2300160897174	-0.047865051867151155
17.5	4.7671321747275135	4.7671321747275135	4.7671321747275135	0.09109212816953827	5.498496337541782	0.017021761996413205	9.60288709991514	499.64125731044936	0.629375066635151	0	0	0	0	5.04284787168916	-0.0012945341782217943	0	458.2300160554514	-0.04786505165141881
17.6	4.767132174727514	4.767132174727514	4.767132174727514	0.09109212816953827	5.498496337541828	0.017021761996412886	9.60288709991514	499.6412573104484	0.629375066635154	0	0	0	0	5.042847872640527	-0.0012945341932427065	0	458.23001603358665	-0.04786505151162934
17.7	4.7671321747275135	4.7671321747275135	4.7671321747275135	0.09109212816953827	5.498496337541847	0.01702176199641275	9.60288709991514	499.64125731044794	0.6293750666351552	0	0	0	0	5.042847873034485	-0.001294534199450211	0	458.2300160245169	-0.04786505145390263
17.8	4.7671321747275135	4.7671321747275135	4.7671321747275135	0.09109212816953827	5.498496337541855	0.017021761996412692	9.60288709991514	499.64125731044777	0.6293750666351557	0	0	0	0	5.042847873217528	-0.0012945342023523944	0	458.2300160202982	-0.04786505142690914
17.9	4.7671321747275135	4.7671321747275135	4.7671321747275135	0.09109212816953827	5.4984963375418605	0.017021761996412654	9.60288709991514	499.64125731044766	0.6293750666351563	0	0	0	0	5.042847873321565	-0.0012945342039997626	0	458.23001601792566	-0.04786505141157363
18	4.767132174727514	4.767132174727514	4.767132174727514	0.09109212816953835	5.498496337541863	0.017021761996412685	9.602887099915138	499.6412573104477	0.629375066635156	0	0	0	0	5.04284787324502	-0.0012945342026925361	0	458.23001601968497	-0.04786505142374101
18.1	4.7671321747275135	4.7671321747275135	4.7671321747275135	0.09109212816960403	5.4984963375428935	0.017021761996440093	9.602887099913387	499.64125731044857	0.629375066634899	0	0	0	0	5.04284779710953	-0.0012945329326806618	0	458.23001777000786	-0.047865063246278455
18.2	4.767132174727514	4.767132174727514	4.767132174727514	0.09109212816977484	5.498496337545559	0.017021761996511384	9.60288709990883	499.64125731045095	0.6293750666342307	0	0	0	0	5.042847599090794	-0.0012945296296405693	0	458.23002232242516	-0.04786509399427198
18.3	4.7671321747275135	4.7671321747275135	4.7671321747275135	0.09109212817002633	5.498496337549461	0.017021761996616362	9.602887099902125	499.6412573104551	0.6293750666332469	0	0	0	0	5.0428473075157445	-0.0012945247661775077	0	458.2300290257023	-0.0478651392682352
18.4	4.7671321747275135	4.7671321747275135	4.7671321747275135	0.09109212817033409	5.4984963375542	0.017021761996744825	9.602887099893918	499.64125731046096	0.6293750666320429	0	0	0	0	5.042846950711313	-0.001294518814896725	0	458.2300372286048	-0.04786519466868174
18.5	4.7671321747275135	4.7671321747275135	4.7671321747275135	0.09109212817067365	5.498496337559379	0.017021761996886577	9.60288709988486	499.6412573104685	0.6293750666307143	0	0	0	0	5.0428465570044265	-0.0012945122484034704	0	458.23004627989815	-0.047865255796125224
18.6	4.7671321747275135	4.7671321747275135	4.7671321747275135	0.09109212817102062	5.498496337564597	0.017021761997031423	9.602887099875607	499.64125731047795	0.6293750666293568	0	0	0	0	5.042846154722018	-0.001294505539302993	0	458.230055528348	-0.04786531825107931
18.7	4.7671321747275135	4.7671321747275135	4.7671321747275135	0.09109212817135058	5.498496337569459	0.017021761997169167	9.60288709986681	499.64125731048927	0.6293750666280661	0	0	0	0	5.042845772191019	-0.0012944991602005414	0	458.2300643227198	-0.047865377634057606
18.8	4.7671321747275135	4.7671321747275135	4.7671321747275135	0.09109212817163904	5.498496337573564	0.01702176199728961	9.602887099859117	499.64125731050245	0.6293750666269374	0	0	0	0	5.042845437738357	-0.0012944935837013647	0	458.230072011779	-0.04786542954557375
18.9	4.7671321747275135	4.7671321747275135	4.7671321747275135	0.0910921281718616	5.498496337576513	0.01702176199738255	9.602887099853183	499.6412573105176	0.6293750666260668	0	0	0	0	5.042845179690967	-0.0012944892824107114	0	458.2300779442911	-0.04786546958614136
19	4.7671321747275135	4.7671321747275135	4.7671321747275135	0.09109212817199384	5.49849633757791	0.0170217619974378	9.602887099849658	499.6412573105347	0.6293750666255494	0	0	0	0	5.042845026375776	-0.0012944867289338307	0	458.2300814690217	-0.047865493356274075
19.1	4.7671321747275135	4.7671321747275135	4.7671321747275135	0.09109212817201132	5.498496337577354	0.01702176199744515	9.602887099849191	499.6412573105539	0.629375066625481	0	0	0	0	5.042845006119714	-0.0012944863958759712	0	458.2300819347363	-0.047865496456485516
19.2	4.7671321747275135	4.7671321747275135	4.7671321747275135	0.09109212817188958	5.498496337574447	0.017021761997394417	9.60288709985244	499.64125731057516	0.6293750666259574	0	0	0	0	5.042845147249715	-0.0012944887558423818	0	458.2300786902004	-0.04786547448728932
19.3	4.7671321747275135	4.7671321747275135	4.7671321747275135	0.09109212817160423	5.498496337568793	0.017021761997275398	9.60288709986005	499.6412573105986	0.6293750666270738	0	0	0	0	5.042845478092707	-0.0012944942814383119	0	458.2300710841795	-0.04786542304919912
19.4	4.7671321747275135	4.7671321747275135	4.7671321747275135	0.09109212817113081	5.498496337559989	0.017021761997077892	9.602887099872676	499.64125731062416	0.6293750666289261	0	0	0	0	5.042846026975621	-0.0012945034452690092	0	458.2300584654391	-0.04786533774272853
19.5	4.7671321747275135	4.7671321747275135	4.7671321747275135	0.0910921281704449	5.49849633754764	0.017021761996791708	9.602887099890967	499.64125731065195	0.6293750666316095	0	0	0	0	5.042846822225387	-0.0012945167199397234	0	458.23004018274474	-0.047865214168391186
19.6	4.7671321747275135	4.7671321747275135	4.7671321747275135	0.09109212816994997	5.498496337549579	0.017021761996582282	9.602887099904166	499.6412573104229	0.629375066633565	0	0	0	0	5.04284739605716	-0.0012945262354872222	0	458.2300269904016	-0.047865125590727406
19.7	4.7671321747275135	4.7671321747275135	4.7671321747275135	0.09109212816995124	5.498496337568581	0.017021761996577952	9.60288709990413	499.6412573099868	0.6293750666335911	0	0	0	0	5.042847394623248	-0.0012945261011422001	0	458.2300270233264	-0.04786512684638059
19.8	4.7671321747275135	4.7671321747275135	4.7671321747275135	0.09109212816980639	5.498496337560276	0.017021761996520075	9.602887099907994	499.6412573101238	0.6293750666341381	0	0	0	0	5.042847562549053	-0.0012945289373736027	0	458.2300231627012	-0.047865100442314706
19.9	4.7671321747275135	4.7671321747275135	4.7671321747275135	0.09109212816969436	5.498496337557654	0.01702176199647182	9.60288709991098	499.64125731014235	0.6293750666345911	0	0	0	0	5.0428476924092225	-0.0012945311085677366	0	458.23002017719034	-0.04786508023044849
20	4.7671321747275135	4.7671321747275135	4.7671321747275135	0.09109212816970338	5.498496337564273	0.017021761996472064	9.60288709991074	499.6412573099937	0.6293750666345839	0	0	0	0	5.04284768196074	-0.001294530896586498	0	458.2300204173481	-0.04786508220551069
20.1	4.7671321747275135	4.7671321747275135	4.7671321747275135	0.09109212816962031	5.498496337553031	0.017021761996442092	9.602887099912955	499.6412573102212	0.6293750666348725	0	0	0	0	5.042847778262755	-0.001294532560801565	0	458.23001820333246	-0.047865066710716046
20.2	4.7671321747275135	4.7671321747275135	4.7671321747275135	0.0910921281696018	5.49849633755346	0.01702176199643267	9.602887099913447	499.6412573102044	0.6293750666349602	0	0	0	0	5.042847799675851	-0.0012945329137663234	0	458.23001771099524	-0.04786506342514659
20.3	4.7671321747275135	4.7671321747275135	4.7671321747275135	0.09109212816959858	5.498496337554103	0.017021761996430615	9.602887099913533	499.6412573101884	0.629375066634979	0	0	0	0	5.042847803401615	-0.001294532971868185	0	458.2300176253122	-0.047865062884452275
20.4	4.7671321747275135	4.7671321747275135	4.7671321747275135	0.0910921281695656	5.498496337547653	0.017021761996420415	9.602887099914412	499.6412573103244	0.6293750666350791	0	0	0	0	5.042847841658231	-0.0012945336445379745	0	458.23001674579956	-0.047865056621014056
20.5	4.7671321747275135	4.7671321747275135	4.7671321747275135	0.09109212816956468	5.498496337548718	0.017021761996418597	9.602887099914437	499.64125731029975	0.6293750666350955	0	0	0	0	5.042847842706021	-0.0012945336556954795	0	458.2300167216968	-0.04786505651744957
20.6	4.7671321747275135	4.7671321747275135	4.7671321747275135	0.09109212816955689	5.498496337546824	0.017021761996416716	9.602887099914646	499.6412573103404	0.6293750666351144	0	0	0	0	5.042847851737644	-0.0012945338166832582	0	458.2300165140518	-0.0478650550183564
20.7	4.7671321747275135	4.7671321747275135	4.7671321747275135	0.09109212816954837	5.498496337544832	0.01702176199641438	9.602887099914872	499.641257310383	0.6293750666351379	0	0	0	0	5.042847861649759	-0.0012945339928747887	0	458.23001628617084	-0.04786505337769913
20.8	4.7671321747275135	4.7671321747275135	4.7671321747275135	0.09109212816954897	5.498496337545413	0.017021761996413854	9.602887099914854	499.6412573103699	0.6293750666351424	0	0	0	0	5.042847860954117	-0.0012945339779517541	0	458.23001630215947	-0.04786505351676181
20.9	4.7671321747275135	4.7671321747275135	4.7671321747275135	0.09109212816954387	5.498496337543725	0.017021761996413268	9.60288709991499	499.6412573104068	0.6293750666351491	0	0	0	0	5.042847866873071	-0.0012945340860377166	0	458.2300161660827	-0.04786505251015695
21	4.7671321747275135	4.7671321747275135	4.7671321747275135	0.09109212816954232	5.498496337543385	0.01702176199641274	9.602887099915032	499.641257310414	0.6293750666351543	0	0	0	0	5.042847868680811	-0.001294534117966298	0	458.23001612454595	-0.04786505221286046
21.1	4.7671321747275135	4.7671321747275135	4.7671321747275135	0.09109212816954228	5.4984963375434655	0.017021761996412556	9.602887099915034	499.64125731041213	0.629375066635156	0	0	0	0	5.042847868722826	-0.0012945341181644745	0	458.2300161235954	-0.04786505221102745
21.2	4.7671321747275135	4.7671321747275135	4.7671321747275135	0.09109212816958426	5.498496337564053	0.017021761996403064	9.602887099913914	499.64125730995454	0.6293750666352292	0	0	0	0	5.042847820364484	-0.0012945331946511898	0	458.23001723533906	-0.04786506081327494
21.3	4.767132174727513	4.767132174727513	4.767132174727513	0.09109212816975917	5.498496337649016	0.017021761996365382	9.602887099909248	499.64125730806666	0.6293750666355178	0	0	0	0	5.042847618824195	-0.0012945293505918875	0	458.23002186873674	-0.04786509661949519
21.4	4.7671321747275135	4.7671321747275135	4.7671321747275135	0.09109212816999837	5.498496337764957	0.017021761996314416	9.60288709990287	499.6412573054907	0.6293750666359074	0	0	0	0	5.042847343215521	-0.0012945240952024698	0	458.23002820497237	-0.04786514557178829
21.5	4.7671321747275135	4.7671321747275135	4.7671321747275135	0.09109212817022438	5.498496337874244	0.017021761996266906	9.602887099896842	499.64125730306256	0.6293750666362695	0	0	0	0	5.0428470827755	-0.0012945191306293273	0	458.2300341924886	-0.04786519181516766
21.6	4.7671321747275135	4.7671321747275135	4.7671321747275135	0.09109212817035978	5.498496337939245	0.0170217619962396	9.602887099893229	499.6412573016188	0.6293750666364761	0	0	0	0	5.0428469267411735	-0.001294516159018851	0	458.23003777972826	-0.047865219494646706
21.7	4.7671321747275135	4.7671321747275135	4.7671321747275135	0.09109212817032715	5.498496337922323	0.017021761996249232	9.6028870998941	499.64125730199567	0.6293750666363986	0	0	0	0	5.04284696434958	-0.001294516882517432	0	458.23003691513384	-0.04786521275523886
21.8	4.7671321747275135	4.7671321747275135	4.7671321747275135	0.09109212817004902	5.498496337785844	0.017021761996312546	9.602887099901519	499.6412573050292	0.629375066635909	0	0	0	0	5.042847284837758	-0.0012945230032714616	0	458.2300295471482	-0.047865155741957544
21.9	4.7671321747275135	4.7671321747275135	4.7671321747275135	0.09109212816975501	5.498496337646762	0.017021761996365965	9.60288709990936	499.6412573081168	0.629375066635514	0	0	0	0	5.042847623628751	-0.00129452944353328	0	458.2300217583709	-0.047865095753722185
22	4.7671321747275135	4.7671321747275135	4.7671321747275135	0.09109212816971969	5.498496337637388	0.01702176199635334	9.602887099910301	499.64125730831915	0.629375066635639	0	0	0	0	5.042847664321489	-0.0012945301746499337	0	458.2300208228384	-0.04786508894537151
22.1	4.7671321747275135	4.7671321747275135	4.7671321747275135	0.09109212816963672	5.498496337594022	0.01702176199637968	9.602887099912515	499.6412573092851	0.6293750666354253	0	0	0	0	5.0428477599451575	-0.0012945320161960102	0	458.2300186244399	-0.04786507179123988
22.2	4.7671321747275135	4.7671321747275135	4.7671321747275135	0.09109212816959535	5.498496337573916	0.017021761996388114	9.60288709991362	499.6412573097319	0.6293750666353616	0	0	0	0	5.042847807641805	-0.0012945329259531873	0	458.23001752787627	-0.04786506331716727
22.3	4.7671321747275135	4.7671321747275135	4.7671321747275135	0.091092128169587	5.498496337570595	0.01702176199638783	9.602887099913842	499.64125730980516	0.6293750666353669	0	0	0	0	5.042847817219874	-0.0012945331044952443	0	458.23001730765685	-0.047865061654289616
22.4	4.767132174727514	4.767132174727514	4.767132174727514	0.0910921281695591	5.498496337554223	0.01702176199640171	9.602887099914586	499.64125731017117	0.6293750666352493	0	0	0	0	5.042847849398325	-0.001294533734498036	0	458.23001656787164	-0.04786505578532752
22.5	4.7671321747275135	4.7671321747275135	4.7671321747275135	0.09109212816955509	5.498496337552569	0.0170217619964015	9.602887099914694	499.64125731020766	0.6293750666352526	0	0	0	0	5.042847854017366	-0.0012945338209202658	0	458.23001646169115	-0.047865054980352116
22.6	4.7671321747275135	4.7671321747275135	4.7671321747275135	0.09109212816954802	5.498496337548125	0.017021761996406013	9.602887099914883	499.6412573103072	0.6293750666352136	0	0	0	0	5.042847862160686	-0.0012945339820775626	0	458.2300162744663	-0.047865053478992885
22.7	4.7671321747275135	4.7671321747275135	4.7671321747275135	0.09109212816954357	5.498496337545426	0.01702176199640848	9.602887099915	499.6412573103676	0.6293750666351925	0	0	0	0	5.042847867267136	-0.0012945340825970839	0	458.23001615706494	-0.04786505254255914
22.8	4.7671321747275135	4.7671321747275135	4.7671321747275135	0.09109212816954287	5.498496337545124	0.017021761996408504	9.60288709991502	499.64125731037433	0.6293750666351925	0	0	0	0	5.0428478680318705	-0.0012945340970492772	0	458.23001613948355	-0.04786505240793724
22.9	4.767132174727513	4.767132174727513	4.767132174727513	0.09109212816954025	5.498496337543274	0.017021761996410822	9.602887099915089	499.6412573104158	0.6293750666351721	0	0	0	0	5.042847871082074	-0.0012945341585047952	0	458.2300160693579	-0.0478650518353627
23	4.7671321747275135	4.7671321747275135	4.7671321747275135	0.09109212816953982	5.498496337543018	0.01702176199641099	9.6028870999151	499.6412573104214	0.629375066635171	0	0	0	0	5.042847871606853	-0.001294534168698049	0	458.2300160573232	-0.04786505174038915
23.1	4.7671321747275135	4.7671321747275135	4.7671321747275135	0.09109212816953922	5.498496337542589	0.017021761996411578	9.602887099915113	499.64125731043106	0.6293750666351657	0	0	0	0	5.042847872284939	-0.0012945341824719722	0	458.23001604177534	-0.04786505161208533
23.2	4.7671321747275135	4.7671321747275135	4.7671321747275135	0.09109212816953875	5.498496337542245	0.017021761996412043	9.602887099915128	499.64125731043885	0.6293750666351616	0	0	0	0	5.04284787282662	-0.00129453419346683	0	458.23001602933556	-0.04786505150966627
23.3	4.7671321747275135	4.7671321747275135	4.7671321747275135	0.0910921281695387	5.498496337542215	0.017021761996412053	9.60288709991513	499.6412573104395	0.6293750666351614	0	0	0	0	5.042847872891643	-0.0012945341947183102	0	458.23001602783154	-0.0478650514980045
23.4	4.7671321747275135	4.7671321747275135	4.7671321747275135	0.0910921281695418	5.498496337544963	0.017021761996407	9.602887099915046	499.6412573103775	0.6293750666352067	0	0	0	0	5.0428478694228	-0.0012945341208016638	0	458.23001610756745	-0.047865052186832555
23.5	4.7671321747275135	4.7671321747275135	4.7671321747275135	0.09109212816955714	5.498496337558489	0.01702176199638231	9.602887099914637	499.6412573100724	0.6293750666354274	0	0	0	0	5.042847852198165	-0.0012945337544773713	0	458.2300165035397	-0.04786505560055669
23.6	4.7671321747275135	4.7671321747275135	4.7671321747275135	0.09109212816957865	5.498496337577409	0.017021761996347837	9.602887099914065	499.6412573096455	0.6293750666357356	0	0	0	0	5.042847828069762	-0.0012945332414866118	0	458.2300170582242	-0.04786506038103619
23.7	4.7671321747275135	4.7671321747275135	4.7671321747275135	0.09109212816959891	5.498496337595211	0.01702176199631546	9.602887099913522	499.64125730924377	0.629375066636025	0	0	0	0	5.04284780532969	-0.0012945327581679637	0	458.2300175809913	-0.04786506488500111
23.8	4.7671321747275135	4.7671321747275135	4.7671321747275135	0.09109212816961056	5.498496337605389	0.01702176199629707	9.602887099913211	499.6412573090142	0.6293750666361896	0	0	0	0	5.042847792270035	-0.0012945324808600054	0	458.23001788121144	-0.047865067469181545
23.9	4.7671321747275135	4.7671321747275135	4.7671321747275135	0.09109212816960618	5.498496337601432	0.01702176199630455	9.602887099913328	499.64125730910354	0.6293750666361226	0	0	0	0	5.04284779718289	-0.0012945325859013148	0	458.23001776825504	-0.047865066490307535
24	4.7671321747275135	4.7671321747275135	4.7671321747275135	0.09109212816957839	5.49849633757683	0.017021761996349784	9.602887099914069	499.6412573096587	0.6293750666357181	0	0	0	0	5.042847828360344	-0.0012945332496304702	0	458.23001705149255	-0.04786506030510914
