0	4.7671321747275135	4.7671321747275135	4.7671321747275135	0.09109212816953825	5.498496337541862	0.01702176199641263	9.60288709991514	499.6412573104476	0.6293750666351564	0	0	0	0	0	0	0	0	0
0.1	4.7671321747275135	4.7671321747275135	4.7671321747275135	0.09109212816953825	5.498496337541862	0.01702176199641263	9.60288709991514	499.6412573104476	0.6293750666351564	0	0	0	0	0.0005847631443188345	0	0.00307573906557999	0.1639332060405391	0.00020088986047558016
0.2	4.7671321747275135	4.7671321747275135	4.7671321747275135	0.09109212816953825	5.498496337541862	0.01702176199641263	9.60288709991514	499.6412573104476	0.6293750666351564	0	0	0	0	0.0016493122647576357	0	0.005566305859538537	0.31220305162413575	0.0003607324004627339
0.3	4.7671321747275135	4.7671321747275135	4.7671321747275135	0.09109212816953825	5.498496337541862	0.01702176199641263	9.60288709991514	499.6412573104476	0.6293750666351564	0	0	0	0	0.0027191522822487125	-12675445155825862e-22	0.007583031873973483	0.45106051755325693	0.00048654768216266765
0.4	4.7671321747275135	4.7671321747275135	4.7671321747275135	0.09109212816953825	5.498496337541862	0.01702176199641263	9.60288709991514	499.6412573104476	0.6293750666351564	0	0	0	0	0.003658513230092199	-17715775116180028e-22	0.009216074115794531	0.5809088994268246	0.0005847935382753859
0.5	4.7671321747275135	4.7671321747275135	4.7671321747275135	0.09109212816953825	5.498496337541862	0.01702176199641263	9.60288709991514	499.6412573104476	0.6293750666351564	0	0	0	0	0.0044448790360389874	-22368204052058156e-22	0.010538411785828407	0.7009199804186922	0.0006609370538158772
0.6	4.7671321747275135	4.7671321747275135	4.7671321747275135	0.09109212816953825	5.498496337541862	0.017021761996412626	9.60288709991514	499.6412573104476	0.6293750666351563	0	0	0	0	0.0050906603676431645	-26580738300466823e-22	0.011609175468333236	0.8104071967131509	0.0007194805996941207
0.7	4.7671321747275135	4.7671321747275135	4.7671321747275135	0.09109212816953825	5.498496337541862	0.01702176199641263	9.60288709991514	499.6412573104476	0.6293750666351564	0	0	0	0	0.005616756369963926	-30349223187074616e-22	0.012476219437005573	0.9091263465474487	0.0007640846476514205
0.8	4.7671321747275135	4.7671321747275135	4.7671321747275135	0.09109212816953825	5.498496337541862	0.01702176199641263	9.60288709991514	499.6412573104476	0.6293750666351564	0	0	0	0	0.006043892958501713	-33689980269494495e-22	0.01317833529020959	0.9972440146477073	0.0007977110961861717
0.9	4.7671321747275135	4.7671321747275135	4.7671321747275135	0.09109212816953824	5.498496337541862	0.017021761996412626	9.60288709991514	499.6412573104476	0.6293750666351564	0	0	0	0	0.006390180300713619	-3662969639824497e-21	0.013746905886029656	1.0752336119864314	0.0008227404979771751
1	4.7671321747275135	4.7671321747275135	4.7671321747275135	0.09109212816953824	5.498496337541862	0.017021761996412626	9.60288709991514	499.6412573104476	0.6293750666351564	0	0	0	0	0.006670644372318171	-3920030997995728e-21	0.014207165949499112	1.1437659249815169	0.0008410653260884197
1.1	4.7671321747275135	4.7671321747275135	4.7671321747275135	0.09109212816953824	5.498496337541862	0.01702176199641263	9.60288709991514	499.6412573104476	0.6293750666351564	0	0	0	0	0.006897907647531154	-4143595725180758e-21	0.014580051803437999	1.2036146822409433	0.0008542348399824715
1.2	4.7671321747275135	4.7671321747275135	4.7671321747275135	0.09109212816953824	5.498496337541862	0.01702176199641263	9.60288709991514	499.6412573104476	0.6293750666351564	0	0	0	0	0.007081819775772258	-4337102450906332e-21	0.014881775578094315	1.2556048499203054	0.0008634200284864881
1.3	4.767132174727514	4.767132174727514	4.767132174727514	0.09109212816953824	5.498496337541862	0.01702176199641263	9.60288709991514	499.64125731044766	0.6293750666351565	0	0	0	0	0.007230866344013638	-4503919366965317e-21	0.015126293160783382	1.300563010570025	0.0008696112808627035
1.4	4.7671321747275135	4.7671321747275135	4.7671321747275135	0.09109212816953824	5.498496337541861	0.017021761996412626	9.60288709991514	499.6412573104476	0.6293750666351565	0	0	0	0	0.0073514505101345065	-4647166476970903e-21	0.015324111320647267	1.3392769254120245	0.0008735246255743736
1.5	4.7671321747275135	4.7671321747275135	4.7671321747275135	0.09109212816953824	5.4984963375418605	0.01702176199641263	9.60288709991514	499.6412573104476	0.6293750666351565	0	0	0	0	0.007449191985522969	-4769816897838753e-21	0.015484455490085225	1.3725045368628337	0.0008757749218093086
1.6	4.7671321747275135	4.7671321747275135	4.7671321747275135	0.09109212816953825	5.498496337541861	0.01702176199641263	9.60288709991514	499.6412573104476	0.6293750666351565	0	0	0	0	0.007528259408473448	-4874476266115661e-21	0.015614163851247857	1.4009212336356767	0.0008767914085109483
1.7	4.7671321747275135	4.7671321747275135	4.7671321747275135	0.09109212816953824	5.498496337541862	0.01702176199641263	9.60288709991514	499.6412573104476	0.6293750666351565	0	0	0	0	0.0075923329979885055	-4963591830319971e-21	0.015719275223556782	1.425164828908836	0.0008769421067133736
1.8	4.7671321747275135	4.7671321747275135	4.7671321747275135	0.09109212816953825	5.498496337541862	0.01702176199641263	9.60288709991514	499.6412573104476	0.6293750666351565	0	0	0	0	0.007644206765815912	-5039268723602995e-21	0.015804372765710308	1.445789371008255	0.0008764862740534496
1.9	4.7671321747275135	4.7671321747275135	4.7671321747275135	0.09109212816953825	5.498496337541862	0.017021761996412626	9.602887099915138	499.6412573104476	0.6293750666351565	0	0	0	0	0.007686175235895491	-5103380000937379e-21	0.01587322094312552	1.463290646095978	0.0008756236924587174
2	4.7671321747275135	4.7671321747275135	4.7671321747275135	0.09109212816953825	5.498496337541862	0.017021761996412626	9.60288709991514	499.6412573104476	0.6293750666351565	0	0	0	0	0.007720221171071921	-5157639624211775e-21	0.01592907238671135	1.4781240099211894	0.0008745178870879521
2.1	4.7671321747275135	4.7671321747275135	4.7671321747275135	0.09109212816953825	5.498496337541862	0.017021761996412626	9.60288709991514	499.6412573104476	0.6293750666351565	0	0	0	0	0.00774773611798262	-52034100386531795e-22	0.01597420986544914	1.4906541222046412	0.000873266806271682
2.2	4.767132174727514	4.767132174727514	4.767132174727514	0.09109212816953827	5.498496337541862	0.01702176199641263	9.60288709991514	499.6412573104476	0.6293750666351565	0	0	0	0	0.007770030914274707	-524199641142867e-20	0.016010783890189024	1.501230642537751	0.0008719600129198056
2.3	4.767132174727513	4.767132174727513	4.767132174727513	0.09109212816953825	5.498496337541861	0.017021761996412633	9.60288709991514	499.6412573104476	0.6293750666351564	0	0	0	0	0.00778811106815402	-5274489417890877e-21	0.016040443861928662	1.5101470551275504	0.0008706557525511517
2.4	4.7671321747275135	4.7671321747275135	4.7671321747275135	0.09109212816953825	5.498496337541861	0.017021761996412633	9.60288709991514	499.6412573104476	0.6293750666351564	0	0	0	0	0.007802710775638227	-5301757982816898e-21	0.016064394250725943	1.5176381639015066	0.0008693869904637266
2.5	4.7671321747275135	4.7671321747275135	4.7671321747275135	0.09109212816953824	5.498496337541862	0.017021761996412636	9.60288709991514	499.6412573104476	0.6293750666351564	0	0	0	0	0.007814546424197485	-53246540228364276e-22	0.016083810326694495	1.5239342269145941	0.0008681852213117474
2.6	4.767132174727513	4.767132174727513	4.767132174727513	0.09109212816953824	5.498496337541864	0.01702176199641264	9.60288709991514	499.64125731044743	0.6293750666351563	0	0	0	0	0.007824152359700656	-53438676089076754e-22	0.01609956856462459	1.5292224017850047	0.0008670664118075835
2.7	4.7671321747275135	4.7671321747275135	4.7671321747275135	0.09109212816953828	5.498496337541868	0.01702176199641265	9.602887099915138	499.6412573104475	0.6293750666351562	0	0	0	0	0.007831905360078857	-535992576833175e-20	0.016112287104525048	1.533646106642561	0.0008660354573223758
2.8	4.7671321747275135	4.7671321747275135	4.7671321747275135	0.09109212816953827	5.498496337541865	0.017021761996412643	9.602887099915138	499.6412573104475	0.6293750666351563	0	0	0	0	0.00783817768393956	-53733483275992304e-22	0.016122576706591674	1.5373467970038737	0.0008650971949274505
2.9	4.7671321747275135	4.7671321747275135	4.7671321747275135	0.09109212816953832	5.498496337541876	0.017021761996412664	9.602887099915138	499.6412573104474	0.6293750666351562	0	0	0	0	0.007843281576320697	-5384592700435141e-21	0.016130949450671738	1.540449112762306	0.0008642523536393163
3	4.7671321747275135	4.7671321747275135	4.7671321747275135	0.09109212816953843	5.4984963375418925	0.017021761996412702	9.602887099915135	499.641257310447	0.6293750666351559	0	0	0	0	0.007847407267924343	-5393969062447683e-21	0.016137717399565592	1.5430379151107692	0.0008634958811380288
3.1	4.7671321747275135	4.7671321747275135	4.7671321747275135	0.09109212816953847	5.498496337541899	0.017021761996412716	9.602887099915135	499.6412573104469	0.6293750666351555	0	0	0	0	0.007850732368849509	-54017671408953565e-22	0.016143172083999863	1.5451925167205314	0.000862822786516572
3.2	4.767132174727513	4.767132174727513	4.767132174727513	0.09109212816953842	5.49849633754189	0.017021761996412692	9.602887099915135	499.64125731044703	0.6293750666351559	0	0	0	0	0.007853432170374505	-5408274151210367e-21	0.016147601114203363	1.5469915153740956	0.0008622279318138752
3.3	4.7671321747275135	4.7671321747275135	4.7671321747275135	0.09109212816953875	5.498496337541992	0.017021761996412813	9.602887099915126	499.64125731044487	0.6293750666351546	0	0	0	0	0.007855629960795273	-5413709650111655e-21	0.016151205990074254	1.548494890875529	0.0008617045141065565
3.4	4.7671321747275135	4.7671321747275135	4.7671321747275135	0.09109212816953924	5.498496337542127	0.01702176199641299	9.602887099915112	499.6412573104419	0.6293750666351526	0	0	0	0	0.007857403855950722	-5418222902051256e-21	0.016154115255198838	1.5497438208705632	0.0008612459449855002
3.5	4.7671321747275135	4.7671321747275135	4.7671321747275135	0.09109212816953942	5.498496337542176	0.017021761996413063	9.602887099915108	499.6412573104408	0.6293750666351521	0	0	0	0	0.007858831230371791	-542196026480783e-20	0.016156456536447174	1.5507787742838028	0.0008608458922935759
3.6	4.7671321747275135	4.7671321747275135	4.7671321747275135	0.09109212816953907	5.49849633754209	0.017021761996412917	9.602887099915119	499.6412573104427	0.6293750666351534	0	0	0	0	0.00785998930871845	-5425068138918085e-21	0.01615835688073751	1.5516400948178621	0.0008604980128322807
3.7	4.7671321747275135	4.7671321747275135	4.7671321747275135	0.09109212816954246	5.4984963375433935	0.017021761996413757	9.602887099915028	499.64125731041395	0.6293750666351446	0	0	0	0	0.007860938779110102	-5427671836956573e-21	0.016159908927216613	1.5523593999519034	0.0008601960823507739
3.8	4.767132174727514	4.767132174727514	4.767132174727514	0.09109212816954847	5.498496337545633	0.01702176199641533	9.60288709991487	499.6412573103648	0.6293750666351284	0	0	0	0	0.007861709646911252	-54298380939497544e-22	0.01616116376996599	1.5529559528518826	0.000859935105174994
3.9	4.7671321747275135	4.7671321747275135	4.7671321747275135	0.09109212816955305	5.498496337547315	0.017021761996416567	9.602887099914746	499.6412573103277	0.6293750666351156	0	0	0	0	0.007862328643403091	-5431624150558478e-21	0.016162171788397187	1.553448338252161	0.0008597103848149947
4	4.7671321747275135	4.7671321747275135	4.7671321747275135	0.09109212816955214	5.498496337546956	0.017021761996416397	9.60288709991477	499.6412573103356	0.6293750666351173	0	0	0	0	0.007862822499866815	-5433087247443599e-21	0.016162983361921762	1.5538551408871017	0.0008595172247808301
4.1	4.7671321747275135	4.7671321747275135	4.7671321747275135	0.09109212816954629	5.498496337544926	0.017021761996414538	9.602887099914927	499.64125731038007	0.6293750666351363	0	0	0	0	0.007863220996902107	-54342941126060635e-22	0.01616364660895741	1.55419417893744	0.0008593511064950154
4.2	4.7671321747275135	4.7671321747275135	4.7671321747275135	0.09109212816955525	5.498496337549348	0.017021761996414617	9.602887099914689	499.64125731028184	0.6293750666351322	0	0	0	0	0.007863558834514887	-5435335153142359e-21	0.01616418634089109	1.5544755679821425	0.0008592089818666644
4.3	4.7671321747275135	4.7671321747275135	4.7671321747275135	0.09109212816956655	5.4984963375545215	0.017021761996415533	9.602887099914387	499.641257310167	0.6293750666351198	0	0	0	0	0.007863835412275496	-5436204458403013e-21	0.01616462181825254	1.554707863245797	0.0008590876530085471
4.4	4.7671321747275135	4.7671321747275135	4.7671321747275135	0.09109212816956173	5.498496337552283	0.017021761996415242	9.602887099914513	499.6412573102167	0.6293750666351242	0	0	0	0	0.007864045116091126	-5436881548838855e-21	0.01616497360054659	1.5549000848644197	0.0008589837751028601
4.5	4.7671321747275135	4.7671321747275135	4.7671321747275135	0.09109212816956053	5.498496337552956	0.017021761996412112	9.602887099914545	499.64125731020073	0.629375066635153	0	0	0	0	0.007864218520135892	-5437457653322474e-21	0.016165260023992174	1.5550596012938893	0.0008588952178762688
4.6	4.7671321747275135	4.7671321747275135	4.7671321747275135	0.09109212816958671	5.498496337567437	0.01702176199640803	9.60288709991385	499.6412573098776	0.6293750666351802	0	0	0	0	0.007864385652335193	-5438019031850144e-21	0.016165491865728347	1.5551908309000169	0.0008588206358499076
4.7	4.7671321747275135	4.7671321747275135	4.7671321747275135	0.0910921281696012	5.498496337575168	0.017021761996406502	9.602887099913463	499.6412573097052	0.6293750666351887	0	0	0	0	0.007864513867919063	-54384563322436025e-22	0.01616567878092489	1.5552991041908308	0.0008587571060975248
4.8	4.7671321747275135	4.7671321747275135	4.7671321747275135	0.09109212816957403	5.498496337560793	0.017021761996409097	9.602887099914186	499.6412573100256	0.6293750666351753	0	0	0	0	0.007864579492226518	-5438691382724731e-21	0.01616583034484127	1.5553895128561184	0.0008587020005059492
4.9	4.7671321747275135	4.7671321747275135	4.7671321747275135	0.09109212816958888	5.498496337571907	0.017021761996398155	9.60288709991379	499.6412573097756	0.6293750666352692	0	0	0	0	0.007864669176943123	-5439022317384774e-21	0.01616595354401359	1.5554635244431347	0.0008586564841414465
5	4.7671321747275135	4.7671321747275135	4.7671321747275135	0.09109212816962153	5.498496337592525	0.017021761996385297	9.60288709991292	499.6412573093138	0.6293750666353741	0	0	0	0	0.007864761935464199	-5439363899334187e-21	0.016166053021029518	1.5555240269902155	0.0008586186108199821
5.1	4.7671321747275135	4.7671321747275135	4.7671321747275135	0.09109212816960387	5.498496337581537	0.017021761996391844	9.602887099913392	499.6412573095598	0.6293750666353212	0	0	0	0	0.007864793541343717	-5439480031825539e-21	0.016166133420508096	1.5555748890791576	0.0008585850702887556
5.2	4.7671321747275135	4.7671321747275135	4.7671321747275135	0.09109212816957576	5.498496337565702	0.017021761996396906	9.60288709991414	499.64125730991344	0.6293750666352855	0	0	0	0	0.007864805752379814	-54395345281352916e-22	0.016166198785244567	1.5556172673480924	0.0008585563193668256
5.3	4.7671321747275135	4.7671321747275135	4.7671321747275135	0.09109212816958687	5.49849633757476	0.01702176199638578	9.602887099913845	499.6412573097094	0.6293750666353827	0	0	0	0	0.007864848909640152	-5439709354122052e-21	0.016166251642359793	1.5556514009856206	0.0008585332763358991
5.4	4.7671321747275135	4.7671321747275135	4.7671321747275135	0.09109212816957357	5.498496337565794	0.01702176199639308	9.602887099914199	499.6412573099105	0.6293750666353212	0	0	0	0	0.007864861875462922	-5439758568259434e-21	0.016166294385255506	1.5556800169337914	0.0008585129805374881
5.5	4.7671321747275135	4.7671321747275135	4.7671321747275135	0.09109212816955857	5.498496337556247	0.017021761996399036	9.6028870999146	499.64125731012444	0.6293750666352727	0	0	0	0	0.007864868231549598	-5439786130338378e-21	0.016166329089746363	1.555703736725867	0.0008584957505204367
5.6	4.7671321747275135	4.7671321747275135	4.7671321747275135	0.09109212816956172	5.498496337559367	0.017021761996393724	9.602887099914517	499.64125731005396	0.62937506663532	0	0	0	0	0.007864888435124803	-543987241110843e-20	0.01616635714366787	1.5557229004776414	0.0008584818531400349
5.7	4.7671321747275135	4.7671321747275135	4.7671321747275135	0.09109212816955169	5.498496337551876	0.017021761996401832	9.602887099914783	499.64125731022233	0.6293750666352499	0	0	0	0	0.00786489240749059	-5439886116236786e-21	0.016166379855159164	1.5557389658907654	0.0008584696369305185
5.8	4.7671321747275135	4.7671321747275135	4.7671321747275135	0.09109212816954801	5.498496337549531	0.01702176199640308	9.602887099914883	499.64125731027497	0.6293750666352399	0	0	0	0	0.007864899978053737	-5439919079791772e-21	0.016166398280814245	1.5557521090752446	0.0008584595670442614
5.9	4.7671321747275135	4.7671321747275135	4.7671321747275135	0.09109212816954917	5.498496337550743	0.017021761996400774	9.602887099914852	499.64125731024757	0.6293750666352605	0	0	0	0	0.007864910193684403	-5439964216076605e-21	0.016166413168241148	1.55576281365165	0.0008584512887236246
6	4.7671321747275135	4.7671321747275135	4.7671321747275135	0.09109212816954532	5.498496337547775	0.017021761996404226	9.602887099914954	499.6412573103143	0.6293750666352305	0	0	0	0	0.007864913776636484	-5439978891061808e-21	0.016166425239306195	1.5557717397484057	0.0008584441293371063
6.1	4.7671321747275135	4.7671321747275135	4.7671321747275135	0.09109212816955396	5.498496337555821	0.017021761996390283	9.602887099914724	499.64125731013263	0.6293750666353549	0	0	0	0	0.00786492812356995	-5440049783207022e-21	0.01616643503462428	1.5557788312644687	0.0008584386624378785
6.2	4.7671321747275135	4.7671321747275135	4.7671321747275135	0.09109212816956379	5.4984963375646965	0.017021761996375666	9.60288709991446	499.6412573099322	0.6293750666354849	0	0	0	0	0.007864942488142583	-5440120808761104e-21	0.016166442936241643	1.5557845850062486	0.000858434202661985
6.3	4.7671321747275135	4.7671321747275135	4.7671321747275135	0.09109212816955865	5.498496337560004	0.01702176199638351	9.602887099914597	499.6412573100381	0.6293750666354151	0	0	0	0	0.007864941370287322	-5440112157843335e-21	0.01616644932087669	1.5557896036104133	0.0008584298485702131
6.4	4.7671321747275135	4.7671321747275135	4.7671321747275135	0.09109212816957003	5.4984963375724485	0.01702176199635668	9.602887099914293	499.6412573097562	0.6293750666356566	0	0	0	0	0.007864955727485651	-5440194773573381e-21	0.01616645452255483	1.555793396660556	0.0008584270234979974
6.5	4.7671321747275135	4.7671321747275135	4.7671321747275135	0.09109212816962002	5.498496337622154	0.017021761996261556	9.60288709991296	499.64125730863225	0.6293750666365088	0	0	0	0	0.007865007177860997	-5440481572966051e-21	0.016166458734265237	1.5557956016540757	0.0008584266687558602
6.6	4.7671321747275135	4.7671321747275135	4.7671321747275135	0.09109212816965657	5.498496337658091	0.01702176199619392	9.602887099911985	499.6412573078197	0.6293750666371143	0	0	0	0	0.007865044974227723	-5440690320462588e-21	0.01616646212586482	1.5557975036901006	0.0008584260956417731
6.7	4.7671321747275135	4.7671321747275135	4.7671321747275135	0.09109212816962739	5.498496337629	0.017021761996249975	9.602887099912763	499.6412573084776	0.6293750666366119	0	0	0	0	0.007865018131129676	-5440537486229089e-21	0.01616646486726804	1.5558003933747175	0.0008584226035146176
6.8	4.7671321747275135	4.7671321747275135	4.7671321747275135	0.09109212816957778	5.498496337580927	0.017021761996338168	9.602887099914087	499.64125730956414	0.6293750666358234	0	0	0	0	0.007864970998827974	-5440277419886937e-21	0.016166467100928446	1.555803352031334	0.0008584184622959253
6.9	4.7671321747275135	4.7671321747275135	4.7671321747275135	0.09109212816957342	5.498496337578113	0.017021761996338754	9.602887099914202	499.64125730962735	0.62937506663582	0	0	0	0	0.007864967852182672	-5440266300333607e-21	0.016166468907609043	1.555804962487277	0.0008584169065770599
7	4.7671321747275135	4.7671321747275135	4.7671321747275135	0.09109212816955686	5.498496337561074	0.017021761996373376	9.602887099914645	499.64125731001286	0.6293750666355091	0	0	0	0	0.007864952556557466	-5440176884758665e-21	0.016166470370361643	1.5558065765774618	0.0008584148694178727
7.1	4.7671321747275135	4.7671321747275135	4.7671321747275135	0.0910921281695497	5.498496337554091	0.01702176199638625	9.602887099914835	499.6412573101707	0.6293750666353939	0	0	0	0	0.007864946286070224	-5440141827297098e-21	0.016166471556295036	1.5558077578807665	0.0008584135350612481
7.2	4.7671321747275135	4.7671321747275135	4.7671321747275135	0.09109212816954823	5.4984963375527895	0.017021761996388232	9.602887099914875	499.6412573102001	0.6293750666353765	0	0	0	0	0.007864945440066003	-5440137512917848e-21	0.01616647251485791	1.5558086271306695	0.000858412653908026
7.3	4.7671321747275135	4.7671321747275135	4.7671321747275135	0.09109212816954258	5.498496337546603	0.017021761996401954	9.602887099915028	499.64125731034017	0.6293750666352527	0	0	0	0	0.007864940370410326	-5440106116649448e-21	0.01616647329233707	1.5558094418138964	0.0008584116626681708
7.4	4.7671321747275135	4.7671321747275135	4.7671321747275135	0.0910921281695419	5.498496337546007	0.017021761996402752	9.602887099915044	499.64125731035364	0.6293750666352457	0	0	0	0	0.007864940080084995	-5440104766118772e-21	0.01616647392150789	1.5558100208668972	0.0008584110666645102
7.5	4.7671321747275135	4.7671321747275135	4.7671321747275135	0.09109212816954043	5.498496337544346	0.01702176199640667	9.602887099915081	499.6412573103913	0.6293750666352103	0	0	0	0	0.007864938961991844	-54400973711367904e-22	0.016166474430605666	1.5558105157301214	0.0008584105129903782
7.6	4.767132174727514	4.767132174727514	4.767132174727514	0.09109212816953946	5.49849633754326	0.017021761996409146	9.60288709991511	499.6412573104158	0.6293750666351878	0	0	0	0	0.007864938264440438	-544009281712848e-20	0.016166474843531568	1.5558109170079433	0.0008584100668231403
7.7	4.7671321747275135	4.7671321747275135	4.7671321747275135	0.09109212816953934	5.498496337543171	0.017021761996409254	9.602887099915112	499.6412573104178	0.6293750666351869	0	0	0	0	0.007864938365436145	-5440093427067188e-21	0.016166475177300785	1.5558112300787799	0.0008584097368718526
7.8	4.7671321747275135	4.7671321747275135	4.7671321747275135	0.09109212816953874	5.4984963375424405	0.01702176199641113	9.602887099915128	499.6412573104344	0.62937506663517	0	0	0	0	0.007864937939643832	-5440090380642295e-21	0.016166475447891366	1.5558114986692315	0.0008584094295823576
7.9	4.7671321747275135	4.7671321747275135	4.7671321747275135	0.09109212816953863	5.498496337542326	0.01702176199641136	9.602887099915131	499.64125731043697	0.629375066635168	0	0	0	0	0.00786493796785286	-5440090499743385e-21	0.016166475666996676	1.5558117101411517	0.0008584091987902981
8	4.767132174727514	4.767132174727514	4.767132174727514	0.0910921281695385	5.498496337542179	0.017021761996411748	9.602887099915133	499.6412573104403	0.6293750666351644	0	0	0	0	0.007864937960266579	-54400903231561196e-22	0.01616647584419673	1.5558118839756614	0.0008584090047160415
8.1	4.7671321747275135	4.7671321747275135	4.7671321747275135	0.09109212816953836	5.498496337542022	0.01702176199641217	9.602887099915137	499.6412573104439	0.6293750666351604	0	0	0	0	0.00786493792308085	-54400899653904895e-22	0.01616647598795824	1.5558120273542566	0.0008584088414350287
8.2	4.7671321747275135	4.7671321747275135	4.7671321747275135	0.09109212816953838	5.498496337542015	0.017021761996412182	9.602887099915137	499.64125731044396	0.6293750666351604	0	0	0	0	0.007864937984095351	-54400903273478036e-22	0.016166476104184056	1.5558121425657074	0.0008584087121518921
8.3	4.7671321747275135	4.7671321747275135	4.7671321747275135	0.09109212816954039	5.498496337544623	0.01702176199640394	9.602887099915085	499.6412573103848	0.6293750666352356	0	0	0	0	0.007864939817247299	-5440104447445922e-21	0.016166476198509826	1.5558121961620446	0.0008584087325782056
8.4	4.7671321747275135	4.7671321747275135	4.7671321747275135	0.09109212816955362	5.498496337561758	0.017021761996349926	9.60288709991473	499.6412573099958	0.6293750666357278	0	0	0	0	0.007864951556103724	-5440195302589839e-21	0.01616647627552642	1.5558120054194202	0.000858409481264676
8.5	4.7671321747275135	4.7671321747275135	4.7671321747275135	0.09109212816957474	5.498496337589095	0.01702176199626379	9.602887099914168	499.64125730937525	0.6293750666365129	0	0	0	0	0.007864970254235017	-54403400418755925e-22	0.0161664763375878	1.5558116402361384	0.0008584107444721973
8.6	4.767132174727513	4.767132174727513	4.767132174727513	0.09109212816959854	5.498496337619897	0.017021761996166774	9.602887099913534	499.6412573086759	0.6293750666373971	0	0	0	0	0.007864991319016764	-5440503069259035e-21	0.016166476386872197	1.5558112081766529	0.0008584121906860046
8.7	4.7671321747275135	4.7671321747275135	4.7671321747275135	0.09109212816961983	5.498496337647429	0.017021761996080128	9.602887099912966	499.6412573080509	0.6293750666381868	0	0	0	0	0.007865010157824565	-5440648788696022e-21	0.01616647642555784	1.5558108168054183	0.0008584134883913324
8.8	4.7671321747275135	4.7671321747275135	4.7671321747275135	0.0910921281696334	5.498496337664956	0.017021761996025096	9.602887099912605	499.6412573076531	0.6293750666386884	0	0	0	0	0.007865022178034003	-54407416041424066e-22	0.016166476455822965	1.5558105736868877	0.0008584143060734155
8.9	4.7671321747275135	4.7671321747275135	4.7671321747275135	0.09109212816963407	5.498496337665741	0.01702176199602291	9.602887099912587	499.6412573076353	0.6293750666387082	0	0	0	0	0.007865022787020679	-5440745919554043e-21	0.016166476479845798	1.5558105863855152	0.0008584143122174885
9	4.7671321747275135	4.7671321747275135	4.7671321747275135	0.09109212816961663	5.498496337643048	0.01702176199609482	9.602887099913051	499.6412573081505	0.6293750666380526	0	0	0	0	0.007865007392160181	-5440626138886786e-21	0.01616647649980457	1.5558109624657546	0.000858413175308786
9.1	4.7671321747275135	4.7671321747275135	4.7671321747275135	0.09109212816957721	5.498496337591863	0.01702176199625656	9.602887099914103	499.64125730931255	0.6293750666365785	0	0	0	0	0.007864972558114336	-5440355744281217e-21	0.01616647651781751	1.555811782839198	0.0008584106479158144
9.2	4.7671321747275135	4.7671321747275135	4.7671321747275135	0.09109212816955642	5.498496337565488	0.017021761996337783	9.602887099914655	499.64125730991117	0.6293750666358386	0	0	0	0	0.00786495420093131	-5440215917871021e-21	0.016166476533308678	1.5558122215851744	0.0008584093329849144
9.3	4.7671321747275135	4.7671321747275135	4.7671321747275135	0.09109212816955174	5.4984963375598035	0.017021761996354336	9.602887099914781	499.6412573100401	0.6293750666356881	0	0	0	0	0.007864950059487001	-5440185577644656e-21	0.016166476545833516	1.5558123304656601	0.0008584090350477447
9.4	4.7671321747275135	4.7671321747275135	4.7671321747275135	0.09109212816954375	5.4984963375491915	0.01702176199638879	9.602887099914994	499.64125731028105	0.6293750666353738	0	0	0	0	0.007864943015399467	-5440129766848868e-21	0.016166476555988	1.5558125036060613	0.000858408504014922
9.5	4.7671321747275135	4.7671321747275135	4.7671321747275135	0.09109212816954199	5.498496337547013	0.01702176199639536	9.60288709991504	499.6412573103305	0.6293750666353142	0	0	0	0	0.007864941484285043	-5440118238439076e-21	0.01616647656420553	1.555812547966118	0.0008584083855043506
9.6	4.7671321747275135	4.7671321747275135	4.7671321747275135	0.0910921281695401	5.498496337544427	0.017021761996404	9.60288709991509	499.6412573103892	0.6293750666352352	0	0	0	0	0.007864939811558029	-5440104699392326e-21	0.016166476570858783	1.5558125939157055	0.0008584082503376515
9.7	4.7671321747275135	4.7671321747275135	4.7671321747275135	0.09109212816953924	5.49849633754326	0.017021761996407817	9.602887099915113	499.64125731041565	0.6293750666352003	0	0	0	0	0.007864939045078905	-54400985811325976e-22	0.016166476576251077	1.555812617672766	0.0008584081855870781
9.8	4.7671321747275135	4.7671321747275135	4.7671321747275135	0.09109212816953892	5.498496337542826	0.01702176199640926	9.602887099915122	499.6412573104256	0.6293750666351873	0	0	0	0	0.007864938762878866	-5440096311807451e-21	0.01616647658061118	1.555812629174178	0.0008584081578817311
9.9	4.767132174727514	4.767132174727514	4.767132174727514	0.09109212816953854	5.498496337542266	0.017021761996411203	9.602887099915135	499.6412573104383	0.6293750666351695	0	0	0	0	0.007864938416527406	-5440093419259224e-21	0.016166476584147504	1.555812641243167	0.0008584081255485206
10	4.7671321747275135	4.7671321747275135	4.7671321747275135	0.09109212816953847	5.498496337542166	0.017021761996411523	9.602887099915135	499.6412573104405	0.6293750666351666	0	0	0	0	0.007864938352024241	-5440092907836926e-21	0.016166476587008028	1.5558126460812962	0.0008584081162399997
10.1	4.7671321747275135	4.7671321747275135	4.7671321747275135	0.09109212816953836	5.498496337541993	0.017021761996412144	9.60288709991514	499.6412573104444	0.629375066635161	0	0	0	0	0.007864938248607007	-544009201810565e-20	0.016166476589325348	1.5558126512041965	0.0008584081042146251
10.2	4.7671321747275135	4.7671321747275135	4.7671321747275135	0.09109212816953834	5.498496337541944	0.017021761996412317	9.602887099915138	499.64125731044555	0.6293750666351594	0	0	0	0	0.007864938218532009	-54400917666565825e-22	0.016166476591202166	1.5558126541407347	0.0008584080987613352
10.3	4.7671321747275135	4.7671321747275135	4.7671321747275135	0.0910921281695383	5.498496337541909	0.017021761996412445	9.60288709991514	499.6412573104464	0.6293750666351582	0	0	0	0	0.007864938198298923	-5440091589684342e-21	0.01616647659272041	1.555812656440293	0.0008584080945424037
10.4	4.7671321747275135	4.7671321747275135	4.7671321747275135	0.09109212816953828	5.4984963375418845	0.017021761996412536	9.60288709991514	499.64125731044703	0.6293750666351574	0	0	0	0	0.007864938183945912	-5440091463224603e-21	0.016166476593951217	1.55581265827179	0.0008584080912384557
10.5	4.7671321747275135	4.7671321747275135	4.7671321747275135	0.09109212816953827	5.498496337541878	0.017021761996412556	9.602887099915142	499.64125731044726	0.6293750666351572	0	0	0	0	0.007864938181029936	-5440091437753656e-21	0.01616647659494638	1.55581265956478	0.0008584080892439926
10.6	4.7671321747275135	4.7671321747275135	4.7671321747275135	0.09109212816954396	5.498496337547954	0.017021761996385113	9.60288709991499	499.64125731030975	0.6293750666354093	0	0	0	0	0.007864941571776486	-5440123620350129e-21	0.016166476595742756	1.5558125826091675	0.000858408386270573
10.7	4.7671321747275135	4.7671321747275135	4.7671321747275135	0.0910921281695647	5.498496337570129	0.01702176199628494	9.602887099914435	499.64125730980777	0.6293750666363296	0	0	0	0	0.007864953948811147	-5440241083570051e-21	0.016166476596350763	1.555812298853255	0.0008584094744998208
10.8	4.7671321747275135	4.7671321747275135	4.7671321747275135	0.09109212816959672	5.498496337604319	0.01702176199613048	9.602887099913582	499.6412573090339	0.6293750666377487	0	0	0	0	0.00786497303645643	-544042222045852e-20	0.01616647659679564	1.5558118606400895	0.0008584111535067577
10.9	4.7671321747275135	4.7671321747275135	4.7671321747275135	0.0910921281696358	5.498496337646053	0.017021761995941957	9.60288709991254	499.64125730808934	0.6293750666394807	0	0	0	0	0.007864996337801838	-5440643324426315e-21	0.016166476597103237	1.555811325399156	0.000858413203393324
11	4.767132174727514	4.767132174727514	4.767132174727514	0.09109212816967775	5.49849633769085	0.017021761995739598	9.60288709991142	499.6412573070755	0.6293750666413399	0	0	0	0	0.00786502135593687	-5440880688884216e-21	0.016166476597299424	1.5558107505599394	0.0008584154042614609
11.1	4.7671321747275135	4.7671321747275135	4.7671321747275135	0.0910921281697184	5.498496337734235	0.01702176199554363	9.602887099910337	499.6412573060935	0.6293750666431404	0	0	0	0	0.007865045593951028	-5441110607243002e-21	0.016166476597410055	1.5558101935519248	0.0008584175362131081
11.2	4.7671321747275135	4.7671321747275135	4.7671321747275135	0.09109212816975355	5.498496337771733	0.01702176199537428	9.602887099909399	499.6412573052448	0.6293750666446962	0	0	0	0	0.007865066554933811	-5441309372913453e-21	0.016166476597460993	1.555809711804597	0.0008584193793502064
11.3	4.7671321747275135	4.7671321747275135	4.7671321747275135	0.09109212816977902	5.498496337798864	0.017021761995251766	9.602887099908719	499.6412573046308	0.6293750666458218	0	0	0	0	0.007865081741974719	-5441453279306349e-21	0.016166476597478094	1.5558093627474416	0.0008584207137746969
11.4	4.7671321747275135	4.7671321747275135	4.7671321747275135	0.09109212816979062	5.498496337811154	0.017021761995196324	9.60288709990841	499.6412573043527	0.6293750666463311	0	0	0	0	0.007865088658163254	-544151861983247e-20	0.016166476597487215	1.5558092038099434	0.0008584213195885194
11.5	4.7671321747275135	4.7671321747275135	4.7671321747275135	0.09109212816978418	5.498496337804127	0.017021761995228177	9.602887099908582	499.64125730451195	0.6293750666460386	0	0	0	0	0.007865084806588917	-5441481687902594e-21	0.016166476597514225	1.555809292421587	0.000858420976893615
11.6	4.7671321747275135	4.7671321747275135	4.7671321747275135	0.09109212816975545	5.498496337773305	0.01702176199536755	9.602887099909346	499.6412573052098	0.6293750666447581	0	0	0	0	0.007865067690341206	-5441318776927504e-21	0.016166476597584977	1.5558096860118578	0.0008584194657919239
11.7	4.7671321747275135	4.7671321747275135	4.7671321747275135	0.09109212816970033	5.4984963377142115	0.017021761995634665	9.602887099910816	499.64125730654763	0.629375066642304	0	0	0	0	0.007865034812509625	-5441006180317975e-21	0.016166476597725327	1.5558104420102405	0.0008584165663853869
11.8	4.7671321747275135	4.7671321747275135	4.7671321747275135	0.09109212816961637	5.498496337624339	0.017021761996040826	9.602887099913055	499.64125730858206	0.6293750666385725	0	0	0	0	0.007864984755399727	-544053053995735e-20	0.01616647659795871	1.5558115930333836	0.0008584121547629366
11.9	4.7671321747275135	4.7671321747275135	4.7671321747275135	0.09109212816957236	5.4984963375782465	0.017021761996248136	9.60288709991423	499.64125730962496	0.629375066636668	0	0	0	0	0.007864958521911262	-5440284275526717e-21	0.016166476598193067	1.555812196363901	0.0008584098707379022
12	4.7671321747275135	4.7671321747275135	4.7671321747275135	0.0910921281695606	5.498496337566308	0.017021761996301493	9.602887099914543	499.64125730989485	0.6293750666361778	0	0	0	0	0.007864951502819052	-5440219558565966e-21	0.016166476598381326	1.555812357921102	0.0008584092704466748
12.1	4.7671321747275135	4.7671321747275135	4.7671321747275135	0.09109212816954708	5.498496337551497	0.017021761996368807	9.602887099914906	499.6412573102302	0.6293750666355593	0	0	0	0	0.007864943430669926	-54401419076931655e-22	0.016166476598535203	1.55581254365315	0.0008584085500042109
12.2	4.7671321747275135	4.7671321747275135	4.7671321747275135	0.09109212816954385	5.4984963375481675	0.017021761996383732	9.602887099914991	499.6412573103054	0.6293750666354222	0	0	0	0	0.007864941516965743	-5440124042254711e-21	0.016166476598659066	1.5558125877767839	0.000858408384178239
12.3	4.7671321747275135	4.7671321747275135	4.7671321747275135	0.09109212816954067	5.498496337544582	0.017021761996400153	9.602887099915074	499.6412573103863	0.6293750666352712	0	0	0	0	0.007864939617218111	-5440105472923392e-21	0.016166476598758993	1.5558126315563248	0.0008584082117840396
12.4	4.7671321747275135	4.7671321747275135	4.7671321747275135	0.0910921281695396	5.498496337543391	0.01702176199640556	9.602887099915106	499.64125731041315	0.6293750666352216	0	0	0	0	0.007864938967562858	-5440099231036354e-21	0.01616647659884023	1.5558126465777649	0.0008584081537795324
12.5	4.7671321747275135	4.7671321747275135	4.7671321747275135	0.09109212816953895	5.498496337542665	0.017021761996408903	9.602887099915124	499.64125731042964	0.6293750666351908	0	0	0	0	0.00786493858740117	-5440095484621446e-21	0.016166476598906073	1.5558126553879044	0.0008584081189330564
12.6	4.7671321747275135	4.7671321747275135	4.7671321747275135	0.09109212816953859	5.498496337542235	0.01702176199641088	9.602887099915133	499.64125731043924	0.6293750666351727	0	0	0	0	0.007864938364328111	-5440093279092397e-21	0.01616647659895957	1.555812660573966	0.0008584080983968694
12.7	4.7671321747275135	4.7671321747275135	4.7671321747275135	0.09109212816953847	5.498496337542103	0.01702176199641149	9.602887099915137	499.6412573104422	0.629375066635167	0	0	0	0	0.007864938294320615	-5440092591395077e-21	0.016166476599002784	1.555812662230602	0.0008584080919556757
12.8	4.7671321747275135	4.7671321747275135	4.7671321747275135	0.09109212816953836	5.498496337541959	0.01702176199641217	9.602887099915142	499.6412573104455	0.6293750666351609	0	0	0	0	0.007864938221809597	-5440091856343861e-21	0.016166476599037874	1.5558126639361831	0.0008584080850839484
12.9	4.767132174727513	4.767132174727513	4.767132174727513	0.09109212816953834	5.498496337541927	0.017021761996412314	9.602887099915138	499.6412573104462	0.6293750666351595	0	0	0	0	0.007864938205101105	-54400916916452285e-22	0.01616647659906637	1.5558126643518155	0.000858408083514054
13	4.7671321747275135	4.7671321747275135	4.7671321747275135	0.09109212816953828	5.49849633754189	0.017021761996412497	9.60288709991514	499.64125731044703	0.6293750666351577	0	0	0	0	0.007864938186572025	-54400915004170205e-22	0.016166476599089166	1.555812664803644	0.0008584080817045763
13.1	4.7671321747275135	4.7671321747275135	4.7671321747275135	0.0910921281695383	5.4984963375418765	0.01702176199641255	9.60288709991514	499.6412573104473	0.6293750666351572	0	0	0	0	0.007864938181140048	-54400914455074295e-22	0.01616647659910759	1.5558126649497481	0.0008584080811663934
13.2	4.7671321747275135	4.7671321747275135	4.7671321747275135	0.09109212816954491	5.4984963375437	0.0170217619964054	9.602887099914964	499.64125731040787	0.6293750666352228	0	0	0	0	0.00786493881870651	-5440098426015978e-21	0.01616647659912215	1.5558126503095588	0.0008584081459576024
13.3	4.7671321747275135	4.7671321747275135	4.7671321747275135	0.09109212816962516	5.498496337565813	0.017021761996318545	9.602887099912822	499.6412573099295	0.6293750666360187	0	0	0	0	0.007864946563849137	-54401831995192665e-22	0.016166476599129915	1.5558124722653128	0.000858408933069179
13.4	4.7671321747275135	4.7671321747275135	4.7671321747275135	0.09109212816977937	5.49849633760829	0.017021761996151647	9.60288709990871	499.64125730901037	0.6293750666375483	0	0	0	0	0.007864961448809722	-544034611220134e-20	0.016166476599131174	1.5558121300761822	0.0008584104457145818
13.5	4.7671321747275135	4.7671321747275135	4.7671321747275135	0.09109212816998599	5.498496337665178	0.017021761995928062	9.6028870999032	499.64125730777965	0.6293750666395974	0	0	0	0	0.007864981392923267	-5440564383247171e-21	0.016166476599127375	1.5558116715762886	0.000858412472370571
13.6	4.767132174727513	4.767132174727513	4.767132174727513	0.09109212817022347	5.498496337730522	0.017021761995671143	9.602887099896865	499.6412573063659	0.6293750666419519	0	0	0	0	0.00786500431552478	-5440815231841734e-21	0.016166476599119958	1.5558111445997536	0.0008584148015139056
13.7	4.7671321747275135	4.7671321747275135	4.7671321747275135	0.09109212817047024	5.498496337798366	0.017021761995404245	9.602887099890285	499.6412573048982	0.629375066644398	0	0	0	0	0.00786502813594927	-54410758771700045e-22	0.01616647659911036	1.5558105969806983	0.0008584172216213454
13.8	4.767132174727514	4.767132174727514	4.767132174727514	0.09109212817070475	5.498496337862757	0.017021761995150715	9.60288709988403	499.6412573035054	0.6293750666467216	0	0	0	0	0.007865050773531746	-5441323538416959e-21	0.016166476599100026	1.5558100765532452	0.0008584195211696498
13.9	4.7671321747275135	4.7671321747275135	4.7671321747275135	0.09109212817090546	5.498496337917736	0.017021761994933913	9.60288709987868	499.64125730231615	0.6293750666487087	0	0	0	0	0.007865070147607206	-5441535434767569e-21	0.016166476599090387	1.5558096311515148	0.0008584214886355779
14	4.7671321747275135	4.7671321747275135	4.7671321747275135	0.09109212817105082	5.498496337957352	0.017021761994777188	9.602887099874804	499.64125730145946	0.6293750666501451	0	0	0	0	0.007865084177510662	-5441688785406811e-21	0.01616647659908289	1.5558093086096296	0.0008584229124958901
14.1	4.7671321747275135	4.7671321747275135	4.7671321747275135	0.09109212817111924	5.498496337975649	0.01702176199470389	9.60288709987298	499.6412573010643	0.6293750666508171	0	0	0	0	0.00786509078257712	-5441760809519659e-21	0.016166476599078966	1.55580915676171	0.0008584235812273451
14.2	4.7671321747275135	4.7671321747275135	4.7671321747275135	0.09109212817108918	5.498496337966671	0.017021761994737376	9.602887099873783	499.6412573012594	0.6293750666505104	0	0	0	0	0.007865087882141585	-5441728726291088e-21	0.016166476599080066	1.5558092234418788	0.0008584232833067027
14.3	4.7671321747275135	4.7671321747275135	4.7671321747275135	0.09109212817093912	5.498496337924465	0.017021761994900998	9.602887099877787	499.6412573021736	0.6293750666490112	0	0	0	0	0.007865073395539065	-5441569754906074e-21	0.016166476599087626	1.5558095564842567	0.0008584218072107226
14.4	4.7671321747275135	4.7671321747275135	4.7671321747275135	0.09109212817064745	5.498496337843073	0.017021761995218116	9.602887099885564	499.64125730393584	0.6293750666461055	0	0	0	0	0.007865045242104567	-5441261114549591e-21	0.01616647659910308	1.5558102037229653	0.000858418941416164
14.5	4.767132174727514	4.767132174727514	4.767132174727514	0.09109212817019266	5.498496337716542	0.01702176199571207	9.602887099897693	499.641257306675	0.629375066641579	0	0	0	0	0.007865001341173098	-5440780024406613e-21	0.016166476599127875	1.5558112129921262	0.0008584144743997864
14.6	4.7671321747275135	4.7671321747275135	4.7671321747275135	0.09109212816980386	5.498496337613174	0.017021761996126882	9.602887099908061	499.64125730890635	0.6293750666377759	0	0	0	0	0.007864963811648105	-54403710745785645e-22	0.01616647659915101	1.5558120757860692	0.0008584106773798542
14.7	4.7671321747275135	4.7671321747275135	4.7671321747275135	0.0910921281697371	5.498496337603183	0.017021761996186224	9.60288709990984	499.6412573091113	0.6293750666372281	0	0	0	0	0.00786495736721055	-54403046002348754e-22	0.01616647659915862	1.555812223945125	0.0008584100604366942
14.8	4.7671321747275135	4.7671321747275135	4.7671321747275135	0.09109212816964136	5.49849633757405	0.01702176199629467	9.602887099912392	499.6412573097455	0.6293750666362355	0	0	0	0	0.007864948127023671	-5440202132360868e-21	0.016166476599166035	1.5558124363768782	0.0008584091089153157
14.9	4.7671321747275135	4.7671321747275135	4.7671321747275135	0.09109212816959532	5.498496337561312	0.01702176199634425	9.602887099913621	499.6412573100213	0.6293750666357812	0	0	0	0	0.007864943682189788	-5440153459236177e-21	0.016166476599171167	1.5558125385647865	0.000858408656975415
15	4.7671321747275135	4.7671321747275135	4.7671321747275135	0.09109212816958162	5.498496337557735	0.01702176199635872	9.602887099913985	499.6412573100984	0.6293750666356487	0	0	0	0	0.00786494236123077	-5440139095764398e-21	0.01616647659917454	1.5558125689355526	0.0008584085236129912
15.1	4.7671321747275135	4.7671321747275135	4.7671321747275135	0.0910921281695564	5.4984963375485965	0.017021761996389842	9.602887099914659	499.6412573102991	0.6293750666353645	0	0	0	0	0.007864939924597485	-5440111370142843e-21	0.016166476599177533	1.5558126249547402	0.0008584082661019341
15.2	4.7671321747275135	4.7671321747275135	4.7671321747275135	0.09109212816955232	5.498496337547634	0.017021761996393846	9.602887099914767	499.6412573103198	0.6293750666353277	0	0	0	0	0.007864939529215383	-54401071211708835e-22	0.016166476599178987	1.5558126340458573	0.0008584082266532558
15.3	4.7671321747275135	4.7671321747275135	4.7671321747275135	0.09109212816954514	5.498496337544693	0.01702176199640343	9.602887099914957	499.64125731038484	0.6293750666352403	0	0	0	0	0.007864938835851302	-5440099068973589e-21	0.016166476599180468	1.5558126499872882	0.0008584081518541259
15.4	4.7671321747275135	4.7671321747275135	4.7671321747275135	0.0910921281695423	5.498496337543655	0.017021761996406922	9.602887099915035	499.6412573104077	0.6293750666352084	0	0	0	0	0.00786493856215867	-5440095948154785e-21	0.016166476599181873	1.5558126562805492	0.0008584081228669954
15.5	4.7671321747275135	4.7671321747275135	4.7671321747275135	0.0910921281695412	5.498496337543216	0.017021761996408376	9.602887099915064	499.6412573104174	0.6293750666351952	0	0	0	0	0.007864938453713983	-5440094698931588e-21	0.016166476599182886	1.555812658774576	0.0008584081112624038
15.6	4.7671321747275135	4.7671321747275135	4.7671321747275135	0.09109212816953949	5.498496337542454	0.017021761996410766	9.602887099915108	499.6412573104343	0.6293750666351734	0	0	0	0	0.007864938293873545	-5440092802570246e-21	0.016166476599183275	1.5558126624500277	0.0008584080936435472
15.7	4.7671321747275135	4.7671321747275135	4.7671321747275135	0.09109212816953922	5.4984963375423686	0.017021761996411047	9.602887099915115	499.6412573104362	0.6293750666351708	0	0	0	0	0.007864938269062037	-5440092524569281e-21	0.016166476599183233	1.5558126630211269	0.0008584080910612635
15.8	4.7671321747275135	4.7671321747275135	4.7671321747275135	0.09109212816953871	5.498496337542098	0.017021761996411897	9.60288709991513	499.64125731044226	0.6293750666351631	0	0	0	0	0.007864938217836662	-5440091903261479e-21	0.016166476599183223	1.555812664199158	0.0008584080852875124
15.9	4.7671321747275135	4.7671321747275135	4.7671321747275135	0.09109212816953852	5.498496337542014	0.01702176199641214	9.602887099915133	499.6412573104441	0.629375066635161	0	0	0	0	0.007864938201108708	-5440091704973925e-21	0.016166476599183407	1.5558126645840273	0.000858408083444942
16	4.7671321747275135	4.7671321747275135	4.7671321747275135	0.09109212816953859	5.498496337542077	0.01702176199641193	9.602887099915131	499.6412573104426	0.6293750666351628	0	0	0	0	0.007864938209426674	-5440091818260557e-21	0.016166476599183785	1.555812664393097	0.0008584080844980143
16.1	4.7671321747275135	4.7671321747275135	4.7671321747275135	0.0910921281695854	5.498496337578807	0.01702176199629303	9.602887099913884	499.64125730961575	0.6293750666362473	0	0	0	0	0.007864943886086112	-5440164767447583e-21	0.016166476599182196	1.55581253388838	0.0008584087625913051
16.2	4.7671321747275135	4.7671321747275135	4.7671321747275135	0.09109212816969986	5.498496337668533	0.017021761996002593	9.602887099910832	499.6412573075958	0.6293750666388965	0	0	0	0	0.00786495775898583	-5440343023531728e-21	0.01616647659917763	1.555812214954084	0.0008584104195557534
16.3	4.767132174727513	4.767132174727513	4.767132174727513	0.09109212816985773	5.498496337792289	0.017021761995602028	9.602887099906619	499.64125730480964	0.62937506664255	0	0	0	0	0.007864976899053213	-5440588937142481e-21	0.01616647659917114	1.5558117749288662	0.0008584127054239477
16.4	4.7671321747275135	4.7671321747275135	4.7671321747275135	0.09109212817003493	5.49849633793111	0.017021761995152734	9.602887099901894	499.64125730168445	0.6293750666466481	0	0	0	0	0.007864998377215663	-54408648589093315e-22	0.016166476599163784	1.5558112811513827	0.0008584152702284761
16.5	4.7671321747275135	4.7671321747275135	4.7671321747275135	0.09109212817020725	5.4984963380660306	0.01702176199471612	9.602887099897302	499.64125729864713	0.6293750666506307	0	0	0	0	0.007865019264400567	-5441133139461769e-21	0.016166476599156612	1.5558108009602902	0.0008584177640019267
16.6	4.7671321747275135	4.7671321747275135	4.7671321747275135	0.09109212817035052	5.498496338178084	0.017021761994353592	9.60288709989348	499.6412572961246	0.6293750666539373	0	0	0	0	0.007865036631535312	-5441356129429282e-21	0.016166476599150676	1.5558104016942444	0.0008584198367768877
16.7	4.7671321747275135	4.7671321747275135	4.7671321747275135	0.09109212817044059	5.498496338248306	0.01702176199412656	9.602887099891078	499.6412572945439	0.6293750666560081	0	0	0	0	0.007865047549547297	-5441496179441359e-21	0.016166476599147033	1.555810150691902	0.0008584211385859472
16.8	4.7671321747275135	4.7671321747275135	4.7671321747275135	0.0910921281704533	5.498496338257729	0.017021761994096427	9.60288709989074	499.64125729433204	0.6293750666562828	0	0	0	0	0.00786504908936391	-54415156401274915e-22	0.01616647659914673	1.5558101152919197	0.0008584213194616936
16.9	4.7671321747275135	4.7671321747275135	4.7671321747275135	0.09109212817036447	5.4984963381873895	0.017021761994324598	9.602887099893108	499.641257295916	0.6293750666542015	0	0	0	0	0.007865038321912545	-5441376862117165e-21	0.016166476599150825	1.5558103628329534	0.0008584200294367148
17	4.7671321747275135	4.7671321747275135	4.7671321747275135	0.09109212817014993	5.49849633801832	0.017021761994872483	9.602887099898831	499.64125729972255	0.6293750666492041	0	0	0	0	0.007865012318120592	-5441042196039873e-21	0.01616647659916037	1.55581096065366	0.0008584169185435993
17.1	4.7671321747275135	4.7671321747275135	4.7671321747275135	0.09109212816981198	5.4984963377527105	0.01702176199573265	9.602887099907843	499.6412573057026	0.6293750666413583	0	0	0	0	0.007864971352652654	-5440515421101921e-21	0.016166476599175254	1.55581190243955	0.0008584120219264867
17.2	4.7671321747275135	4.7671321747275135	4.7671321747275135	0.09109212816965859	5.4984963376357925	0.01702176199610827	9.602887099911934	499.6412573083332	0.6293750666379329	0	0	0	0	0.007864952757311474	-5440278516444572e-21	0.016166476599181936	1.5558123299415723	0.0008584098199191743
17.3	4.7671321747275135	4.7671321747275135	4.7671321747275135	0.09109212816960097	5.4984963375917015	0.01702176199625035	9.60288709991347	499.6412573093253	0.629375066636637	0	0	0	0	0.007864945774715224	-5440189444944176e-21	0.01616647659918429	1.5558124904696524	0.0008584089920009735
17.4	4.7671321747275135	4.7671321747275135	4.7671321747275135	0.09109212816956375	5.498496337562216	0.017021761996346186	9.602887099914463	499.6412573099892	0.6293750666357628	0	0	0	0	0.0078649412636982	-5440131294998469e-21	0.016166476599186137	1.5558125941769319	0.0008584084514618002
17.5	4.7671321747275135	4.7671321747275135	4.7671321747275135	0.09109212816955262	5.498496337553618	0.017021761996373952	9.60288709991476	499.64125731018265	0.6293750666355096	0	0	0	0	0.007864939912692201	-54401140215308505e-22	0.016166476599186446	1.5558126252363293	0.0008584082909027808
17.6	4.7671321747275135	4.7671321747275135	4.7671321747275135	0.09109212816954378	5.49849633754636	0.017021761996397825	9.602887099914994	499.64125731034625	0.6293750666352917	0	0	0	0	0.007864938840936569	-5440100052233992e-21	0.016166476599186682	1.55581264987574	0.0008584081610407846
17.7	4.7671321747275135	4.7671321747275135	4.7671321747275135	0.09109212816954142	5.498496337544496	0.01702176199640388	9.602887099915057	499.6412573103882	0.6293750666352363	0	0	0	0	0.007864938553146667	-5440096352621293e-21	0.016166476599187195	1.555812656491979	0.0008584081266514482
17.8	4.7671321747275135	4.7671321747275135	4.7671321747275135	0.09109212816953949	5.498496337542876	0.017021761996409257	9.60288709991511	499.64125731042475	0.6293750666351873	0	0	0	0	0.007864938320539524	-5440093293844717e-21	0.01616647659918713	1.5558126618396797	0.0008584080982147449
17.9	4.7671321747275135	4.7671321747275135	4.7671321747275135	0.09109212816953892	5.498496337542427	0.017021761996410725	9.602887099915122	499.6412573104347	0.6293750666351738	0	0	0	0	0.007864938253501055	-5440092423909695e-21	0.01616647659918699	1.5558126633809193	0.0008584080901278433
18	4.7671321747275135	4.7671321747275135	4.7671321747275135	0.09109212816953852	5.498496337542093	0.01702176199641185	9.602887099915133	499.64125731044226	0.6293750666351636	0	0	0	0	0.00786493820651714	-5440091801789184e-21	0.016166476599186557	1.5558126644611798	0.0008584080843438966
18.1	4.7671321747275135	4.7671321747275135	4.7671321747275135	0.09109212816953838	5.4984963375419795	0.01702176199641222	9.602887099915138	499.64125731044476	0.6293750666351602	0	0	0	0	0.007864938190202932	-54400915876532054e-22	0.0161664765991868	1.5558126648363575	0.0008584080823531357
18.2	4.7671321747275135	4.7671321747275135	4.7671321747275135	0.09109212816953831	5.498496337541915	0.017021761996412442	9.602887099915138	499.64125731044624	0.6293750666351581	0	0	0	0	0.007864938181082488	-5440091466285687e-21	0.016166476599186824	1.555812665045996	0.0008584080812247707
18.3	4.7671321747275135	4.7671321747275135	4.7671321747275135	0.09109212816953828	5.49849633754189	0.017021761996412543	9.60288709991514	499.6412573104469	0.6293750666351573	0	0	0	0	0.007864938177064056	-5440091412980124e-21	0.016166476599186963	1.555812665138314	0.0008584080807291364
18.4	4.7671321747275135	4.7671321747275135	4.7671321747275135	0.09109212816954186	5.498496337543981	0.017021761996406617	9.602887099915046	499.6412573104002	0.629375066635211	0	0	0	0	0.007864938405776508	-5440094603241963e-21	0.01616647659918675	1.555812659880203	0.0008584081103988242
18.5	4.7671321747275135	4.7671321747275135	4.7671321747275135	0.09109212816963393	5.498496337597962	0.017021761996253524	9.60288709991259	499.64125730919346	0.6293750666366025	0	0	0	0	0.007864944317177772	-5440177033075138e-21	0.016166476599182425	1.5558125239779037	0.0008584088770023422
18.6	4.7671321747275135	4.7671321747275135	4.7671321747275135	0.09109212816983207	5.498496337714132	0.017021761995924062	9.602887099907305	499.64125730659663	0.6293750666395967	0	0	0	0	0.007864957040652952	-5440354446758631e-21	0.016166476599173345	1.555812231467009	0.0008584105269624001
18.7	4.767132174727514	4.767132174727514	4.767132174727514	0.09109212817011172	5.498496337878054	0.017021761995459184	9.602887099899847	499.64125730293233	0.6293750666438219	0	0	0	0	0.007864974996754256	-5440604815276164e-21	0.01616647659916062	1.5558118186587948	0.0008584128554072538
18.8	4.7671321747275135	4.7671321747275135	4.7671321747275135	0.09109212817044826	5.498496338075289	0.017021761994899826	9.602887099890875	499.6412572985233	0.6293750666489056	0	0	0	0	0.00786499660603389	-5440906109611455e-21	0.016166476599145344	1.5558113218645353	0.0008584156574651591
18.9	4.7671321747275135	4.7671321747275135	4.7671321747275135	0.09109212817081709	5.498496338291398	0.017021761994286948	9.60288709988104	499.6412572936923	0.629375066654476	0	0	0	0	0.007865020289044062	-5441236300748224e-21	0.01616647659912863	1.5558107773955063	0.0008584187282643719
19	4.7671321747275135	4.7671321747275135	4.7671321747275135	0.09109212817119362	5.498496338511946	0.01702176199366149	9.602887099871	499.6412572887623	0.6293750666601605	0	0	0	0	0.007865044466336981	-54415733596701896e-22	0.01616647659911158	1.555810221562983	0.0008584218629331482
19.1	4.7671321747275135	4.7671321747275135	4.7671321747275135	0.09109212817155324	5.498496338722492	0.017021761993064405	9.60288709986141	499.6412572840558	0.6293750666655872	0	0	0	0	0.007865067558464852	-5441895257361074e-21	0.016166476599095283	1.5558096906782404	0.0008584248565997436
19.2	4.7671321747275135	4.7671321747275135	4.7671321747275135	0.09109212817187139	5.498496338908599	0.01702176199253664	9.602887099852929	499.6412572798956	0.6293750666703838	0	0	0	0	0.007865087985979888	-5442179964804595e-21	0.01616647659908086	1.5558092210525534	0.0008584275043924142
19.3	4.7671321747275135	4.7671321747275135	4.7671321747275135	0.09109212817212342	5.49849633905583	0.017021761992119144	9.602887099846207	499.6412572766046	0.6293750666741783	0	0	0	0	0.007865104169434292	-5442405452984472e-21	0.016166476599069404	1.5558088489971977	0.0008584296014394156
19.4	4.7671321747275135	4.7671321747275135	4.7671321747275135	0.09109212817228476	5.498496339149745	0.017021761991852867	9.602887099841904	499.6412572745055	0.6293750666765984	0	0	0	0	0.007865114529380275	-5442549692884426e-21	0.01616647659906202	1.5558086108234481	0.0008584309428690041
19.5	4.7671321747275135	4.7671321747275135	4.7671321747275135	0.0910921281723308	5.498496339175906	0.017021761991778753	9.602887099840679	499.641257273921	0.6293750666772719	0	0	0	0	0.007865117486370045	-5442590655488177e-21	0.01616647659905981	1.5558085428425796	0.0008584313238094352
19.6	4.7671321747275135	4.7671321747275135	4.7671321747275135	0.09109212817223697	5.4984963391198765	0.017021761991937754	9.602887099843182	499.641257275174	0.6293750666758269	0	0	0	0	0.007865111460955804	-5442506311779444e-21	0.01616647659906388	1.5558086813658683	0.0008584305393889649
19.7	4.7671321747275135	4.7671321747275135	4.7671321747275135	0.09109212817197865	5.498496338967217	0.017021761992370824	9.602887099850072	499.6412572785871	0.6293750666718908	0	0	0	0	0.007865094873689768	-5442274632741945e-21	0.01616647659907533	1.555809062704588	0.0008584283847358489
19.8	4.7671321747275135	4.7671321747275135	4.7671321747275135	0.09109212817153123	5.498496338703491	0.017021761993118903	9.602887099862002	499.6412572844831	0.6293750666650918	0	0	0	0	0.007865066145124139	-5441873589359401e-21	0.016166476599095266	1.555809723170015	0.0008584246549783436
19.9	4.7671321747275135	4.7671321747275135	4.7671321747275135	0.09109212817087015	5.498496338314258	0.017021761994222936	9.602887099879634	499.6412572931848	0.6293750666550576	0	0	0	0	0.007865023695811128	-5441281152615533e-21	0.016166476599124784	1.5558106990734235	0.0008584191452447043
20	4.7671321747275135	4.7671321747275135	4.7671321747275135	0.09109212817011425	5.498496337873772	0.017021761995471035	9.60288709989979	499.64125730302953	0.6293750666437143	0	0	0	0	0.007864975159993787	-5440605235053023e-21	0.016166476599158694	1.5558118149045956	0.0008584128592094173
20.1	4.7671321747275135	4.7671321747275135	4.7671321747275135	0.09109212817001827	5.498496337842242	0.017021761995553157	9.60288709990235	499.6412573037192	0.6293750666429699	0	0	0	0	0.007864968995852905	-5440527237798424e-21	0.016166476599163777	1.5558119566167583	0.0008584121342647727
20.2	4.7671321747275135	4.7671321747275135	4.7671321747275135	0.09109212817004513	5.498496337869529	0.01702176199547311	9.602887099901631	499.64125730310246	0.6293750666436981	0	0	0	0	0.00786497071885472	-5440554977111844e-21	0.016166476599163232	1.5558119170051554	0.000858412392445787
20.3	4.7671321747275135	4.7671321747275135	4.7671321747275135	0.09109212816977615	5.498496337697168	0.01702176199596593	9.602887099908804	499.6412573069648	0.629375066639218	0	0	0	0	0.00786495344815915	-5440309442545939e-21	0.016166476599175184	1.5558123140565026	0.0008584101086986303
20.4	4.7671321747275135	4.7671321747275135	4.7671321747275135	0.09109212816977573	5.498496337708988	0.017021761995924704	9.602887099908811	499.64125730669326	0.6293750666395946	0	0	0	0	0.007864953420597896	-5440312937742417e-21	0.016166476599175174	1.5558123146897958	0.000858410141416803
20.5	4.7671321747275135	4.7671321747275135	4.7671321747275135	0.09109212816975099	5.498496337694008	0.017021761995967444	9.602887099909472	499.64125730702864	0.6293750666392062	0	0	0	0	0.007864951832094675	-5440290635145783e-21	0.016166476599176294	1.5558123512093989	0.000858409933992732
20.6	4.7671321747275135	4.7671321747275135	4.7671321747275135	0.09109212816964257	5.498496337618378	0.01702176199618676	9.602887099912362	499.6412573087269	0.6293750666372115	0	0	0	0	0.007864944870399314	-5440189684443343e-21	0.016166476599181256	1.555812511258283	0.0008584089949315094
20.7	4.7671321747275135	4.7671321747275135	4.7671321747275135	0.09109212816965497	5.498496337632765	0.017021761996139768	9.602887099912031	499.64125730840095	0.6293750666376402	0	0	0	0	0.007864945663792262	-5440203041716297e-21	0.016166476599181	1.5558124930180797	0.0008584091192806994
20.8	4.7671321747275135	4.7671321747275135	4.7671321747275135	0.09109212816961941	5.498496337605323	0.017021761996222056	9.602887099912978	499.64125730901867	0.6293750666368912	0	0	0	0	0.007864943381762957	-5440169099051361e-21	0.016166476599182897	1.555812545481876	0.0008584088034953148
20.9	4.767132174727513	4.767132174727513	4.767132174727513	0.09109212816958664	5.498496337581337	0.017021761996292083	9.60288709991385	499.6412573095579	0.6293750666362542	0	0	0	0	0.007864941278735977	-54401382372738825e-22	0.016166476599184763	1.5558125938304046	0.0008584085163943355
21	4.7671321747275135	4.7671321747275135	4.7671321747275135	0.09109212816959439	5.498496337589641	0.017021761996264557	9.602887099913644	499.6412573093699	0.6293750666365056	0	0	0	0	0.007864941772281722	-5440146338841905e-21	0.01616647659918477	1.5558125824838067	0.0008584085918061704
21.1	4.7671321747275135	4.7671321747275135	4.7671321747275135	0.09109212816956952	5.498496337568457	0.01702176199633023	9.602887099914307	499.64125730984773	0.6293750666359071	0	0	0	0	0.0078649401776384	-5440121975921993e-21	0.016166476599185964	1.555812619144701	0.0008584083651127708
21.2	4.7671321747275135	4.7671321747275135	4.7671321747275135	0.09109212816956161	5.498496337562839	0.01702176199634609	9.602887099914518	499.6412573099739	0.629375066635763	0	0	0	0	0.007864939673428387	-5440114619874048e-21	0.016166476599186824	1.555812630736334	0.0008584082966830571
21.3	4.7671321747275135	4.7671321747275135	4.7671321747275135	0.09109212816956418	5.498496337565825	0.017021761996335778	9.60288709991445	499.64125730990645	0.6293750666358572	0	0	0	0	0.007864939839052615	-5440117402177234e-21	0.016166476599187057	1.5558126269284849	0.0008584083225844485
21.4	4.7671321747275135	4.7671321747275135	4.7671321747275135	0.0910921281695508	5.4984963375534806	0.017021761996375295	9.602887099914808	499.64125731018515	0.629375066635497	0	0	0	0	0.007864938978980406	-5440103966920862e-21	0.01616647659918712	1.5558126467016253	0.0008584081975566641
21.5	4.7671321747275135	4.7671321747275135	4.7671321747275135	0.09109212816954974	5.49849633755312	0.017021761996375475	9.602887099914836	499.64125731019305	0.6293750666354956	0	0	0	0	0.00786493891329012	-5440103128823596e-21	0.01616647659918653	1.5558126482119043	0.0008584081897665863
21.6	4.7671321747275135	4.7671321747275135	4.7671321747275135	0.09109212816954954	5.498496337553119	0.01702176199637521	9.602887099914842	499.64125731019305	0.629375066635498	0	0	0	0	0.00786493890135161	-5440102997157987e-21	0.016166476599186103	1.5558126484864248	0.000858408188544017
21.7	4.7671321747275135	4.7671321747275135	4.7671321747275135	0.09109212816960982	5.4984963376193905	0.017021761996143296	9.602887099913234	499.64125730869205	0.6293750666376172	0	0	0	0	0.007864942794849745	-54401671783802816e-22	0.016166476599183084	1.5558125589743705	0.0008584087859759502
21.8	4.7671321747275135	4.7671321747275135	4.7671321747275135	0.0910921281698288	5.4984963378580956	0.017021761995311573	9.602887099907393	499.6412573032861	0.6293750666452169	0	0	0	0	0.007864956938484916	-5440399666130054e-21	0.01616647659917272	1.555812233810261	0.0008584109500610786
21.9	4.7671321747275135	4.7671321747275135	4.7671321747275135	0.09109212817009692	5.49849633814988	0.01702176199429586	9.602887099900242	499.64125729667836	0.6293750666544973	0	0	0	0	0.007864974257380523	-5440684182710979e-21	0.01616647659916005	1.5558118356464965	0.0008584135984428066
22	4.7671321747275135	4.7671321747275135	4.7671321747275135	0.09109212817029815	5.498496338368339	0.01702176199353645	9.602887099894874	499.64125729173134	0.6293750666614358	0	0	0	0	0.007864987255880487	-5440897549572296e-21	0.016166476599150426	1.5558115368092544	0.0008584155845294773
22.1	4.7671321747275135	4.7671321747275135	4.7671321747275135	0.09109212817031645	5.4984963383870635	0.01702176199347363	9.602887099894385	499.64125729130757	0.6293750666620093	0	0	0	0	0.007864988438328717	-5440916588163244e-21	0.016166476599149195	1.5558115096247107	0.0008584157617294342
22.2	4.7671321747275135	4.7671321747275135	4.7671321747275135	0.09109212817003576	5.498496338079649	0.01702176199454769	9.60288709990187	499.64125729827	0.6293750666521948	0	0	0	0	0.007864970309069134	-5440618119933063e-21	0.016166476599161712	1.5558119264190415	0.0008584129834510206
22.3	4.7671321747275135	4.7671321747275135	4.7671321747275135	0.09109212816977458	5.498496337801331	0.017021761995503443	9.602887099908836	499.64125730457084	0.6293750666434649	0	0	0	0	0.007864953439208157	-5440342888097438e-21	0.01616647659917343	1.5558123142593063	0.0008584104215839004
22.4	4.7671321747275135	4.7671321747275135	4.7671321747275135	0.09109212816977957	5.498496337817314	0.017021761995425006	9.602887099908704	499.6412573042052	0.6293750666441864	0	0	0	0	0.007864953760918574	-5440351587751931e-21	0.01616647659917313	1.5558123068627678	0.0008584105027224458
22.5	4.767132174727513	4.767132174727513	4.767132174727513	0.09109212816968132	5.4984963377054505	0.01702176199582566	9.602887099911323	499.6412573067401	0.6293750666405231	0	0	0	0	0.007864947414948129	-5440245736219956e-21	0.016166476599177797	1.5558124527577475	0.0008584095173441527
22.6	4.7671321747275135	4.7671321747275135	4.7671321747275135	0.09109212816962804	5.4984963376478255	0.01702176199602429	9.602887099912744	499.641257308045	0.6293750666387089	0	0	0	0	0.00786494397192139	-5440189297260999e-21	0.01616647659918047	1.5558125319133111	0.0008584089919960344
22.7	4.7671321747275135	4.7671321747275135	4.7671321747275135	0.091092128169631	5.498496337654148	0.017021761995994682	9.602887099912666	499.64125730790073	0.6293750666389809	0	0	0	0	0.007864944162599401	-5440193434864942e-21	0.01616647659918051	1.5558125275293564	0.0008584090305571892
22.8	4.7671321747275135	4.7671321747275135	4.7671321747275135	0.09109212816958188	5.498496337594759	0.0170217619962155	9.602887099913977	499.64125730924775	0.6293750666369604	0	0	0	0	0.007864940991071816	-544013940712222e-20	0.016166476599182772	1.5558126004434298	0.0008584085275579122
22.9	4.7671321747275135	4.7671321747275135	4.7671321747275135	0.09109212816957456	5.498496337587594	0.017021761996237728	9.602887099914174	499.64125730940975	0.6293750666367579	0	0	0	0	0.007864940516770016	-54401318807313785e-22	0.016166476599183	1.55581261134764	0.0008584084575119804
23	4.7671321747275135	4.7671321747275135	4.7671321747275135	0.09109212816956994	5.498496337582286	0.017021761996256837	9.602887099914296	499.6412573095301	0.6293750666365832	0	0	0	0	0.007864940218859872	-5440126892874715e-21	0.016166476599183386	1.555812618196602	0.0008584084110789243
23.1	4.767132174727513	4.767132174727513	4.767132174727513	0.09109212816955296	5.498496337560827	0.017021761996338914	9.602887099914748	499.641257310017	0.6293750666358315	0	0	0	0	0.007864939122752773	-5440107920075199e-21	0.01616647659918476	1.5558126433963577	0.000858408234428433
23.2	4.7671321747275135	4.7671321747275135	4.7671321747275135	0.09109212816955307	5.498496337561573	0.017021761996334185	9.602887099914748	499.64125730999984	0.6293750666358753	0	0	0	0	0.007864939126945959	-5440108207977691e-21	0.01616647659918517	1.555812643299982	0.0008584082371186418
23.3	4.7671321747275135	4.7671321747275135	4.7671321747275135	0.09109212816954747	5.498496337554156	0.017021761996363637	9.602887099914897	499.6412573101683	0.6293750666356054	0	0	0	0	0.00786493876685546	-54401018559206616e-22	0.01616647659918512	1.5558126515786204	0.0008584081779710231
23.4	4.7671321747275135	4.7671321747275135	4.7671321747275135	0.0910921281695438	5.498496337549421	0.017021761996381952	9.602887099914994	499.6412573102759	0.6293750666354376	0	0	0	0	0.00786493852911875	-5440097713523778e-21	0.01616647659918494	1.555812657044246	0.000858408139401085
23.5	4.7671321747275135	4.7671321747275135	4.7671321747275135	0.09109212816954404	5.4984963375499305	0.017021761996379354	9.60288709991499	499.64125731026417	0.6293750666354616	0	0	0	0	0.007864938544239664	-5440098044435604e-21	0.016166476599184708	1.555812656696599	0.0008584081424852556
23.6	4.7671321747275135	4.7671321747275135	4.7671321747275135	0.09109212816954104	5.4984963375457525	0.01702176199639657	9.602887099915069	499.64125731035904	0.6293750666353037	0	0	0	0	0.007864938352257251	-5440094586126317e-21	0.016166476599184524	1.5558126611104013	0.0008584081102798764
23.7	4.7671321747275135	4.7671321747275135	4.7671321747275135	0.0910921281695405	5.498496337545078	0.017021761996399026	9.602887099915083	499.64125731037444	0.6293750666352813	0	0	0	0	0.007864938316418041	-5440093973994944e-21	0.016166476599184503	1.5558126619344192	0.0008584081045807843
23.8	4.7671321747275135	4.7671321747275135	4.7671321747275135	0.09109212816954029	5.498496337544819	0.01702176199640001	9.602887099915089	499.64125731038024	0.6293750666352722	0	0	0	0	0.00786493830328203	-5440093746015526e-21	0.01616647659918444	1.5558126622364272	0.0008584081024580435
23.9	4.767132174727513	4.767132174727513	4.767132174727513	0.091092128169539	5.498496337542942	0.017021761996408036	9.602887099915124	499.64125731042293	0.6293750666351986	0	0	0	0	0.007864938221370589	-5440092240590416e-21	0.0161664765991841	1.55581266411957	0.0008584080884375891
24	4.7671321747275135	4.7671321747275135	4.7671321747275135	0.09109212816953857	5.498496337542315	0.017021761996410693	9.602887099915137	499.6412573104372	0.6293750666351742	0	0	0	0	0.007864938193656842	-5440091733639057e-21	0.016166476599184028	1.5558126647567383	0.000858408083716375
