0	4.7671321747275135	4.7671321747275135	4.7671321747275135	0.09109212816953825	5.498496337541862	0.01702176199641263	9.60288709991514	499.6412573104476	0.6293750666351564	0	0	0	0	0	0	0	0	0
0.1	4.7671321747275135	4.7671321747275135	4.7671321747275135	0.09109212816953827	5.498496337541862	0.01702176199641263	9.60288709991514	499.6412573104476	0.6293750666351564	0	0	0	0.00032811795584930184	0.020379629746771398	6106198198128004e-20	0.003966573079165622	0.20931987880563974	0.00025944731238566546
0.2	4.7671321747275135	4.7671321747275135	4.7671321747275135	0.09109212816953825	5.498496337541862	0.01702176199641263	9.60288709991514	499.6412573104476	0.6293750666351564	0	0	0	0.0004434961000217495	0.02953267083933328	8164220041398146e-20	0.011187548689257655	0.6119697742500321	0.0007278603556534487
0.3	4.7671321747275135	4.7671321747275135	4.7671321747275135	0.09109212816953824	5.498496337541862	0.01702176199641263	9.60288709991514	499.6412573104476	0.6293750666351564	0	0	0	0.00048406443432956166	0.03507669641041621	8777342776992681e-20	0.018444504856850192	1.0586704529538224	0.0011907391341650809
0.4	4.7671321747275135	4.7671321747275135	4.7671321747275135	0.09109212816953825	5.498496337541862	0.01702176199641263	9.602887099915138	499.6412573104476	0.6293750666351564	0	0	0	0.0004983299833351723	0.03916143100416336	8882760430065111e-20	0.024816466522387347	1.5016699234721465	0.0015871131170573883
0.5	4.7671321747275135	4.7671321747275135	4.7671321747275135	0.09109212816953825	5.498496337541862	0.01702176199641263	9.60288709991514	499.6412573104476	0.6293750666351564	0	0	0	0.0005033485199679691	0.042415452665755846	8816733101362276e-20	0.030150409008880826	1.9230895446129168	0.001908140292668178
0.6	4.7671321747275135	4.7671321747275135	4.7671321747275135	0.09109212816953825	5.498496337541862	0.01702176199641263	9.60288709991514	499.6412573104476	0.6293750666351564	0	0	0	0.0005051107550192035	0.045062603105364446	8699400948356935e-20	0.03453089278956046	2.3149489330709554	0.0021611872517166794
0.7	4.7671321747275135	4.7671321747275135	4.7671321747275135	0.09109212816953825	5.498496337541862	0.01702176199641263	9.60288709991514	499.6412573104476	0.6293750666351564	0	0	0	0.0005057305971317514	0.04722143880701393	8573594552243172e-20	0.03809950990752083	2.6735092678583037	0.002357390399009919
0.8	4.7671321747275135	4.7671321747275135	4.7671321747275135	0.09109212816953825	5.498496337541862	0.01702176199641263	9.60288709991514	499.6412573104476	0.6293750666351564	0	0	0	0.0005059489162591015	0.04897881423557034	8454132947374782e-20	0.040996816703247126	2.9974656220932236	0.002507604104949145
0.9	4.767132174727513	4.767132174727513	4.767132174727513	0.09109212816953824	5.498496337541862	0.017021761996412626	9.60288709991514	499.64125731044754	0.6293750666351563	0	0	0	0.0005060256462665817	0.05040650782329571	8345723883238107e-20	0.043345667740834266	3.2871219475334787	0.002621232982784717
1	4.7671321747275135	4.7671321747275135	4.7671321747275135	0.09109212816953824	5.498496337541862	0.017021761996412626	9.60288709991514	499.6412573104476	0.6293750666351564	0	0	0	0.0005060520793695271	0.05156449444867883	8249375454876e-17	0.0452482585620863	3.5438705984776484	0.0027060309850374447
1.1	4.7671321747275135	4.7671321747275135	4.7671321747275135	0.09109212816953825	5.498496337541862	0.01702176199641263	9.60288709991514	499.6412573104476	0.6293750666351564	0	0	0	0.0005060616781300894	0.05250333655112419	8164760596469198e-20	0.046789661779923414	3.7697537823256484	0.0027683864532176395
1.2	4.7671321747275135	4.7671321747275135	4.7671321747275135	0.09109212816953825	5.498496337541862	0.01702176199641263	9.60288709991514	499.6412573104476	0.6293750666351564	0	0	0	0.0005060650916872833	0.05326364895903747	809099804031553e-19	0.04803742712360456	3.9672504081009907	0.0028132873509999342
1.3	4.7671321747275135	4.7671321747275135	4.7671321747275135	0.09109212816953825	5.498496337541862	0.01702176199641263	9.60288709991514	499.6412573104476	0.6293750666351564	0	0	0	0.0005060664511078337	0.05387968640520065	8027062278031159e-20	0.04904822710267817	4.138979574995307	0.0028448515279161637
1.4	4.7671321747275135	4.7671321747275135	4.7671321747275135	0.09109212816953825	5.498496337541862	0.01702176199641263	9.60288709991514	499.6412573104476	0.6293750666351564	0	0	0	0.0005060669782669044	0.05437835431734101	797189608967383e-19	0.049866356843231485	4.287599600783319	0.0028662080165862583
1.5	4.7671321747275135	4.7671321747275135	4.7671321747275135	0.09109212816953825	5.498496337541862	0.01702176199641263	9.60288709991514	499.6412573104476	0.6293750666351564	0	0	0	0.000506067206050798	0.054782401872083775	7924476664294332e-20	0.050529220006802836	4.415696155281246	0.0028799384849338976
1.6	4.7671321747275135	4.7671321747275135	4.7671321747275135	0.09109212816953825	5.498496337541862	0.01702176199641263	9.60288709991514	499.64125731044766	0.6293750666351564	0	0	0	0.0005060672930532347	0.05510932893534439	7883862982235019e-20	0.05106554725300841	4.525680851365518	0.0028879406879243107
1.7	4.7671321747275135	4.7671321747275135	4.7671321747275135	0.09109212816953824	5.498496337541862	0.01702176199641263	9.60288709991514	499.6412573104476	0.6293750666351565	0	0	0	0.0005060673404025235	0.05537434848915993	7849169057721612e-20	0.05150031021960946	4.61984048100515	0.002891820010289355
1.8	4.7671321747275135	4.7671321747275135	4.7671321747275135	0.09109212816953824	5.498496337541862	0.01702176199641263	9.60288709991514	499.6412573104476	0.6293750666351565	0	0	0	0.0005060673525528361	0.055588657067992625	7819630488368273e-20	0.05185187964028868	4.70017175261495	0.002892676900858814
1.9	4.7671321747275135	4.7671321747275135	4.7671321747275135	0.09109212816953824	5.498496337541861	0.017021761996412626	9.60288709991514	499.6412573104476	0.6293750666351565	0	0	0	0.0005060673674647448	0.05576243495443656	7794522190030798e-20	0.05213695805839347	4.768576959475623	0.002891486700725823
2	4.7671321747275135	4.7671321747275135	4.7671321747275135	0.09109212816953825	5.498496337541861	0.01702176199641263	9.60288709991514	499.6412573104476	0.6293750666351565	0	0	0	0.0005060673691541399	0.05590303685789964	777324195372781e-19	0.05236761221076597	4.826649569264674	0.0028888864914013265
2.1	4.7671321747275135	4.7671321747275135	4.7671321747275135	0.09109212816953825	5.498496337541862	0.01702176199641263	9.60288709991514	499.6412573104476	0.6293750666351565	0	0	0	0.0005060673732210301	0.05601683268957833	7755240695782951e-20	0.05255429091112547	4.875848891696441	0.0028853997348182946
2.2	4.7671321747275135	4.7671321747275135	4.7671321747275135	0.09109212816953825	5.49849633754186	0.01702176199641263	9.60288709991514	499.6412573104476	0.6293750666351565	0	0	0	0.0005060673746629795	0.056109147162770746	7740027254280795e-20	0.05270573040721215	4.91748483682771	0.00288143218174403
2.3	4.7671321747275135	4.7671321747275135	4.7671321747275135	0.09109212816953825	5.49849633754186	0.01702176199641263	9.60288709991514	499.6412573104476	0.6293750666351565	0	0	0	0.0005060673739340236	0.05618373270829555	7727213216463819e-20	0.05282808618088323	4.952600110759952	0.002877222145191114
2.4	4.767132174727513	4.767132174727513	4.767132174727513	0.09109212816953825	5.4984963375418605	0.01702176199641263	9.60288709991514	499.6412573104476	0.6293750666351565	0	0	0	0.0005060673761147272	0.0562441750467272	7716423300254125e-20	0.052927239768853135	4.982202974357129	0.002872991552706254
2.5	4.7671321747275135	4.7671321747275135	4.7671321747275135	0.09109212816953825	5.49849633754186	0.01702176199641263	9.60288709991514	499.6412573104476	0.6293750666351565	0	0	0	0.0005060673754329201	0.05629320484623935	7707346214894318e-20	0.05300767220541308	5.007132933935346	0.002868878652316574
2.6	4.7671321747275135	4.7671321747275135	4.7671321747275135	0.09109212816953824	5.498496337541858	0.01702176199641263	9.60288709991514	499.6412573104476	0.6293750666351565	0	0	0	0.0005060673742014807	0.05633278896797766	769973773955006e-19	0.05307260928032132	5.0280513617354226	0.002864954961613195
2.7	4.7671321747275135	4.7671321747275135	4.7671321747275135	0.09109212816953824	5.49849633754186	0.01702176199641263	9.60288709991514	499.6412573104476	0.6293750666351565	0	0	0	0.0005060673760065211	0.056364858413669776	769335768685248e-19	0.053125217763963915	5.045608817520922	0.0028612895825623386
2.8	4.7671321747275135	4.7671321747275135	4.7671321747275135	0.09109212816953824	5.498496337541863	0.01702176199641263	9.60288709991514	499.64125731044754	0.6293750666351565	0	0	0	0.0005060673741706354	0.056390911547069884	7688005767048714e-20	0.053167958251406834	5.060349270648115	0.0028579168526745953
2.9	4.7671321747275135	4.7671321747275135	4.7671321747275135	0.09109212816953824	5.498496337541867	0.017021761996412622	9.60288709991514	499.64125731044754	0.6293750666351565	0	0	0	0.0005060673708365329	0.05641194524300624	7683536094256844e-20	0.05320246498422515	5.072670319841668	0.0028548387988676844
3	4.7671321747275135	4.7671321747275135	4.7671321747275135	0.09109212816953824	5.498496337541867	0.01702176199641263	9.60288709991514	499.64125731044754	0.6293750666351565	0	0	0	0.0005060673717620107	0.05642893277249268	7679806603156267e-20	0.05323033210547389	5.082959150187182	0.0028520571608538128
3.1	4.7671321747275135	4.7671321747275135	4.7671321747275135	0.09109212816953828	5.498496337541873	0.01702176199641262	9.60288709991514	499.64125731044743	0.6293750666351566	0	0	0	0.0005060673703882859	0.056442761019766904	76766841015071e-18	0.05325301838316223	5.091579397047953	0.00284956825310974
3.2	4.7671321747275135	4.7671321747275135	4.7671321747275135	0.09109212816953836	5.498496337541896	0.017021761996412595	9.602887099915137	499.641257310447	0.6293750666351569	0	0	0	0.0005060673572440282	0.0564539590112654	7674079020006264e-20	0.05327139625062433	5.09877652250338	0.0028473525678681887
3.3	4.7671321747275135	4.7671321747275135	4.7671321747275135	0.09109212816953842	5.498496337541911	0.017021761996412577	9.602887099915135	499.6412573104466	0.629375066635157	0	0	0	0.0005060673471927978	0.056462980409754886	7671914536827887e-20	0.05328620141519435	5.104760409475909	0.0028453907147440323
3.4	4.7671321747275135	4.7671321747275135	4.7671321747275135	0.09109212816953838	5.498496337541897	0.017021761996412595	9.602887099915137	499.64125731044686	0.6293750666351569	0	0	0	0.0005060673554572425	0.056470279476059516	7670113807797262e-20	0.05329817037603095	5.109740986570453	0.0028436633787710676
3.5	4.7671321747275135	4.7671321747275135	4.7671321747275135	0.09109212816953854	5.4984963375419795	0.017021761996412522	9.602887099915131	499.64125731044504	0.6293750666351575	0	0	0	0.000506067319846933	0.05647621731399778	7668609929504802e-20	0.05330793897240859	5.113906862939409	0.0028421489983693135
3.6	4.767132174727513	4.767132174727513	4.767132174727513	0.09109212816953906	5.4984963375422025	0.017021761996412324	9.602887099915117	499.6412573104401	0.6293750666351591	0	0	0	0.0005060672145017121	0.05648099513721764	7667361165506318e-20	0.053315853100977355	5.11737427808425	0.0028408259632562733
3.7	4.7671321747275135	4.7671321747275135	4.7671321747275135	0.09109212816953947	5.4984963375423845	0.01702176199641216	9.602887099915106	499.6412573104361	0.6293750666351605	0	0	0	0.0005060671264691665	0.056484838454835026	7666327628284162e-20	0.053322220700425485	5.120245425818079	0.0028396753354034032
3.8	4.7671321747275135	4.7671321747275135	4.7671321747275135	0.09109212816953939	5.498496337542346	0.0170217619964122	9.602887099915106	499.64125731043697	0.6293750666351602	0	0	0	0.0005060671428900854	0.05648797283630602	7665469425944506e-20	0.053327349744820625	5.122622504657816	0.0028386781792062808
3.9	4.7671321747275135	4.7671321747275135	4.7671321747275135	0.09109212816953889	5.498496337542156	0.017021761996412345	9.602887099915122	499.6412573104412	0.6293750666351589	0	0	0	0.0005060672420414107	0.05649056289971011	7664752488242611e-20	0.05333153287920562	5.124604016335907	0.0028378153913398187
4	4.7671321747275135	4.7671321747275135	4.7671321747275135	0.09109212816953942	5.498496337542499	0.017021761996411915	9.602887099915108	499.6412573104334	0.6293750666351627	0	0	0	0.000506067116247478	0.056492565581304624	7664165981145002e-20	0.05333493523468864	5.126253274921718	0.002837069922708365
4.1	4.7671321747275135	4.7671321747275135	4.7671321747275135	0.09109212816953997	5.498496337542827	0.017021761996411536	9.602887099915092	499.64125731042606	0.6293750666351658	0	0	0	0.0005060669877899404	0.056494171423975906	7663681267622948e-20	0.05333768084165931	5.1276177986905465	0.002836428849662814
4.2	4.7671321747275135	4.7671321747275135	4.7671321747275135	0.09109212816953938	5.4984963375424805	0.017021761996411932	9.602887099915108	499.64125731043373	0.6293750666351624	0	0	0	0.0005060671257466492	0.0564955940842283	7663267837103309e-20	0.05333989654386598	5.128745548413273	0.0028358794485367402
4.3	4.7671321747275135	4.7671321747275135	4.7671321747275135	0.09109212816953967	5.498496337542721	0.017021761996411477	9.602887099915101	499.64125731042833	0.6293750666351665	0	0	0	0.0005060670637385777	0.05649664356291514	7662938429153932e-20	0.05334170348794437	5.129684992643178	0.0028354067862160306
4.4	4.7671321747275135	4.7671321747275135	4.7671321747275135	0.09109212816954089	5.498496337543501	0.01702176199641035	9.602887099915069	499.6412573104108	0.6293750666351764	0	0	0	0.0005060667973906095	0.05649737249170482	7662679209492755e-20	0.053343169365440264	5.130464329035184	0.0028350015964828112
4.5	4.7671321747275135	4.7671321747275135	4.7671321747275135	0.0910921281695409	5.49849633754351	0.017021761996410343	9.60288709991507	499.6412573104106	0.6293750666351764	0	0	0	0.0005060667932927506	0.056498088408416164	7662448842682672e-20	0.05334434683619971	5.131104895350362	0.002834657429442932
4.6	4.7671321747275135	4.7671321747275135	4.7671321747275135	0.0910921281695398	5.498496337542858	0.017021761996411183	9.602887099915097	499.64125731042515	0.6293750666351691	0	0	0	0.0005060670398974563	0.05649880586800791	7662243641491741e-20	0.053345297436844116	5.13163315197374	0.002834364882484646
4.7	4.7671321747275135	4.7671321747275135	4.7671321747275135	0.09109212816954083	5.498496337543662	0.017021761996409833	9.60288709991507	499.64125731040707	0.6293750666351812	0	0	0	0.0005060668152305677	0.05649911539901762	7662111470940023e-20	0.05334607890297074	5.132076211017596	0.002834112473116559
4.8	4.767132174727514	4.767132174727514	4.767132174727514	0.09109212816954146	5.498496337544111	0.017021761996409118	9.602887099915055	499.641257310397	0.6293750666351875	0	0	0	0.0005060666811951866	0.05649940542006361	7661994761053356e-20	0.05334670831005498	5.1324405378506315	0.0028338989321899763
4.9	4.7671321747275135	4.7671321747275135	4.7671321747275135	0.09109212816953985	5.498496337542982	0.017021761996410874	9.602887099915097	499.6412573104223	0.6293750666351718	0	0	0	0.0005060670313347	0.05649994495178177	7661854533475212e-20	0.053347206648448726	5.132735029089055	0.0028337214283990467
5	4.7671321747275135	4.7671321747275135	4.7671321747275135	0.09109212816953985	5.4984963375430365	0.017021761996410617	9.602887099915097	499.6412573104211	0.6293750666351742	0	0	0	0.0005060670415200474	0.05650018449220627	766177099860889e-19	0.05334761808490677	5.132983003707781	0.0028335679116280044
5.1	4.7671321747275135	4.7671321747275135	4.7671321747275135	0.09109212816954006	5.4984963375432026	0.01702176199641028	9.602887099915092	499.6412573104174	0.6293750666351772	0	0	0	0.0005060670024632014	0.056500352933474406	7661704325277726e-20	0.053347951678422705	5.1331878864082565	0.0028334378737339856
5.2	4.7671321747275135	4.7671321747275135	4.7671321747275135	0.0910921281695391	5.4984963375425	0.017021761996411495	9.602887099915117	499.64125731043316	0.6293750666351664	0	0	0	0.0005060672003149205	0.05650066070037433	766162070326474e-19	0.05334821614838395	5.133353300429002	0.0028333303520358313
5.3	4.7671321747275135	4.7671321747275135	4.7671321747275135	0.09109212816953909	5.4984963375425355	0.01702176199641132	9.602887099915117	499.64125731043237	0.6293750666351682	0	0	0	0.00050606720268919	0.05650078655882588	7661574005255686e-20	0.05334843460297342	5.133492616755072	0.002833237451965356
5.4	4.7671321747275135	4.7671321747275135	4.7671321747275135	0.09109212816953904	5.498496337542508	0.017021761996411356	9.602887099915119	499.64125731043293	0.6293750666351678	0	0	0	0.0005060672126324692	0.0565008998472455	7661532307918516e-20	0.05334861090467054	5.133607051538603	0.0028331594105836166
5.5	4.7671321747275135	4.7671321747275135	4.7671321747275135	0.09109212816953864	5.4984963375421785	0.01702176199641199	9.602887099915131	499.6412573104403	0.6293750666351622	0	0	0	0.0005060672986858895	0.056501054638718816	7661486401627527e-20	0.05334875192390106	5.133700136670954	0.00283309455096321
5.6	4.7671321747275135	4.7671321747275135	4.7671321747275135	0.0910921281695387	5.4984963375422335	0.01702176199641183	9.602887099915128	499.64125731043913	0.6293750666351636	0	0	0	0.0005060672896387071	0.05650111373902531	7661461617241806e-20	0.05334886812975399	5.133778318089646	0.002833038735849436
5.7	4.7671321747275135	4.7671321747275135	4.7671321747275135	0.0910921281695386	5.498496337542143	0.01702176199641202	9.602887099915131	499.64125731044123	0.6293750666351619	0	0	0	0.0005060673114860235	0.05650118937128572	7661434992552525e-20	0.053348961309231634	5.13384202161081	0.0028329923508847886
5.8	4.7671321747275135	4.7671321747275135	4.7671321747275135	0.09109212816953861	5.498496337542208	0.01702176199641183	9.602887099915131	499.64125731043964	0.6293750666351636	0	0	0	0.0005060673021800369	0.05650122298907782	7661419825315843e-20	0.05334903774470079	5.13389526202522	0.0028329526443397375
5.9	4.7671321747275135	4.7671321747275135	4.7671321747275135	0.09109212816953892	5.498496337542567	0.01702176199641097	9.602887099915122	499.64125731043146	0.6293750666351714	0	0	0	0.0005060672266950688	0.05650118692107371	7661421142658175e-20	0.053349101359118405	5.133940473489105	0.002832918061624445
6	4.7671321747275135	4.7671321747275135	4.7671321747275135	0.091092128169539	5.498496337542662	0.017021761996410752	9.602887099915122	499.64125731042935	0.6293750666351734	0	0	0	0.0005060672061442935	0.056501197645462846	7661412711094647e-20	0.05334915159376302	5.133976654111599	0.0028328899624994056
6.1	4.7671321747275135	4.7671321747275135	4.7671321747275135	0.09109212816953882	5.498496337542457	0.01702176199641118	9.602887099915128	499.641257310434	0.6293750666351695	0	0	0	0.0005060672543784894	0.056501264322059847	7661393790653658e-20	0.053349190676537116	5.134005189547677	0.002832867422904405
6.2	4.7671321747275135	4.7671321747275135	4.7671321747275135	0.0910921281695398	5.49849633754355	0.017021761996408313	9.602887099915101	499.64125731040934	0.6293750666351955	0	0	0	0.0005060670435448249	0.056501060487069425	7661441663506925e-20	0.053349229084879095	5.1340345693304394	0.002832842736061154
6.3	4.7671321747275135	4.7671321747275135	4.7671321747275135	0.09109212816954089	5.498496337544763	0.01702176199640518	9.60288709991507	499.6412573103818	0.6293750666352239	0	0	0	0.0005060668046805927	0.056500827647729394	7661496295127855e-20	0.05334926189491707	5.1340601375778965	0.002832820787121422
6.4	4.7671321747275135	4.7671321747275135	4.7671321747275135	0.09109212816954071	5.498496337544552	0.017021761996405746	9.602887099915076	499.6412573103866	0.6293750666352187	0	0	0	0.0005060668449926651	0.05650088403853131	7661479283276691e-20	0.053349282151979954	5.134075501404363	0.0028328081238154293
6.5	4.7671321747275135	4.7671321747275135	4.7671321747275135	0.09109212816953932	5.498496337543028	0.017021761996409635	9.602887099915112	499.64125731042105	0.6293750666351834	0	0	0	0.0005060671481984985	0.05650120744162143	7661397722550873e-20	0.053349291428732994	5.134081914216457	0.0028328035887538617
6.6	4.7671321747275135	4.7671321747275135	4.7671321747275135	0.09109212816953915	5.498496337542883	0.01702176199640989	9.602887099915117	499.6412573104244	0.6293750666351813	0	0	0	0.0005060671855119926	0.056501245864770865	7661388966567976e-20	0.053349304494805884	5.134092330991039	0.0028327944136572756
6.7	4.7671321747275135	4.7671321747275135	4.7671321747275135	0.09109212816953884	5.49849633754255	0.017021761996410773	9.602887099915128	499.64125731043197	0.6293750666351734	0	0	0	0.000506067249767958	0.05650132117427038	7661368270210618e-20	0.053349314154091484	5.134099887341517	0.0028327879719121356
6.8	4.7671321747275135	4.7671321747275135	4.7671321747275135	0.09109212816953856	5.498496337542226	0.01702176199641162	9.602887099915135	499.6412573104393	0.6293750666351656	0	0	0	0.0005060673118483437	0.05650139281086419	766134886368682e-19	0.05334932172564281	5.1341058843456	0.002832782776439554
6.9	4.7671321747275135	4.7671321747275135	4.7671321747275135	0.09109212816953857	5.4984963375422184	0.017021761996411602	9.602887099915133	499.64125731043936	0.6293750666351658	0	0	0	0.0005060673147784993	0.056501398284914135	7661347115083579e-20	0.05334932910673527	5.134112009337543	0.00283277713513716
7	4.7671321747275135	4.7671321747275135	4.7671321747275135	0.0910921281695384	5.498496337542032	0.01702176199641214	9.602887099915137	499.6412573104437	0.629375066635161	0	0	0	0.000506067348368352	0.056501440606372445	7661334582003863e-20	0.053349334254915025	5.134116182971037	0.002832773434202851
7.1	4.7671321747275135	4.7671321747275135	4.7671321747275135	0.09109212816953836	5.498496337541989	0.017021761996412248	9.602887099915137	499.64125731044464	0.62937506663516	0	0	0	0.000506067356663404	0.05650145219175846	7661331016156983e-20	0.053349338930999586	5.134120136367191	0.0028327697204135515
7.2	4.7671321747275135	4.7671321747275135	4.7671321747275135	0.09109212816953834	5.498496337541969	0.017021761996412303	9.602887099915138	499.6412573104451	0.6293750666351594	0	0	0	0.0005060673606604542	0.05650145904782923	7661328612706157e-20	0.05334934278316651	5.134123436209851	0.0028327665774417763
7.3	4.7671321747275135	4.7671321747275135	4.7671321747275135	0.09109212816953828	5.498496337541913	0.017021761996412477	9.602887099915138	499.64125731044635	0.6293750666351577	0	0	0	0.000506067370589475	0.05650147294583326	7661324135183945e-20	0.05334934573038531	5.134125960941142	0.00283276418083841
7.4	4.7671321747275135	4.7671321747275135	4.7671321747275135	0.0910921281695383	5.498496337541914	0.017021761996412477	9.60288709991514	499.64125731044646	0.6293750666351579	0	0	0	0.0005060673712172813	0.05650147497611046	7661323289610584e-20	0.053349348311651106	5.1341282428706005	0.002832761924194001
7.5	4.7671321747275135	4.7671321747275135	4.7671321747275135	0.09109212816953828	5.498496337541892	0.017021761996412543	9.60288709991514	499.641257310447	0.6293750666351572	0	0	0	0.0005060673745883869	0.0565014805226314	7661321301988439e-20	0.053349350324853356	5.134130026151263	0.002832760163222194
7.6	4.7671321747275135	4.7671321747275135	4.7671321747275135	0.09109212816953825	5.498496337541879	0.017021761996412567	9.60288709991514	499.64125731044726	0.629375066635157	0	0	0	0.0005060673761820405	0.056501483495846085	7661320183641674e-20	0.05334935198780742	5.1341315263879865	0.002832758647611928
7.7	4.7671321747275135	4.7671321747275135	4.7671321747275135	0.09109212816953825	5.498496337541878	0.017021761996412567	9.60288709991514	499.6412573104473	0.629375066635157	0	0	0	0.0005060673763777774	0.056501484526144535	7661319693042525e-20	0.053349353360966516	5.134132786602627	0.002832757348575997
7.8	4.7671321747275135	4.7671321747275135	4.7671321747275135	0.09109212816953824	5.498496337541869	0.0170217619964126	9.60288709991514	499.64125731044743	0.6293750666351566	0	0	0	0.0005060673776907889	0.056501486954418347	7661318753556482e-20	0.053349354443761925	5.134133785187719	0.0028327563159524487
7.9	4.7671321747275135	4.7671321747275135	4.7671321747275135	0.09109212816953825	5.498496337541868	0.01702176199641261	9.60288709991514	499.64125731044754	0.6293750666351567	0	0	0	0.0005060673778576621	0.05650148768997861	7661318403465223e-20	0.05334935534420532	5.134134632124523	0.0028327554185442355
8	4.767132174727513	4.767132174727513	4.767132174727513	0.09109212816953825	5.498496337541869	0.0170217619964126	9.60288709991514	499.6412573104475	0.6293750666351567	0	0	0	0.0005060673776589862	0.05650148780712219	7661318286433406e-20	0.05334935608147396	5.1341353367697735	0.0028327546575513582
8.1	4.7671321747275135	4.7671321747275135	4.7671321747275135	0.09109212816953827	5.498496337542039	0.01702176199641188	9.60288709991514	499.6412573104436	0.6293750666351633	0	0	0	0.0005060673446770607	0.05650143917743734	7661335996852114e-20	0.053349357559083585	5.134137026976211	0.002832752391822502
8.2	4.7671321747275135	4.7671321747275135	4.7671321747275135	0.09109212816953825	5.4984963375424	0.017021761996410343	9.60288709991514	499.6412573104353	0.6293750666351774	0	0	0	0.0005060672747592281	0.0565013356933971	7661373748155601e-20	0.053349359909255156	5.134139860518928	0.00283274840049462
8.3	4.7671321747275135	4.7671321747275135	4.7671321747275135	0.09109212816953824	5.498496337542835	0.017021761996408487	9.60288709991514	499.6412573104252	0.6293750666351945	0	0	0	0.000506067190390495	0.05650121075871334	76614193259854e-18	0.05334936254817127	5.1341430917681805	0.002832743787318704
8.4	4.7671321747275135	4.7671321747275135	4.7671321747275135	0.09109212816953825	5.49849633754323	0.017021761996406815	9.60288709991514	499.6412573104161	0.6293750666352099	0	0	0	0.0005060671140558682	0.056501097777097914	7661460515983046e-20	0.05334936489201452	5.134145975094225	0.002832739656045745
8.5	4.7671321747275135	4.7671321747275135	4.7671321747275135	0.09109212816953825	5.4984963375434655	0.017021761996405812	9.60288709991514	499.64125731041065	0.629375066635219	0	0	0	0.0005060670682403544	0.056501030152262696	766148510379007e-19	0.05334936635696749	5.134147764867317	0.002832737110426733
8.6	4.7671321747275135	4.7671321747275135	4.7671321747275135	0.09109212816953825	5.498496337543428	0.01702176199640598	9.60288709991514	499.64125731041145	0.6293750666352175	0	0	0	0.0005060670754289599	0.05650104128791956	7661480875048002e-20	0.05334936635921281	5.134147715457714	0.0028327372542126593
8.7	4.7671321747275135	4.7671321747275135	4.7671321747275135	0.09109212816953825	5.498496337543	0.017021761996407803	9.60288709991514	499.6412573104213	0.6293750666352007	0	0	0	0.0005060671581066916	0.05650116458778036	7661435615398381e-20	0.053349364314933034	5.134145081235671	0.002832741191154514
8.8	4.767132174727513	4.767132174727513	4.767132174727513	0.09109212816953825	5.4984963375423295	0.01702176199641066	9.60288709991514	499.6412573104367	0.6293750666351745	0	0	0	0.00050606728807575	0.05650135729614892	7661365304197602e-20	0.05334936098827374	5.134140845550277	0.002832747447815273
8.9	4.7671321747275135	4.7671321747275135	4.7671321747275135	0.09109212816953825	5.498496337542165	0.017021761996411297	9.60288709991514	499.6412573104405	0.6293750666351686	0	0	0	0.0005060673199434399	0.056501402178572815	7661349871013815e-20	0.05334936025265655	5.134139946077865	0.0028327487120784318
9	4.767132174727514	4.767132174727514	4.767132174727514	0.09109212816953827	5.498496337542047	0.017021761996411807	9.60288709991514	499.6412573104433	0.6293750666351641	0	0	0	0.0005060673428259832	0.05650143636002197	7661337288264313e-20	0.053349359734839376	5.134139267342203	0.002832749742819083
9.1	4.767132174727513	4.767132174727513	4.767132174727513	0.09109212816953824	5.498496337541949	0.01702176199641223	9.60288709991514	499.64125731044544	0.62937506663516	0	0	0	0.0005060673616973985	0.05650146482832038	7661326715870325e-20	0.05334935930652316	5.134138700685384	0.0028327506103976692
9.2	4.7671321747275135	4.7671321747275135	4.7671321747275135	0.09109212816953825	5.498496337541932	0.017021761996412296	9.60288709991514	499.6412573104459	0.6293750666351594	0	0	0	0.0005060673652420439	0.05650146987546024	7661324967583129e-20	0.053349359272627246	5.134138651999852	0.002832750687526265
9.3	4.7671321747275135	4.7671321747275135	4.7671321747275135	0.09109212816953825	5.498496337541892	0.017021761996412487	9.60288709991514	499.6412573104469	0.6293750666351576	0	0	0	0.0005060673730455581	0.05650148217603473	7661320179030875e-20	0.053349359113659164	5.134138426217377	0.002832751057721201
9.4	4.7671321747275135	4.7671321747275135	4.7671321747275135	0.09109212816953825	5.498496337541884	0.017021761996412525	9.60288709991514	499.6412573104471	0.6293750666351573	0	0	0	0.0005060673747770436	0.056501484771955	7661319227388484e-20	0.05334935910727384	5.134138411434213	0.0028327510881530613
9.5	4.767132174727513	4.767132174727513	4.767132174727513	0.09109212816953825	5.498496337541874	0.01702176199641257	9.60288709991514	499.64125731044726	0.6293750666351569	0	0	0	0.0005060673765287913	0.056501487598977475	7661318100192609e-20	0.05334935909275688	5.134138383285025	0.0028327511446216793
9.6	4.7671321747275135	4.7671321747275135	4.7671321747275135	0.09109212816953825	5.498496337541868	0.01702176199641259	9.60288709991514	499.64125731044743	0.6293750666351569	0	0	0	0.0005060673775992255	0.05650148932145412	7661317417123655e-20	0.05334935909031852	5.134138373726646	0.002832751168435272
9.7	4.7671321747275135	4.7671321747275135	4.7671321747275135	0.09109212816953825	5.498496337541867	0.017021761996412598	9.60288709991514	499.64125731044754	0.6293750666351567	0	0	0	0.000506067377851954	0.05650148972420327	7661317260456774e-20	0.05334935910468826	5.134138388777913	0.0028327511507491724
9.8	4.7671321747275135	4.7671321747275135	4.7671321747275135	0.09109212816953825	5.498496337541863	0.017021761996412615	9.60288709991514	499.64125731044766	0.6293750666351565	0	0	0	0.0005060673783611206	0.05650149058458162	7661316901531792e-20	0.05334935910822667	5.134138389021547	0.002832751157156474
9.9	4.7671321747275135	4.7671321747275135	4.7671321747275135	0.09109212816953825	5.498496337541861	0.01702176199641262	9.60288709991514	499.64125731044766	0.6293750666351565	0	0	0	0.0005060673784556327	0.05650149074082324	7661316839036252e-20	0.053349359119557314	5.134138401676045	0.0028327511409755096
10	4.7671321747275135	4.7671321747275135	4.7671321747275135	0.09109212816953825	5.4984963375418605	0.017021761996412622	9.60288709991514	499.6412573104476	0.6293750666351565	0	0	0	0.0005060673785854298	0.05650149096947373	7661316740150067e-20	0.05334935912730945	5.134138409723961	0.0028327511319471014
10.1	4.7671321747275135	4.7671321747275135	4.7671321747275135	0.09109212816953825	5.498496337541862	0.017021761996412622	9.60288709991514	499.6412573104476	0.6293750666351565	0	0	0	0.0005060673786453735	0.0565014910757429	7661316694357967e-20	0.05334935913480005	5.134138418152465	0.002832751121178578
10.2	4.7671321747275135	4.7671321747275135	4.7671321747275135	0.09109212816953825	5.498496337541862	0.017021761996412622	9.60288709991514	499.6412573104476	0.6293750666351565	0	0	0	0.0005060673786650746	0.0565014911132913	7661316677458865e-20	0.05334935914162363	5.134138426156374	0.0028327511103756297
10.3	4.7671321747275135	4.7671321747275135	4.7671321747275135	0.09109212816953757	5.498496337541386	0.01702176199641118	9.602887099915158	499.6412573104583	0.6293750666351704	0	0	0	0.0005060673634990487	0.056501462915166153	7661329736058759e-20	0.053349359552050495	5.134139075995421	0.0028327498999508663
10.4	4.7671321747275135	4.7671321747275135	4.7671321747275135	0.09109212816953559	5.49849633754	0.01702176199640697	9.602887099915211	499.6412573104894	0.6293750666352108	0	0	0	0.0005060673192396608	0.05650138062908718	7661367838817294e-20	0.05334936073718803	5.134140957021372	0.0028327463895880065
10.5	4.7671321747275135	4.7671321747275135	4.7671321747275135	0.09109212816953273	5.498496337537994	0.01702176199640088	9.602887099915286	499.6412573105344	0.6293750666352692	0	0	0	0.0005060672551976031	0.05650126157393204	7661422962293136e-20	0.0533493624488759	5.134143674736718	0.0028327413164979235
10.6	4.7671321747275135	4.7671321747275135	4.7671321747275135	0.09109212816952938	5.498496337535665	0.01702176199639379	9.602887099915378	499.6412573105867	0.6293750666353374	0	0	0	0.0005060671807713367	0.05650112323175726	7661487007485161e-20	0.05334936443661305	5.134146830925358	0.0028327354248361817
10.7	4.7671321747275135	4.7671321747275135	4.7671321747275135	0.09109212816952601	5.498496337533304	0.017021761996386605	9.602887099915467	499.6412573106397	0.6293750666354062	0	0	0	0.0005060671053593227	0.05650098308461941	7661551875392245e-20	0.05334936644989839	5.134150027371185	0.0028327294587583408
10.8	4.7671321747275135	4.7671321747275135	4.7671321747275135	0.09109212816952302	5.4984963375312095	0.017021761996380218	9.602887099915547	499.6412573106866	0.6293750666354675	0	0	0	0.0005060670383600223	0.05650085861457506	7661609467013264e-20	0.053349368238230846	5.134152865858095	0.0028327241624199638
10.9	4.7671321747275135	4.7671321747275135	4.7671321747275135	0.09109212816952082	5.498496337529675	0.017021761996375513	9.602887099915606	499.6412573107211	0.6293750666355127	0	0	0	0.0005060669891718966	0.05650076730368077	7661651683347093e-20	0.053349369551109346	5.134154948169986	0.0028327202799766126
11	4.7671321747275135	4.7671321747275135	4.7671321747275135	0.09109212816951985	5.498496337528995	0.017021761996373393	9.60288709991563	499.6412573107363	0.629375066635533	0	0	0	0.0005060669671934063	0.05650072663399309	766167042539261e-19	0.05334937013803282	5.134155876090752	0.00283271855558385
11.1	4.7671321747275135	4.7671321747275135	4.7671321747275135	0.0910921281695205	5.498496337529465	0.017021761996374743	9.602887099915614	499.64125731072573	0.62937506663552	0	0	0	0.0005060669818230129	0.05650075408756859	7661657594148691e-20	0.05334936974850018	5.134155251404288	0.002832719733397237
11.2	4.7671321747275135	4.7671321747275135	4.7671321747275135	0.09109212816952321	5.498496337531379	0.017021761996380464	9.602887099915542	499.64125731068276	0.629375066635465	0	0	0	0.0005060670424591771	0.05650086714646382	7661605090614211e-20	0.05334936813201036	5.134152675894493	0.0028327245575723364
11.3	4.7671321747275135	4.7671321747275135	4.7671321747275135	0.09109212816952841	5.498496337535032	0.017021761996391438	9.602887099915403	499.6412573106007	0.6293750666353596	0	0	0	0.0005060671585003603	0.05650108329273536	7661504815788047e-20	0.053349365038062285	5.134147751345262	0.0028327337722647106
11.4	4.7671321747275135	4.7671321747275135	4.7671321747275135	0.09109212816953445	5.4984963375392635	0.017021761996404344	9.602887099915241	499.6412573105057	0.6293750666352358	0	0	0	0.0005060672938489296	0.05650133477372006	7661388449667988e-20	0.053349361429427256	5.134142021888686	0.0028327444652842997
11.5	4.7671321747275135	4.7671321747275135	4.7671321747275135	0.09109212816953641	5.498496337540569	0.017021761996408723	9.60288709991519	499.6412573104764	0.6293750666351939	0	0	0	0.0005060673375515489	0.056501414665682446	7661352108536589e-20	0.053349360264899504	5.134140202710752	0.00283274780273421
11.6	4.7671321747275135	4.7671321747275135	4.7671321747275135	0.09109212816953748	5.498496337541331	0.01702176199641102	9.602887099915161	499.64125731045925	0.629375066635172	0	0	0	0.0005060673617948088	0.05650145977707213	7661331189361405e-20	0.05334935961917412	5.134139175636479	0.0028327497241663977
11.7	4.7671321747275135	4.7671321747275135	4.7671321747275135	0.0910921281695379	5.498496337541606	0.017021761996411897	9.602887099915149	499.64125731045317	0.6293750666351634	0	0	0	0.0005060673708424593	0.05650147648171951	7661323507243132e-20	0.05334935937856491	5.134138795766825	0.0028327504290917675
11.8	4.7671321747275135	4.7671321747275135	4.7671321747275135	0.09109212816953809	5.498496337541752	0.017021761996412314	9.602887099915144	499.6412573104499	0.6293750666351594	0	0	0	0.0005060673753343165	0.05650148488576554	7661319585771636e-20	0.05334935925933175	5.134138604879023	0.0028327507886993487
11.9	4.7671321747275135	4.7671321747275135	4.7671321747275135	0.0910921281695382	5.498496337541814	0.017021761996412487	9.602887099915142	499.64125731044857	0.6293750666351579	0	0	0	0.000506067377211313	0.05650148838598362	7661317958304674e-20	0.053349359209734826	5.1341385256341585	0.0028327509375801123
12	4.767132174727513	4.767132174727513	4.767132174727513	0.09109212816953821	5.498496337541841	0.017021761996412563	9.60288709991514	499.64125731044805	0.6293750666351571	0	0	0	0.0005060673780410395	0.05650148994624841	7661317226089449e-20	0.053349359187979284	5.134138490501371	0.002832751004307881
12.1	4.7671321747275135	4.7671321747275135	4.7671321747275135	0.09109212816953825	5.498496337541853	0.017021761996412605	9.60288709991514	499.6412573104478	0.6293750666351567	0	0	0	0.0005060673784300849	0.05650149067909692	7661316881613163e-20	0.05334935917790728	5.1341384741487905	0.002832751035493567
12.2	4.7671321747275135	4.7671321747275135	4.7671321747275135	0.09109212816953825	5.498496337541859	0.01702176199641262	9.60288709991514	499.6412573104477	0.6293750666351566	0	0	0	0.0005060673785834421	0.05650149096889059	7661316744883225e-20	0.05334935917406345	5.134138467829685	0.0028327510476658735
12.3	4.7671321747275135	4.7671321747275135	4.7671321747275135	0.09109212816953824	5.49849633754186	0.017021761996412626	9.60288709991514	499.6412573104476	0.6293750666351565	0	0	0	0.0005060673786638782	0.056501491121943165	766131667215202e-19	0.0533493591721173	5.13413846457503	0.0028327510540240705
12.4	4.7671321747275135	4.7671321747275135	4.7671321747275135	0.09109212816953824	5.4984963375418605	0.017021761996412626	9.60288709991514	499.6412573104476	0.6293750666351564	0	0	0	0.0005060673786923304	0.056501491176008695	7661316646501693e-20	0.0533493591715196	5.134138463533898	0.0028327510561107286
12.5	4.7671321747275135	4.7671321747275135	4.7671321747275135	0.09109212816953824	5.498496337541861	0.01702176199641263	9.60288709991514	499.6412573104476	0.6293750666351564	0	0	0	0.0005060673787088954	0.05650149120788225	7661316631187358e-20	0.053349359171208414	5.134138462963387	0.0028327510572945507
12.6	4.7671321747275135	4.7671321747275135	4.7671321747275135	0.09109212816953821	5.49849633754186	0.017021761996412636	9.602887099915142	499.64125731044766	0.6293750666351565	0	0	0	0.0005060673787034847	0.05650149119629839	766131663737366e-19	0.05334935917145838	5.134138463355183	0.0028327510565394004
12.7	4.7671321747275135	4.7671321747275135	4.7671321747275135	0.0910921281695087	5.498496337538594	0.01702176199641593	9.602887099915929	499.6412573105116	0.629375066635128	0	0	0	0.0005060673658658479	0.05650146513850726	7661329866963534e-20	0.05334935951392967	5.134139057708548	0.002832749838592891
12.8	4.767132174727514	4.767132174727514	4.767132174727514	0.09109212816943053	5.498496337529954	0.017021761996424654	9.602887099918014	499.64125731068106	0.6293750666350525	0	0	0	0.0005060673318664139	0.056501396129211415	7661364901765858e-20	0.05334936042077805	5.134140631551319	0.0028327466134909106
12.9	4.7671321747275135	4.7671321747275135	4.7671321747275135	0.09109212816931417	5.498496337517101	0.017021761996437634	9.602887099921116	499.64125731093276	0.6293750666349403	0	0	0	0.0005060672812628259	0.056501293422187994	7661417042256118e-20	0.05334936177045054	5.13414297385205	0.0028327418138277267
13	4.7671321747275135	4.7671321747275135	4.7671321747275135	0.0910921281691701	5.498496337501205	0.017021761996453694	9.60288709992496	499.6412573112442	0.6293750666348014	0	0	0	0.0005060672186127265	0.05650116627121421	7661481588909798e-20	0.05334936344139418	5.134145873579295	0.0028327358721976117
13.1	4.7671321747275135	4.7671321747275135	4.7671321747275135	0.09109212816900883	5.498496337483427	0.017021761996471665	9.602887099929262	499.6412573115923	0.629375066634646	0	0	0	0.0005060671484737587	0.05650102393006726	7661553842202387e-20	0.053349365312055974	5.1341491197016085	0.0028327292211948354
13.2	4.7671321747275135	4.7671321747275135	4.7671321747275135	0.09109212816884082	5.498496337464936	0.017021761996490376	9.602887099933742	499.6412573119544	0.6293750666344843	0	0	0	0.0005060670754035657	0.0565008756525243	7661629102609371e-20	0.05334936726088294	5.134152501187546	0.0028327222934136664
13.3	4.7671321747275135	4.7671321747275135	4.7671321747275135	0.09109212816867654	5.498496337446896	0.017021761996508643	9.602887099938123	499.64125731230746	0.6293750666343262	0	0	0	0.0005060670039597903	0.05650073069236255	7661702670606237e-20	0.0533493691663221	5.134155807005659	0.002832715521448376
13.4	4.7671321747275135	4.7671321747275135	4.7671321747275135	0.0910921281685265	5.498496337430471	0.017021761996525303	9.602887099942127	499.6412573126288	0.6293750666341822	0	0	0	0.0005060669387000758	0.05650059830335918	7661769846668472e-20	0.0533493709068205	5.134158826124506	0.002832709337893235
13.5	4.7671321747275135	4.7671321747275135	4.7671321747275135	0.09109212816840115	5.498496337416828	0.017021761996539174	9.60288709994547	499.6412573128953	0.6293750666340623	0	0	0	0.0005060668841820647	0.056500487739291366	766182593127156e-19	0.05334937236082513	5.13416134751264	0.0028327041753425123
13.6	4.7671321747275135	4.7671321747275135	4.7671321747275135	0.09109212816831098	5.498496337407131	0.01702176199654909	9.602887099947877	499.6412573130844	0.6293750666339764	0	0	0	0.0005060668449634002	0.05650040825393632	7661866224890989e-20	0.05334937340678302	5.134163160138613	0.0028327004663904784
13.7	4.7671321747275135	4.7671321747275135	4.7671321747275135	0.09109212816826646	5.498496337402546	0.017021761996553874	9.602887099949063	499.64125731317307	0.6293750666339348	0	0	0	0.0005060668256017256	0.056500369101071216	7661886028002245e-20	0.0533493739231412	5.134164052970982	0.002832698643631403
13.8	4.7671321747275135	4.7671321747275135	4.7671321747275135	0.09109212816827808	5.498496337404238	0.01702176199655235	9.602887099948754	499.64125731313834	0.6293750666339478	0	0	0	0.0005060668306546833	0.05650037953447325	7661880641080814e-20	0.053349373788346685	5.134163814978301	0.0028326991396595566
13.9	4.7671321747275135	4.7671321747275135	4.7671321747275135	0.0910921281683563	5.498496337413373	0.01702176199654335	9.602887099946667	499.64125731295763	0.6293750666340253	0	0	0	0.0005060668646799164	0.05650044880791958	7661845364602185e-20	0.05334937288084649	5.134162235129124	0.00283270238706921
14	4.7671321747275135	4.7671321747275135	4.7671321747275135	0.09109212816851164	5.498496337431114	0.017021761996525702	9.602887099942524	499.6412573126079	0.6293750666341777	0	0	0	0.0005060669322350682	0.05650058617518743	766177549904184e-19	0.05334937107908765	5.1341591023920055	0.002832708818454632
14.1	4.7671321747275135	4.7671321747275135	4.7671321747275135	0.09109212816875453	5.49849633745863	0.017021761996498224	9.602887099936046	499.64125731206633	0.6293750666344149	0	0	0	0.0005060670378777814	0.056500800890053965	7661666344875271e-20	0.05334936826151717	5.1341542057355	0.0028327188664100935
14.2	4.7671321747275135	4.7671321747275135	4.7671321747275135	0.0910921281690955	5.498496337497084	0.01702176199645975	9.602887099926951	499.64125731131	0.6293750666347472	0	0	0	0.0005060671861656992	0.05650110220629639	766151320257796e-19	0.05334936430658208	5.134147334128162	0.002832732963529864
14.3	4.7671321747275135	4.7671321747275135	4.7671321747275135	0.09109212816932069	5.498496337515802	0.01702176199643937	9.602887099920945	499.6412573109642	0.6293750666349248	0	0	0	0.000506067284093662	0.056501298288908014	766141507637309e-19	0.053349361694824564	5.134142862982299	0.0028327419939583945
14.4	4.7671321747275135	4.7671321747275135	4.7671321747275135	0.09109212816928296	5.498496337499366	0.01702176199645266	9.60288709992195	499.64125731132816	0.6293750666348129	0	0	0	0.0005060672676632681	0.05650125960695346	7661437524097751e-20	0.05334936213312566	5.134143746197505	0.0028327399233460224
14.5	4.767132174727514	4.767132174727514	4.767132174727514	0.09109212816934216	5.498496337508421	0.017021761996443646	9.602887099920371	499.64125731114234	0.6293750666348907	0	0	0	0.0005060672934119659	0.05650131296205368	7661409837109151e-20	0.05334936144644401	5.134142529277632	0.0028327424727954725
14.6	4.767132174727514	4.767132174727514	4.767132174727514	0.09109212816943368	5.498496337521285	0.017021761996432447	9.60288709991793	499.64125731088086	0.6293750666349861	0	0	0	0.0005060673332156392	0.056501394947572676	7661367630658371e-20	0.053349360384886114	5.134140659400695	0.0028327463587676286
14.7	4.7671321747275135	4.7671321747275135	4.7671321747275135	0.09109212816942233	5.498496337514398	0.017021761996439587	9.602887099918233	499.641257311035	0.6293750666349247	0	0	0	0.0005060673282773118	0.05650138247376188	7661375328489984e-20	0.053349360516640874	5.13414094436429	0.0028327456480894166
14.8	4.7671321747275135	4.7671321747275135	4.7671321747275135	0.09109212816947146	5.498496337526012	0.017021761996428127	9.602887099916922	499.64125731078656	0.6293750666350233	0	0	0	0.0005060673496554796	0.056501428554863904	7661350456528736e-20	0.053349359946494646	5.134139893007609	0.002832747939749809
14.9	4.767132174727513	4.767132174727513	4.767132174727513	0.0910921281694923	5.498496337529019	0.01702176199642616	9.602887099916366	499.6412573107253	0.6293750666350394	0	0	0	0.0005060673587144828	0.056501447248354916	7661340842894658e-20	0.05334935970490829	5.134139466667572	0.002832748824849076
15	4.7671321747275135	4.7671321747275135	4.7671321747275135	0.09109212816948843	5.498496337526528	0.017021761996429265	9.602887099916469	499.64125731078116	0.6293750666350123	0	0	0	0.0005060673570264359	0.05650144292414176	7661343560591547e-20	0.053349359749953223	5.134139565471128	0.0028327485738763613
15.1	4.7671321747275135	4.7671321747275135	4.7671321747275135	0.09109212816951433	5.4984963375344496	0.01702176199642073	9.60288709991578	499.64125731060875	0.6293750666350862	0	0	0	0.0005060673682987549	0.05650146800455704	7661329586094595e-20	0.05334935944932626	5.134138993117107	0.0028327498620766872
15.2	4.7671321747275135	4.7671321747275135	4.7671321747275135	0.09109212816951735	5.498496337534333	0.017021761996421577	9.602887099915698	499.6412573106126	0.6293750666350785	0	0	0	0.0005060673696043016	0.056501470460283185	76613284790672e-18	0.05334935941452365	5.134138937165079	0.0028327499637531037
15.3	4.7671321747275135	4.7671321747275135	4.7671321747275135	0.09109212816951846	5.498496337534404	0.017021761996421653	9.60288709991567	499.64125731061137	0.6293750666350778	0	0	0	0.0005060673700877225	0.056501471419442395	7661328010774458e-20	0.053349359401644265	5.134138915308198	0.002832750006816802
15.4	4.767132174727514	4.767132174727514	4.767132174727514	0.09109212816952904	5.498496337538276	0.017021761996417095	9.602887099915387	499.64125731052644	0.6293750666351176	0	0	0	0.0005060673746997585	0.056501481954614435	7661321983623413e-20	0.05334935927864488	5.134138674844335	0.0028327505626230785
15.5	4.7671321747275135	4.7671321747275135	4.7671321747275135	0.09109212816952866	5.498496337537681	0.017021761996418226	9.602887099915396	499.64125731054	0.6293750666351073	0	0	0	0.0005060673745478862	0.056501481404945	766132241943718e-19	0.053349359282702354	5.134138687433133	0.0028327505222612184
15.6	4.7671321747275135	4.7671321747275135	4.7671321747275135	0.0910921281695313	5.498496337538798	0.017021761996416748	9.602887099915327	499.64125731051536	0.6293750666351204	0	0	0	0.0005060673757015381	0.056501484104815355	7661320835117038e-20	0.05334935925193864	5.134138625802509	0.0028327506684099344
15.7	4.7671321747275135	4.7671321747275135	4.7671321747275135	0.09109212816953441	5.498496337540047	0.017021761996415204	9.602887099915243	499.64125731048784	0.6293750666351339	0	0	0	0.0005060673770430075	0.05650148722266636	7661319021267804e-20	0.05334935921616968	5.134138554631439	0.00283275083571442
15.8	4.7671321747275135	4.7671321747275135	4.7671321747275135	0.091092128169534	5.498496337539675	0.017021761996415898	9.602887099915254	499.64125731049626	0.6293750666351277	0	0	0	0.0005060673768534988	0.05650148669874713	7661319378322161e-20	0.05334935922123481	5.13413856660994	0.0028327508027053312
15.9	4.7671321747275135	4.7671321747275135	4.7671321747275135	0.09109212816953141	5.498496337537937	0.017021761996419055	9.602887099915323	499.64125731053514	0.6293750666350995	0	0	0	0.0005060673757213804	0.05650148376672377	7661321278404126e-20	0.05334935925143329	5.13413863359682	0.0028327506271820673
16	4.7671321747275135	4.7671321747275135	4.7671321747275135	0.09109212816947827	5.498496337505688	0.017021761996474115	9.60288709991674	499.64125731125665	0.6293750666346085	0	0	0	0.0005060673524479242	0.05650142503798787	7661358426404931e-20	0.05334935987216598	5.134139975046342	0.0028327471967196315
16.1	4.7671321747275135	4.7671321747275135	4.7671321747275135	0.0910921281693918	5.49849633745345	0.01702176199656301	9.602887099919045	499.6412573124252	0.6293750666338164	0	0	0	0.0005060673145762174	0.05650132957899408	7661418741790519e-20	0.05334936088225197	5.134142155449435	0.002832741626927652
16.2	4.7671321747275135	4.7671321747275135	4.7671321747275135	0.09109212816931088	5.498496337404723	0.017021761996645728	9.602887099921203	499.64125731351515	0.6293750666330795	0	0	0	0.0005060672791341238	0.05650124031401882	7661475099891083e-20	0.053349361827537044	5.134144194362661	0.002832736422621547
16.3	4.7671321747275135	4.7671321747275135	4.7671321747275135	0.0910921281692744	5.498496337383003	0.017021761996682257	9.602887099922176	499.6412573140008	0.6293750666327541	0	0	0	0.0005060672631495073	0.05650120016733852	7661500376036809e-20	0.053349362253866946	5.134145111342574	0.0028327340886167337
16.4	4.7671321747275135	4.7671321747275135	4.7671321747275135	0.09109212816932122	5.498496337411788	0.017021761996632592	9.602887099920927	499.64125731335656	0.629375066633197	0	0	0	0.0005060672836502315	0.05650125206322962	7661467445557888e-20	0.05334936170708744	5.134143925945731	0.002832737129728632
16.5	4.767132174727514	4.767132174727514	4.767132174727514	0.09109212816944252	5.498496337484759	0.01702176199650902	9.602887099917693	499.6412573117244	0.6293750666342979	0	0	0	0.0005060673367929153	0.05650138586831132	7661382999805852e-20	0.053349360289706375	5.134140869697071	0.0028327449277021754
16.6	4.7671321747275135	4.7671321747275135	4.7671321747275135	0.09109212816946174	5.498496337492608	0.01702176199650136	9.60288709991718	499.64125731155104	0.6293750666343637	0	0	0	0.0005060673451996167	0.05650140541833455	7661371712374273e-20	0.053349360065489966	5.134140423394646	0.0028327459687546817
16.7	4.7671321747275135	4.7671321747275135	4.7671321747275135	0.09109212816946916	5.498496337496129	0.01702176199649668	9.602887099916982	499.6412573114729	0.6293750666344047	0	0	0	0.0005060673484446437	0.056501413179151985	7661367074169467e-20	0.053349359978942634	5.134140246190734	0.0028327463967478105
16.8	4.767132174727514	4.767132174727514	4.767132174727514	0.09109212816950672	5.498496337520618	0.01702176199645238	9.60288709991598	499.641257310924	0.6293750666348007	0	0	0	0.0005060673648995088	0.056501455440061334	7661339866234674e-20	0.05334935954007247	5.134139280784003	0.0028327489098538684
16.9	4.7671321747275135	4.7671321747275135	4.7671321747275135	0.09109212816950725	5.498496337519519	0.017021761996456827	9.602887099915968	499.64125731094947	0.6293750666347598	0	0	0	0.0005060673651177226	0.05650145537834831	7661340322291859e-20	0.053349359534252884	5.134139282284656	0.0028327488672378258
17	4.7671321747275135	4.7671321747275135	4.7671321747275135	0.09109212816951813	5.498496337527276	0.017021761996441592	9.602887099915677	499.6412573107753	0.6293750666348967	0	0	0	0.0005060673698934128	0.05650146792728151	7661332049749757e-20	0.053349359406880036	5.134138995576054	0.002832749631571874
17.1	4.7671321747275135	4.7671321747275135	4.7671321747275135	0.09109212816952668	5.498496337533096	0.01702176199643075	9.60288709991545	499.6412573106447	0.6293750666349937	0	0	0	0.0005060673736384802	0.056501477653479654	7661325721237975e-20	0.05334935930699356	5.13413877337527	0.002832750216193798
17.2	4.7671321747275135	4.7671321747275135	4.7671321747275135	0.09109212816952617	5.498496337532283	0.01702176199643317	9.602887099915465	499.64125731066315	0.6293750666349716	0	0	0	0.0005060673734111716	0.05650147686234534	7661326375360108e-20	0.05334935931305479	5.13413879147803	0.002832750155604141
17.3	4.7671321747275135	4.7671321747275135	4.7671321747275135	0.0910921281695323	5.498496337537139	0.017021761996422764	9.6028870999153	499.64125731055384	0.6293750666350654	0	0	0	0.000506067376104047	0.05650148414887797	7661321429063148e-20	0.05334935924123269	5.134138624970929	0.002832750612777241
17.4	4.7671321747275135	4.7671321747275135	4.7671321747275135	0.09109212816953363	5.498496337538004	0.01702176199642135	9.602887099915264	499.64125731053446	0.6293750666350778	0	0	0	0.0005060673767011881	0.05650148567187931	7661320460076854e-20	0.053349359225304004	5.134138590181009	0.0028327507022652804
17.5	4.7671321747275135	4.7671321747275135	4.7671321747275135	0.09109212816953396	5.498496337538185	0.0170217619964211	9.602887099915256	499.6412573105304	0.62937506663508	0	0	0	0.0005060673768412713	0.05650148601987339	7661320245177971e-20	0.05334935922156656	5.134138582233154	0.002832750722103838
17.6	4.7671321747275135	4.7671321747275135	4.7671321747275135	0.09109212816953631	5.49849633754018	0.01702176199641655	9.602887099915193	499.6412573104854	0.6293750666351211	0	0	0	0.0005060673778698314	0.05650148886417482	766131827224827e-19	0.053349359194133944	5.134138517228788	0.002832750904503918
17.7	4.7671321747275135	4.7671321747275135	4.7671321747275135	0.09109212816953637	5.498496337540153	0.01702176199641681	9.602887099915193	499.641257310486	0.6293750666351186	0	0	0	0.0005060673778995167	0.056501488908548406	7661318268690976e-20	0.05334935919334008	5.13413851622001	0.002832750904803287
17.8	4.7671321747275135	4.7671321747275135	4.7671321747275135	0.09109212816953698	5.498496337540695	0.0170217619964155	9.602887099915176	499.64125731047375	0.6293750666351304	0	0	0	0.0005060673781630717	0.05650148965106579	7661317743583952e-20	0.053349359186309675	5.134138499248598	0.0028327509533609334
17.9	4.7671321747275135	4.7671321747275135	4.7671321747275135	0.09109212816953755	5.498496337541195	0.017021761996414326	9.602887099915161	499.6412573104625	0.6293750666351411	0	0	0	0.0005060673784113893	0.056501490345871534	7661317255901996e-20	0.053349359179686494	5.134138483368228	0.0028327509984538307
18	4.7671321747275135	4.7671321747275135	4.7671321747275135	0.0910921281695375	5.498496337541136	0.017021761996414534	9.602887099915163	499.6412573104638	0.6293750666351391	0	0	0	0.0005060673783970821	0.05650149029296266	766131730243424e-19	0.0533493591800678	5.1341384845792675	0.0028327509941412014
18.1	4.7671321747275135	4.7671321747275135	4.7671321747275135	0.09109212816953213	5.498496337535446	0.017021761996430858	9.602887099915305	499.6412573105926	0.6293750666349907	0	0	0	0.0005060673760917217	0.056501483375614975	7661322509335106e-20	0.05334935924155503	5.134138642744124	0.002832750512310064
18.2	4.7671321747275135	4.7671321747275135	4.7671321747275135	0.0910921281694858	5.498496337486395	0.017021761996570954	9.602887099916542	499.641257311703	0.6293750666337173	0	0	0	0.0005060673561048058	0.056501423527036174	7661367470273195e-20	0.053349359774630914	5.134140011162703	0.0028327463518464688
18.3	4.7671321747275135	4.7671321747275135	4.7671321747275135	0.09109212816940992	5.498496337406217	0.017021761996799813	9.602887099918565	499.6412573135179	0.6293750666316372	0	0	0	0.0005060673234117326	0.056501325655915	7661440977329296e-20	0.0533493606465954	5.134142248951284	0.002832739549883945
18.4	4.7671321747275135	4.7671321747275135	4.7671321747275135	0.09109212816932609	5.4984963373176745	0.017021761997052402	9.6028870999208	499.6412573155221	0.6293750666293414	0	0	0	0.0005060672872848004	0.05650121753014078	7661522167600364e-20	0.05334936161014505	5.134144721205649	0.0028327320369752134
18.5	4.7671321747275135	4.7671321747275135	4.7671321747275135	0.09109212816925583	5.498496337243533	0.017021761997263688	9.602887099922677	499.6412573172003	0.6293750666274212	0	0	0	0.0005060672569963073	0.05650112691760282	7661590178183353e-20	0.05334936241797644	5.134146793021571	0.0028327257436729955
18.6	4.7671321747275135	4.7671321747275135	4.7671321747275135	0.09109212816922059	5.4984963372065545	0.017021761997368642	9.602887099923615	499.64125731803733	0.6293750666264672	0	0	0	0.0005060672418185517	0.05650108158619043	7661624146175214e-20	0.053349362822786184	5.134147829494832	0.002832722600530011
18.7	4.7671321747275135	4.7671321747275135	4.7671321747275135	0.09109212816924195	5.498496337229502	0.01702176199730223	9.602887099923045	499.6412573175177	0.6293750666270713	0	0	0	0.000506067251023832	0.05650110930379293	76616032086729e-18	0.053349362577270826	5.134147195721207	0.0028327245380989816
18.8	4.7671321747275135	4.7671321747275135	4.7671321747275135	0.09109212816934141	5.4984963373351405	0.01702176199699942	9.602887099920391	499.64125731512644	0.6293750666298239	0	0	0	0.0005060672938844461	0.05650123783829962	7661506502773364e-20	0.05334936143412699	5.134144256796474	0.0028327334869326275
18.9	4.7671321747275135	4.7671321747275135	4.7671321747275135	0.09109212816945973	5.498496337459549	0.017021761996646154	9.602887099917234	499.64125731231053	0.6293750666330343	0	0	0	0.0005060673448857883	0.056501390228453234	7661392273280609e-20	0.05334936007385922	5.134140772485133	0.002832744056911862
19	4.7671321747275135	4.7671321747275135	4.7671321747275135	0.09109212816948466	5.498496337483708	0.017021761996582868	9.60288709991657	499.64125731176455	0.6293750666336081	0	0	0	0.0005060673556257991	0.056501421440889425	7661369548060859e-20	0.05334935978740864	5.134140058940905	0.0028327461590621104
19.1	4.767132174727514	4.767132174727514	4.767132174727514	0.0910921281695114	5.498496337512607	0.01702176199649854	9.602887099915858	499.6412573111101	0.629375066634375	0	0	0	0.0005060673671441712	0.05650145620224159	7661343219901461e-20	0.05334935948019984	5.134139264099905	0.002832748595555826
19.2	4.7671321747275135	4.7671321747275135	4.7671321747275135	0.09109212816952394	5.498496337525938	0.017021761996460428	9.60288709991552	499.64125731080827	0.6293750666347214	0	0	0	0.0005060673725663488	0.05650147245108955	7661331005641177e-20	0.053349359335586904	5.134138892574034	0.0028327497258107902
19.3	4.7671321747275135	4.7671321747275135	4.7671321747275135	0.09109212816952844	5.498496337530721	0.01702176199644665	9.602887099915401	499.6412573107	0.6293750666348465	0	0	0	0.0005060673744996536	0.056501478256553266	7661326631007304e-20	0.053349359284024234	5.134138759832383	0.002832750130631393
19.4	4.7671321747275135	4.7671321747275135	4.7671321747275135	0.09109212816953415	5.4984963375371825	0.017021761996427	9.60288709991525	499.6412573105536	0.6293750666350256	0	0	0	0.0005060673769575678	0.056501485801104076	7661320818530993e-20	0.05334935921846759	5.134138587305603	0.0028327506686347515
19.5	4.7671321747275135	4.7671321747275135	4.7671321747275135	0.0910921281695352	5.498496337538303	0.017021761996423856	9.602887099915222	499.64125731052826	0.629375066635054	0	0	0	0.0005060673774217089	0.05650148718385001	7661319786066159e-20	0.053349359206089075	5.13413855569025	0.0028327507641670736
19.6	4.7671321747275135	4.7671321747275135	4.7671321747275135	0.09109212816953692	5.498496337540296	0.01702176199641756	9.602887099915177	499.641257310483	0.6293750666351116	0	0	0	0.0005060673781492763	0.056501489451447735	7661318011729874e-20	0.053349359186684396	5.134138503831386	0.00283275092842753
19.7	4.7671321747275135	4.7671321747275135	4.7671321747275135	0.09109212816953742	5.498496337540877	0.017021761996415807	9.602887099915163	499.6412573104698	0.6293750666351274	0	0	0	0.0005060673783718205	0.05650149013346483	7661317487425092e-20	0.05334935918074694	5.13413848823565	0.002832750976956334
19.8	4.7671321747275135	4.7671321747275135	4.7671321747275135	0.09109212816953778	5.498496337541282	0.01702176199641452	9.602887099915154	499.6412573104606	0.6293750666351392	0	0	0	0.000506067378516762	0.05650149058756928	7661317130138087e-20	0.05334935917687977	5.1341384778504375	0.0028327510100340835
19.9	4.7671321747275135	4.7671321747275135	4.7671321747275135	0.09109212816953802	5.498496337541586	0.017021761996413524	9.602887099915147	499.64125731045374	0.6293750666351482	0	0	0	0.0005060673786247334	0.056501490927403496	7661316861667347e-20	0.05334935917399909	5.134138470078542	0.0028327510348907328
20	4.7671321747275135	4.7671321747275135	4.7671321747275135	0.09109212816953806	5.49849633754165	0.01702176199641332	9.602887099915145	499.6412573104523	0.6293750666351501	0	0	0	0.0005060673786490917	0.05650149100265136	7661316803366696e-20	0.0533493591733495	5.134138468358056	0.0028327510402877273
20.1	4.7671321747275135	4.7671321747275135	4.7671321747275135	0.09109212816953817	5.498496337541777	0.01702176199641291	9.602887099915142	499.6412573104494	0.6293750666351537	0	0	0	0.000506067378690809	0.05650149113647847	7661316695524477e-20	0.05334935917223786	5.134138465297052	0.0028327510502741686
20.2	4.7671321747275135	4.7671321747275135	4.7671321747275135	0.09109212816953821	5.498496337541806	0.017021761996412834	9.602887099915144	499.64125731044885	0.6293750666351546	0	0	0	0.000506067378699796	0.05650149116477991	76613166732945e-18	0.05334935917199807	5.1341384646496335	0.0028327510523323096
20.3	4.7671321747275135	4.7671321747275135	4.7671321747275135	0.09109212816953671	5.498496337538603	0.01702176199642596	9.602887099915183	499.6412573105219	0.6293750666350342	0	0	0	0.0005060673776144174	0.05650148755801526	766131970250531e-19	0.053349359200947515	5.1341385471613545	0.002832750771701326
20.4	4.767132174727513	4.767132174727513	4.767132174727513	0.09109212816952016	5.498496337503554	0.017021761996569476	9.602887099915623	499.6412573113215	0.6293750666337182	0	0	0	0.0005060673657342375	0.0565014480908117	7661352840551385e-20	0.05334935951780686	5.134139450052326	0.002832747701748107
20.5	4.7671321747275135	4.7671321747275135	4.7671321747275135	0.09109212816948932	5.498496337438241	0.017021761996836894	9.602887099916448	499.64125731281166	0.6293750666312663	0	0	0	0.0005060673435929903	0.05650137453893764	7661414594296348e-20	0.05334936010834022	5.134141132698065	0.0028327419808008404
20.6	4.7671321747275135	4.7671321747275135	4.7671321747275135	0.09109212816944909	5.498496337353067	0.01702176199718557	9.602887099917519	499.6412573147548	0.6293750666280693	0	0	0	0.0005060673147173276	0.0565012786208354	7661495122428472e-20	0.053349360878487725	5.134143327015452	0.0028327345205737685
20.7	4.7671321747275135	4.7671321747275135	4.7671321747275135	0.09109212816940437	5.498496337258442	0.01702176199757287	9.60288709991871	499.64125731691354	0.629375066624518	0	0	0	0.0005060672826339014	0.056501172054947375	7661584583636037e-20	0.05334936173418958	5.134145764921372	0.0028327262327811345
20.8	4.767132174727513	4.767132174727513	4.767132174727513	0.09109212816936013	5.498496337164774	0.01702176199795615	9.602887099919892	499.64125731905045	0.6293750666210036	0	0	0	0.0005060672508693634	0.056501066559715915	7661673136607317e-20	0.05334936258138596	5.134148178332706	0.002832718029137182
20.9	4.7671321747275135	4.7671321747275135	4.7671321747275135	0.09109212816932125	5.49849633708247	0.017021761998292775	9.602887099920927	499.64125732092816	0.6293750666179172	0	0	0	0.0005060672229503654	0.0565009738535834	7661750940030589e-20	0.05334936332601701	5.134150299166339	0.0028327108213561545
21	4.7671321747275135	4.7671321747275135	4.7671321747275135	0.0910921281692926	5.498496337021938	0.017021761998540098	9.60288709992169	499.6412573223091	0.6293750666156495	0	0	0	0.0005060672024035593	0.05650090565499217	7661808152594132e-20	0.05334936387402291	5.134151859339151	0.002832705521152295
21.1	4.7671321747275135	4.7671321747275135	4.7671321747275135	0.09109212816927917	5.498496336993585	0.01702176199865548	9.60288709992205	499.641257322956	0.6293750666145916	0	0	0	0.0005060671927555972	0.0565008736823846	7661834932986219e-20	0.05334936413134384	5.134152590768027	0.0028327030402398455
21.2	4.7671321747275135	4.7671321747275135	4.7671321747275135	0.09109212816928583	5.498496337007819	0.017021761998596282	9.60288709992187	499.64125732263125	0.6293750666151345	0	0	0	0.0005060671975331306	0.056500889654203065	7661821439895127e-20	0.053349364003919965	5.1341522253698475	0.002832704290333051
21.3	4.7671321747275135	4.7671321747275135	4.7671321747275135	0.09109212816931749	5.498496337075048	0.017021761998319868	9.602887099921027	499.64125732109756	0.6293750666176692	0	0	0	0.0005060672202628113	0.05650096528888991	7661757832009135e-20	0.053349363397691446	5.134150495061495	0.0028327101831461536
21.4	4.7671321747275135	4.7671321747275135	4.7671321747275135	0.09109212816937909	5.49849633720568	0.01702176199778359	9.602887099919386	499.64125731811737	0.6293750666225868	0	0	0	0.0005060672644712911	0.056501112304887496	7661634268016518e-20	0.053349362218598456	5.134147131759854	0.0028327216303933975
21.5	4.767132174727514	4.767132174727514	4.767132174727514	0.09109212816946811	5.498496337394331	0.017021761997010314	9.602887099917012	499.6412573138135	0.6293750666296771	0	0	0	0.0005060673283763759	0.05650132469270954	7661455868137061e-20	0.05334936051417424	5.134142272953923	0.002832738157663376
21.6	4.7671321747275135	4.7671321747275135	4.7671321747275135	0.09109212816950651	5.498496337474714	0.0170217619966875	9.602887099915987	499.6412573119797	0.6293750666326358	0	0	0	0.0005060673559466167	0.05650141560143554	7661380110812849e-20	0.053349359778842836	5.13414019331188	0.002832745175405856
21.7	4.7671321747275135	4.7671321747275135	4.7671321747275135	0.09109212816952106	5.49849633750525	0.017021761996564282	9.602887099915598	499.641257311283	0.6293750666337653	0	0	0	0.0005060673663936775	0.0565014501034587	7661351307637385e-20	0.05334935950020898	5.134139404031589	0.0028327478436206118
21.8	4.7671321747275135	4.7671321747275135	4.7671321747275135	0.0910921281695312	5.498496337526841	0.017021761996475072	9.602887099915327	499.6412573107905	0.6293750666345834	0	0	0	0.0005060673736733712	0.05650147436978627	7661330861010743e-20	0.05334935930605141	5.134138848881169	0.0028327497378883436
21.9	4.7671321747275135	4.7671321747275135	4.7671321747275135	0.09109212816953406	5.49849633753287	0.017021761996450682	9.602887099915252	499.6412573106528	0.6293750666348071	0	0	0	0.0005060673757330455	0.05650148117917902	7661325170510722e-20	0.05334935925111792	5.1341386931063395	0.0028327502650388617
22	4.767132174727514	4.767132174727514	4.767132174727514	0.09109212816953666	5.498496337538401	0.017021761996427253	9.602887099915185	499.64125731052667	0.6293750666350222	0	0	0	0.0005060673775688267	0.056501487359200374	7661319911023411e-20	0.053349359202158685	5.134138551716287	0.0028327507523475755
22.1	4.7671321747275135	4.7671321747275135	4.7671321747275135	0.09109212816953731	5.4984963375398115	0.017021761996421456	9.602887099915165	499.6412573104944	0.6293750666350753	0	0	0	0.0005060673780460615	0.056501488946098126	7661318577357085e-20	0.05334935918943141	5.1341385154119985	0.002832750875900886
22.2	4.7671321747275135	4.7671321747275135	4.7671321747275135	0.09109212816953786	5.498496337541042	0.01702176199641615	9.602887099915149	499.6412573104663	0.629375066635124	0	0	0	0.0005060673784496335	0.0565014903146134	7661317403954853e-20	0.05334935917866661	5.134138484101305	0.0028327509846284684
22.3	4.7671321747275135	4.7671321747275135	4.7671321747275135	0.09109212816953803	5.498496337541415	0.01702176199641459	9.602887099915145	499.6412573104578	0.6293750666351384	0	0	0	0.0005060673785734862	0.05650149073030455	7661317051103682e-20	0.053349359175366165	5.1341384745908325	0.002832751017320884
22.4	4.7671321747275135	4.7671321747275135	4.7671321747275135	0.09109212816953816	5.498496337541664	0.017021761996413497	9.602887099915142	499.6412573104521	0.6293750666351484	0	0	0	0.0005060673786549056	0.056501491007857126	7661316811801309e-20	0.05334935917319655	5.134138468240615	0.0028327510394958026
22.5	4.7671321747275135	4.7671321747275135	4.7671321747275135	0.0910921281695382	5.498496337541763	0.017021761996413066	9.602887099915144	499.6412573104498	0.6293750666351523	0	0	0	0.0005060673786882021	0.056501491120925375	7661316714728076e-20	0.05334935917230849	5.134138465653743	0.0028327510484913855
22.6	4.7671321747275135	4.7671321747275135	4.7671321747275135	0.09109212816953821	5.49849633754181	0.017021761996412848	9.602887099915142	499.6412573104486	0.6293750666351542	0	0	0	0.000506067378703916	0.05650149117469435	7661316668204784e-20	0.053349359171888835	5.134138464423471	0.002832751052802722
22.7	4.7671321747275135	4.7671321747275135	4.7671321747275135	0.09109212816953825	5.498496337541841	0.017021761996412723	9.60288709991514	499.64125731044805	0.6293750666351555	0	0	0	0.0005060673787128166	0.05650149120527749	7661316641660223e-20	0.053349359171653066	5.134138463723776	0.0028327510552622996
22.8	4.7671321747275135	4.7671321747275135	4.7671321747275135	0.09109212816953828	5.498496337541844	0.017021761996412716	9.602887099915138	499.641257310448	0.6293750666351556	0	0	0	0.0005060673787133951	0.056501491206970386	7661316640484781e-20	0.05334935917163952	5.134138463685016	0.002832751055370592
22.9	4.7671321747275135	4.7671321747275135	4.7671321747275135	0.09109212816954977	5.498496337536158	0.017021761996441908	9.602887099914833	499.641257310583	0.629375066634887	0	0	0	0.0005060673766871704	0.05650148403479332	7661323095303349e-20	0.05334935922568124	5.134138627812608	0.0028327504569961148
23	4.7671321747275135	4.7671321747275135	4.7671321747275135	0.09109212816957905	5.498496337521673	0.01702176199651627	9.602887099914051	499.6412573109269	0.6293750666342025	0	0	0	0.0005060673715255074	0.05650146576517703	7661339536707978e-20	0.05334935936334708	5.134139045893455	0.0028327489328467165
23.1	4.767132174727513	4.767132174727513	4.767132174727513	0.09109212816962069	5.498496337501086	0.017021761996621886	9.602887099912941	499.64125731141564	0.6293750666332303	0	0	0	0.0005060673641922973	0.05650143981060552	7661362892996213e-20	0.05334935955892937	5.134139639836367	0.0028327467676755726
23.2	4.7671321747275135	4.7671321747275135	4.7671321747275135	0.09109212816966915	5.498496337477096	0.017021761996744877	9.602887099911648	499.64125731198504	0.6293750666320983	0	0	0	0.0005060673556514318	0.0565014095835628	7661390092465588e-20	0.053349359786720355	5.134140331550163	0.0028327442462358593
23.3	4.7671321747275135	4.7671321747275135	4.7671321747275135	0.09109212816971901	5.498496337452409	0.017021761996871342	9.602887099910319	499.6412573125711	0.6293750666309345	0	0	0	0.0005060673468668026	0.05650137849653286	7661418063413646e-20	0.053349360021012336	5.134141042943656	0.002832741653280751
23.4	4.7671321747275135	4.7671321747275135	4.7671321747275135	0.09109212816976478	5.498496337429723	0.017021761996987378	9.602887099909099	499.6412573131096	0.6293750666298663	0	0	0	0.0005060673388023011	0.05650134996199971	7661443734137927e-20	0.053349360236097564	5.13414169592566	0.0028327392735634227
23.5	4.7671321747275135	4.7671321747275135	4.7671321747275135	0.09109212816980099	5.498496337411737	0.017021761997079096	9.602887099908134	499.6412573135364	0.6293750666290222	0	0	0	0.000506067332421819	0.056501327392447336	7661464032935971e-20	0.05334936040626833	5.134142212404989	0.002832737391837049
23.6	4.7671321747275135	4.7671321747275135	4.7671321747275135	0.09109212816982216	5.498496337401152	0.0170217619971326	9.60288709990757	499.6412573137875	0.6293750666285299	0	0	0	0.0005060673286892479	0.05650131420035975	7661475888105314e-20	0.053349360505816915	5.134142514290461	0.0028327362928548053
23.7	4.7671321747275135	4.7671321747275135	4.7671321747275135	0.09109212816982284	5.4984963374006695	0.01702176199713398	9.602887099907552	499.64125731379875	0.6293750666285173	0	0	0	0.0005060673285684793	0.056501313798220924	7661476227943499e-20	0.05334936050903559	5.134142523490888	0.002832736261369868
23.8	4.7671321747275135	4.7671321747275135	4.7671321747275135	0.09109212816979757	5.498496337412989	0.017021761997069354	9.602887099908227	499.64125731350606	0.6293750666291124	0	0	0	0.0005060673330234047	0.05650132959851488	7661461980748066e-20	0.053349360390216635	5.1341421619150855	0.00283273758213541
23.9	4.7671321747275135	4.7671321747275135	4.7671321747275135	0.09109212816974085	5.4984963374408125	0.017021761996924817	9.60288709990974	499.64125731284526	0.629375066630443	0	0	0	0.000506067343017916	0.05650136501372562	7661430074816552e-20	0.05334936012365233	5.134141351471869	0.0028327405399046083
24	4.7671321747275135	4.7671321747275135	4.7671321747275135	0.09109212816964724	5.4984963374868405	0.01702176199668648	9.602887099912236	499.64125731175227	0.6293750666326371	0	0	0	0.0005060673595159043	0.05650142345633714	76613774384465e-18	0.053349359683634946	5.13414001407005	0.002832745419430637
