0	4.7671321747275135	4.7671321747275135	4.7671321747275135	0.09109212816953825	5.498496337541862	0.01702176199641263	9.60288709991514	499.6412573104476	0.6293750666351564	0	0	0	0	0	0	0	0	0
0.1	4.7671321747275135	4.7671321747275135	4.7671321747275135	0.09109212816953825	5.498496337541862	0.01702176199641263	9.60288709991514	499.6412573104476	0.6293750666351564	0	0	0	0	-0.025029489072217585	0	0	-0.26081398706576286	0
0.2	4.7671321747275135	4.7671321747275135	4.7671321747275135	0.09109212816953825	5.498496337541862	0.01702176199641263	9.60288709991514	499.6412573104476	0.6293750666351564	0	0	0	0	-0.03383078163111687	10547433790345462e-22	0	-0.7356101431078518	4643356010644708e-21
0.3	4.7671321747275135	4.7671321747275135	4.7671321747275135	0.09109212816953825	5.498496337541862	0.01702176199641263	9.60288709991514	499.6412573104476	0.6293750666351564	0	0	0	0	-0.03692580226742232	2236554551423078e-21	0	-1.2127637265259916	1538328150264506e-20
0.4	4.7671321747275135	4.7671321747275135	4.7671321747275135	0.09109212816953825	5.498496337541862	0.01702176199641263	9.60288709991514	499.6412573104476	0.6293750666351564	0	0	0	0	-0.038013965837884724	34674040720460053e-22	0	-1.631736340793554	3270180446372898e-20
0.5	4.7671321747275135	4.7671321747275135	4.7671321747275135	0.09109212816953825	5.498496337541862	0.01702176199641263	9.60288709991514	499.6412573104476	0.6293750666351564	0	0	0	0	-0.038396443359204	4594252681912574e-21	0	-1.9824602536632199	55058747412568434e-21
0.6	4.7671321747275135	4.7671321747275135	4.7671321747275135	0.09109212816953825	5.498496337541862	0.01702176199641263	9.60288709991514	499.6412573104476	0.6293750666351565	0	0	0	0	-0.038531072815038675	5564342466426186e-21	0	-2.270485496662885	8052999104001703e-20
0.7	4.7671321747275135	4.7671321747275135	4.7671321747275135	0.09109212816953827	5.498496337541862	0.01702176199641263	9.60288709991514	499.64125731044766	0.6293750666351564	0	0	0	0	-0.038578383319772425	637434542018526e-20	0	-2.505131832277113	0.00010739042828982066
0.8	4.7671321747275135	4.7671321747275135	4.7671321747275135	0.09109212816953825	5.498496337541862	0.01702176199641263	9.60288709991514	499.6412573104476	0.6293750666351564	0	0	0	0	-0.0385949959725125	70403238811320735e-22	0	-2.6956345820239798	0.00013430224736194732
0.9	4.7671321747275135	4.7671321747275135	4.7671321747275135	0.09109212816953824	5.498496337541862	0.01702176199641263	9.60288709991514	499.6412573104476	0.6293750666351564	0	0	0	0	-0.0386008191672598	7583649336382769e-21	0	-2.8500650236213834	0.00016032035990464527
1	4.7671321747275135	4.7671321747275135	4.7671321747275135	0.09109212816953824	5.498496337541862	0.017021761996412626	9.60288709991514	499.6412573104476	0.6293750666351564	0	0	0	0	-0.03860286463628001	8025208896761302e-21	0	-2.975175637481664	0.00018482831823185862
1.1	4.7671321747275135	4.7671321747275135	4.7671321747275135	0.09109212816953824	5.498496337541862	0.01702176199641263	9.60288709991514	499.6412573104476	0.6293750666351564	0	0	0	0	-0.038603603007983316	8383451257521682e-21	0	-3.076524873799765	0.0002074632685710251
1.2	4.7671321747275135	4.7671321747275135	4.7671321747275135	0.09109212816953825	5.498496337541862	0.01702176199641263	9.60288709991514	499.64125731044754	0.6293750666351564	0	0	0	0	-0.03860384760961089	8673663965654121e-21	0	-3.1585638263664544	0.00022806145390047696
1.3	4.7671321747275135	4.7671321747275135	4.7671321747275135	0.09109212816953825	5.498496337541862	0.01702176199641263	9.60288709991514	499.6412573104476	0.6293750666351565	0	0	0	0	-0.038603947912699665	8908902351459285e-21	0	-3.2250410729584362	0.0002465700604095517
1.4	4.7671321747275135	4.7671321747275135	4.7671321747275135	0.09109212816953825	5.498496337541863	0.017021761996412626	9.60288709991514	499.6412573104476	0.6293750666351565	0	0	0	0	-0.03860397855576728	9099249097398979e-21	0	-3.2788217625908396	0.00026304823153768176
1.5	4.7671321747275135	4.7671321747275135	4.7671321747275135	0.09109212816953827	5.498496337541862	0.017021761996412626	9.60288709991514	499.6412573104476	0.6293750666351565	0	0	0	0	-0.038603997778373866	9253556994407726e-21	0	-3.3224177317228825	0.0002775914412873776
1.6	4.7671321747275135	4.7671321747275135	4.7671321747275135	0.09109212816953828	5.498496337541862	0.01702176199641263	9.60288709991514	499.64125731044766	0.6293750666351565	0	0	0	0	-0.038604002245539504	937837731182933e-20	0	-3.357680754918221	0.0002903439193323247
1.7	4.7671321747275135	4.7671321747275135	4.7671321747275135	0.09109212816953827	5.498496337541862	0.01702176199641263	9.60288709991514	499.64125731044766	0.6293750666351565	0	0	0	0	-0.038604006997520666	9479535846029298e-21	0	-3.3862588165165985	0.00030145901137890554
1.8	4.7671321747275135	4.7671321747275135	4.7671321747275135	0.09109212816953827	5.498496337541862	0.01702176199641263	9.60288709991514	499.6412573104476	0.6293750666351565	0	0	0	0	-0.038604007894674934	9561437292875263e-21	0	-3.4093962834602536	0.0003110982894800181
1.9	4.7671321747275135	4.7671321747275135	4.7671321747275135	0.09109212816953825	5.498496337541863	0.017021761996412626	9.60288709991514	499.64125731044766	0.6293750666351565	0	0	0	0	-0.0386040088452807	962768659991683e-20	0	-3.428111835338042	0.0003194203499845764
2	4.7671321747275135	4.7671321747275135	4.7671321747275135	0.09109212816953825	5.498496337541862	0.01702176199641263	9.60288709991514	499.6412573104477	0.6293750666351565	0	0	0	0	-0.03860400947571444	9681444437679798e-21	0	-3.443298539080092	0.0003265802265305124
2.1	4.7671321747275135	4.7671321747275135	4.7671321747275135	0.09109212816953825	5.4984963375418605	0.01702176199641263	9.60288709991514	499.64125731044766	0.6293750666351565	0	0	0	0	-0.03860400925094471	9724892119068359e-21	0	-3.455572572712865	0.00033271503231768133
2.2	4.7671321747275135	4.7671321747275135	4.7671321747275135	0.09109212816953824	5.498496337541861	0.01702176199641263	9.60288709991514	499.64125731044766	0.6293750666351565	0	0	0	0	-0.03860400979638291	9760071939198345e-21	0	-3.465510866253156	0.00033795720848493407
2.3	4.7671321747275135	4.7671321747275135	4.7671321747275135	0.09109212816953818	5.498496337541857	0.01702176199641263	9.60288709991514	499.64125731044766	0.6293750666351565	0	0	0	0	-0.038604009687286285	978862860081127e-20	0	-3.4735782050169117	0.0003424275654999058
2.4	4.7671321747275135	4.7671321747275135	4.7671321747275135	0.09109212816953813	5.498496337541854	0.01702176199641263	9.602887099915145	499.6412573104477	0.6293750666351565	0	0	0	0	-0.03860400924925982	981168988761754e-20	0	-3.4800931052792694	0.00034622450474310285
2.5	4.7671321747275135	4.7671321747275135	4.7671321747275135	0.09109212816953818	5.498496337541858	0.01702176199641263	9.602887099915144	499.64125731044766	0.6293750666351565	0	0	0	0	-0.03860400968904233	9830350160655255e-21	0	-3.4853645710393373	0.0003494439455083399
2.6	4.7671321747275135	4.7671321747275135	4.7671321747275135	0.09109212816953804	5.498496337541838	0.017021761996412636	9.602887099915147	499.6412573104481	0.6293750666351565	0	0	0	0	-0.03860400926548497	9845522428422356e-21	0	-3.4896509223412937	0.00035217315254858065
2.7	4.7671321747275135	4.7671321747275135	4.7671321747275135	0.0910921281695378	5.498496337541806	0.017021761996412647	9.602887099915153	499.6412573104488	0.6293750666351564	0	0	0	0	-0.03860400802197275	9857781748651983e-21	0	-3.4931145313402827	0.00035447701048778486
2.8	4.7671321747275135	4.7671321747275135	4.7671321747275135	0.09109212816953774	5.498496337541802	0.017021761996412647	9.602887099915154	499.6412573104489	0.6293750666351565	0	0	0	0	-0.03860400780585674	986767052069802e-20	0	-3.4959081622552497	0.000356416839598343
2.9	4.7671321747275135	4.7671321747275135	4.7671321747275135	0.09109212816953781	5.49849633754179	0.017021761996412664	9.602887099915154	499.64125731044913	0.6293750666351562	0	0	0	0	-0.03860400815174887	9875710527561412e-21	0	-3.49817952295399	0.00035805289106674896
3	4.7671321747275135	4.7671321747275135	4.7671321747275135	0.09109212816953682	5.498496337541577	0.017021761996412817	9.602887099915181	499.6412573104536	0.629375066635155	0	0	0	0	-0.03860400301155703	9882234408076946e-21	0	-3.5000245718411893	0.00035943069844465963
3.1	4.7671321747275135	4.7671321747275135	4.7671321747275135	0.09109212816953571	5.498496337541353	0.01702176199641297	9.60288709991521	499.64125731045834	0.6293750666351537	0	0	0	0	-0.038603997295335646	9887491952661378e-21	0	-3.501512005218453	0.0003605851401859914
3.2	4.767132174727513	4.767132174727513	4.767132174727513	0.09109212816953567	5.498496337541352	0.01702176199641297	9.602887099915211	499.6412573104583	0.6293750666351537	0	0	0	0	-0.038603997105710955	9891734568546173e-21	0	-3.5027105692698908	0.00036155086108325
3.3	4.7671321747275135	4.7671321747275135	4.7671321747275135	0.09109212816953513	5.498496337541077	0.017021761996413257	9.602887099915225	499.6412573104644	0.6293750666351512	0	0	0	0	-0.03860399425367919	9895182653584165e-21	0	-3.503686975521454	0.00036236201103295523
3.4	4.7671321747275135	4.7671321747275135	4.7671321747275135	0.09109212816952467	5.498496337538055	0.01702176199641586	9.602887099915504	499.64125731053	0.6293750666351292	0	0	0	0	-0.03860393988908499	9897903094150626e-21	0	-3.504483010765537	0.00036304353093982245
3.5	4.7671321747275135	4.7671321747275135	4.7671321747275135	0.09109212816951147	5.498496337534322	0.017021761996419037	9.602887099915858	499.64125731061097	0.6293750666351022	0	0	0	0	-0.03860387121368934	990005640818801e-20	0	-3.505125430339761	0.000363612219579621
3.6	4.7671321747275135	4.7671321747275135	4.7671321747275135	0.09109212816950485	5.498496337532504	0.017021761996420554	9.602887099916034	499.6412573106503	0.6293750666350895	0	0	0	0	-0.03860383682067835	9901822181339006e-21	0	-3.5056409556071664	0.00036408459521515655
3.7	4.7671321747275135	4.7671321747275135	4.7671321747275135	0.09109212816951419	5.4984963375352285	0.01702176199641818	9.602887099915785	499.64125731059113	0.6293750666351097	0	0	0	0	-0.03860388530323811	9903379999246311e-21	0	-3.5060563079307934	0.00036447717610923477
3.8	4.7671321747275135	4.7671321747275135	4.7671321747275135	0.0910921281695251	5.498496337537895	0.017021761996416248	9.602887099915494	499.641257310534	0.6293750666351257	0	0	0	0	-0.038603942159436536	9904670282980485e-21	0	-3.506395711346055	0.00036480593883174233
3.9	4.7671321747275135	4.7671321747275135	4.7671321747275135	0.09109212816952073	5.498496337535792	0.017021761996418697	9.602887099915609	499.64125731058056	0.6293750666351043	0	0	0	0	-0.03860391928932315	9905585230817108e-21	0	-3.5066718932589516	0.00036508078278114784
4	4.7671321747275135	4.7671321747275135	4.7671321747275135	0.09109212816952335	5.498496337536649	0.017021761996417844	9.602887099915536	499.64125731056185	0.6293750666351116	0	0	0	0	-0.03860393293206428	9906399735020752e-21	0	-3.506894356125737	0.00036530855398786855
4.1	4.7671321747275135	4.7671321747275135	4.7671321747275135	0.09109212816952965	5.49849633753859	0.017021761996416186	9.602887099915373	499.6412573105195	0.6293750666351257	0	0	0	0	-0.03860396579192649	9907099442196585e-21	0	-3.5070745442078093	0.0003654979881555639
4.2	4.7671321747275135	4.7671321747275135	4.7671321747275135	0.09109212816952662	5.498496337536965	0.017021761996418375	9.602887099915455	499.6412573105558	0.6293750666351065	0	0	0	0	-0.03860395017363035	9907571052998085e-21	0	-3.507221242023105	0.00036565615533584294
4.3	4.7671321747275135	4.7671321747275135	4.7671321747275135	0.09109212816952902	5.498496337537962	0.017021761996417202	9.602887099915389	499.6412573105337	0.6293750666351166	0	0	0	0	-0.038603962669627255	9908019050824702e-21	0	-3.50733925006619	0.0003657867559318803
4.4	4.767132174727514	4.767132174727514	4.767132174727514	0.0910921281695326	5.498496337539268	0.017021761996415922	9.602887099915293	499.6412573105051	0.6293750666351277	0	0	0	0	-0.03860398116055352	9908398036719394e-21	0	-3.507434907420552	0.0003658952332267323
4.5	4.7671321747275135	4.7671321747275135	4.7671321747275135	0.09109212816953059	5.498496337538042	0.017021761996417795	9.602887099915346	499.64125731053247	0.629375066635111	0	0	0	0	-0.038603970673767744	9908638470658153e-21	0	-3.5075128357522556	0.0003659857308162569
4.6	4.7671321747275135	4.7671321747275135	4.7671321747275135	0.09109212816953258	5.498496337539035	0.017021761996416442	9.602887099915291	499.6412573105104	0.6293750666351229	0	0	0	0	-0.03860398105926779	9908889370725337e-21	0	-3.5075754140702964	0.0003660601635379187
4.7	4.7671321747275135	4.7671321747275135	4.7671321747275135	0.09109212816953453	5.498496337539861	0.017021761996415533	9.602887099915241	499.64125731049216	0.6293750666351309	0	0	0	0	-0.038603991195502334	990909405939542e-20	0	-3.507626200249348	0.000366121956890272
4.8	4.7671321747275135	4.7671321747275135	4.7671321747275135	0.09109212816953319	5.498496337538968	0.01702176199641706	9.602887099915275	499.6412573105121	0.6293750666351171	0	0	0	0	-0.038603984262866486	9909214873571042e-21	0	-3.5076676016035337	0.0003661734810325521
4.9	4.7671321747275135	4.7671321747275135	4.7671321747275135	0.09109212816953476	5.4984963375398594	0.017021761996415682	9.602887099915234	499.64125731049216	0.6293750666351293	0	0	0	0	-0.0386039923494207	9909358334281717e-21	0	-3.5077007735263885	0.0003662156745649151
5	4.767132174727514	4.767132174727514	4.767132174727514	0.09109212816953578	5.498496337540346	0.017021761996415107	9.602887099915206	499.64125731048136	0.6293750666351344	0	0	0	0	-0.038603997772265045	9909468410820532e-21	0	-3.5077277391491886	0.00036625071616015195
5.1	4.7671321747275135	4.7671321747275135	4.7671321747275135	0.0910921281695349	5.498496337539699	0.01702176199641631	9.60288709991523	499.6412573104959	0.6293750666351237	0	0	0	0	-0.0386039932571594	9909527965553896e-21	0	-3.5077497371619746	0.0003662799260147544
5.2	4.767132174727514	4.767132174727514	4.767132174727514	0.09109212816953607	5.498496337540456	0.01702176199641501	9.6028870999152	499.641257310479	0.6293750666351353	0	0	0	0	-0.03860399929172828	9909611917188505e-21	0	-3.5077673128429447	0.0003663037273491927
5.3	4.7671321747275135	4.7671321747275135	4.7671321747275135	0.0910921281695366	5.498496337540729	0.01702176199641469	9.602887099915185	499.6412573104729	0.6293750666351381	0	0	0	0	-0.038604002097104184	9909670674386346e-21	0	-3.5077816325049844	0.0003663235217564509
5.4	4.7671321747275135	4.7671321747275135	4.7671321747275135	0.09109212816953602	5.498496337540274	0.01702176199641563	9.6028870999152	499.6412573104832	0.6293750666351297	0	0	0	0	-0.03860399920029488	9909699289049793e-21	0	-3.507793322151124	0.0003663400196548189
5.5	4.767132174727513	4.767132174727513	4.767132174727513	0.09109212816953648	5.498496337540578	0.01702176199641512	9.602887099915188	499.6412573104763	0.6293750666351341	0	0	0	0	-0.03860400160733356	9909741104402902e-21	0	-3.507802675508505	0.0003663534648985232
5.6	4.7671321747275135	4.7671321747275135	4.7671321747275135	0.09109212816952855	5.498496337534176	0.01702176199642885	9.602887099915398	499.6412573106205	0.6293750666350105	0	0	0	0	-0.03860396140593696	9909591729240081e-21	0	-3.507811262869579	0.0003663662959458665
5.7	4.7671321747275135	4.7671321747275135	4.7671321747275135	0.09109212816951484	5.498496337523239	0.01702176199645207	9.602887099915764	499.6412573108668	0.6293750666348016	0	0	0	0	-0.03860389192716292	9909311894530527e-21	0	-3.5078190550696307	0.00036637830459737455
5.8	4.7671321747275135	4.7671321747275135	4.7671321747275135	0.0910921281695045	5.4984963375150375	0.01702176199646939	9.602887099916039	499.64125731105156	0.6293750666346458	0	0	0	0	-0.03860383951370052	990910313491069e-20	0	-3.507825236110117	0.0003663879570366079
5.9	4.7671321747275135	4.7671321747275135	4.7671321747275135	0.09109212816950665	5.498496337516843	0.01702176199646541	9.60288709991598	499.64125731101075	0.6293750666346818	0	0	0	0	-0.038603850508238786	9909166985017024e-21	0	-3.507828989992497	0.0003663937194471274
6	4.7671321747275135	4.7671321747275135	4.7671321747275135	0.09109212816952364	5.4984963375303195	0.017021761996436933	9.60288709991553	499.64125731070726	0.6293750666349378	0	0	0	0	-0.038603936503784055	9909550523816166e-21	0	-3.507830287060244	0.0003663954625394677
6.1	4.7671321747275135	4.7671321747275135	4.7671321747275135	0.09109212816952572	5.498496337531365	0.017021761996436045	9.602887099915474	499.64125731068407	0.6293750666349452	0	0	0	0	-0.03860394722172948	9909590184501393e-21	0	-3.5078327014307313	0.0003663994476751721
6.2	4.7671321747275135	4.7671321747275135	4.7671321747275135	0.09109212816952537	5.498496337530829	0.017021761996437706	9.602887099915483	499.64125731069623	0.6293750666349301	0	0	0	0	-0.03860394547855782	9909583602554967e-21	0	-3.5078348912111865	0.00036640308207504376
6.3	4.7671321747275135	4.7671321747275135	4.7671321747275135	0.09109212816953223	5.498496337536661	0.017021761996424564	9.6028870999153	499.64125731056464	0.6293750666350486	0	0	0	0	-0.03860398018314958	9909749887711068e-21	0	-3.507835837376005	0.00036640449943303044
6.4	4.7671321747275135	4.7671321747275135	4.7671321747275135	0.09109212816953208	5.498496337536256	0.017021761996426174	9.602887099915305	499.64125731057396	0.6293750666350341	0	0	0	0	-0.03860397961446029	9909744430920146e-21	0	-3.507837262535128	0.00036640697477938834
6.5	4.7671321747275135	4.7671321747275135	4.7671321747275135	0.091092128169533	5.49849633753704	0.017021761996424373	9.60288709991528	499.6412573105562	0.6293750666350503	0	0	0	0	-0.03860398422412691	9909769966784746e-21	0	-3.507838297868565	0.00036640873155949476
6.6	4.7671321747275135	4.7671321747275135	4.7671321747275135	0.09109212816953559	5.4984963375393745	0.01702176199641883	9.60288709991521	499.6412573105036	0.6293750666351003	0	0	0	0	-0.03860399729069684	9909837028010394e-21	0	-3.507838923960991	0.00036640975600863405
6.7	4.7671321747275135	4.7671321747275135	4.7671321747275135	0.09109212816953523	5.498496337538926	0.01702176199642025	9.60288709991522	499.64125731051377	0.6293750666350874	0	0	0	0	-0.038603995600242004	990982778654846e-20	0	-3.5078397121386535	0.00036641119008816437
6.8	4.767132174727514	4.767132174727514	4.767132174727514	0.09109212816953628	5.498496337539939	0.017021761996417632	9.602887099915192	499.6412573104909	0.6293750666351111	0	0	0	0	-0.038604000783391317	9909857394370272e-21	0	-3.507840199171937	0.0003664120253007137
6.9	4.7671321747275135	4.7671321747275135	4.7671321747275135	0.09109212816953699	5.498496337540606	0.017021761996416	9.602887099915172	499.6412573104758	0.6293750666351259	0	0	0	0	-0.03860400442976497	9909877414920651e-21	0	-3.507840607339834	0.00036641275339074024
7	4.7671321747275135	4.7671321747275135	4.7671321747275135	0.09109212816953678	5.498496337540371	0.017021761996416744	9.60288709991518	499.6412573104812	0.6293750666351191	0	0	0	0	-0.03860400352294986	990987263859652e-20	0	-3.5078410258038955	0.00036641354620289916
7.1	4.7671321747275135	4.7671321747275135	4.7671321747275135	0.09109212816953748	5.498496337541073	0.017021761996414808	9.602887099915161	499.64125731046533	0.6293750666351368	0	0	0	0	-0.03860400683417398	9909892586978682e-21	0	-3.507841271742481	0.00036641397750492943
7.2	4.7671321747275135	4.7671321747275135	4.7671321747275135	0.09109212816953761	5.4984963375412095	0.017021761996414503	9.602887099915156	499.64125731046227	0.6293750666351394	0	0	0	0	-0.03860400761945438	9909897263498013e-21	0	-3.5078415148739492	0.00036641444047707714
7.3	4.7671321747275135	4.7671321747275135	4.7671321747275135	0.09109212816953757	5.498496337541145	0.01702176199641472	9.60288709991516	499.64125731046374	0.6293750666351375	0	0	0	0	-0.038604007396091045	9909896323613846e-21	0	-3.5078417310252195	0.00036641486402218064
7.4	4.7671321747275135	4.7671321747275135	4.7671321747275135	0.09109212816953793	5.49849633754152	0.01702176199641362	9.60288709991515	499.6412573104552	0.6293750666351474	0	0	0	0	-0.038604009070008424	9909906993507012e-21	0	-3.507841863669345	0.00036641510659467187
7.5	4.7671321747275135	4.7671321747275135	4.7671321747275135	0.09109212816953795	5.498496337541522	0.01702176199641366	9.60288709991515	499.64125731045516	0.6293750666351471	0	0	0	0	-0.03860400912818436	9909907468175295e-21	0	-3.5078420009533398	0.00036641538232250057
7.6	4.7671321747275135	4.7671321747275135	4.7671321747275135	0.09109212816953796	5.498496337541545	0.017021761996413597	9.602887099915149	499.64125731045465	0.6293750666351476	0	0	0	0	-0.038604009235914	9909908456521151e-21	0	-3.50784211049265	0.0003664156027057575
7.7	4.7671321747275135	4.7671321747275135	4.7671321747275135	0.09109212816953524	5.498496337538077	0.017021761996424963	9.602887099915222	499.6412573105334	0.629375066635044	0	0	0	0	-0.03860399581825194	9909816755089477e-21	0	-3.5078425101949158	0.0003664166396568819
7.8	4.7671321747275135	4.7671321747275135	4.7671321747275135	0.09109212816952683	5.4984963375274	0.017021761996459824	9.602887099915446	499.64125731077576	0.6293750666347259	0	0	0	0	-0.03860395434410333	9909533642030468e-21	0	-3.5078435379122483	0.00036641941257991423
7.9	4.7671321747275135	4.7671321747275135	4.7671321747275135	0.09109212816951653	5.498496337514323	0.017021761996502485	9.602887099915721	499.64125731107254	0.6293750666343367	0	0	0	0	-0.0386039034917678	9909186751958271e-21	0	-3.5078447666989696	0.0003664227462848164
8	4.7671321747275135	4.7671321747275135	4.7671321747275135	0.09109212816950818	5.498496337503775	0.01702176199653684	9.602887099915941	499.64125731131196	0.6293750666340233	0	0	0	0	-0.03860386241054526	9908906925242543e-21	0	-3.5078457587720293	0.00036642543593348254
8.1	4.7671321747275135	4.7671321747275135	4.7671321747275135	0.0910921281695057	5.498496337500686	0.017021761996546796	9.602887099916009	499.64125731138205	0.6293750666339324	0	0	0	0	-0.0386038502497356	9908825002252934e-21	0	-3.507846076348378	0.00036642627668780656
8.2	4.7671321747275135	4.7671321747275135	4.7671321747275135	0.09109212816951301	5.498496337509985	0.01702176199651626	9.602887099915813	499.64125731117093	0.6293750666342111	0	0	0	0	-0.03860388615863871	9909071823359107e-21	0	-3.507845281644967	0.0003664240637096825
8.3	4.7671321747275135	4.7671321747275135	4.7671321747275135	0.09109212816952753	5.498496337528369	0.01702176199645641	9.602887099915424	499.6412573107537	0.629375066634757	0	0	0	0	-0.03860395777283132	990955992729771e-20	0	-3.507843661011341	0.0003664196097179377
8.4	4.7671321747275135	4.7671321747275135	4.7671321747275135	0.09109212816953038	5.498496337531595	0.017021761996447074	9.602887099915348	499.64125731068066	0.6293750666348419	0	0	0	0	-0.03860397170142881	990964619816812e-20	0	-3.507843361754299	0.000366418860631242
8.5	4.7671321747275135	4.7671321747275135	4.7671321747275135	0.09109212816953248	5.4984963375342195	0.01702176199643853	9.602887099915293	499.6412573106211	0.6293750666349199	0	0	0	0	-0.03860398196091519	9909715988277528e-21	0	-3.507843142836872	0.0003664182543376601
8.6	4.7671321747275135	4.7671321747275135	4.7671321747275135	0.09109212816953555	5.498496337538241	0.017021761996425064	9.602887099915211	499.6412573105298	0.6293750666350428	0	0	0	0	-0.03860399717799073	9909822608241047e-21	0	-3.5078428067503804	0.000366417300345001
8.7	4.7671321747275135	4.7671321747275135	4.7671321747275135	0.09109212816953578	5.498496337538462	0.017021761996424647	9.602887099915206	499.6412573105248	0.6293750666350465	0	0	0	0	-0.03860399835850134	9909828658397364e-21	0	-3.5078427907263934	0.0003664172706847617
8.8	4.7671321747275135	4.7671321747275135	4.7671321747275135	0.09109212816953703	5.498496337540178	0.01702176199641858	9.602887099915172	499.64125731048586	0.629375066635102	0	0	0	0	-0.038604004524910036	9909874030349625e-21	0	-3.5078426579669957	0.00036641687227863365
8.9	4.7671321747275135	4.7671321747275135	4.7671321747275135	0.09109212816953746	5.498496337540714	0.017021761996416796	9.602887099915163	499.64125731047363	0.6293750666351182	0	0	0	0	-0.03860400656918396	9909888320335391e-21	0	-3.5078426182670093	0.000366416757649917
9	4.7671321747275135	4.7671321747275135	4.7671321747275135	0.0910921281695376	5.498496337540893	0.017021761996416196	9.602887099915158	499.64125731046954	0.6293750666351238	0	0	0	0	-0.0386040072470508	9909893099922482e-21	0	-3.50784260858149	0.00036641672776149836
9.1	4.7671321747275135	4.7671321747275135	4.7671321747275135	0.09109212816953796	5.498496337541435	0.017021761996414208	9.602887099915147	499.6412573104572	0.629375066635142	0	0	0	0	-0.03860400911738414	9909907388482912e-21	0	-3.507842570368603	0.0003664166072561605
9.2	4.7671321747275135	4.7671321747275135	4.7671321747275135	0.09109212816953802	5.498496337541479	0.0170217619964141	9.602887099915145	499.64125731045624	0.629375066635143	0	0	0	0	-0.03860400929840535	9909908523712506e-21	0	-3.507842570078041	0.0003664166063761703
9.3	4.7671321747275135	4.7671321747275135	4.7671321747275135	0.09109212816953813	5.49849633754165	0.017021761996413438	9.602887099915144	499.6412573104523	0.629375066635149	0	0	0	0	-0.03860400986689396	9909913029232236e-21	0	-3.507842560142363	0.00036641657252074874
9.4	4.7671321747275135	4.7671321747275135	4.7671321747275135	0.09109212816953817	5.498496337541737	0.01702176199641313	9.602887099915144	499.6412573104503	0.6293750666351519	0	0	0	0	-0.03860401015368205	9909915246411823e-21	0	-3.507842556090403	0.0003664165584399834
9.5	4.7671321747275135	4.7671321747275135	4.7671321747275135	0.09109212816953818	5.4984963375417495	0.017021761996413098	9.602887099915144	499.64125731045004	0.6293750666351521	0	0	0	0	-0.038604010198472816	9909915564264463e-21	0	-3.507842557114606	0.00036641656076563423
9.6	4.767132174727514	4.767132174727514	4.767132174727514	0.09109212816953823	5.498496337541815	0.017021761996412837	9.602887099915144	499.6412573104486	0.6293750666351545	0	0	0	0	-0.03860401040763099	990991729241008e-20	0	-3.5078425539717197	0.00036641654907348405
9.7	4.7671321747275135	4.7671321747275135	4.7671321747275135	0.09109212816953827	5.498496337541822	0.017021761996412817	9.602887099915142	499.6412573104485	0.6293750666351546	0	0	0	0	-0.03860401043680703	9909917509445967e-21	0	-3.5078425546491023	0.00036641655059556924
9.8	4.7671321747275135	4.7671321747275135	4.7671321747275135	0.09109212816953839	5.498496337541723	0.01702176199641344	9.602887099915137	499.6412573104509	0.6293750666351489	0	0	0	0	-0.0386040100731709	9909914215085318e-21	0	-3.5078425640996382	0.0003664165840230252
9.9	4.7671321747275135	4.7671321747275135	4.7671321747275135	0.09109212816954376	5.498496337537425	0.017021761996439625	9.602887099914994	499.64125731055174	0.6293750666349073	0	0	0	0	-0.03860399452408745	9909774357020947e-21	0	-3.5078429224545067	0.0003664178828882796
10	4.7671321747275135	4.7671321747275135	4.7671321747275135	0.09109212816955493	5.498496337528439	0.017021761996494297	9.602887099914694	499.6412573107625	0.6293750666344027	0	0	0	0	-0.03860396204115024	9909482256965755e-21	0	-3.507843669938548	0.000366420592598819
10.1	4.7671321747275135	4.7671321747275135	4.7671321747275135	0.09109212816956924	5.498496337516933	0.017021761996564265	9.602887099914314	499.64125731103246	0.629375066633757	0	0	0	0	-0.03860392045979487	9909108413190881e-21	0	-3.507844626442475	0.0003664240596894556
10.2	4.767132174727514	4.767132174727514	4.767132174727514	0.09109212816958398	5.498496337505068	0.017021761996636325	9.60288709991392	499.64125731131077	0.629375066633092	0	0	0	0	-0.03860387761545694	9908723323967463e-21	0	-3.5078456118569994	0.0003664276306950017
10.3	4.7671321747275135	4.7671321747275135	4.7671321747275135	0.09109212816959646	5.498496337495011	0.017021761996697277	9.602887099913586	499.6412573115466	0.6293750666325294	0	0	0	0	-0.03860384134357207	9908397487566635e-21	0	-3.5078464460728322	0.0003664306521502694
10.4	4.7671321747275135	4.7671321747275135	4.7671321747275135	0.09109212816960399	5.498496337488926	0.017021761996733928	9.602887099913385	499.6412573116893	0.6293750666321911	0	0	0	0	-0.0386038194795759	9908201402259547e-21	0	-3.5078469489806863	0.00036643247059007096
10.5	4.7671321747275135	4.7671321747275135	4.7671321747275135	0.09109212816960385	5.498496337488979	0.017021761996733085	9.602887099913389	499.64125731168804	0.629375066632199	0	0	0	0	-0.03860381985890402	990820556631733e-20	0	-3.5078469404712727	0.0003664324325492184
10.6	4.7671321747275135	4.7671321747275135	4.7671321747275135	0.09109212816959339	5.498496337497334	0.01702176199668154	9.60288709991367	499.641257311492	0.6293750666326747	0	0	0	0	-0.038603850316992046	9908480478011125e-21	0	-3.507846240435304	0.00036642988456252407
10.7	4.7671321747275135	4.7671321747275135	4.7671321747275135	0.09109212816956988	5.498496337516155	0.0170217619965661	9.602887099914296	499.6412573110504	0.6293750666337402	0	0	0	0	-0.03860391868927561	9909096635612072e-21	0	-3.5078446687634908	0.0003664241731648001
10.8	4.7671321747275135	4.7671321747275135	4.7671321747275135	0.0910921281695507	5.498496337531744	0.01702176199647303	9.602887099914808	499.64125731068486	0.629375066634599	0	0	0	0	-0.03860397439476203	9909594937586058e-21	0	-3.5078433882838604	0.0003664195545778947
10.9	4.7671321747275135	4.7671321747275135	4.7671321747275135	0.09109212816954604	5.498496337535754	0.01702176199645135	9.602887099914934	499.6412573105909	0.6293750666347988	0	0	0	0	-0.03860398790508991	9909712486552776e-21	0	-3.5078430778190897	0.00036641846559528376
11	4.767132174727513	4.767132174727513	4.767132174727513	0.09109212816954139	5.498496337539385	0.017021761996428242	9.602887099915058	499.64125731050575	0.6293750666350121	0	0	0	0	-0.038604001407950714	9909835424890971e-21	0	-3.507842767501297	0.00036641732612589345
11.1	4.7671321747275135	4.7671321747275135	4.7671321747275135	0.09109212816954006	5.498496337540499	0.017021761996421716	9.602887099915092	499.64125731047955	0.6293750666350724	0	0	0	0	-0.038604005345081405	9909870468364323e-21	0	-3.5078426770746733	0.0003664170015454838
11.2	4.7671321747275135	4.7671321747275135	4.7671321747275135	0.09109212816953909	5.498496337541235	0.01702176199641683	9.602887099915119	499.64125731046227	0.6293750666351176	0	0	0	0	-0.03860400815795513	9909896376383527e-21	0	-3.507842612477911	0.00036641676152391424
11.3	4.7671321747275135	4.7671321747275135	4.7671321747275135	0.09109212816953867	5.49849633754156	0.017021761996414735	9.602887099915128	499.64125731045465	0.629375066635137	0	0	0	0	-0.03860400937764039	9909907527536062e-21	0	-3.5078425844945813	0.0003664166582986531
11.4	4.7671321747275135	4.7671321747275135	4.7671321747275135	0.09109212816953847	5.498496337541701	0.017021761996413788	9.602887099915133	499.6412573104513	0.6293750666351456	0	0	0	0	-0.03860400991904728	9909912538545597e-21	0	-3.507842572093567	0.00036641661196638154
11.5	4.7671321747275135	4.7671321747275135	4.7671321747275135	0.09109212816953835	5.498496337541795	0.01702176199641313	9.602887099915138	499.64125731044913	0.6293750666351519	0	0	0	0	-0.03860401028966374	9909916012652944e-21	0	-3.5078425636105295	0.0003664165798572665
11.6	4.7671321747275135	4.7671321747275135	4.7671321747275135	0.09109212816953834	5.498496337541821	0.017021761996412945	9.602887099915138	499.6412573104485	0.6293750666351534	0	0	0	0	-0.038604010393948465	9909916976015982e-21	0	-3.507842561243319	0.0003664165710127365
11.7	4.767132174727513	4.767132174727513	4.767132174727513	0.09109212816953828	5.498496337541848	0.01702176199641275	9.602887099915138	499.6412573104478	0.6293750666351552	0	0	0	0	-0.038604010499778865	9909917990123685e-21	0	-3.5078425588347426	0.00036641656167895047
11.8	4.7671321747275135	4.7671321747275135	4.7671321747275135	0.0910921281695383	5.498496337541859	0.01702176199641271	9.602887099915138	499.64125731044766	0.6293750666351557	0	0	0	0	-0.038604010525700526	9909918232118867e-21	0	-3.507842558258582	0.0003664165594940463
11.9	4.7671321747275135	4.7671321747275135	4.7671321747275135	0.09109212816953827	5.4984963375418605	0.017021761996412657	9.602887099915138	499.64125731044766	0.6293750666351561	0	0	0	0	-0.03860401055029353	9909918471422044e-21	0	-3.507842557709113	0.00036641655732224705
12	4.7671321747275135	4.7671321747275135	4.7671321747275135	0.09109212816953827	5.4984963375418605	0.01702176199641265	9.602887099915138	499.6412573104476	0.6293750666351563	0	0	0	0	-0.03860401055804229	9909918545449739e-21	0	-3.50784255754399	0.00036641655667484337
12.1	4.7671321747275135	4.7671321747275135	4.7671321747275135	0.0910921281695403	5.498496337541823	0.017021761996415377	9.602887099915083	499.64125731044925	0.6293750666351308	0	0	0	0	-0.03860400946748013	9909907248447852e-21	0	-3.5078425826258033	0.0003664166615559353
12.2	4.7671321747275135	4.7671321747275135	4.7671321747275135	0.09109212816956452	5.498496337541376	0.017021761996447858	9.602887099914438	499.6412573104686	0.6293750666348275	0	0	0	0	-0.038603996474264345	9909772686834637e-21	0	-3.507842881341079	0.0003664179104642481
12.3	4.7671321747275135	4.7671321747275135	4.7671321747275135	0.09109212816961121	5.498496337540509	0.0170217619965105	9.602887099913193	499.641257310506	0.6293750666342423	0	0	0	0	-0.03860397141405382	9909513168690536e-21	0	-3.5078434574682262	0.0003664203191025374
12.4	4.7671321747275135	4.7671321747275135	4.7671321747275135	0.0910921281696743	5.49849633753933	0.017021761996595122	9.60288709991151	499.64125731055674	0.6293750666334517	0	0	0	0	-0.03860393756158763	9909162619113031e-21	0	-3.507844235722963	0.00036642357260774057
12.5	4.7671321747275135	4.7671321747275135	4.7671321747275135	0.09109212816974767	5.498496337537948	0.017021761996693537	9.602887099909553	499.6412573106159	0.6293750666325324	0	0	0	0	-0.03860389819160482	9908754963199613e-21	0	-3.5078451408210087	0.000366427356116795
12.6	4.767132174727514	4.767132174727514	4.767132174727514	0.09109212816982522	5.498496337536473	0.017021761996797558	9.602887099907484	499.64125731067895	0.6293750666315608	0	0	0	0	-0.03860385657884442	9908324126047758e-21	0	-3.5078460974780827	0.0003664313547666381
12.7	4.7671321747275135	4.7671321747275135	4.7671321747275135	0.09109212816990084	5.49849633753501	0.01702176199689899	9.602887099905468	499.64125731074085	0.6293750666306133	0	0	0	0	-0.03860381599804553	9907904032754948e-21	0	-3.507847030409904	0.0003664352536942072
12.8	4.7671321747275135	4.7671321747275135	4.7671321747275135	0.09109212816996844	5.498496337533672	0.01702176199698966	9.602887099903663	499.6412573107969	0.6293750666297664	0	0	0	0	-0.03860377972394715	9907528608418671e-21	0	-3.5078478643321915	0.00036643873803643976
12.9	4.7671321747275135	4.7671321747275135	4.7671321747275135	0.09109212817002192	5.498496337532567	0.017021761997061374	9.602887099902237	499.64125731084243	0.6293750666290965	0	0	0	0	-0.038603751031288366	9907231778136413e-21	0	-3.5078485239606656	0.0003664414929302731
13	4.7671321747275135	4.7671321747275135	4.7671321747275135	0.09109212817005514	5.4984963375318	0.017021761997105943	9.60288709990135	499.64125731087245	0.6293750666286803	0	0	0	0	-0.03860373319480822	9907047467005654e-21	0	-3.5078489340110437	0.00036644320351264466
13.1	4.7671321747275135	4.7671321747275135	4.7671321747275135	0.09109212817006206	5.498496337531482	0.01702176199711519	9.602887099901164	499.6412573108824	0.629375066628594	0	0	0	0	-0.038603729489245765	9907009600123878e-21	0	-3.507849019199046	0.00036644355492049187
13.2	4.7671321747275135	4.7671321747275135	4.7671321747275135	0.09109212817003653	5.498496337531723	0.01702176199708092	9.602887099901846	499.64125731086733	0.6293750666289142	0	0	0	0	-0.03860374318934005	9907152102588567e-21	0	-3.5078487042403914	0.000366442232290752
13.3	4.767132174727513	4.767132174727513	4.767132174727513	0.09109212816997247	5.498496337532629	0.01702176199699495	9.602887099903555	499.6412573108225	0.6293750666297174	0	0	0	0	-0.03860377756983013	9907508899497207e-21	0	-3.5078479138507985	0.00036643892076036256
13.4	4.7671321747275135	4.7671321747275135	4.7671321747275135	0.09109212816986376	5.498496337534311	0.017021761996849096	9.602887099906454	499.64125731074313	0.6293750666310801	0	0	0	0	-0.038603835905455075	990811391594728e-20	0	-3.5078465727459873	0.0003664333054662608
13.5	4.7671321747275135	4.7671321747275135	4.7671321747275135	0.09109212816970469	5.49849633753688	0.01702176199663569	9.6028870999107	499.6412573106245	0.6293750666330739	0	0	0	0	-0.03860392126040318	9908998868199817e-21	0	-3.5078446104821297	0.00036642509204795235
13.6	4.7671321747275135	4.7671321747275135	4.7671321747275135	0.09109212816961769	5.49849633754091	0.017021761996518746	9.60288709991302	499.6412573104992	0.6293750666341644	0	0	0	0	-0.038603967940467804	9909475791782869e-21	0	-3.507843537335133	0.00036642066614937715
13.7	4.7671321747275135	4.7671321747275135	4.7671321747275135	0.09109212816961064	5.498496337543809	0.01702176199650913	9.602887099913206	499.64125731043	0.6293750666342522	0	0	0	0	-0.0386039717224964	9909507530157176e-21	0	-3.50784345039195	0.00036642037213807904
13.8	4.7671321747275135	4.7671321747275135	4.7671321747275135	0.09109212816957317	5.498496337542816	0.017021761996459148	9.602887099914206	499.6412573104386	0.6293750666347204	0	0	0	0	-0.03860399183440105	9909720333162603e-21	0	-3.5078429880323405	0.0003664183967619872
13.9	4.7671321747275135	4.7671321747275135	4.7671321747275135	0.09109212816956193	5.498496337543455	0.01702176199644376	9.602887099914508	499.64125731041975	0.6293750666348638	0	0	0	0	-0.03860399786927734	9909781673949179e-21	0	-3.5078428492962135	0.00036641782754212284
14	4.7671321747275135	4.7671321747275135	4.7671321747275135	0.09109212816955727	5.4984963375435205	0.017021761996437512	9.602887099914632	499.64125731041645	0.6293750666349223	0	0	0	0	-0.038604000370936205	990980763879745e-20	0	-3.5078427917864463	0.0003664175865605516
14.1	4.767132174727514	4.767132174727514	4.767132174727514	0.09109212816954666	5.498496337542684	0.01702176199642353	9.602887099914916	499.6412573104318	0.6293750666350537	0	0	0	0	-0.03860400606367038	9909869370796952e-21	0	-3.5078426609147533	0.00036641701341855046
14.2	4.7671321747275135	4.7671321747275135	4.7671321747275135	0.0910921281695457	5.498496337542902	0.017021761996422045	9.602887099914941	499.64125731042645	0.6293750666350674	0	0	0	0	-0.03860400658760641	9909874261047249e-21	0	-3.5078426488707493	0.00036641696807472194
14.3	4.7671321747275135	4.7671321747275135	4.7671321747275135	0.09109212816954221	5.498496337542423	0.017021761996417615	9.602887099915034	499.6412573104362	0.6293750666351092	0	0	0	0	-0.03860400845734939	9909895087584475e-21	0	-3.5078426058872774	0.00036641677467662623
14.4	4.7671321747275135	4.7671321747275135	4.7671321747275135	0.09109212816954067	5.4984963375422895	0.017021761996415582	9.602887099915076	499.6412573104387	0.6293750666351283	0	0	0	0	-0.038604009278068875	9909904021054667e-21	0	-3.5078425870202485	0.0003664166917346149
14.5	4.7671321747275135	4.7671321747275135	4.7671321747275135	0.09109212816954036	5.4984963375422895	0.017021761996415145	9.602887099915083	499.64125731043856	0.6293750666351323	0	0	0	0	-0.038604009446350465	9909905781702228e-21	0	-3.507842583152233	0.0003664166753945469
14.6	4.7671321747275135	4.7671321747275135	4.7671321747275135	0.09109212816953915	5.4984963375420515	0.017021761996413705	9.602887099915117	499.6412573104435	0.6293750666351461	0	0	0	0	-0.03860401008417669	9909913083552247e-21	0	-3.507842568489473	0.0003664166075756362
14.7	4.7671321747275135	4.7671321747275135	4.7671321747275135	0.09109212816953899	5.498496337542055	0.017021761996413483	9.60288709991512	499.64125731044334	0.6293750666351481	0	0	0	0	-0.03860401016333558	9909913904385022e-21	0	-3.5078425666702477	0.00036641659995865355
14.8	4.7671321747275135	4.7671321747275135	4.7671321747275135	0.09109212816953868	5.498496337541979	0.017021761996413132	9.602887099915128	499.641257310445	0.6293750666351515	0	0	0	0	-0.038604010327672134	9909915822687634e-21	0	-3.507842562892815	0.0003664165821397385
14.9	4.767132174727514	4.767132174727514	4.767132174727514	0.09109212816953849	5.498496337541935	0.01702176199641289	9.602887099915133	499.64125731044595	0.6293750666351537	0	0	0	0	-0.038604010435628486	9909917071243494e-21	0	-3.5078425604115426	0.0003664165705430071
15	4.7671321747275135	4.7671321747275135	4.7671321747275135	0.09109212816953845	5.498496337541936	0.017021761996412855	9.602887099915133	499.64125731044595	0.6293750666351541	0	0	0	0	-0.03860401044792207	9909917198233384e-21	0	-3.5078425601292715	0.00036641656936521995
15.1	4.767132174727514	4.767132174727514	4.767132174727514	0.09109212816954534	5.498496337545013	0.017021761996419058	9.60288709991495	499.6412573103778	0.6293750666350938	0	0	0	0	-0.038604006521384134	9909868075464973e-21	0	-3.5078426503984703	0.0003664170259024245
15.2	4.7671321747275135	4.7671321747275135	4.7671321747275135	0.09109212816957672	5.498496337559011	0.01702176199644749	9.602887099914115	499.64125731006766	0.6293750666348173	0	0	0	0	-0.03860398859243176	990964391984625e-20	0	-3.507843062576527	0.00036641910914868764
15.3	4.7671321747275135	4.7671321747275135	4.7671321747275135	0.09109212816962393	5.49849633758004	0.017021761996490286	9.602887099912854	499.64125730960177	0.6293750666344011	0	0	0	0	-0.03860396163359949	9909306926568975e-21	0	-3.5078436823472723	0.00036642224107600886
15.4	4.7671321747275135	4.7671321747275135	4.7671321747275135	0.09109212816967636	5.498496337603369	0.017021761996537876	9.602887099911458	499.64125730908506	0.6293750666339385	0	0	0	0	-0.03860393169217059	990893272399121e-20	0	-3.5078443706865396	0.0003664257188121654
15.5	4.7671321747275135	4.7671321747275135	4.7671321747275135	0.09109212816972344	5.49849633762427	0.017021761996580686	9.6028870999102	499.64125730862213	0.6293750666335223	0	0	0	0	-0.03860390481542828	990859694047101e-20	0	-3.5078449885701604	0.0003664288394849347
15.6	4.7671321747275135	4.7671321747275135	4.7671321747275135	0.09109212816975452	5.498496337638012	0.017021761996609142	9.602887099909372	499.6412573083178	0.6293750666332456	0	0	0	0	-0.038603887050655795	9908375204366429e-21	0	-3.507845396973968	0.00036643090022209413
15.7	4.7671321747275135	4.7671321747275135	4.7671321747275135	0.0910921281697591	5.498496337639866	0.017021761996613677	9.602887099909251	499.6412573082769	0.6293750666332019	0	0	0	0	-0.038603884445136384	9908343144035529e-21	0	-3.5078454568737936	0.0003664311981514212
15.8	4.7671321747275135	4.7671321747275135	4.7671321747275135	0.09109212816972655	5.498496337625102	0.017021761996584717	9.60288709991012	499.6412573086041	0.629375066633484	0	0	0	0	-0.03860390304615329	9908576387836362e-21	0	-3.5078450292454706	0.0003664290304006932
15.9	4.7671321747275135	4.7671321747275135	4.7671321747275135	0.09109212816964624	5.498496337588992	0.017021761996512688	9.602887099912262	499.6412573094043	0.6293750666341849	0	0	0	0	-0.038603948900989754	990915056412699e-20	0	-3.507843975064831	0.00036642369409768753
16	4.7671321747275135	4.7671321747275135	4.7671321747275135	0.09109212816958201	5.498496337561112	0.0170217619964527	9.602887099913973	499.6412573100213	0.6293750666347672	0	0	0	0	-0.03860398557112914	9909606879648289e-21	0	-3.5078431320359624	0.00036641945334750693
16.1	4.7671321747275135	4.7671321747275135	4.7671321747275135	0.09109212816956808	5.498496337555976	0.017021761996437554	9.602887099914344	499.6412573101341	0.6293750666349126	0	0	0	0	-0.03860399352499251	9909703247800972e-21	0	-3.5078429491804877	0.0003664185579136544
16.2	4.7671321747275135	4.7671321747275135	4.7671321747275135	0.09109212816955081	5.498496337547788	0.01702176199642314	9.602887099914804	499.6412573103159	0.6293750666350537	0	0	0	0	-0.038604003393347686	9909828009842261e-21	0	-3.5078427223115938	0.0003664173983226302
16.3	4.7671321747275135	4.7671321747275135	4.7671321747275135	0.09109212816954569	5.498496337545597	0.017021761996418246	9.602887099914941	499.6412573103644	0.6293750666351011	0	0	0	0	-0.03860400631908661	990986431439915e-20	0	-3.5078426550499935	0.00036641706093404623
16.4	4.767132174727514	4.767132174727514	4.767132174727514	0.09109212816954211	5.49849633754382	0.017021761996415457	9.602887099915037	499.6412573104039	0.6293750666351285	0	0	0	0	-0.038604008372034995	9909890483770068e-21	0	-3.5078426078535223	0.00036641681769203447
16.5	4.7671321747275135	4.7671321747275135	4.7671321747275135	0.09109212816954011	5.498496337542839	0.01702176199641389	9.60288709991509	499.6412573104257	0.629375066635144	0	0	0	0	-0.038604009509189754	9909904968390218e-21	0	-3.507842581710955	0.0003664166830594194
16.6	4.7671321747275135	4.7671321747275135	4.7671321747275135	0.09109212816953949	5.498496337542528	0.017021761996413375	9.602887099915106	499.6412573104326	0.629375066635149	0	0	0	0	-0.038604009875727825	9909909621234176e-21	0	-3.5078425732844223	0.0003664166398128343
16.7	4.7671321747275135	4.7671321747275135	4.7671321747275135	0.09109212816953875	5.498496337542133	0.017021761996412924	9.602887099915128	499.6412573104415	0.6293750666351534	0	0	0	0	-0.03860401028740008	9909914982756838e-21	0	-3.507842563820055	0.0003664165899709973
16.8	4.7671321747275135	4.7671321747275135	4.7671321747275135	0.0910921281695386	5.498496337542059	0.017021761996412796	9.602887099915131	499.64125731044317	0.6293750666351546	0	0	0	0	-0.038604010376749286	9909916117087704e-21	0	-3.507842561765837	0.0003664165794276211
16.9	4.7671321747275135	4.7671321747275135	4.7671321747275135	0.09109212816953839	5.498496337541945	0.017021761996412695	9.602887099915137	499.6412573104457	0.6293750666351557	0	0	0	0	-0.03860401048712806	9909917576452277e-21	0	-3.507842559228382	0.0003664165658600084
17	4.7671321747275135	4.7671321747275135	4.7671321747275135	0.09109212816953836	5.498496337541914	0.01702176199641265	9.602887099915137	499.64125731044635	0.6293750666351561	0	0	0	0	-0.038604010520081805	9909918004484078e-21	0	-3.5078425584708546	0.0003664165618809873
17.1	4.7671321747275135	4.7671321747275135	4.7671321747275135	0.09109212816953832	5.49849633754189	0.017021761996412636	9.602887099915138	499.6412573104469	0.6293750666351562	0	0	0	0	-0.03860401054298848	9909918309694833e-21	0	-3.5078425579443713	0.0003664165590432501
17.2	4.7671321747275135	4.7671321747275135	4.7671321747275135	0.09109212816953831	5.498496337541879	0.017021761996412633	9.602887099915138	499.6412573104472	0.6293750666351563	0	0	0	0	-0.03860401055579093	9909918480228166e-21	0	-3.5078425576501036	0.0003664165574579657
17.3	4.7671321747275135	4.7671321747275135	4.7671321747275135	0.09109212816953828	5.498496337541874	0.017021761996412636	9.602887099915138	499.6412573104474	0.6293750666351563	0	0	0	0	-0.038604010559877174	9909918534469213e-21	0	-3.507842557556129	0.0003664165569538892
17.4	4.7671321747275135	4.7671321747275135	4.7671321747275135	0.09109212816959097	5.498496337556308	0.017021761996412556	9.602887099913733	499.6412573101352	0.6293750666351463	0	0	0	0	-0.038604004883583204	990983864242334e-20	0	-3.507842688051359	0.00036641729999373657
17.5	4.767132174727513	4.767132174727513	4.767132174727513	0.0910921281697412	5.4984963375974445	0.017021761996412362	9.602887099909728	499.6412573092456	0.6293750666351174	0	0	0	0	-0.038603988695114076	990961080700647e-20	0	-3.507843060216461	0.0003664194189873598
17.6	4.7671321747275135	4.7671321747275135	4.7671321747275135	0.09109212816996327	5.49849633765823	0.017021761996412116	9.602887099903807	499.6412573079312	0.6293750666350745	0	0	0	0	-0.03860396476438168	9909274022396668e-21	0	-3.507843610372489	0.00036642255126706475
17.7	4.7671321747275135	4.7671321747275135	4.7671321747275135	0.09109212817023139	5.498496337731576	0.017021761996411866	9.602887099896654	499.6412573063452	0.6293750666350222	0	0	0	0	-0.038603935871248066	9908867422812764e-21	0	-3.507844274611745	0.0003664263328627011
17.8	4.7671321747275135	4.7671321747275135	4.7671321747275135	0.09109212817051977	5.498496337810403	0.017021761996411686	9.602887099888965	499.6412573046408	0.6293750666349651	0	0	0	0	-0.03860390479557531	9908430142473583e-21	0	-3.5078449890265313	0.0003664303998041187
17.9	4.7671321747275135	4.7671321747275135	4.7671321747275135	0.09109212817080257	5.498496337887625	0.017021761996411634	9.60288709988142	499.64125730297116	0.6293750666349082	0	0	0	0	-0.03860387431722542	9908001315597954e-21	0	-3.5078456897091512	0.00036643438812116705
18	4.7671321747275135	4.7671321747275135	4.7671321747275135	0.09109212817105407	5.4984963379561576	0.017021761996411765	9.602887099874714	499.64125730148953	0.6293750666348558	0	0	0	0	-0.038603847216060486	9907620076404704e-21	0	-3.5078463127519077	0.0003664379338436961
18.1	4.7671321747275135	4.7671321747275135	4.7671321747275135	0.0910921281712484	5.498496338008919	0.017021761996412144	9.60288709986953	499.64125730034925	0.6293750666348129	0	0	0	0	-0.03860382627194255	9907325559112665e-21	0	-3.507846794247104	0.0003664406730015556
18.2	4.7671321747275135	4.7671321747275135	4.7671321747275135	0.09109212817135982	5.498496338038824	0.01702176199641283	9.602887099866559	499.64125729970334	0.6293750666347842	0	0	0	0	-0.03860381426473368	990715689794066e-20	0	-3.5078470702870415	0.00036644224162459514
18.3	4.7671321747275135	4.7671321747275135	4.7671321747275135	0.09109212817136253	5.498496338038789	0.017021761996413885	9.60288709986649	499.64125729970516	0.6293750666347744	0	0	0	0	-0.038603813974295915	990715322710752e-20	0	-3.507847076964024	0.00036644227574266457
18.4	4.7671321747275135	4.7671321747275135	4.7671321747275135	0.0910921281712307	5.498496338001731	0.017021761996415367	9.602887099870003	499.64125730050785	0.6293750666347881	0	0	0	0	-0.03860382818049131	990735368083207e-20	0	-3.507846750370354	0.0003664404113856136
18.5	4.7671321747275135	4.7671321747275135	4.7671321747275135	0.09109212817093855	5.4984963379205665	0.017021761996417344	9.602887099877796	499.6412573022646	0.6293750666348302	0	0	0	0	-0.038603859663181916	9907797393333141e-21	0	-3.507846026598335	0.000366436284583292
18.6	4.7671321747275135	4.7671321747275135	4.7671321747275135	0.09109212817046031	5.49849633778821	0.017021761996419863	9.602887099890552	499.64125730512865	0.6293750666349053	0	0	0	0	-0.03860391120222981	9908523498829559e-21	0	-3.5078448417402686	0.00036642953136554936
18.7	4.7671321747275135	4.7671321747275135	4.7671321747275135	0.09109212816991219	5.498496337639453	0.017021761996418264	9.60288709990517	499.64125730834365	0.6293750666350311	0	0	0	0	-0.0386039702692706	9909354080931843e-21	0	-3.5078434838172887	0.00036642180653804454
18.8	4.7671321747275135	4.7671321747275135	4.7671321747275135	0.09109212816976847	5.498496337609775	0.01702176199640356	9.602887099909003	499.6412573089722	0.6293750666351905	0	0	0	0	-0.03860398575585339	990956681758443e-20	0	-3.5078431277882696	0.00036641982825362735
18.9	4.7671321747275135	4.7671321747275135	4.7671321747275135	0.09109212816967902	5.498496337585258	0.01702176199640432	9.602887099911387	499.64125730950246	0.6293750666352017	0	0	0	0	-0.03860399539639405	990970250797604e-20	0	-3.50784290615684	0.0003664185662587449
19	4.7671321747275135	4.7671321747275135	4.7671321747275135	0.0910921281696033	5.498496337562918	0.0170217619964068	9.602887099913408	499.64125730998774	0.6293750666351952	0	0	0	0	-0.03860400355654967	9909818217667203e-21	0	-3.5078427185586927	0.0003664174900488675
19.1	4.7671321747275135	4.7671321747275135	4.7671321747275135	0.09109212816958824	5.4984963375597	0.017021761996405215	9.602887099913808	499.6412573100562	0.6293750666352124	0	0	0	0	-0.038604005177763384	9909840548232127e-21	0	-3.507842681287757	0.0003664172823887026
19.2	4.7671321747275135	4.7671321747275135	4.7671321747275135	0.09109212816955911	5.498496337549305	0.017021761996409493	9.602887099914586	499.64125731028435	0.6293750666351802	0	0	0	0	-0.03860400831871656	9909886056475412e-21	0	-3.5078426090787875	0.00036641685906697267
19.3	4.7671321747275135	4.7671321747275135	4.7671321747275135	0.09109212816955241	5.49849633754745	0.01702176199640941	9.602887099914767	499.64125731032453	0.6293750666351823	0	0	0	0	-0.03860400903919135	9909896209150989e-21	0	-3.5078425925154315	0.0003664167646412067
19.4	4.7671321747275135	4.7671321747275135	4.7671321747275135	0.09109212816954584	5.498496337544908	0.017021761996410808	9.60288709991494	499.64125731038047	0.6293750666351711	0	0	0	0	-0.038604009747787514	9909906582170542e-21	0	-3.507842576225142	0.0003664166681448643
19.5	4.7671321747275135	4.7671321747275135	4.7671321747275135	0.09109212816954214	5.498496337543519	0.01702176199641148	9.602887099915037	499.64125731041105	0.6293750666351658	0	0	0	0	-0.03860401014686568	9909912402040706e-21	0	-3.507842567050646	0.00036641661400612356
19.6	4.7671321747275135	4.7671321747275135	4.7671321747275135	0.09109212816954113	5.498496337543166	0.017021761996411602	9.602887099915064	499.6412573104188	0.6293750666351648	0	0	0	0	-0.03860401025612403	9909913979858124e-21	0	-3.5078425645389624	0.00036641659932961084
19.7	4.7671321747275135	4.7671321747275135	4.7671321747275135	0.09109212816953942	5.498496337542401	0.0170217619964122	9.602887099915108	499.6412573104357	0.6293750666351599	0	0	0	0	-0.03860401043973235	9909916724633507e-21	0	-3.5078425603179397	0.0003664165737927777
19.8	4.7671321747275135	4.7671321747275135	4.7671321747275135	0.09109212816953913	5.4984963375422895	0.017021761996412234	9.602887099915117	499.6412573104381	0.6293750666351597	0	0	0	0	-0.038604010473821775	9909917217350544e-21	0	-3.507842559534317	0.0003664165692091424
19.9	4.7671321747275135	4.7671321747275135	4.7671321747275135	0.09109212816953867	5.498496337542067	0.01702176199641244	9.602887099915131	499.6412573104431	0.6293750666351581	0	0	0	0	-0.038604010522943676	9909917961969057e-21	0	-3.5078425584050357	0.0003664165622808815
20	4.7671321747275135	4.7671321747275135	4.7671321747275135	0.09109212816953847	5.4984963375419875	0.0170217619964125	9.602887099915135	499.64125731044487	0.6293750666351575	0	0	0	0	-0.03860401054199876	9909918247217122e-21	0	-3.5078425579668475	0.0003664165596268575
20.1	4.7671321747275135	4.7671321747275135	4.7671321747275135	0.09109212816953847	5.498496337542001	0.01702176199641247	9.602887099915137	499.6412573104446	0.6293750666351579	0	0	0	0	-0.03860401054194359	9909918239993573e-21	0	-3.5078425579682024	0.00036641655969435477
20.2	4.7671321747275135	4.7671321747275135	4.7671321747275135	0.09109212816959612	5.498496337579574	0.01702176199636459	9.602887099913598	499.6412573096023	0.6293750666355774	0	0	0	0	-0.038604004297538845	9909819104604285e-21	0	-3.5078427015243046	0.00036641748231606156
20.3	4.7671321747275135	4.7671321747275135	4.7671321747275135	0.09109212816974119	5.498496337674096	0.017021761996244215	9.60288709990973	499.6412573074836	0.629375066636632	0	0	0	0	-0.03860398858284364	9909569640397621e-21	0	-3.5078430627977264	0.00036641980399932175
20.4	4.7671321747275135	4.7671321747275135	4.7671321747275135	0.0910921281699443	5.498496337806413	0.017021761996075784	9.60288709990431	499.64125730451775	0.6293750666381078	0	0	0	0	-0.03860396657764334	990922033893663e-20	0	-3.5078435686867437	0.0003664230548347276
20.5	4.7671321747275135	4.7671321747275135	4.7671321747275135	0.09109212817017613	5.498496337957374	0.017021761995883736	9.602887099898126	499.64125730113403	0.6293750666397904	0	0	0	0	-0.03860394146172328	9908821691784356e-21	0	-3.507844146089632	0.0003664267649128714
20.6	4.7671321747275135	4.7671321747275135	4.7671321747275135	0.09109212817040732	5.498496338107828	0.017021761995692514	9.60288709989196	499.64125729776174	0.6293750666414657	0	0	0	0	-0.038603916414868794	9908424190503843e-21	0	-3.5078447219046667	0.0003664304643243455
20.7	4.7671321747275135	4.7671321747275135	4.7671321747275135	0.09109212817060854	5.498496338238625	0.01702176199552656	9.602887099886596	499.6412572948302	0.6293750666429193	0	0	0	0	-0.03860389461686523	9908078326658143e-21	0	-3.507845223030124	0.0003664336831597421
20.8	4.7671321747275135	4.7671321747275135	4.7671321747275135	0.0910921281707504	5.498496338330613	0.017021761995410317	9.60288709988281	499.6412572927686	0.6293750666439373	0	0	0	0	-0.03860387924749795	9907834591810299e-21	0	-3.5078455763642773	0.00036643595150965354
20.9	4.7671321747275135	4.7671321747275135	4.7671321747275135	0.09109212817080357	5.498496338364639	0.017021761995368218	9.602887099881391	499.64125729200623	0.6293750666443054	0	0	0	0	-0.038603873486552295	9907743477523356e-21	0	-3.507845708805404	0.0003664367994646721
21	4.7671321747275135	4.7671321747275135	4.7671321747275135	0.09109212817073872	5.498496338321554	0.017021761995424715	9.602887099883121	499.64125729297257	0.6293750666438094	0	0	0	0	-0.03860388051381359	9907855475360363e-21	0	-3.5078455472517787	0.00036643575711539005
21.1	4.7671321747275135	4.7671321747275135	4.7671321747275135	0.09109212817052645	5.498496338182206	0.017021761995604245	9.60288709988878	499.64125729609674	0.6293750666422352	0	0	0	0	-0.0386039035090672	9908221076884364e-21	0	-3.5078450186016767	0.0003664323545523998
21.2	4.7671321747275135	4.7671321747275135	4.7671321747275135	0.09109212817013745	5.498496337927445	0.017021761995931247	9.602887099899158	499.641257301808	0.6293750666393685	0	0	0	0	-0.038603945652098445	9908890773658408e-21	0	-3.507844049753374	0.0003664261218662934
21.3	4.7671321747275135	4.7671321747275135	4.7671321747275135	0.09109212816976364	5.498496337685434	0.017021761996235937	9.602887099909129	499.64125730723185	0.629375066636701	0	0	0	0	-0.03860398615100092	9909532820088902e-21	0	-3.5078431187029935	0.000366420146587601
21.4	4.7671321747275135	4.7671321747275135	4.7671321747275135	0.09109212816965816	5.498496337620842	0.017021761996309514	9.602887099911943	499.64125730867727	0.6293750666360615	0	0	0	0	-0.03860399757697765	9909711962076357e-21	0	-3.5078428560254706	0.0003664184794783835
21.5	4.7671321747275135	4.7671321747275135	4.7671321747275135	0.09109212816958565	5.4984963375729095	0.017021761996372384	9.602887099913875	499.6412573097519	0.6293750666355095	0	0	0	0	-0.038604005432226564	9909837031489918e-21	0	-3.507842675437303	0.00036641731547983877
21.6	4.7671321747275135	4.7671321747275135	4.7671321747275135	0.09109212816956222	5.498496337558047	0.017021761996390553	9.6028870999145	499.6412573100848	0.6293750666353506	0	0	0	0	-0.03860400796813713	9909877077599031e-21	0	-3.507842617138424	0.0003664169427939058
21.7	4.7671321747275135	4.7671321747275135	4.7671321747275135	0.0910921281695483	5.498496337548637	0.017021761996403387	9.602887099914872	499.6412573102958	0.6293750666352377	0	0	0	0	-0.03860400947835984	9909901227609787e-21	0	-3.507842582419292	0.0003664167180291816
21.8	4.7671321747275135	4.7671321747275135	4.7671321747275135	0.09109212816954303	5.498496337545159	0.017021761996407953	9.602887099915012	499.64125731037365	0.6293750666351976	0	0	0	0	-0.03860401004947154	9909910316135619e-21	0	-3.507842569289791	0.0003664166334440627
21.9	4.7671321747275135	4.7671321747275135	4.7671321747275135	0.09109212816954039	5.498496337543349	0.017021761996410496	9.602887099915083	499.6412573104143	0.6293750666351752	0	0	0	0	-0.03860401033513768	990991490082744e-20	0	-3.5078425627225434	0.00036641659077361525
22	4.7671321747275135	4.7671321747275135	4.7671321747275135	0.09109212816953921	5.498496337542536	0.017021761996411644	9.602887099915113	499.64125731043254	0.6293750666351651	0	0	0	0	-0.0386040104640739	9909916968843585e-21	0	-3.507842559758466	0.00036641657152632946
22.1	4.7671321747275135	4.7671321747275135	4.7671321747275135	0.09109212816953871	5.498496337542192	0.017021761996412137	9.602887099915128	499.64125731044027	0.6293750666351609	0	0	0	0	-0.03860401051780371	9909917833754879e-21	0	-3.507842558523288	0.00036641656347648
22.2	4.7671321747275135	4.7671321747275135	4.7671321747275135	0.09109212816953845	5.498496337542002	0.017021761996412418	9.602887099915135	499.6412573104445	0.6293750666351584	0	0	0	0	-0.038604010546791606	9909918302128818e-21	0	-3.5078425578569377	0.0003664165591170237
22.3	4.7671321747275135	4.7671321747275135	4.7671321747275135	0.09109212816953835	5.498496337541934	0.017021761996412515	9.602887099915137	499.64125731044595	0.6293750666351575	0	0	0	0	-0.0386040105569399	9909918465865398e-21	0	-3.5078425576235692	0.0003664165575930161
22.4	4.7671321747275135	4.7671321747275135	4.7671321747275135	0.0910921281695383	5.498496337541895	0.017021761996412584	9.602887099915137	499.64125731044686	0.629375066635157	0	0	0	0	-0.03860401056340635	9909918571109363e-21	0	-3.5078425574752226	0.0003664165566136162
22.5	4.7671321747275135	4.7671321747275135	4.7671321747275135	0.09109212816953828	5.498496337541883	0.017021761996412605	9.602887099915138	499.6412573104472	0.6293750666351567	0	0	0	0	-0.03860401056535407	9909918602601731e-21	0	-3.507842557430826	0.0003664165563206687
22.6	4.767132174727514	4.767132174727514	4.767132174727514	0.09109212816955506	5.49849633757381	0.017021761996376387	9.60288709991469	499.6412573097194	0.6293750666354712	0	0	0	0	-0.038604007674635156	9909869830946477e-21	0	-3.507842623887015	0.00036641701036098324
22.7	4.7671321747275135	4.7671321747275135	4.7671321747275135	0.09109212816960384	5.498496337666675	0.017021761996271097	9.602887099913389	499.6412573076027	0.6293750666363858	0	0	0	0	-0.03860399926578657	9909727962866029e-21	0	-3.507842817202236	0.0003664183310832527
22.8	4.7671321747275135	4.7671321747275135	4.7671321747275135	0.09109212816967727	5.498496337806404	0.017021761996112723	9.602887099911433	499.641257304418	0.6293750666377612	0	0	0	0	-0.03860398661308195	9909514501502355e-21	0	-3.5078431080815715	0.00036642031830357307
22.9	4.7671321747275135	4.7671321747275135	4.7671321747275135	0.09109212816976787	5.498496337978839	0.01702176199591737	9.602887099909015	499.64125730048784	0.6293750666394577	0	0	0	0	-0.0386039709975725	9909251064346546e-21	0	-3.5078434670742946	0.0003664227707735061
23	4.767132174727514	4.767132174727514	4.767132174727514	0.09109212816986823	5.49849633816983	0.017021761995701126	9.602887099906338	499.64125729613477	0.6293750666413357	0	0	0	0	-0.038603953700309404	9908959268889698e-21	0	-3.507843864729675	0.0003664254872446131
23.1	4.7671321747275135	4.7671321747275135	4.7671321747275135	0.09109212816997092	5.498496338365222	0.017021761995480073	9.6028870999036	499.64125729168137	0.6293750666432554	0	0	0	0	-0.038603936002343846	9908660732622902e-21	0	-3.507844271596982	0.0003664282664684557
23.2	4.7671321747275135	4.7671321747275135	4.7671321747275135	0.0910921281700685	5.498496338550865	0.017021761995270314	9.602887099900997	499.64125728745023	0.6293750666450767	0	0	0	0	-0.03860391918472704	990837707303725e-20	0	-3.5078446582254887	0.0003664309071965953
23.3	4.7671321747275135	4.7671321747275135	4.7671321747275135	0.09109212817015354	5.498496338712606	0.017021761995087935	9.602887099898728	499.6412572837639	0.6293750666466602	0	0	0	0	-0.03860390452851016	9908129907623838e-21	0	-3.5078449951644632	0.0003664332081805936
23.4	4.7671321747275135	4.7671321747275135	4.7671321747275135	0.09109212817021861	5.49849633883629	0.01702176199494903	9.602887099896991	499.641257280945	0.6293750666478658	0	0	0	0	-0.03860389331474442	990794085387376e-20	0	-3.5078452529631776	0.00036643496817201197
23.5	4.7671321747275135	4.7671321747275135	4.7671321747275135	0.09109212817025628	5.498496338907764	0.017021761994869683	9.602887099895987	499.64125727931605	0.6293750666485538	0	0	0	0	-0.038603886824480994	9907831529278102e-21	0	-3.507845402170902	0.000366435985922412
23.6	4.7671321747275135	4.7671321747275135	4.7671321747275135	0.09109212817025909	5.498496338912877	0.017021761994865995	9.602887099895911	499.6412572791997	0.6293750666485844	0	0	0	0	-0.03860388633877109	9907823551327963e-21	0	-3.507845413336907	0.00036643606018335514
23.7	4.7671321747275135	4.7671321747275135	4.7671321747275135	0.09109212817021964	5.498496338837475	0.01702176199495405	9.602887099896964	499.64125728091847	0.629375066647818	0	0	0	0	-0.03860389313866589	9907938537514431e-21	0	-3.5078452570104632	0.000366434989706403
23.8	4.767132174727514	4.767132174727514	4.767132174727514	0.09109212817013047	5.4984963386674055	0.017021761995149945	9.602887099899341	499.64125728479485	0.6293750666461146	0	0	0	0	-0.038603908505216604	9908198105328605e-21	0	-3.5078449037408412	0.00036643257324311696
23.9	4.7671321747275135	4.7671321747275135	4.7671321747275135	0.09109212816998417	5.498496338388517	0.017021761995469765	9.602887099903244	499.64125729115165	0.6293750666433345	0	0	0	0	-0.03860393371947442	9908623872261573e-21	0	-3.5078443240773116	0.0003664286095450586
24	4.7671321747275135	4.7671321747275135	4.7671321747275135	0.09109212816977329	5.498496337986653	0.017021761995929606	9.60288709990887	499.64125730031117	0.629375066639338	0	0	0	0	-0.03860397006249052	9909237455804429e-21	0	-3.507843488569145	0.0003664228973637895
