0	4.7671321747275135	4.7671321747275135	4.7671321747275135	0.09109212816953825	5.498496337541862	0.01702176199641263	9.60288709991514	499.6412573104476	0.6293750666351564	0	0	0	0	0	0	0	0	0
0.1	4.7671321747275135	4.7671321747275135	4.7671321747275135	0.09109212816953824	5.498496337541862	0.01702176199641263	9.60288709991514	499.6412573104476	0.6293750666351563	0	0	0	0	29143963565655117e-22	0	1532988529553644e-20	0.0008170667513864904	10012609706718053e-22
0.2	4.7671321747275135	4.7671321747275135	4.7671321747275135	0.09109212816953825	5.498496337541862	0.01702176199641263	9.60288709991514	499.6412573104476	0.6293750666351564	0	0	0	0	8220288331233585e-21	0	2774319345087021e-20	0.0015560615699631688	17979371151364598e-22
0.3	4.7671321747275135	4.7671321747275135	4.7671321747275135	0.09109212816953825	5.498496337541862	0.01702176199641263	9.60288709991514	499.6412573104476	0.6293750666351564	0	0	0	0	13552138328759697e-21	0	3779490559657361e-20	0.0022481465947341898	2425022585522353e-21
0.4	4.7671321747275135	4.7671321747275135	4.7671321747275135	0.09109212816953825	5.498496337541862	0.01702176199641263	9.60288709991514	499.6412573104476	0.6293750666351564	0	0	0	0	18234420998056724e-21	0	4593419095022831e-20	0.0028953203424069113	29146931089431324e-22
0.5	4.7671321747275135	4.7671321747275135	4.7671321747275135	0.09109212816953825	5.498496337541862	0.01702176199641263	9.60288709991514	499.6412573104476	0.6293750666351564	0	0	0	0	2215385535882015e-20	0	52525049563244414e-21	0.0034934614477758474	32942144662824456e-22
0.6	4.7671321747275135	4.7671321747275135	4.7671321747275135	0.09109212816953825	5.498496337541862	0.01702176199641263	9.60288709991514	499.6412573104476	0.6293750666351564	0	0	0	0	25372743871148314e-21	0	57862009176192456e-21	0.004039152815396725	3586014203435225e-21
0.7	4.7671321747275135	4.7671321747275135	4.7671321747275135	0.09109212816953824	5.498496337541862	0.017021761996412626	9.60288709991514	499.6412573104476	0.6293750666351564	0	0	0	0	2799489280222386e-20	0	6218308075788407e-20	0.004531198010477067	3808296683283254e-21
0.8	4.7671321747275135	4.7671321747275135	4.7671321747275135	0.09109212816953823	5.498496337541862	0.017021761996412622	9.60288709991514	499.6412573104476	0.6293750666351564	0	0	0	0	3012511273038152e-20	0	656843885224831e-19	0.004970327620084185	3976045162173902e-21
0.9	4.7671321747275135	4.7671321747275135	4.7671321747275135	0.09109212816953823	5.498496337541863	0.01702176199641262	9.60288709991514	499.6412573104476	0.6293750666351565	0	0	0	0	3185058016413568e-20	0	6851643212744324e-20	0.005359085145722133	4100654332627498e-21
1	4.7671321747275135	4.7671321747275135	4.7671321747275135	0.09109212816953823	5.498496337541862	0.017021761996412622	9.60288709991514	499.6412573104476	0.6293750666351565	0	0	0	0	3324815273697644e-20	0	7081091347030479e-20	0.005700674819493808	41920254655208204e-22
1.1	4.7671321747275135	4.7671321747275135	4.7671321747275135	0.09109212816953823	5.498496337541863	0.017021761996412622	9.60288709991514	499.6412573104476	0.6293750666351565	0	0	0	0	3438019636203014e-20	0	7266864813382674e-20	0.005998974252963843	42576015621177554e-22
1.2	4.7671321747275135	4.7671321747275135	4.7671321747275135	0.09109212816953824	5.498496337541862	0.017021761996412622	9.60288709991514	499.6412573104476	0.6293750666351565	0	0	0	0	35297022323784535e-21	0	741730307743546e-19	0.006258110544350963	4303424886263652e-21
1.3	4.7671321747275135	4.7671321747275135	4.7671321747275135	0.09109212816953824	5.498496337541862	0.01702176199641263	9.60288709991514	499.6412573104476	0.6293750666351565	0	0	0	0	3603978206804434e-20	0	7539162224067402e-20	0.006482185843611879	4334273643271862e-21
1.4	4.767132174727514	4.767132174727514	4.767132174727514	0.09109212816953825	5.498496337541861	0.017021761996412626	9.60288709991514	499.6412573104476	0.6293750666351565	0	0	0	0	3664059082628641e-20	0	763772908316966e-19	0.006675136160369805	4353755471531876e-21
1.5	4.7671321747275135	4.7671321747275135	4.7671321747275135	0.09109212816953827	5.49849633754186	0.01702176199641263	9.60288709991514	499.6412573104476	0.6293750666351565	0	0	0	0	37128004513993665e-21	0	771769192054153e-19	0.0068407694346922674	4365005420355244e-21
1.6	4.7671321747275135	4.7671321747275135	4.7671321747275135	0.09109212816953824	5.498496337541856	0.017021761996412633	9.60288709991514	499.64125731044766	0.6293750666351565	0	0	0	0	3752201534983137e-20	0	7782327628722554e-20	0.006982397508231601	4370061929821602e-21
1.7	4.7671321747275135	4.7671321747275135	4.7671321747275135	0.09109212816953825	5.49849633754186	0.017021761996412633	9.60288709991514	499.6412573104476	0.6293750666351564	0	0	0	0	3784109750880058e-20	0	7834674600293121e-20	0.007103207473345042	43707811033596115e-22
1.8	4.7671321747275135	4.7671321747275135	4.7671321747275135	0.09109212816953824	5.498496337541856	0.017021761996412636	9.60288709991514	499.64125731044766	0.6293750666351563	0	0	0	0	3810017109089242e-20	0	7877172794083907e-20	0.007206076839197925	4368567729778521e-21
1.9	4.7671321747275135	4.7671321747275135	4.7671321747275135	0.09109212816953824	5.498496337541851	0.017021761996412643	9.60288709991514	499.64125731044777	0.6293750666351563	0	0	0	0	38309332363218404e-21	0	791148139035143e-19	0.00729330550717167	4364263758882468e-21
2	4.7671321747275135	4.7671321747275135	4.7671321747275135	0.09109212816953824	5.498496337541853	0.01702176199641264	9.60288709991514	499.6412573104477	0.6293750666351563	0	0	0	0	3847833459411383e-20	0	7939207640655274e-20	0.007367134349173312	4358676791433079e-21
2.1	4.7671321747275135	4.7671321747275135	4.7671321747275135	0.09109212816953831	5.498496337541821	0.017021761996412685	9.602887099915138	499.6412573104485	0.629375066635156	0	0	0	0	386162692330311e-19	0	7961810634159624e-20	0.007429720397258654	4352503889737377e-21
2.2	4.7671321747275135	4.7671321747275135	4.7671321747275135	0.09109212816953846	5.498496337541735	0.017021761996412792	9.602887099915133	499.6412573104506	0.629375066635155	0	0	0	0	38728374911133964e-21	0	7980135378698973e-20	0.007482580836197758	4346044549800389e-21
2.3	4.7671321747275135	4.7671321747275135	4.7671321747275135	0.09109212816953861	5.498496337541653	0.017021761996412903	9.602887099915131	499.6412573104526	0.6293750666351542	0	0	0	0	3881857258259769e-20	0	79948684262805e-18	0.007526982524137607	4339513338737421e-21
2.4	4.7671321747275135	4.7671321747275135	4.7671321747275135	0.09109212816953866	5.498496337541628	0.017021761996412928	9.60288709991513	499.64125731045317	0.629375066635154	0	0	0	0	38890782923199886e-21	0	8006696333951532e-20	0.007564192242807355	43331248438487275e-22
2.5	4.7671321747275135	4.7671321747275135	4.7671321747275135	0.0910921281695385	5.4984963375417175	0.017021761996412806	9.602887099915133	499.641257310451	0.6293750666351551	0	0	0	0	3894892813537225e-20	0	8016305190821202e-20	0.007595476185955457	43270934258259476e-22
2.6	4.7671321747275135	4.7671321747275135	4.7671321747275135	0.09109212816953849	5.49849633754175	0.017021761996412806	9.602887099915135	499.6412573104503	0.6293750666351551	0	0	0	0	3899678089125358e-20	0	8024170665439623e-20	0.007621822568901788	4321528087825725e-21
2.7	4.7671321747275135	4.7671321747275135	4.7671321747275135	0.09109212816953864	5.498496337541684	0.017021761996412966	9.602887099915128	499.64125731045186	0.6293750666351535	0	0	0	0	39035936310996775e-21	0	8030529109901432e-20	0.007643870852475182	4316409706090008e-21
2.8	4.7671321747275135	4.7671321747275135	4.7671321747275135	0.09109212816953863	5.4984963375416935	0.01702176199641295	9.60288709991513	499.6412573104516	0.6293750666351536	0	0	0	0	3906718313288945e-20	0	8035664279813312e-20	0.0076623094772285865	4311739418005065e-21
2.9	4.7671321747275135	4.7671321747275135	4.7671321747275135	0.09109212816953849	5.498496337541762	0.017021761996412844	9.602887099915135	499.64125731044993	0.6293750666351546	0	0	0	0	3909229667310293e-20	0	803983835432455e-19	0.007677763862170549	4307529337065583e-21
3	4.7671321747275135	4.7671321747275135	4.7671321747275135	0.09109212816953866	5.4984963375417095	0.01702176199641304	9.60288709991513	499.6412573104511	0.6293750666351529	0	0	0	0	39113306042449565e-21	0	8043217173363098e-20	0.007690655018146765	430377378604781e-20
3.1	4.7671321747275135	4.7671321747275135	4.7671321747275135	0.0910921281695387	5.498496337541691	0.0170217619964131	9.602887099915128	499.64125731045164	0.6293750666351523	0	0	0	0	3913007218652446e-20	0	8045944252718059e-20	0.007701397888030394	4300427130498081e-21
3.2	4.7671321747275135	4.7671321747275135	4.7671321747275135	0.0910921281695385	5.498496337541772	0.017021761996412896	9.602887099915135	499.64125731044965	0.6293750666351542	0	0	0	0	3914306064803125e-20	0	8048158435703793e-20	0.007710383037421092	4297456358082151e-21
3.3	4.7671321747275135	4.7671321747275135	4.7671321747275135	0.09109212816953866	5.498496337541747	0.017021761996413108	9.60288709991513	499.6412573104503	0.6293750666351523	0	0	0	0	391543723436929e-19	0	8049953610851705e-20	0.007717855931365495	4294860957035467e-21
3.4	4.7671321747275135	4.7671321747275135	4.7671321747275135	0.0910921281695388	5.498496337541714	0.017021761996413278	9.602887099915126	499.64125731045107	0.6293750666351506	0	0	0	0	3916353475678006e-20	0	8051402398239e-17	0.007724063622578915	4292586362760824e-21
3.5	4.7671321747275135	4.7671321747275135	4.7671321747275135	0.09109212816953856	5.49849633754178	0.01702176199641299	9.602887099915133	499.64125731044953	0.6293750666351532	0	0	0	0	3917010776682513e-20	0	8052576790365129e-20	0.007729250302751516	42905800899062974e-22
3.6	4.7671321747275135	4.7671321747275135	4.7671321747275135	0.0910921281695386	5.498496337541778	0.01702176199641313	9.602887099915131	499.64125731044965	0.6293750666351519	0	0	0	0	3917616117267803e-20	0	8053530336675031e-20	0.007733552214268508	42888552333554695e-22
3.7	4.7671321747275135	4.7671321747275135	4.7671321747275135	0.09109212816953877	5.498496337541746	0.017021761996413393	9.602887099915126	499.6412573104505	0.6293750666351495	0	0	0	0	391813506210718e-19	0	8054300192433929e-20	0.007737112230246975	4287367128173261e-21
3.8	4.767132174727513	4.767132174727513	4.767132174727513	0.09109212816953859	5.498496337541784	0.017021761996413122	9.60288709991513	499.6412573104495	0.629375066635152	0	0	0	0	39184632325431514e-21	0	805492316488986e-19	0.007740087628259332	4286053944550489e-21
3.9	4.767132174727514	4.767132174727514	4.767132174727514	0.09109212816953857	5.498496337541803	0.01702176199641315	9.602887099915131	499.6412573104491	0.6293750666351516	0	0	0	0	39187719924268816e-21	0	8055429502623516e-20	0.007742552253726371	4284935671510329e-21
4	4.7671321747275135	4.7671321747275135	4.7671321747275135	0.09109212816953878	5.498496337541777	0.017021761996413507	9.602887099915126	499.64125731044976	0.6293750666351484	0	0	0	0	3919083668065393e-20	0	8055838625676917e-20	0.007744578660200464	42839922269697455e-22
4.1	4.7671321747275135	4.7671321747275135	4.7671321747275135	0.09109212816953871	5.4984963375417895	0.017021761996413365	9.60288709991513	499.64125731044936	0.6293750666351495	0	0	0	0	3919260307417368e-20	0	805616920239881e-19	0.007746273168014973	42831572890049775e-22
4.2	4.7671321747275135	4.7671321747275135	4.7671321747275135	0.09109212816953856	5.498496337541823	0.017021761996413164	9.602887099915133	499.6412573104485	0.6293750666351515	0	0	0	0	3919384947679693e-20	0	8056437962919677e-20	0.007747684713692152	428243761616084e-20
4.3	4.7671321747275135	4.7671321747275135	4.7671321747275135	0.09109212816953872	5.498496337541816	0.01702176199641355	9.602887099915128	499.64125731044885	0.6293750666351479	0	0	0	0	39195829873989155e-21	0	8056655370278517e-20	0.007748829979406447	4281855561724901e-21
4.4	4.767132174727514	4.767132174727514	4.767132174727514	0.09109212816953874	5.498496337541816	0.01702176199641359	9.602887099915128	499.6412573104489	0.6293750666351476	0	0	0	0	3919696183347555e-20	0	805683089301954e-19	0.00774978674602208	4281340616270135e-21
4.5	4.7671321747275135	4.7671321747275135	4.7671321747275135	0.09109212816953853	5.498496337541842	0.017021761996413167	9.602887099915133	499.64125731044817	0.6293750666351515	0	0	0	0	3919709682573446e-20	0	8056973489111767e-20	0.0077505979180368945	4280874675769621e-21
4.6	4.7671321747275135	4.7671321747275135	4.7671321747275135	0.09109212816953868	5.498496337541851	0.017021761996413472	9.60288709991513	499.641257310448	0.6293750666351486	0	0	0	0	3919831247756473e-20	0	8057088988947501e-20	0.0077512429594158	4280520793959805e-21
4.7	4.7671321747275135	4.7671321747275135	4.7671321747275135	0.09109212816953875	5.498496337541852	0.01702176199641362	9.602887099915126	499.641257310448	0.6293750666351472	0	0	0	0	3919913264149419e-20	0	8057182222462836e-20	0.0077517787451121985	4280212071526248e-21
4.8	4.7671321747275135	4.7671321747275135	4.7671321747275135	0.09109212816953853	5.49849633754186	0.017021761996413146	9.602887099915133	499.6412573104477	0.6293750666351519	0	0	0	0	39198791979953454e-21	0	8057257888943467e-20	0.007752245258356769	4279910749817506e-21
4.9	4.7671321747275135	4.7671321747275135	4.7671321747275135	0.09109212816953867	5.498496337541886	0.017021761996413337	9.60288709991513	499.64125731044714	0.62937506663515	0	0	0	0	3919950488530407e-20	0	8057319234152217e-20	0.007752607779862697	4279697557524785e-21
5	4.7671321747275135	4.7671321747275135	4.7671321747275135	0.09109212816953882	5.498496337541898	0.01702176199641352	9.602887099915126	499.64125731044686	0.6293750666351482	0	0	0	0	3920013513697965e-20	0	8057368756043409e-20	0.007752905216952412	427951779474514e-20
5.1	4.7671321747275135	4.7671321747275135	4.7671321747275135	0.09109212816953854	5.498496337541882	0.017021761996413108	9.602887099915133	499.6412573104471	0.629375066635152	0	0	0	0	3919965911260019e-20	0	8057408914177277e-20	0.007753173700111491	4279323203793755e-21
5.2	4.7671321747275135	4.7671321747275135	4.7671321747275135	0.09109212816953863	5.498496337541909	0.017021761996413243	9.60288709991513	499.6412573104465	0.6293750666351507	0	0	0	0	3920011589087758e-20	0	8057441495149396e-20	0.007753375846655173	4279198258135447e-21
5.3	4.7671321747275135	4.7671321747275135	4.7671321747275135	0.09109212816953878	5.498496337541935	0.01702176199641347	9.602887099915128	499.64125731044606	0.6293750666351485	0	0	0	0	3920068590161432e-20	0	8057467797874189e-20	0.007753537621063457	4279100616667816e-21
5.4	4.7671321747275135	4.7671321747275135	4.7671321747275135	0.09109212816953854	5.498496337541903	0.01702176199641311	9.602887099915135	499.64125731044663	0.6293750666351519	0	0	0	0	39200174289997396e-21	0	8057489107105857e-20	0.007753693533199303	4278972387370152e-21
5.5	4.767132174727513	4.767132174727513	4.767132174727513	0.09109212816953864	5.498496337541938	0.0170217619964132	9.602887099915131	499.64125731044584	0.6293750666351511	0	0	0	0	3920046921439725e-20	0	8057506411363086e-20	0.007753805750459648	4278900802398563e-21
5.6	4.7671321747275135	4.7671321747275135	4.7671321747275135	0.09109212816953886	5.498496337541988	0.01702176199641349	9.602887099915126	499.64125731044476	0.6293750666351483	0	0	0	0	39201104299855624e-21	0	8057520384486515e-20	0.007753888938029791	4278858887337659e-21
5.7	4.7671321747275135	4.7671321747275135	4.7671321747275135	0.09109212816953866	5.498496337541945	0.017021761996413205	9.602887099915131	499.6412573104458	0.629375066635151	0	0	0	0	3920064647664324e-20	0	805753168906748e-19	0.00775397991429385	4278773684983729e-21
5.8	4.7671321747275135	4.7671321747275135	4.7671321747275135	0.09109212816953866	5.49849633754197	0.01702176199641316	9.60288709991513	499.6412573104452	0.6293750666351513	0	0	0	0	39200657442936637e-21	0	805754087745925e-19	0.007754046067971559	4278724621439635e-21
5.9	4.7671321747275135	4.7671321747275135	4.7671321747275135	0.09109212816953896	5.49849633754206	0.017021761996413497	9.60288709991512	499.64125731044334	0.6293750666351481	0	0	0	0	392013796189768e-19	0	8057548302654375e-20	0.007754084021200397	4278720349697249e-21
6	4.7671321747275135	4.7671321747275135	4.7671321747275135	0.09109212816953888	5.498496337542034	0.017021761996413382	9.602887099915124	499.6412573104439	0.6293750666351491	0	0	0	0	3920119081346613e-20	0	8057554301520541e-20	0.0077541331623065335	42786733995360736e-22
6.1	4.7671321747275135	4.7671321747275135	4.7671321747275135	0.09109212816953867	5.498496337541992	0.017021761996413108	9.60288709991513	499.64125731044476	0.6293750666351517	0	0	0	0	39200724180532074e-21	0	8057559178265414e-20	0.007754180846909468	4278619467142973e-21
6.2	4.7671321747275135	4.7671321747275135	4.7671321747275135	0.09109212816953896	5.498496337542103	0.017021761996413386	9.60288709991512	499.64125731044226	0.629375066635149	0	0	0	0	3920138621800123e-20	0	8057563123698679e-20	0.0077541959932440644	4278633032221788e-21
6.3	4.7671321747275135	4.7671321747275135	4.7671321747275135	0.09109212816953897	5.498496337542112	0.017021761996413413	9.60288709991512	499.64125731044203	0.6293750666351489	0	0	0	0	3920146350453801e-20	0	805756630925396e-19	0.007754219122406755	4278616014007799e-21
6.4	4.7671321747275135	4.7671321747275135	4.7671321747275135	0.0910921281695387	5.49849633754201	0.017021761996413042	9.60288709991513	499.6412573104443	0.6293750666351525	0	0	0	0	39200723034492905e-21	0	8057568897016872e-20	0.007754256665629282	42785566692816624e-22
6.5	4.7671321747275135	4.7671321747275135	4.7671321747275135	0.09109212816953896	5.498496337542115	0.017021761996413184	9.602887099915122	499.6412573104419	0.629375066635151	0	0	0	0	39201201848096186e-21	0	8057570992822614e-20	0.007754262521347822	4278572588659098e-21
6.6	4.7671321747275135	4.7671321747275135	4.7671321747275135	0.09109212816953907	5.498496337542155	0.017021761996413254	9.602887099915119	499.641257310441	0.6293750666351503	0	0	0	0	3920140850934344e-20	0	8057572684791917e-20	0.007754271590761595	4278572919409587e-21
6.7	4.7671321747275135	4.7671321747275135	4.7671321747275135	0.0910921281695387	5.498496337542026	0.017021761996412945	9.60288709991513	499.6412573104439	0.6293750666351532	0	0	0	0	3920067011306803e-20	0	8057574058203251e-20	0.007754299939238319	42785181152403544e-22
6.8	4.7671321747275135	4.7671321747275135	4.7671321747275135	0.09109212816953896	5.498496337542132	0.01702176199641302	9.60288709991512	499.6412573104415	0.6293750666351526	0	0	0	0	3920103218557646e-20	0	8057575171333637e-20	0.0077543009614930445	4278534601972622e-21
6.9	4.7671321747275135	4.7671321747275135	4.7671321747275135	0.09109212816953914	5.498496337542204	0.0170217619964131	9.602887099915117	499.6412573104399	0.6293750666351519	0	0	0	0	3920131769424138e-20	0	805757606991609e-19	0.007754302052218766	4278546148334733e-21
7	4.7671321747275135	4.7671321747275135	4.7671321747275135	0.09109212816953874	5.498496337542051	0.017021761996412876	9.602887099915128	499.6412573104434	0.629375066635154	0	0	0	0	39200641554530655e-21	0	8057576798812479e-20	0.007754323888316937	4278496838413988e-21
7.1	4.7671321747275135	4.7671321747275135	4.7671321747275135	0.09109212816953896	5.498496337542166	0.017021761996412896	9.602887099915122	499.64125731044084	0.6293750666351536	0	0	0	0	3920097227627879e-20	0	8057577390057784e-20	0.007754321456317237	4278516255334638e-21
7.2	4.7671321747275135	4.7671321747275135	4.7671321747275135	0.09109212816953927	5.4984963375422895	0.017021761996412976	9.602887099915113	499.64125731043805	0.6293750666351529	0	0	0	0	3920139084333893e-20	0	805757786731402e-19	0.007754316066130337	4278541095401538e-21
7.3	4.7671321747275135	4.7671321747275135	4.7671321747275135	0.09109212816953882	5.4984963375421065	0.017021761996412827	9.602887099915126	499.64125731044214	0.6293750666351545	0	0	0	0	39200734886635714e-21	0	805757825401065e-19	0.007754334620375977	42784929396538e-19
7.4	4.7671321747275135	4.7671321747275135	4.7671321747275135	0.09109212816953907	5.498496337542222	0.01702176199641278	9.60288709991512	499.6412573104395	0.6293750666351549	0	0	0	0	3920097295186865e-20	0	8057578568046223e-20	0.007754332003871693	4278509468625671e-21
7.5	4.7671321747275135	4.7671321747275135	4.7671321747275135	0.09109212816953956	5.498496337542435	0.01702176199641282	9.602887099915106	499.64125731043475	0.6293750666351543	0	0	0	0	3920157721806367e-20	0	805757882161734e-19	0.007754320449428779	4278551245158139e-21
7.6	4.7671321747275135	4.7671321747275135	4.7671321747275135	0.09109212816953914	5.498496337542251	0.017021761996412765	9.602887099915117	499.64125731043896	0.629375066635155	0	0	0	0	39201033461011996e-21	0	8057579026738297e-20	0.007754334865201496	42785099640398876e-22
7.7	4.7671321747275135	4.7671321747275135	4.7671321747275135	0.09109212816953904	5.498496337542256	0.01702176199641265	9.602887099915119	499.6412573104387	0.629375066635156	0	0	0	0	3920093439476911e-20	0	8057579193475115e-20	0.007754338717775242	427850394300603e-20
7.8	4.7671321747275135	4.7671321747275135	4.7671321747275135	0.09109212816953956	5.498496337542543	0.017021761996412588	9.602887099915106	499.64125731043237	0.6293750666351564	0	0	0	0	3920163171445721e-20	0	8057579328228235e-20	0.007754323975876376	4278556491608382e-21
7.9	4.7671321747275135	4.7671321747275135	4.7671321747275135	0.09109212816953939	5.498496337542456	0.017021761996412598	9.602887099915112	499.64125731043424	0.6293750666351565	0	0	0	0	392014085785581e-19	0	8057579437095016e-20	0.007754330160303155	4278538422635977e-21
8	4.767132174727514	4.767132174727514	4.767132174727514	0.09109212816953897	5.498496337542266	0.017021761996412532	9.602887099915122	499.64125731043856	0.6293750666351572	0	0	0	0	39200852135798716e-21	0	8057579525589379e-20	0.007754343819684944	42784971869531284e-22
8.1	4.7671321747275135	4.7671321747275135	4.7671321747275135	0.09109212816953936	5.498496337542548	0.017021761996412338	9.602887099915112	499.64125731043214	0.6293750666351587	0	0	0	0	3920143775568061e-20	0	8057579597183148e-20	0.007754331066501873	4278544498173165e-21
8.2	4.7671321747275135	4.7671321747275135	4.7671321747275135	0.09109212816953936	5.498496337542555	0.017021761996412327	9.602887099915113	499.64125731043197	0.6293750666351589	0	0	0	0	39201448779023905e-21	0	805757965499759e-19	0.007754331393399793	4278544904457175e-21
8.3	4.7671321747275135	4.7671321747275135	4.7671321747275135	0.09109212816953884	5.498496337542263	0.017021761996412404	9.602887099915126	499.64125731043856	0.6293750666351582	0	0	0	0	39200745975771806e-21	0	8057579701964664e-20	0.007754348027159047	4278489754124409e-21
8.4	4.7671321747275135	4.7671321747275135	4.7671321747275135	0.09109212816953911	5.498496337542504	0.017021761996412137	9.60288709991512	499.64125731043305	0.6293750666351605	0	0	0	0	3920118526138562e-20	0	8057579739992226e-20	0.007754338318585479	4278527532536357e-21
8.5	4.7671321747275135	4.7671321747275135	4.7671321747275135	0.09109212816953918	5.498496337542571	0.017021761996412074	9.602887099915117	499.64125731043146	0.629375066635161	0	0	0	0	3920131103443884e-20	0	8057579770695723e-20	0.007754335746064003	42785379175426085e-22
8.6	4.7671321747275135	4.7671321747275135	4.7671321747275135	0.09109212816953875	5.4984963375422575	0.017021761996412282	9.60288709991513	499.64125731043856	0.6293750666351593	0	0	0	0	39200653095118226e-21	0	8057579795625524e-20	0.007754351133523706	4278483841279787e-21
8.7	4.7671321747275135	4.7671321747275135	4.7671321747275135	0.09109212816953896	5.498496337542494	0.01702176199641194	9.602887099915122	499.6412573104332	0.6293750666351624	0	0	0	0	3920105494402846e-20	0	8057579815824083e-20	0.0077543421096376245	4278520127362948e-21
8.8	4.7671321747275135	4.7671321747275135	4.7671321747275135	0.0910921281695391	5.498496337542632	0.017021761996411762	9.602887099915119	499.6412573104301	0.629375066635164	0	0	0	0	39201305356025526e-21	0	8057579832128495e-20	0.007754336527864917	4278541984881446e-21
8.9	4.7671321747275135	4.7671321747275135	4.7671321747275135	0.09109212816953872	5.498496337542289	0.017021761996412126	9.60288709991513	499.64125731043794	0.6293750666351607	0	0	0	0	3920065118735107e-20	0	8057579845357411e-20	0.007754351710432276	4278485659482605e-21
9	4.7671321747275135	4.7671321747275135	4.7671321747275135	0.09109212816953899	5.498496337542548	0.017021761996411675	9.602887099915122	499.641257310432	0.6293750666351648	0	0	0	0	3920105261829714e-20	0	8057579856087156e-20	0.007754342599389269	4278523684252124e-21
9.1	4.7671321747275135	4.7671321747275135	4.7671321747275135	0.09109212816953928	5.49849633754282	0.01702176199641127	9.602887099915115	499.64125731042594	0.6293750666351684	0	0	0	0	3920150415511165e-20	0	8057579864747356e-20	0.007754332314802287	4278564859762091e-21
9.2	4.7671321747275135	4.7671321747275135	4.7671321747275135	0.09109212816953885	5.498496337542412	0.017021761996411845	9.602887099915124	499.6412573104351	0.6293750666351634	0	0	0	0	3920080748784597e-20	0	8057579871764058e-20	0.007754348409450701	4278501907042814e-21
9.3	4.767132174727513	4.767132174727513	4.767132174727513	0.091092128169539	5.498496337542599	0.017021761996411422	9.60288709991512	499.64125731043083	0.6293750666351672	0	0	0	0	3920104851962202e-20	0	8057579877462918e-20	0.0077543429327354245	4278527038950289e-21
9.4	4.7671321747275135	4.7671321747275135	4.7671321747275135	0.09109212816953943	5.498496337543028	0.017021761996410662	9.60288709991511	499.6412573104212	0.629375066635174	0	0	0	0	3920170518336185e-20	0	8057579882064633e-20	0.0077543278889915575	4278589581717305e-21
9.5	4.767132174727514	4.767132174727514	4.767132174727514	0.09109212816953907	5.498496337542672	0.017021761996411273	9.60288709991512	499.6412573104293	0.6293750666351685	0	0	0	0	392011483366407e-19	0	8057579885786731e-20	0.0077543407336344095	4278536985280853e-21
9.6	4.767132174727514	4.767132174727514	4.767132174727514	0.09109212816953897	5.4984963375425915	0.017021761996411294	9.602887099915122	499.6412573104311	0.6293750666351684	0	0	0	0	392009573609911e-19	0	8057579888812385e-20	0.007754345159366852	4278521702357771e-21
9.7	4.7671321747275135	4.7671321747275135	4.7671321747275135	0.09109212816953945	5.498496337543072	0.017021761996410305	9.602887099915108	499.64125731042014	0.6293750666351772	0	0	0	0	3920162718499941e-20	0	8057579891257819e-20	0.007754329789265191	4278588486602681e-21
9.8	4.7671321747275135	4.7671321747275135	4.7671321747275135	0.09109212816953927	5.498496337542902	0.017021761996410634	9.602887099915113	499.64125731042395	0.6293750666351742	0	0	0	0	392013798993339e-19	0	8057579893233754e-20	0.0077543354977666415	4278564283028936e-21
9.9	4.767132174727513	4.767132174727513	4.767132174727513	0.09109212816953889	5.498496337542542	0.017021761996411245	9.602887099915122	499.6412573104321	0.6293750666351687	0	0	0	0	3920082460072318e-20	0	8057579894839619e-20	0.007754348283106211	4278511736018238e-21
10	4.7671321747275135	4.7671321747275135	4.7671321747275135	0.09109212816953924	5.498496337542948	0.017021761996410298	9.602887099915113	499.64125731042293	0.6293750666351773	0	0	0	0	3920134560837055e-20	0	8057579896138383e-20	0.007754336321162138	4278566175629317e-21
10.1	4.7671321747275135	4.7671321747275135	4.7671321747275135	0.09109212816953918	5.498496337542905	0.01702176199641039	9.602887099915115	499.64125731042395	0.6293750666351765	0	0	0	0	3920128321165439e-20	0	8057579897187551e-20	0.007754337768492203	427856001505383e-20
10.2	4.767132174727514	4.767132174727514	4.767132174727514	0.0910921281695388	5.498496337542484	0.017021761996411224	9.602887099915126	499.6412573104335	0.6293750666351691	0	0	0	0	39200692138943765e-21	0	8057579898040242e-20	0.007754351367505484	42785013183220586e-22
10.3	4.7671321747275135	4.7671321747275135	4.7671321747275135	0.09109212816953904	5.498496337542851	0.017021761996410253	9.602887099915119	499.64125731042515	0.6293750666351778	0	0	0	0	39201134569473674e-21	0	805757989873034e-19	0.007754341204860747	4278549361300242e-21
10.4	4.7671321747275135	4.7671321747275135	4.7671321747275135	0.09109212816953909	5.498496337542906	0.017021761996410107	9.602887099915117	499.6412573104239	0.6293750666351791	0	0	0	0	3920120043979573e-20	0	8057579899287473e-20	0.007754339697558379	4278556522062782e-21
10.5	4.7671321747275135	4.7671321747275135	4.7671321747275135	0.09109212816953874	5.498496337542471	0.017021761996411103	9.602887099915124	499.6412573104337	0.6293750666351702	0	0	0	0	3920063031103031e-20	0	8057579899739896e-20	0.007754352810292641	42784976013658495e-22
10.6	4.7671321747275135	4.7671321747275135	4.7671321747275135	0.09109212816953909	5.498496337542879	0.01702176199640991	9.602887099915115	499.64125731042435	0.6293750666351811	0	0	0	0	3920110043041737e-20	0	8057579900106432e-20	0.0077543420071851474	4278550297409059e-21
10.7	4.7671321747275135	4.7671321747275135	4.7671321747275135	0.09109212816953928	5.498496337543091	0.017021761996409313	9.60288709991511	499.64125731041946	0.6293750666351864	0	0	0	0	3920135358476139e-20	0	8057579900402357e-20	0.00775433619112555	4278578134836052e-21
10.8	4.767132174727513	4.767132174727513	4.767132174727513	0.0910921281695388	5.498496337542545	0.01702176199641076	9.602887099915124	499.64125731043185	0.6293750666351734	0	0	0	0	3920068520164687e-20	0	8057579900642569e-20	0.007754351560061046	4278506005033436e-21
10.9	4.767132174727513	4.767132174727513	4.767132174727513	0.09109212816953906	5.49849633754298	0.01702176199640939	9.602887099915117	499.6412573104219	0.6293750666351857	0	0	0	0	39201146459650634e-21	0	8057579900837425e-20	0.007754340958534502	42785598641073564e-22
11	4.7671321747275135	4.7671321747275135	4.7671321747275135	0.09109212816953938	5.498496337543441	0.017021761996408015	9.60288709991511	499.64125731041133	0.6293750666351984	0	0	0	0	3920166069109118e-20	0	8057579900994689e-20	0.007754329138698858	42786182283899575e-22
11.1	4.7671321747275135	4.7671321747275135	4.7671321747275135	0.09109212816953889	5.49849633754278	0.01702176199640995	9.60288709991512	499.64125731042645	0.6293750666351808	0	0	0	0	3920091008726333e-20	0	8057579901122065e-20	0.007754346396419348	4278533808364709e-21
11.2	4.7671321747275135	4.7671321747275135	4.7671321747275135	0.09109212816953897	5.498496337542983	0.017021761996409143	9.602887099915122	499.64125731042185	0.6293750666351883	0	0	0	0	3920109421305436e-20	0	805757990122536e-19	0.007754342164857965	4278558038519695e-21
11.3	4.7671321747275135	4.7671321747275135	4.7671321747275135	0.09109212816953935	5.498496337543621	0.01702176199640706	9.60288709991511	499.6412573104073	0.6293750666352073	0	0	0	0	3920177413407223e-20	0	8057579901308708e-20	0.007754326534949831	4278638013409288e-21
11.4	4.7671321747275135	4.7671321747275135	4.7671321747275135	0.09109212816953903	5.498496337543096	0.01702176199640874	9.602887099915119	499.64125731041923	0.6293750666351919	0	0	0	0	3920120699093904e-20	0	8057579901376282e-20	0.007754339574221116	4278571957073537e-21
11.5	4.7671321747275135	4.7671321747275135	4.7671321747275135	0.09109212816953884	5.498496337542877	0.017021761996409264	9.602887099915124	499.64125731042435	0.6293750666351873	0	0	0	0	392009396803781e-19	0	8057579901431351e-20	0.00775434572032132	4278543471403352e-21
11.6	4.7671321747275135	4.7671321747275135	4.7671321747275135	0.09109212816953913	5.498496337543465	0.01702176199640715	9.602887099915115	499.6412573104109	0.6293750666352066	0	0	0	0	39201537544906305e-21	0	8057579901475823e-20	0.007754331976332204	4278616534503409e-21
11.7	4.7671321747275135	4.7671321747275135	4.7671321747275135	0.09109212816953897	5.498496337543173	0.01702176199640815	9.60288709991512	499.6412573104176	0.6293750666351974	0	0	0	0	3920123327689067e-20	0	805757990151161e-19	0.007754338971810122	4278580081205154e-21
11.8	4.7671321747275135	4.7671321747275135	4.7671321747275135	0.09109212816953871	5.4984963375427425	0.017021761996409496	9.602887099915128	499.6412573104274	0.6293750666351852	0	0	0	0	39200768653209046e-21	0	8057579901540757e-20	0.007754349653694132	4278526174327673e-21
11.9	4.7671321747275135	4.7671321747275135	4.7671321747275135	0.0910921281695389	5.498496337543226	0.017021761996407602	9.60288709991512	499.64125731041634	0.6293750666352023	0	0	0	0	3920124260099626e-20	0	8057579901564519e-20	0.007754338758206887	4278586159615577e-21
12	4.7671321747275135	4.7671321747275135	4.7671321747275135	0.09109212816953882	5.498496337543088	0.017021761996408105	9.602887099915122	499.6412573104194	0.6293750666351976	0	0	0	0	39201102521647496e-21	0	8057579901583594e-20	0.007754341978837856	4278568989589449e-21
12.1	4.767132174727513	4.767132174727513	4.767132174727513	0.09109212816953861	5.498496337542661	0.017021761996409597	9.602887099915128	499.6412573104292	0.6293750666351842	0	0	0	0	3920065493538282e-20	0	8057579901598809e-20	0.007754352268850848	42785151551258435e-22
12.2	4.7671321747275135	4.7671321747275135	4.7671321747275135	0.09109212816953886	5.498496337543171	0.017021761996407505	9.602887099915124	499.64125731041753	0.6293750666352034	0	0	0	0	3920113333021013e-20	0	8057579901611035e-20	0.007754341270973604	4278577344789093e-21
12.3	4.7671321747275135	4.7671321747275135	4.7671321747275135	0.09109212816953888	5.498496337543206	0.017021761996407356	9.602887099915122	499.64125731041673	0.6293750666352047	0	0	0	0	3920116585964491e-20	0	8057579901620931e-20	0.007754340523287768	4278581649449535e-21
12.4	4.7671321747275135	4.7671321747275135	4.7671321747275135	0.09109212816953864	5.498496337542682	0.01702176199640933	9.60288709991513	499.64125731042867	0.6293750666351867	0	0	0	0	39200647686405916e-21	0	8057579901629054e-20	0.00775435243595784	4278516895037255e-21
12.5	4.7671321747275135	4.7671321747275135	4.7671321747275135	0.09109212816953896	5.498496337543298	0.017021761996406662	9.602887099915122	499.64125731041463	0.6293750666352111	0	0	0	0	3920120089322326e-20	0	8057579901635631e-20	0.007754339718106285	4278590834207803e-21
12.6	4.7671321747275135	4.7671321747275135	4.7671321747275135	0.09109212816953911	5.498496337543618	0.017021761996405305	9.602887099915119	499.6412573104074	0.6293750666352237	0	0	0	0	39201495396551356e-21	0	805757990164094e-19	0.007754332947701322	4278629663127218e-21
12.7	4.7671321747275135	4.7671321747275135	4.7671321747275135	0.09109212816953874	5.498496337542832	0.017021761996408556	9.60288709991513	499.6412573104253	0.6293750666351938	0	0	0	0	39200759595446585e-21	0	8057579901645246e-20	0.007754349863471816	4278533873015914e-21
12.8	4.767132174727513	4.767132174727513	4.767132174727513	0.09109212816953907	5.4984963375433935	0.017021761996405916	9.602887099915119	499.6412573104125	0.6293750666352181	0	0	0	0	3920123668455864e-20	0	8057579901648715e-20	0.00775433889548291	4278600306681706e-21
12.9	4.7671321747275135	4.7671321747275135	4.7671321747275135	0.09109212816953945	5.498496337544054	0.017021761996402957	9.602887099915112	499.6412573103976	0.6293750666352453	0	0	0	0	3920181752905673e-20	0	8057579901651581e-20	0.007754325542198803	4278679111196107e-21
13	4.7671321747275135	4.7671321747275135	4.7671321747275135	0.09109212816953896	5.4984963375431555	0.01702176199640693	9.602887099915124	499.641257310418	0.6293750666352086	0	0	0	0	3920101778499343e-20	0	8057579901654071e-20	0.007754343927956019	4278571388351278e-21
13.1	4.7671321747275135	4.7671321747275135	4.7671321747275135	0.09109212816953902	5.498496337543287	0.017021761996406128	9.602887099915122	499.641257310415	0.6293750666352161	0	0	0	0	39201095297210044e-21	0	8057579901656073e-20	0.007754342146017439	427858523822814e-20
13.2	4.7671321747275135	4.7671321747275135	4.7671321747275135	0.09109212816953943	5.498496337544054	0.017021761996402512	9.602887099915112	499.64125731039763	0.6293750666352493	0	0	0	0	39201737814352474e-21	0	8057579901657652e-20	0.007754327374889062	427867520868957e-20
13.3	4.7671321747275135	4.7671321747275135	4.7671321747275135	0.09109212816953906	5.498496337543367	0.017021761996405697	9.60288709991512	499.6412573104133	0.6293750666352201	0	0	0	0	39201152084903996e-21	0	8057579901659001e-20	0.007754340840539771	4278594079089807e-21
13.4	4.7671321747275135	4.7671321747275135	4.7671321747275135	0.09109212816953888	5.498496337543086	0.01702176199640684	9.602887099915126	499.6412573104197	0.6293750666352097	0	0	0	0	3920088407215715e-20	0	8057579901660038e-20	0.007754347002036797	4278559438552361e-21
13.5	4.7671321747275135	4.7671321747275135	4.7671321747275135	0.09109212816953921	5.498496337543728	0.01702176199640367	9.602887099915119	499.641257310405	0.6293750666352388	0	0	0	0	39201394087838466e-21	0	8057579901660751e-20	0.0077543352770410206	42786331634581035e-22
13.6	4.7671321747275135	4.7671321747275135	4.7671321747275135	0.09109212816953899	5.498496337543268	0.017021761996405888	9.602887099915124	499.64125731041554	0.6293750666352184	0	0	0	0	3920101689258957e-20	0	8057579901661288e-20	0.007754343948584334	427857962844827e-20
13.7	4.767132174727513	4.767132174727513	4.767132174727513	0.09109212816953874	5.498496337542917	0.017021761996407418	9.602887099915128	499.6412573104235	0.6293750666352044	0	0	0	0	3920071407618272e-20	0	8057579901661884e-20	0.007754350910192931	4278538544987003e-21
13.8	4.7671321747275135	4.7671321747275135	4.7671321747275135	0.09109212816953899	5.498496337543509	0.017021761996404327	9.602887099915124	499.64125731041	0.6293750666352329	0	0	0	0	39201174836879206e-21	0	8057579901662491e-20	0.0077543403175391115	4278606843124927e-21
13.9	4.7671321747275135	4.7671321747275135	4.7671321747275135	0.09109212816953888	5.498496337543255	0.017021761996405604	9.602887099915126	499.6412573104158	0.629375066635221	0	0	0	0	3920097331261033e-20	0	8057579901662868e-20	0.007754344950488496	4278577558311126e-21
14	4.7671321747275135	4.7671321747275135	4.7671321747275135	0.09109212816953874	5.49849633754288	0.017021761996407377	9.60288709991513	499.6412573104243	0.6293750666352047	0	0	0	0	3920065862652642e-20	0	8057579901663177e-20	0.00775435218497114	4278533424106975e-21
14.1	4.7671321747275135	4.7671321747275135	4.7671321747275135	0.09109212816953909	5.49849633754361	0.017021761996403456	9.60288709991512	499.64125731040764	0.6293750666352407	0	0	0	0	3920120555851548e-20	0	8057579901663619e-20	0.007754339611278652	427861628512218e-20
14.2	4.7671321747275135	4.7671321747275135	4.7671321747275135	0.09109212816953911	5.498496337543658	0.017021761996403203	9.602887099915119	499.6412573104065	0.6293750666352431	0	0	0	0	39201241312922965e-21	0	8057579901663884e-20	0.007754338789305818	427862173059525e-20
14.3	4.767132174727513	4.767132174727513	4.767132174727513	0.09109212816953878	5.498496337542972	0.017021761996406714	9.602887099915126	499.6412573104222	0.6293750666352108	0	0	0	0	39200704010219544e-21	0	8057579901663945e-20	0.00775435114163254	4278542744700168e-21
14.4	4.7671321747275135	4.7671321747275135	4.7671321747275135	0.09109212816953921	5.4984963375438465	0.0170217619964018	9.602887099915115	499.64125731040224	0.6293750666352561	0	0	0	0	3920133664033258e-20	0	8057579901664218e-20	0.007754336597780533	4278641194230127e-21
14.5	4.7671321747275135	4.7671321747275135	4.7671321747275135	0.09109212816953946	5.498496337544349	0.01702176199639902	9.602887099915108	499.6412573103907	0.6293750666352818	0	0	0	0	39201706514626425e-21	0	8057579901664508e-20	0.007754328094554805	4278698102659292e-21
14.6	4.7671321747275135	4.7671321747275135	4.7671321747275135	0.0910921281695389	5.498496337543215	0.017021761996405194	9.60288709991512	499.6412573104166	0.6293750666352248	0	0	0	0	3920086397073296e-20	0	805757990166455e-19	0.007754347464224759	4278569557949808e-21
14.7	4.767132174727514	4.767132174727514	4.767132174727514	0.09109212816953917	5.498496337543833	0.01702176199640152	9.602887099915115	499.6412573104026	0.6293750666352588	0	0	0	0	3920128129538845e-20	0	8057579901664088e-20	0.007754337870138068	4278637523912476e-21
14.8	4.7671321747275135	4.7671321747275135	4.7671321747275135	0.09109212816953957	5.498496337544693	0.017021761996396594	9.602887099915103	499.6412573103829	0.6293750666353043	0	0	0	0	3920188877547773e-20	0	8057579901663616e-20	0.007754323904471547	4278733493855983e-21
14.9	4.7671321747275135	4.7671321747275135	4.7671321747275135	0.09109212816953903	5.498496337543535	0.01702176199640316	9.602887099915117	499.6412573104093	0.6293750666352438	0	0	0	0	3920106285529692e-20	0	8057579901663662e-20	0.007754342891969899	4278603953771241e-21
15	4.7671321747275135	4.7671321747275135	4.7671321747275135	0.09109212816953899	5.498496337543549	0.017021761996402825	9.60288709991512	499.6412573104089	0.6293750666352469	0	0	0	0	3920104389496031e-20	0	8057579901663571e-20	0.0077543433278593294	4278604143251273e-21
15.1	4.7671321747275135	4.7671321747275135	4.7671321747275135	0.0910921281695393	5.498496337544356	0.017021761996398002	9.602887099915113	499.6412573103905	0.6293750666352913	0	0	0	0	3920159091268439e-20	0	805757990166336e-19	0.007754330752192099	42786930350879225e-22
15.2	4.7671321747275135	4.7671321747275135	4.7671321747275135	0.09109212816953893	5.498496337543481	0.017021761996403154	9.602887099915124	499.6412573104104	0.6293750666352437	0	0	0	0	39200985597852414e-21	0	8057579901663493e-20	0.007754344668081529	42785958899634735e-22
15.3	4.7671321747275135	4.7671321747275135	4.7671321747275135	0.09109212816953881	5.498496337543254	0.017021761996404254	9.602887099915128	499.6412573104156	0.6293750666352337	0	0	0	0	39200809740550115e-21	0	8057579901663836e-20	0.007754348710954073	4278570033755093e-21
15.4	4.7671321747275135	4.7671321747275135	4.7671321747275135	0.09109212816953909	5.498496337543925	0.01702176199640005	9.602887099915119	499.64125731040036	0.6293750666352725	0	0	0	0	39201251522673755e-21	0	8057579901664081e-20	0.007754338554601073	4278643625390913e-21
15.5	4.7671321747275135	4.7671321747275135	4.7671321747275135	0.09109212816953882	5.49849633754329	0.017021761996403924	9.602887099915126	499.6412573104149	0.6293750666352367	0	0	0	0	39200825625119796e-21	0	80575799016641e-18	0.007754348345776207	4278573762545501e-21
15.6	4.767132174727513	4.767132174727513	4.767132174727513	0.09109212816953877	5.498496337543125	0.017021761996404768	9.602887099915128	499.64125731041855	0.6293750666352289	0	0	0	0	39200694925597065e-21	0	8057579901664134e-20	0.007754351350494214	427855442119719e-20
15.7	4.7671321747275135	4.7671321747275135	4.7671321747275135	0.09109212816953909	5.498496337543891	0.01702176199639987	9.602887099915119	499.64125731040104	0.6293750666352741	0	0	0	0	3920118249584244e-20	0	8057579901664242e-20	0.0077543401414950225	4278637185473894e-21
15.8	4.7671321747275135	4.7671321747275135	4.7671321747275135	0.09109212816953892	5.49849633754353	0.01702176199640215	9.602887099915124	499.6412573104093	0.6293750666352531	0	0	0	0	3920094817611741e-20	0	805757990166424e-19	0.007754345528390058	42785978774092616e-22
15.9	4.767132174727514	4.767132174727514	4.767132174727514	0.09109212816953882	5.498496337543189	0.017021761996404136	9.602887099915126	499.64125731041713	0.6293750666352348	0	0	0	0	39200709117734e-18	0	8057579901664078e-20	0.007754351024224688	4278559720805521e-21
16	4.7671321747275135	4.7671321747275135	4.7671321747275135	0.0910921281695393	5.498496337544235	0.01702176199639724	9.602887099915113	499.64125731039314	0.6293750666352984	0	0	0	0	39201355250554186e-21	0	8057579901663928e-20	0.007754336169950277	4278671674747585e-21
16.1	4.7671321747275135	4.7671321747275135	4.7671321747275135	0.09109212816953935	5.498496337544368	0.017021761996396365	9.602887099915112	499.6412573103902	0.6293750666353066	0	0	0	0	392014380760152e-19	0	8057579901663932e-20	0.0077543342658338175	4278685956136955e-21
16.2	4.7671321747275135	4.7671321747275135	4.7671321747275135	0.0910921281695389	5.498496337543352	0.01702176199640288	9.602887099915122	499.64125731041344	0.6293750666352463	0	0	0	0	3920078947857679e-20	0	8057579901664082e-20	0.007754349176768546	4278575944475613e-21
16.3	4.7671321747275135	4.7671321747275135	4.7671321747275135	0.0910921281695394	5.498496337544479	0.017021761996395223	9.60288709991511	499.6412573103877	0.6293750666353172	0	0	0	0	3920145554498609e-20	0	8057579901664093e-20	0.007754333864230176	4278694529838692e-21
16.4	4.7671321747275135	4.7671321747275135	4.7671321747275135	0.09109212816953975	5.498496337545228	0.017021761996390196	9.602887099915101	499.6412573103706	0.6293750666353637	0	0	0	0	3920190598990858e-20	0	8057579901664113e-20	0.007754323508723681	4278773829507297e-21
16.5	4.7671321747275135	4.7671321747275135	4.7671321747275135	0.09109212816953907	5.498496337543674	0.01702176199640053	9.60288709991512	499.64125731040605	0.6293750666352682	0	0	0	0	3920096272648192e-20	0	805757990166426e-19	0.007754345193884747	42786088502388045e-22
16.6	4.7671321747275135	4.7671321747275135	4.7671321747275135	0.0910921281695393	5.4984963375442115	0.017021761996396653	9.602887099915113	499.6412573103938	0.6293750666353041	0	0	0	0	3920125189216985e-20	0	8057579901664288e-20	0.007754338546107991	427866343622601e-20
16.7	4.7671321747275135	4.7671321747275135	4.7671321747275135	0.09109212816953968	5.498496337545171	0.01702176199639003	9.602887099915103	499.6412573103719	0.6293750666353654	0	0	0	0	39201806986661766e-21	0	8057579901664277e-20	0.007754325784759131	4278763596709452e-21
16.8	4.7671321747275135	4.7671321747275135	4.7671321747275135	0.09109212816953909	5.498496337543772	0.01702176199639959	9.602887099915119	499.64125731040383	0.6293750666352769	0	0	0	0	39200986883891255e-21	0	8057579901664349e-20	0.0077543446385173985	42786169033577046e-22
16.9	4.7671321747275135	4.7671321747275135	4.7671321747275135	0.09109212816953904	5.498496337543753	0.017021761996399477	9.60288709991512	499.6412573104042	0.629375066635278	0	0	0	0	39200951300406664e-21	0	8057579901664097e-20	0.007754345456564791	4278613415968436e-21
17	4.7671321747275135	4.7671321747275135	4.7671321747275135	0.09109212816953935	5.498496337544532	0.017021761996393946	9.602887099915113	499.6412573103864	0.6293750666353292	0	0	0	0	3920138503733705e-20	0	8057579901663714e-20	0.00775433548516728	4278693605411935e-21
17.1	4.7671321747275135	4.7671321747275135	4.7671321747275135	0.09109212816953892	5.498496337543474	0.01702176199640135	9.602887099915124	499.64125731041065	0.6293750666352607	0	0	0	0	39200783309421406e-21	0	8057579901663613e-20	0.007754349318595165	4278583839559477e-21
17.2	4.7671321747275135	4.7671321747275135	4.7671321747275135	0.09109212816953886	5.498496337543458	0.017021761996401243	9.602887099915126	499.641257310411	0.6293750666352619	0	0	0	0	39200755125763416e-21	0	8057579901663722e-20	0.007754349966523844	4278581071105457e-21
17.3	4.7671321747275135	4.7671321747275135	4.7671321747275135	0.09109212816953913	5.498496337544218	0.0170217619963957	9.602887099915119	499.6412573103936	0.6293750666353131	0	0	0	0	3920116825503974e-20	0	8057579901663833e-20	0.007754340468886055	4278658839928015e-21
17.4	4.7671321747275135	4.7671321747275135	4.7671321747275135	0.09109212816953882	5.498496337543406	0.017021761996401544	9.602887099915128	499.64125731041224	0.6293750666352589	0	0	0	0	39200719197035026e-21	0	8057579901663852e-20	0.007754350792507933	42785752524764675e-22
17.5	4.7671321747275135	4.7671321747275135	4.7671321747275135	0.09109212816953888	5.498496337543467	0.017021761996400896	9.602887099915128	499.6412573104109	0.629375066635265	0	0	0	0	39200732882224496e-21	0	8057579901664058e-20	0.007754350477891833	4278580183561099e-21
17.6	4.7671321747275135	4.7671321747275135	4.7671321747275135	0.09109212816953928	5.498496337544524	0.017021761996393013	9.602887099915115	499.64125731038666	0.6293750666353379	0	0	0	0	3920129369840276e-20	0	8057579901664425e-20	0.007754337585004376	4278687511541303e-21
17.7	4.7671321747275135	4.7671321747275135	4.7671321747275135	0.0910921281695391	5.498496337544094	0.017021761996396198	9.602887099915119	499.64125731039655	0.6293750666353085	0	0	0	0	39201063251483234e-21	0	8057579901664674e-20	0.007754342882865305	4278643705541945e-21
17.8	4.7671321747275135	4.7671321747275135	4.7671321747275135	0.09109212816953893	5.498496337543623	0.01702176199639948	9.602887099915124	499.6412573104073	0.6293750666352781	0	0	0	0	3920079385004202e-20	0	8057579901664639e-20	0.007754349076271516	4278594664553072e-21
17.9	4.7671321747275135	4.7671321747275135	4.7671321747275135	0.09109212816953949	5.4984963375450935	0.01702176199638826	9.602887099915108	499.64125731037365	0.6293750666353819	0	0	0	0	3920154915640159e-20	0	8057579901664482e-20	0.007754331712150881	4278742196197083e-21
18	4.7671321747275135	4.7671321747275135	4.7671321747275135	0.0910921281695396	5.498496337545423	0.017021761996385765	9.602887099915105	499.64125731036614	0.6293750666354051	0	0	0	0	39201720032921124e-21	0	80575799016644e-18	0.007754327783783909	42787753799047525e-22
18.1	4.7671321747275135	4.7671321747275135	4.7671321747275135	0.091092128169539	5.498496337543845	0.017021761996397593	9.602887099915122	499.6412573104022	0.6293750666352955	0	0	0	0	3920089008863582e-20	0	8057579901664447e-20	0.0077543468637933845	4278615701702603e-21
18.2	4.7671321747275135	4.7671321747275135	4.7671321747275135	0.09109212816953943	5.498496337545074	0.01702176199638791	9.60288709991511	499.64125731037416	0.6293750666353853	0	0	0	0	39201492174451333e-21	0	8057579901664337e-20	0.007754333022137118	4278736791772164e-21
18.3	4.7671321747275135	4.7671321747275135	4.7671321747275135	0.09109212816953977	5.4984963375460305	0.01702176199638048	9.602887099915101	499.6412573103523	0.6293750666354541	0	0	0	0	3920197071192641e-20	0	8057579901664253e-20	0.0077543220207963795	4278831741678474e-21
18.4	4.7671321747275135	4.7671321747275135	4.7671321747275135	0.09109212816953906	5.498496337544082	0.0170217619963955	9.60288709991512	499.64125731039684	0.6293750666353151	0	0	0	0	3920098484751586e-20	0	8057579901664375e-20	0.007754344685332926	4278637438669227e-21
18.5	4.7671321747275135	4.7671321747275135	4.7671321747275135	0.0910921281695392	5.4984963375444655	0.017021761996392198	9.602887099915117	499.641257310388	0.6293750666353455	0	0	0	0	3920115038265615e-20	0	8057579901664489e-20	0.007754340879761688	4278673631626428e-21
18.6	4.7671321747275135	4.7671321747275135	4.7671321747275135	0.0910921281695395	5.498496337545361	0.017021761996385054	9.602887099915108	499.6412573103675	0.6293750666354119	0	0	0	0	3920158282124595e-20	0	8057579901664567e-20	0.00775433093821174	4278761427479414e-21
18.7	4.7671321747275135	4.7671321747275135	4.7671321747275135	0.09109212816953896	5.498496337543791	0.017021761996397416	9.602887099915124	499.6412573104034	0.6293750666352973	0	0	0	0	3920081207749121e-20	0	8057579901664661e-20	0.007754348657230429	4278606682326367e-21
18.8	4.7671321747275135	4.7671321747275135	4.7671321747275135	0.09109212816953897	5.498496337543914	0.01702176199639618	9.602887099915122	499.6412573104006	0.6293750666353087	0	0	0	0	3920085288510547e-20	0	8057579901664803e-20	0.007754347719083419	42786175438630705e-22
18.9	4.7671321747275135	4.7671321747275135	4.7671321747275135	0.09109212816953924	5.4984963375446485	0.017021761996390165	9.602887099915115	499.6412573103837	0.6293750666353644	0	0	0	0	3920119904703937e-20	0	805757990166486e-19	0.007754339760991226	4278689166551131e-21
19	4.7671321747275135	4.7671321747275135	4.7671321747275135	0.09109212816953882	5.498496337543463	0.017021761996399737	9.60288709991513	499.64125731041094	0.6293750666352758	0	0	0	0	3920062970081543e-20	0	8057579901664684e-20	0.007754352849980108	42785728450076865e-22
19.1	4.767132174727514	4.767132174727514	4.767132174727514	0.09109212816953889	5.49849633754377	0.01702176199639699	9.602887099915126	499.64125731040383	0.6293750666353012	0	0	0	0	39200758633490714e-21	0	805757990166441e-19	0.0077543498858819015	4278601746308833e-21
19.2	4.7671321747275135	4.7671321747275135	4.7671321747275135	0.09109212816953921	5.498496337544712	0.01702176199638916	9.602887099915117	499.6412573103822	0.6293750666353737	0	0	0	0	39201192391678834e-21	0	8057579901664164e-20	0.007754339913995575	42786927388665e-19
19.3	4.767132174727513	4.767132174727513	4.767132174727513	0.09109212816953886	5.498496337543705	0.017021761996397457	9.602887099915126	499.6412573104052	0.6293750666352969	0	0	0	0	3920072401536218e-20	0	8057579901664033e-20	0.007754350681736143	4278595177345638e-21
19.4	4.767132174727513	4.767132174727513	4.767132174727513	0.09109212816953896	5.498496337543964	0.01702176199639497	9.60288709991512	499.64125731039934	0.6293750666353198	0	0	0	0	39200827280550105e-21	0	8057579901664206e-20	0.007754348307720085	427861942940034e-20
19.5	4.7671321747275135	4.7671321747275135	4.7671321747275135	0.09109212816953946	5.49849633754548	0.017021761996382025	9.602887099915108	499.6412573103647	0.62937506663544	0	0	0	0	39201512227927615e-21	0	8057579901664544e-20	0.007754332561117354	4278765482298543e-21
19.6	4.7671321747275135	4.7671321747275135	4.7671321747275135	0.09109212816953932	5.498496337545082	0.017021761996385398	9.602887099915112	499.6412573103739	0.6293750666354088	0	0	0	0	3920133184940678e-20	0	8057579901664783e-20	0.007754336707930432	4278727164770062e-21
19.7	4.7671321747275135	4.7671321747275135	4.7671321747275135	0.09109212816953897	5.498496337544143	0.017021761996393128	9.60288709991512	499.64125731039525	0.629375066635337	0	0	0	0	3920089001111177e-20	0	8057579901664653e-20	0.007754346865574973	4278635553119629e-21
19.8	4.7671321747275135	4.7671321747275135	4.7671321747275135	0.09109212816953957	5.498496337546006	0.017021761996376884	9.602887099915106	499.64125731035267	0.6293750666354876	0	0	0	0	3920170337896844e-20	0	8057579901664279e-20	0.0077543281666491715	4278812643553544e-21
19.9	4.7671321747275135	4.7671321747275135	4.7671321747275135	0.09109212816953975	5.498496337546607	0.017021761996371666	9.602887099915101	499.6412573103389	0.6293750666355359	0	0	0	0	3920196871191064e-20	0	8057579901664043e-20	0.007754322066775803	4278870073777838e-21
20	4.7671321747275135	4.7671321747275135	4.7671321747275135	0.09109212816953904	5.498496337544366	0.017021761996390952	9.60288709991512	499.64125731039024	0.6293750666353571	0	0	0	0	39200969907061476e-21	0	8057579901664112e-20	0.007754345028806766	4278655365810412e-21
20.1	4.7671321747275135	4.7671321747275135	4.7671321747275135	0.09109212816953936	5.498496337545433	0.017021761996381255	9.602887099915112	499.6412573103658	0.6293750666354471	0	0	0	0	3920141337413408e-20	0	8057579901663952e-20	0.007754334833717318	4278755293867344e-21
20.2	4.7671321747275135	4.7671321747275135	4.7671321747275135	0.09109212816953964	5.498496337546385	0.0170217619963728	9.602887099915105	499.6412573103441	0.6293750666355256	0	0	0	0	3920181980832659e-20	0	805757990166382e-19	0.00775432548999545	4278845127903379e-21
20.3	4.7671321747275135	4.7671321747275135	4.7671321747275135	0.09109212816953896	5.498496337544213	0.0170217619963919	9.602887099915122	499.6412573103937	0.6293750666353486	0	0	0	0	3920088023605014e-20	0	8057579901663964e-20	0.007754347090298589	42786392842814e-19
20.4	4.7671321747275135	4.7671321747275135	4.7671321747275135	0.09109212816953904	5.498496337544557	0.017021761996388527	9.60288709991512	499.6412573103858	0.6293750666353799	0	0	0	0	3920100817905116e-20	0	8057579901663985e-20	0.007754344148952053	4278670428751405e-21
20.5	4.7671321747275135	4.7671321747275135	4.7671321747275135	0.09109212816953927	5.4984963375452685	0.017021761996382046	9.602887099915113	499.6412573103695	0.62937506663544	0	0	0	0	39201303674518663e-21	0	8057579901663903e-20	0.0077543373556569015	4278737090518779e-21
20.6	4.7671321747275135	4.7671321747275135	4.7671321747275135	0.0910921281695388	5.49849633754368	0.01702176199639629	9.602887099915128	499.64125731040593	0.629375066635308	0	0	0	0	3920063084769367e-20	0	8057579901663872e-20	0.007754352823613622	4278587363272522e-21
20.7	4.767132174727514	4.767132174727514	4.767132174727514	0.09109212816953889	5.498496337544112	0.01702176199639205	9.602887099915124	499.64125731039604	0.6293750666353471	0	0	0	0	39200798820391146e-21	0	8057579901664004e-20	0.007754348962004284	4278627399805897e-21
20.8	4.7671321747275135	4.7671321747275135	4.7671321747275135	0.09109212816953907	5.498496337544857	0.0170217619963851	9.602887099915119	499.64125731037893	0.6293750666354115	0	0	0	0	39201104669968174e-21	0	805757990166413e-19	0.007754341930673669	4278697286208514e-21
20.9	4.7671321747275135	4.7671321747275135	4.7671321747275135	0.09109212816953872	5.498496337543562	0.01702176199639699	9.602887099915128	499.64125731040855	0.6293750666353013	0	0	0	0	3920056717082896e-20	0	8057579901664071e-20	0.007754354287514099	4278575706205248e-21
21	4.767132174727514	4.767132174727514	4.767132174727514	0.09109212816953897	5.49849633754427	0.017021761996390147	9.602887099915122	499.64125731039246	0.6293750666353649	0	0	0	0	3920084145661954e-20	0	8057579901663928e-20	0.007754347981819201	427864073258938e-20
21.1	4.7671321747275135	4.7671321747275135	4.7671321747275135	0.09109212816953936	5.498496337545557	0.017021761996377994	9.60288709991511	499.64125731036296	0.6293750666354776	0	0	0	0	3920135865901033e-20	0	8057579901663852e-20	0.007754336091591307	4278760431853912e-21
21.2	4.7671321747275135	4.7671321747275135	4.7671321747275135	0.091092128169539	5.498496337544335	0.017021761996389478	9.602887099915122	499.6412573103909	0.6293750666353712	0	0	0	0	39200865025037925e-21	0	8057579901663979e-20	0.007754347439992709	427864661912722e-20
21.3	4.767132174727514	4.767132174727514	4.767132174727514	0.09109212816953907	5.498496337544598	0.017021761996386692	9.60288709991512	499.64125731038496	0.6293750666353971	0	0	0	0	39200949853402486e-21	0	805757990166416e-19	0.007754345489829565	4278669225804012e-21
21.4	4.7671321747275135	4.7671321747275135	4.7671321747275135	0.09109212816953971	5.498496337546737	0.017021761996366173	9.602887099915101	499.641257310336	0.6293750666355873	0	0	0	0	39201785723362776e-21	0	8057579901664288e-20	0.00775432627359034	4278865933176726e-21
21.5	4.767132174727514	4.767132174727514	4.767132174727514	0.09109212816953964	5.498496337546527	0.017021761996368182	9.602887099915105	499.6412573103408	0.6293750666355685	0	0	0	0	392017035301686e-19	0	8057579901664405e-20	0.007754328163171198	4278846626192331e-21
21.6	4.7671321747275135	4.7671321747275135	4.7671321747275135	0.0910921281695391	5.498496337544713	0.017021761996385266	9.60288709991512	499.6412573103823	0.6293750666354103	0	0	0	0	39200978226173565e-21	0	8057579901664441e-20	0.007754344837552865	42786785659250916e-22
21.7	4.7671321747275135	4.7671321747275135	4.7671321747275135	0.09109212816953965	5.498496337546673	0.017021761996365986	9.602887099915105	499.6412573103375	0.6293750666355892	0	0	0	0	39201719080810074e-21	0	8057579901664328e-20	0.007754327805669733	42788568387999796e-22
21.8	4.7671321747275135	4.7671321747275135	4.7671321747275135	0.09109212816953986	5.4984963375474365	0.017021761996358523	9.6028870999151	499.64125731032	0.6293750666356585	0	0	0	0	39202011001765825e-21	0	805757990166427e-19	0.007754321094550811	42789266081535965e-22
21.9	4.7671321747275135	4.7671321747275135	4.7671321747275135	0.09109212816953907	5.498496337544705	0.017021761996384967	9.60288709991512	499.64125731038257	0.6293750666354131	0	0	0	0	39200956309252955e-21	0	8057579901664379e-20	0.0077543453414122545	42786764175677074e-22
22	4.7671321747275135	4.7671321747275135	4.7671321747275135	0.09109212816953932	5.498496337545504	0.01702176199637675	9.602887099915113	499.6412573103643	0.6293750666354895	0	0	0	0	39201241280521746e-21	0	8057579901664359e-20	0.007754338790062999	42787478661796514e-22
22.1	4.7671321747275135	4.7671321747275135	4.7671321747275135	0.09109212816953953	5.498496337546195	0.017021761996369834	9.602887099915106	499.6412573103486	0.6293750666355538	0	0	0	0	3920149719392821e-20	0	8057579901664341e-20	0.007754332906739495	4278810331353323e-21
22.2	4.7671321747275135	4.7671321747275135	4.7671321747275135	0.09109212816953889	5.498496337544079	0.0170217619963907	9.602887099915124	499.64125731039695	0.62937506663536	0	0	0	0	3920069746177014e-20	0	8057579901664378e-20	0.007754351292187619	4278617722937753e-21
22.3	4.7671321747275135	4.7671321747275135	4.7671321747275135	0.09109212816953902	5.498496337544612	0.017021761996385106	9.60288709991512	499.6412573103847	0.6293750666354119	0	0	0	0	3920088107056144e-20	0	8057579901664123e-20	0.007754347071112289	4278664760123423e-21
22.4	4.7671321747275135	4.7671321747275135	4.7671321747275135	0.09109212816953915	5.49849633754515	0.017021761996379642	9.602887099915119	499.6412573103724	0.6293750666354626	0	0	0	0	3920107586134031e-20	0	8057579901663838e-20	0.0077543425929684434	4278713028343919e-21
22.5	4.7671321747275135	4.7671321747275135	4.7671321747275135	0.09109212816953877	5.498496337543653	0.017021761996394626	9.60288709991513	499.6412573104067	0.6293750666353235	0	0	0	0	392005212818693e-19	0	8057579901663823e-20	0.007754355342476989	4278577648828197e-21
22.6	4.7671321747275135	4.7671321747275135	4.7671321747275135	0.091092128169539	5.498496337544538	0.017021761996385384	9.602887099915122	499.6412573103864	0.6293750666354093	0	0	0	0	3920083167309523e-20	0	805757990166404e-19	0.007754348206735947	4278656411962805e-21
22.7	4.7671321747275135	4.7671321747275135	4.7671321747275135	0.09109212816953928	5.498496337545444	0.01702176199637607	9.602887099915115	499.6412573103656	0.6293750666354958	0	0	0	0	39201156386971006e-21	0	8057579901664234e-20	0.007754340741724284	4278737567205643e-21
22.8	4.7671321747275135	4.7671321747275135	4.7671321747275135	0.09109212816953885	5.498496337543923	0.01702176199639159	9.602887099915124	499.6412573104005	0.6293750666353516	0	0	0	0	39200605853118505e-21	0	80575799016642e-18	0.007754353398226118	4278600900577993e-21
22.9	4.7671321747275135	4.7671321747275135	4.7671321747275135	0.09109212816953914	5.498496337545056	0.017021761996379538	9.602887099915117	499.64125731037444	0.6293750666354635	0	0	0	0	3920099634094887e-20	0	8057579901664269e-20	0.00775434442110339	4278701418369919e-21
23	4.7671321747275135	4.7671321747275135	4.7671321747275135	0.09109212816953967	5.49849633754698	0.017021761996359467	9.602887099915105	499.6412573103305	0.6293750666356498	0	0	0	0	39201672493409775e-21	0	8057579901664444e-20	0.007754328876691708	4278872703479104e-21
23.1	4.7671321747275135	4.7671321747275135	4.7671321747275135	0.09109212816953928	5.498496337545598	0.017021761996373844	9.602887099915113	499.64125731036205	0.6293750666355162	0	0	0	0	3920118603956542e-20	0	8057579901664589e-20	0.007754340060025846	427874969609791e-20
23.2	4.7671321747275135	4.7671321747275135	4.7671321747275135	0.09109212816953918	5.498496337545282	0.017021761996376734	9.602887099915115	499.6412573103694	0.6293750666354896	0	0	0	0	3920105557031561e-20	0	8057579901664403e-20	0.007754343059449368	4278719820304036e-21
23.3	4.7671321747275135	4.7671321747275135	4.7671321747275135	0.0910921281695399	5.4984963375479845	0.01702176199634799	9.602887099915097	499.6412573103075	0.6293750666357564	0	0	0	0	3920198099459115e-20	0	8057579901664005e-20	0.0077543217844011835	4278958320319431e-21
23.4	4.7671321747275135	4.7671321747275135	4.7671321747275135	0.09109212816953993	5.498496337548057	0.017021761996347223	9.602887099915096	499.6412573103058	0.6293750666357635	0	0	0	0	3920200575785219e-20	0	8057579901663822e-20	0.007754321215106166	4278964686908821e-21
23.5	4.7671321747275135	4.7671321747275135	4.7671321747275135	0.09109212816953917	5.4984963375452365	0.017021761996376818	9.602887099915115	499.6412573103704	0.6293750666354888	0	0	0	0	3920102485438239e-20	0	8057579901663945e-20	0.007754343765593781	4278714717389684e-21
23.6	4.7671321747275135	4.7671321747275135	4.7671321747275135	0.09109212816953957	5.498496337546865	0.017021761996358943	9.602887099915106	499.6412573103331	0.6293750666356548	0	0	0	0	3920156435839676e-20	0	8057579901663879e-20	0.007754331362662146	4278857360281496e-21
23.7	4.7671321747275135	4.7671321747275135	4.7671321747275135	0.09109212816953972	5.4984963375474525	0.017021761996352566	9.602887099915103	499.64125731031965	0.629375066635714	0	0	0	0	39201760713244844e-21	0	8057579901663867e-20	0.007754326848560955	4278908872044792e-21
23.8	4.7671321747275135	4.7671321747275135	4.7671321747275135	0.09109212816953892	5.498496337544387	0.017021761996385477	9.602887099915122	499.6412573103898	0.6293750666354084	0	0	0	0	3920072029428026e-20	0	8057579901664075e-20	0.007754350767280909	4278638811357859e-21
23.9	4.7671321747275135	4.7671321747275135	4.7671321747275135	0.09109212816953886	5.49849633754408	0.017021761996388555	9.602887099915126	499.6412573103968	0.6293750666353799	0	0	0	0	3920060665386492e-20	0	8057579901664248e-20	0.007754353379818729	42786109561039194e-22
24	4.7671321747275135	4.7671321747275135	4.7671321747275135	0.09109212816953874	5.498496337543601	0.01702176199639371	9.602887099915128	499.6412573104077	0.629375066635332	0	0	0	0	39200444329975907e-21	0	8057579901664245e-20	0.007754357111565063	4278568753632953e-21
