0	4.7671321747275135	4.7671321747275135	4.7671321747275135	0.09025829939456088	0.07864068618952942	0.03029248277062086	9.514985305036792	7.146085864008718	1.1200563524897587	0	0	0	0	0	0	0	0	0
0.1	4.7671321747275135	4.7671321747275135	4.7671321747275135	0.09025829939456087	0.07864068618952942	0.03029248277062086	9.514985305036792	7.146085864008718	1.1200563524897587	0	0	0	-0.018078679641799746	0	19.621837833567632	-0.10749765063025839	0	83.1983592037185
0.2	4.767132174727513	4.767132174727513	4.767132174727513	0.09025829939456088	0.07864068618952944	0.03029248277062086	9.514985305036792	7.146085864008718	1.1200563524897587	0	0	0	-0.08703682683015303	0	26.521542869662422	-1.0924449072381832	0	234.6566932020649
0.3	4.7671321747275135	4.7671321747275135	4.7671321747275135	0.09025829939456088	0.07864068618952944	0.03029248277062086	9.514985305036792	7.146085864008718	1.1200563524897587	0	0	0	-0.18455921554933896	0	28.947877959031885	-3.619252357376656	0	386.86655316218867
0.4	4.7671321747275135	4.7671321747275135	4.7671321747275135	0.09025829939456088	0.07864068618952942	0.03029248277062086	9.514985305036792	7.146085864008718	1.1200563524897587	0	0	0	-0.2861278717342183	0	29.80096546721905	-7.693833990537513	0	520.5167217276829
0.5	4.7671321747275135	4.7671321747275135	4.7671321747275135	0.0902582993945609	0.07864068618952942	0.03029248277062086	9.514985305036792	7.146085864008718	1.1200563524897587	0	0	0	-0.3791133687840236	0	30.10087177040611	-12.95379057295896	0	632.3957897753119
0.6	4.7671321747275135	4.7671321747275135	4.7671321747275135	0.09025829939456088	0.07864068618952942	0.030292482770620858	9.514985305036792	7.146085864008718	1.1200563524897587	0	0	0	-0.45916517405111273	0	30.206370184098102	-18.94650791847037	0	724.2746405906057
0.7	4.7671321747275135	4.7671321747275135	4.7671321747275135	0.09025829939456087	0.07864068618952942	0.030292482770620858	9.514985305036792	7.146085864008718	1.1200563524897587	0	0	0	-0.5260064272098782	0	30.243421163485937	-25.266180121562556	0	799.1251164748525
0.8	4.7671321747275135	4.7671321747275135	4.7671321747275135	0.09025829939456088	0.07864068618952944	0.030292482770620858	9.514985305036792	7.146085864008718	1.1200563524897587	0	0	0	-0.5809615314040344	0	30.25645861908345	-31.597873114880606	0	859.8939664609433
0.9	4.7671321747275135	4.7671321747275135	4.7671321747275135	0.0902582993945609	0.07864068618952942	0.03029248277062086	9.514985305036792	7.146085864008718	1.1200563524897587	0	0	0	-0.6257966361008485	0	30.26105078526599	-37.718945101966035	0	909.1580803746897
1	4.767132174727514	4.767132174727514	4.767132174727514	0.0902582993945609	0.07864068618952944	0.03029248277062086	9.514985305036792	7.146085864008718	1.1200563524897587	0	0	0	-0.6622355253394487	0	30.262665566612196	-43.48469685093208	0	949.0701540283968
1.1	4.7671321747275135	4.7671321747275135	4.7671321747275135	0.0902582993945609	0.07864068618952944	0.030292482770620858	9.514985305036792	7.146085864008718	1.1200563524897587	0	0	0	-0.6917911687937905	0	30.263227402360435	-48.81098179714521	0	981.392474652492
1.2	4.7671321747275135	4.7671321747275135	4.7671321747275135	0.09025829939456088	0.07864068618952941	0.030292482770620854	9.514985305036792	7.146085864008718	1.1200563524897587	0	0	0	-0.7157447268869628	0	30.263427882955384	-53.656432694695	0	1007.569036222599
1.3	4.7671321747275135	4.7671321747275135	4.7671321747275135	0.09025829939456088	0.07864068618952941	0.030292482770620854	9.514985305036792	7.146085864008718	1.1200563524897587	0	0	0	-0.7351509377849585	0	30.263501879433907	-58.01147618744904	0	1028.7687885475007
1.4	4.7671321747275135	4.7671321747275135	4.7671321747275135	0.0902582993945609	0.07864068618952942	0.030292482770620858	9.514985305036792	7.146085864008718	1.1200563524897587	0	0	0	-0.7508628501862544	0	30.26352693202414	-61.887928003623884	0	1045.9297643478792
1.5	4.7671321747275135	4.7671321747275135	4.7671321747275135	0.0902582993945609	0.07864068618952944	0.030292482770620858	9.514985305036792	7.146085864008718	1.1200563524897587	0	0	0	-0.7635928755943051	0	30.263537214767158	-65.30963866933705	0	1059.8328262824577
1.6	4.7671321747275135	4.7671321747275135	4.7671321747275135	0.0902582993945609	0.07864068618952944	0.030292482770620854	9.514985305036792	7.146085864008718	1.1200563524897587	0	0	0	-0.7738951499511187	0	30.263540608463632	-68.30986118045459	0	1071.0839477937109
1.7	4.7671321747275135	4.7671321747275135	4.7671321747275135	0.0902582993945609	0.07864068618952941	0.030292482770620858	9.514985305036792	7.146085864008718	1.1200563524897587	0	0	0	-0.7822436793297303	0	30.26354212754174	-70.92485432230067	0	1080.2012415874021
1.8	4.7671321747275135	4.7671321747275135	4.7671321747275135	0.09025829939456088	0.07864068618952941	0.030292482770620858	9.51498530503679	7.146085864008718	1.1200563524897587	0	0	0	-0.7889975899656203	0	30.263542608579737	-73.19262196539874	0	1087.5770011936327
1.9	4.7671321747275135	4.7671321747275135	4.7671321747275135	0.0902582993945609	0.07864068618952942	0.03029248277062086	9.514985305036792	7.146085864008719	1.1200563524897587	0	0	0	-0.7944729545825177	0	30.263542900149094	-75.15088393391258	0	1093.5564797900718
2	4.7671321747275135	4.7671321747275135	4.7671321747275135	0.09025829939456088	0.07864068618952944	0.030292482770620868	9.514985305036792	7.146085864008718	1.1200563524897587	0	0	0	-0.7989011274547909	0	30.263542960989323	-76.83486078038479	0	1098.3923368428254
2.1	4.767132174727514	4.767132174727514	4.767132174727514	0.09025829939456087	0.07864068618952944	0.030292482770620865	9.514985305036792	7.146085864008719	1.1200563524897587	0	0	0	-0.8024901121400068	0	30.263543042547372	-78.27853688722271	0	1102.311744392351
2.2	4.7671321747275135	4.7671321747275135	4.7671321747275135	0.09025829939456086	0.07864068618952938	0.030292482770620854	9.514985305036792	7.14608586400872	1.1200563524897587	0	0	0	-0.8053964354070704	0	30.263543050803104	-79.51220099855175	0	1105.4856377292463
2.3	4.7671321747275135	4.7671321747275135	4.7671321747275135	0.09025829939456086	0.0786406861895294	0.030292482770620854	9.514985305036792	7.14608586400872	1.1200563524897587	0	0	0	-0.8077458343645261	0	30.263543062041098	-80.56301980018496	0	1108.0513326782914
2.4	4.7671321747275135	4.7671321747275135	4.7671321747275135	0.09025829939456087	0.07864068618952937	0.030292482770620854	9.514985305036792	7.146085864008721	1.1200563524897587	0	0	0	-0.8096532944261282	0	30.2635430789048	-81.45700983267267	0	1110.1344025083904
2.5	4.7671321747275135	4.7671321747275135	4.7671321747275135	0.09025829939456086	0.07864068618952927	0.030292482770620858	9.514985305036792	7.1460858640087235	1.1200563524897587	0	0	0	-0.8111958859124764	0	30.263543063878917	-82.2149275167751	0	1111.8190119468245
2.6	4.7671321747275135	4.7671321747275135	4.7671321747275135	0.09025829939456087	0.0786406861895293	0.030292482770620858	9.514985305036792	7.146085864008723	1.1200563524897584	0	0	0	-0.8124422854460682	0	30.263543069234057	-82.8559282054421	0	1113.1801600541464
2.7	4.7671321747275135	4.7671321747275135	4.7671321747275135	0.09025829939456084	0.07864068618952931	0.03029248277062086	9.514985305036792	7.146085864008722	1.1200563524897584	0	0	0	-0.8134553806513052	0	30.26354307512223	-83.39825173825503	0	1114.286525843023
2.8	4.7671321747275135	4.7671321747275135	4.7671321747275135	0.0902582993945608	0.07864068618952917	0.030292482770620865	9.514985305036792	7.146085864008725	1.1200563524897587	0	0	0	-0.8142751679692382	0	30.263543041056277	-83.85551771423617	0	1115.181788553232
2.9	4.7671321747275135	4.7671321747275135	4.7671321747275135	0.0902582993945608	0.07864068618952914	0.030292482770620865	9.514985305036792	7.146085864008726	1.1200563524897587	0	0	0	-0.8149364041645342	0	30.263543026733664	-84.23989142123641	0	1115.903901663994
3	4.7671321747275135	4.7671321747275135	4.7671321747275135	0.09025829939456083	0.07864068618952924	0.030292482770620865	9.514985305036793	7.146085864008724	1.1200563524897587	0	0	0	-0.8154731966031371	0	30.26354305455773	-84.5634084433978	0	1116.4901125493107
3.1	4.7671321747275135	4.7671321747275135	4.7671321747275135	0.09025829939456076	0.07864068618952895	0.030292482770620896	9.514985305036792	7.146085864008731	1.1200563524897582	0	0	0	-0.8159093129593066	0	30.263542969062108	-84.83550569606417	0	1116.9663898877382
3.2	4.7671321747275135	4.7671321747275135	4.7671321747275135	0.09025829939456066	0.07864068618952856	0.030292482770620934	9.514985305036795	7.1460858640087395	1.1200563524897582	0	0	0	-0.8162611311912098	0	30.26354286200412	-85.06325613438872	0	1117.350609427173
3.3	4.7671321747275135	4.7671321747275135	4.7671321747275135	0.09025829939456069	0.0786406861895286	0.03029248277062093	9.514985305036797	7.146085864008739	1.120056352489758	0	0	0	-0.8165449637601446	0	30.263542872500484	-85.25365062242436	0	1117.660571311015
3.4	4.7671321747275135	4.7671321747275135	4.7671321747275135	0.09025829939456068	0.07864068618952855	0.03029248277062095	9.514985305036797	7.146085864008739	1.1200563524897578	0	0	0	-0.8167761349030407	0	30.26354284836382	-85.41340752700239	0	1117.9130357567815
3.5	4.7671321747275135	4.7671321747275135	4.7671321747275135	0.09025829939456026	0.07864068618952681	0.030292482770621174	9.514985305036808	7.146085864008779	1.1200563524897558	0	0	0	-0.8169637037603342	0	30.263542299731547	-85.54712619652194	0	1118.117960019518
3.6	4.7671321747275135	4.7671321747275135	4.7671321747275135	0.09025829939455983	0.07864068618952504	0.03029248277062139	9.514985305036818	7.146085864008819	1.120056352489754	0	0	0	-0.8171148189934587	0	30.26354174832889	-85.6584706980782	0	1118.283071695815
3.7	4.7671321747275135	4.7671321747275135	4.7671321747275135	0.09025829939455986	0.07864068618952512	0.03029248277062137	9.514985305036818	7.146085864008818	1.120056352489754	0	0	0	-0.8172366734268456	0	30.26354177564584	-85.75110515076202	0	1118.4161383479634
3.8	4.7671321747275135	4.7671321747275135	4.7671321747275135	0.09025829939455962	0.07864068618952427	0.030292482770621576	9.514985305036824	7.146085864008836	1.1200563524897522	0	0	0	-0.8173359192269802	0	30.263541510237722	-85.82859257012193	0	1118.524611652617
3.9	4.7671321747275135	4.7671321747275135	4.7671321747275135	0.09025829939455579	0.07864068618950869	0.03029248277062398	9.514985305036925	7.146085864009195	1.1200563524897307	0	0	0	-0.8174158672522703	0	30.26353665359896	-85.89334425609027	0	1118.6129136672657
4	4.7671321747275135	4.7671321747275135	4.7671321747275135	0.09025829939455116	0.07864068618948977	0.03029248277062685	9.51498530503705	7.146085864009629	1.1200563524897047	0	0	0	-0.8174799829799362	0	30.263530759354587	-85.94709470734931	0	1118.684113685953
4.1	4.7671321747275135	4.7671321747275135	4.7671321747275135	0.09025829939454921	0.07864068618948179	0.03029248277062803	9.5149853050371	7.146085864009813	1.1200563524896943	0	0	0	-0.8175319158870448	0	30.263528273917608	-85.99157503151963	0	1118.7413112119916
4.2	4.7671321747275135	4.7671321747275135	4.7671321747275135	0.09025829939455342	0.07864068618949897	0.03029248277062537	9.514985305036989	7.146085864009418	1.1200563524897182	0	0	0	-0.8175753105994287	0	30.263533621507367	-86.02851617028871	0	1118.7876053066764
4.3	4.7671321747275135	4.7671321747275135	4.7671321747275135	0.09025829939455532	0.07864068618950713	0.030292482770624532	9.514985305036936	7.146085864009231	1.1200563524897256	0	0	0	-0.8176102482341627	0	30.263536171298497	-86.05936278235617	0	1118.8254400598516
4.4	4.7671321747275135	4.7671321747275135	4.7671321747275135	0.09025829939455218	0.07864068618949488	0.030292482770626995	9.514985305037019	7.146085864009513	1.1200563524897034	0	0	0	-0.8176373443938405	0	30.26353236420388	-86.0849681023675	0	1118.8560833120505
4.5	4.7671321747275135	4.7671321747275135	4.7671321747275135	0.09025829939455339	0.07864068618949971	0.03029248277062614	9.514985305036987	7.146085864009402	1.120056352489711	0	0	0	-0.8176603090327198	0	30.263533868185736	-86.10615008211968	0	1118.8808013163546
4.6	4.7671321747275135	4.7671321747275135	4.7671321747275135	0.090258299394556	0.07864068618951034	0.030292482770624515	9.514985305036916	7.146085864009157	1.1200563524897253	0	0	0	-0.8176792994157492	0	30.26353717741527	-86.12374299143038	0	1118.9008686399322
4.7	4.7671321747275135	4.7671321747275135	4.7671321747275135	0.09025829939455324	0.07864068618949983	0.030292482770626974	9.514985305036989	7.146085864009398	1.1200563524897031	0	0	0	-0.817693238208298	0	30.263533911361808	-86.1383463670435	0	1118.9171563936377
4.8	4.7671321747275135	4.7671321747275135	4.7671321747275135	0.09025829939455354	0.07864068618950114	0.03029248277062673	9.514985305036982	7.146085864009369	1.1200563524897051	0	0	0	-0.81770535286331	0	30.2635343126586	-86.15039688338504	0	1118.9302837547928
4.9	4.7671321747275135	4.7671321747275135	4.7671321747275135	0.09025829939455657	0.07864068618951295	0.030292482770624445	9.5149853050369	7.1460858640090965	1.120056352489726	0	0	0	-0.8177159753090082	0	30.263537985316937	-86.16037405350451	0	1118.9409180281439
5	4.7671321747275135	4.7671321747275135	4.7671321747275135	0.0902582993945542	0.0786406861895042	0.030292482770626763	9.514985305036964	7.146085864009299	1.1200563524897047	0	0	0	-0.8177229674891927	0	30.263535275749977	-86.1686678065081	0	1118.949578199048
5.1	4.767132174727513	4.767132174727513	4.767132174727513	0.09025829939455388	0.078640686189503	0.03029248277062709	9.514985305036973	7.146085864009326	1.1200563524897018	0	0	0	-0.817729223376028	0	30.26353490110472	-86.17549684265403	0	1118.956554157249
5.2	4.7671321747275135	4.7671321747275135	4.7671321747275135	0.09025829939455703	0.078640686189515	0.03029248277062438	9.51498530503689	7.146085864009051	1.1200563524897265	0	0	0	-0.8177354573597878	0	30.263538626426737	-86.18112351454614	0	1118.9621820224072
5.3	4.7671321747275135	4.7671321747275135	4.7671321747275135	0.09025829939455506	0.07864068618950808	0.030292482770626485	9.514985305036943	7.146085864009209	1.1200563524897074	0	0	0	-0.8177388196632485	0	30.263536467284748	-86.18581745896947	0	1118.966788382532
5.4	4.7671321747275135	4.7671321747275135	4.7671321747275135	0.09025829939455426	0.07864068618950522	0.030292482770627304	9.514985305036962	7.146085864009275	1.1200563524896998	0	0	0	-0.8177418855972065	0	30.263535571711557	-86.18967657557394	0	1118.970499354138
5.5	4.7671321747275135	4.7671321747275135	4.7671321747275135	0.09025829939455737	0.07864068618951665	0.03029248277062433	9.51498530503688	7.146085864009013	1.1200563524897271	0	0	0	-0.8177458040302887	0	30.263539128596026	-86.19283098807189	0	1118.9734715923182
5.6	4.7671321747275135	4.7671321747275135	4.7671321747275135	0.09025829939455579	0.0786406861895114	0.030292482770626114	9.514985305036921	7.146085864009134	1.1200563524897107	0	0	0	-0.8177473122394517	0	30.263537498417598	-86.19547984842735	0	1118.9759225781693
5.7	4.767132174727513	4.767132174727513	4.767132174727513	0.09025829939455464	0.07864068618950748	0.030292482770627332	9.514985305036952	7.146085864009223	1.1200563524896994	0	0	0	-0.8177486252887446	0	30.263536278704265	-86.19765752561023	0	1118.9779003198084
5.8	4.7671321747275135	4.7671321747275135	4.7671321747275135	0.09025829939455758	0.07864068618951789	0.030292482770624293	9.514985305036873	7.146085864008984	1.1200563524897273	0	0	0	-0.8177512927940876	0	30.26353951626117	-86.19941396331114	0	1118.9794651796578
5.9	4.767132174727514	4.767132174727514	4.767132174727514	0.09025829939455643	0.07864068618951432	0.030292482770625694	9.514985305036904	7.146085864009067	1.1200563524897147	0	0	0	-0.817751900478347	0	30.263538382925407	-86.20090475262053	0	1118.9807693603743
6	4.7671321747275135	4.7671321747275135	4.7671321747275135	0.09025829939455508	0.0786406861895099	0.03029248277062721	9.514985305036939	7.1460858640091685	1.1200563524897005	0	0	0	-0.8177522433285632	0	30.26353698885887	-86.20213430500809	0	1118.9818267172793
6.1	4.7671321747275135	4.7671321747275135	4.7671321747275135	0.09025829939455755	0.07864068618951832	0.030292482770624508	9.514985305036873	7.146085864008975	1.1200563524897251	0	0	0	-0.8177541070399427	0	30.263539623432	-86.20310664449072	0	1118.9826487285588
6.2	4.767132174727514	4.767132174727514	4.767132174727514	0.09025829939455546	0.07864068618951188	0.03029248277062704	9.51498530503693	7.146085864009123	1.120056352489702	0	0	0	-0.8177537007502593	0	30.26353760056073	-86.20395967559689	0	1118.9833549150335
6.3	4.7671321747275135	4.7671321747275135	4.7671321747275135	0.09025829939455245	0.07864068618950228	0.03029248277063053	9.514985305037008	7.146085864009344	1.1200563524896698	0	0	0	-0.8177527878607351	0	30.263534592205648	-86.20467530092857	0	1118.9839377782619
6.4	4.7671321747275135	4.7671321747275135	4.7671321747275135	0.09025829939455515	0.07864068618951095	0.03029248277062741	9.514985305036937	7.146085864009145	1.1200563524896983	0	0	0	-0.8177544633519398	0	30.2635373040196	-86.2052002710859	0	1118.984361154752
6.5	4.7671321747275135	4.7671321747275135	4.7671321747275135	0.09025829939455478	0.07864068618951062	0.030292482770627946	9.51498530503695	7.1460858640091525	1.1200563524896936	0	0	0	-0.8177545734532992	0	30.263537213449556	-86.20566702607458	0	1118.9847269236402
6.6	4.7671321747275135	4.7671321747275135	4.7671321747275135	0.09025829939454993	0.07864068618949623	0.030292482770633674	9.514985305037076	7.146085864009482	1.1200563524896407	0	0	0	-0.8177525048349915	0	30.2635327170989	-86.20610697161281	0	1118.9850639234153
6.7	4.767132174727513	4.767132174727513	4.767132174727513	0.09025829939455031	0.07864068618949736	0.030292482770633216	9.514985305037065	7.146085864009456	1.120056352489645	0	0	0	-0.8177529089433819	0	30.263533080667926	-86.20641283568236	0	1118.985298661295
6.8	4.767132174727513	4.767132174727513	4.767132174727513	0.090258299394555	0.07864068618951187	0.030292482770627783	9.514985305036943	7.146085864009121	1.120056352489695	0	0	0	-0.8177552990521652	0	30.263537618826703	-86.20661115011998	0	1118.9854497753572
6.9	4.7671321747275135	4.7671321747275135	4.7671321747275135	0.09025829939455211	0.07864068618950402	0.030292482770631356	9.51498530503702	7.146085864009303	1.120056352489662	0	0	0	-0.8177539780249881	0	30.263535166005383	-86.20686034268016	0	1118.9856294275048
7	4.7671321747275135	4.7671321747275135	4.7671321747275135	0.09025829939455166	0.07864068618950282	0.030292482770631925	9.514985305037031	7.146085864009331	1.1200563524896567	0	0	0	-0.8177538623426596	0	30.263534783538528	-86.20703925472522	0	1118.9857595528122
7.1	4.7671321747275135	4.7671321747275135	4.7671321747275135	0.09025829939455635	0.07864068618951643	0.030292482770626315	9.514985305036905	7.1460858640090175	1.1200563524897085	0	0	0	-0.8177562429560681	0	30.263539042567476	-86.20712157621692	0	1118.9858224616094
7.2	4.7671321747275135	4.7671321747275135	4.7671321747275135	0.09025829939455539	0.07864068618951416	0.03029248277062754	9.514985305036932	7.146085864009069	1.1200563524896971	0	0	0	-0.8177558029375667	0	30.26353833736946	-86.20725212365679	0	1118.9859122543983
7.3	4.7671321747275135	4.7671321747275135	4.7671321747275135	0.0902582993945557	0.07864068618951506	0.030292482770627186	9.514985305036923	7.146085864009049	1.1200563524897005	0	0	0	-0.8177560089006856	0	30.26353862206018	-86.20734423409009	0	1118.985976810134
7.4	4.7671321747275135	4.7671321747275135	4.7671321747275135	0.09025829939455793	0.07864068618952152	0.030292482770624417	9.514985305036866	7.146085864008899	1.1200563524897258	0	0	0	-0.8177571989267668	0	30.263540640693748	-86.20739322466422	0	1118.9860125086916
7.5	4.7671321747275135	4.7671321747275135	4.7671321747275135	0.09025829939455657	0.07864068618951849	0.030292482770625993	9.5149853050369	7.1460858640089695	1.1200563524897111	0	0	0	-0.8177565920451602	0	30.26353969109375	-86.2074750538854	0	1118.9860655583868
7.6	4.7671321747275135	4.7671321747275135	4.7671321747275135	0.09025829939455683	0.07864068618951922	0.030292482770625677	9.514985305036895	7.1460858640089535	1.1200563524897142	0	0	0	-0.8177567571526132	0	30.263539916929325	-86.20752466050355	0	1118.9860991272226
7.7	4.7671321747275135	4.7671321747275135	4.7671321747275135	0.09025829939455803	0.07864068618952237	0.030292482770624286	9.514985305036864	7.146085864008881	1.1200563524897271	0	0	0	-0.8177573536398737	0	30.263540907743455	-86.20755337861355	0	1118.9861188479874
7.8	4.7671321747275135	4.7671321747275135	4.7671321747275135	0.09025829939455565	0.07864068618951679	0.03029248277062717	9.514985305036925	7.146085864009009	1.1200563524897003	0	0	0	-0.8177561806578627	0	30.26353917495079	-86.2076206834301	0	1118.9861585195922
7.9	4.7671321747275135	4.7671321747275135	4.7671321747275135	0.09025829939455483	0.07864068618951488	0.030292482770628133	9.514985305036944	7.146085864009053	1.1200563524896912	0	0	0	-0.8177557988341437	0	30.26353858324583	-86.2076605245125	0	1118.9861829886452
8	4.7671321747275135	4.7671321747275135	4.7671321747275135	0.09025829939455719	0.07864068618952076	0.03029248277062527	9.514985305036884	7.146085864008918	1.1200563524897176	0	0	0	-0.8177569943320018	0	30.263540405655345	-86.20765354799556	0	1118.9861813151958
8.1	4.767132174727513	4.767132174727513	4.767132174727513	0.09025829939455357	0.07864068618951306	0.030292482770629528	9.51498530503698	7.146085864009093	1.120056352489678	0	0	0	-0.8177552336209177	0	30.26353799945409	-86.20772007278333	0	1118.9862162949644
8.2	4.7671321747275135	4.7671321747275135	4.7671321747275135	0.09025829939455011	0.07864068618950545	0.03029248277063363	9.514985305037072	7.146085864009269	1.1200563524896403	0	0	0	-0.817753540266883	0	30.263535619761655	-86.2077811362154	0	1118.9862486170596
8.3	4.7671321747275135	4.7671321747275135	4.7671321747275135	0.09025829939455418	0.07864068618951446	0.0302924827706288	9.514985305036966	7.146085864009063	1.120056352489685	0	0	0	-0.8177555501876613	0	30.26353843320232	-86.2077416503007	0	1118.986230443231
8.4	4.7671321747275135	4.7671321747275135	4.7671321747275135	0.09025829939455388	0.07864068618951432	0.030292482770629212	9.514985305036973	7.146085864009065	1.1200563524896814	0	0	0	-0.817755387267919	0	30.263538398940288	-86.20775707233167	0	1118.9862373854203
8.5	4.7671321747275135	4.7671321747275135	4.7671321747275135	0.09025829939454945	0.07864068618950505	0.03029248277063455	9.514985305037087	7.1460858640092795	1.1200563524896316	0	0	0	-0.8177531761594019	0	30.263535517260717	-86.2078244548288	0	1118.986269692314
8.6	4.7671321747275135	4.7671321747275135	4.7671321747275135	0.09025829939455172	0.0786406861895099	0.030292482770631804	9.514985305037028	7.146085864009168	1.1200563524896572	0	0	0	-0.8177543173212267	0	30.263537026867866	-86.20780178307464	0	1118.9862598943735
8.7	4.767132174727513	4.767132174727513	4.767132174727513	0.09025829939455542	0.07864068618951806	0.030292482770627394	9.51498530503693	7.146085864008979	1.120056352489698	0	0	0	-0.8177561550752311	0	30.263539561030825	-86.20775944425972	0	1118.9862397022735
8.8	4.7671321747275135	4.7671321747275135	4.7671321747275135	0.09025829939455347	0.0786406861895144	0.030292482770629757	9.514985305036983	7.146085864009064	1.1200563524896763	0	0	0	-0.8177551817178816	0	30.263538415032347	-86.20779013229206	0	1118.9862532642676
8.9	4.7671321747275135	4.7671321747275135	4.7671321747275135	0.09025829939455537	0.07864068618951828	0.03029248277062747	9.514985305036934	7.146085864008974	1.1200563524896976	0	0	0	-0.8177561317722224	0	30.263539623872116	-86.20776915169841	0	1118.986244253667
9	4.7671321747275135	4.7671321747275135	4.7671321747275135	0.09025829939455736	0.07864068618952248	0.030292482770625073	9.51498530503688	7.146085864008879	1.1200563524897198	0	0	0	-0.817757123738643	0	30.263540936863617	-86.20774634613558	0	1118.986233837016
9.1	4.7671321747275135	4.7671321747275135	4.7671321747275135	0.09025829939455622	0.07864068618952043	0.030292482770626426	9.51498530503691	7.146085864008925	1.1200563524897071	0	0	0	-0.817756557095144	0	30.263540299423283	-86.20776405384404	0	1118.986241308386
9.2	4.7671321747275135	4.7671321747275135	4.7671321747275135	0.0902582993945578	0.0786406861895235	0.030292482770624535	9.514985305036866	7.146085864008855	1.1200563524897247	0	0	0	-0.8177573457289888	0	30.26354125452087	-86.20774548100546	0	1118.9862335941675
9.3	4.7671321747275135	4.7671321747275135	4.7671321747275135	0.09025829939455787	0.07864068618952386	0.03029248277062441	9.514985305036866	7.146085864008847	1.120056352489726	0	0	0	-0.817757391452517	0	30.26354137092416	-86.20774612892754	0	1118.9862334964612
9.4	4.7671321747275135	4.7671321747275135	4.7671321747275135	0.0902582993945561	0.07864068618952068	0.030292482770626496	9.514985305036912	7.14608586400892	1.1200563524897065	0	0	0	-0.81775651174934	0	30.263540382928824	-86.20777086986516	0	1118.9862435396738
9.5	4.7671321747275135	4.7671321747275135	4.7671321747275135	0.0902582993945572	0.0786406861895227	0.030292482770625188	9.514985305036882	7.146085864008874	1.1200563524897185	0	0	0	-0.81775706000102	0	30.263541011289938	-86.20775762050297	0	1118.9862383089906
9.6	4.7671321747275135	4.7671321747275135	4.7671321747275135	0.0902582993945571	0.07864068618952273	0.030292482770625337	9.514985305036884	7.146085864008873	1.1200563524897174	0	0	0	-0.8177569975564163	0	30.263541012279767	-86.20776029609645	0	1118.9862388261677
9.7	4.7671321747275135	4.7671321747275135	4.7671321747275135	0.09025829939455352	0.0786406861895165	0.030292482770629632	9.514985305036978	7.146085864009017	1.1200563524896774	0	0	0	-0.8177551952177385	0	30.263539064883176	-86.20780874687549	0	1118.9862574691103
9.8	4.7671321747275135	4.7671321747275135	4.7671321747275135	0.09025829939455268	0.07864068618951502	0.03029248277063064	9.514985305037003	7.14608586400905	1.1200563524896678	0	0	0	-0.8177547709583501	0	30.263538599716753	-86.2078206293122	0	1118.986262164037
9.9	4.767132174727513	4.767132174727513	4.767132174727513	0.09025829939455603	0.07864068618952104	0.0302924827706266	9.514985305036912	7.146085864008911	1.1200563524897054	0	0	0	-0.8177564650689633	0	30.263540488388813	-86.20777642959602	0	1118.986244775145
10	4.7671321747275135	4.7671321747275135	4.7671321747275135	0.09025829939455184	0.07864068618951427	0.030292482770631558	9.514985305037023	7.146085864009067	1.1200563524896594	0	0	0	-0.8177543827854246	0	30.26353837650908	-86.2078319369307	0	1118.9862647573
10.1	4.7671321747275135	4.7671321747275135	4.7671321747275135	0.09025829939454787	0.0786406861895077	0.030292482770636252	9.51498530503713	7.146085864009219	1.120056352489616	0	0	0	-0.8177524097974905	0	30.263536326927024	-86.20788445987678	0	1118.9862841129973
10.2	4.7671321747275135	4.7671321747275135	4.7671321747275135	0.09025829939455318	0.07864068618951649	0.030292482770629996	9.514985305036989	7.146085864009016	1.1200563524896738	0	0	0	-0.8177550392006918	0	30.26353907315817	-86.2078152600439	0	1118.9862585708797
10.3	4.7671321747275135	4.7671321747275135	4.7671321747275135	0.0902582993945538	0.07864068618951801	0.030292482770629157	9.514985305036973	7.146085864008982	1.1200563524896818	0	0	0	-0.8177553850559751	0	30.26353954217815	-86.20780639050628	0	1118.9862543034785
10.4	4.7671321747275135	4.7671321747275135	4.7671321747275135	0.09025829939455068	0.07864068618951328	0.03029248277063273	9.514985305037053	7.14608586400909	1.1200563524896487	0	0	0	-0.8177538763986131	0	30.26353807094542	-86.2078464941698	0	1118.9862681633463
10.5	4.7671321747275135	4.7671321747275135	4.7671321747275135	0.09025829939455451	0.07864068618951935	0.030292482770628272	9.514985305036953	7.146085864008951	1.12005635248969	0	0	0	-0.8177557553055401	0	30.263539957711295	-86.20779697780468	0	1118.9862505919018
10.6	4.7671321747275135	4.7671321747275135	4.7671321747275135	0.09025829939455632	0.07864068618952239	0.030292482770626128	9.514985305036905	7.146085864008882	1.1200563524897098	0	0	0	-0.8177566500661594	0	30.263540910421543	-86.2077734665445	0	1118.9862417434745
10.7	4.7671321747275135	4.7671321747275135	4.7671321747275135	0.09025829939455521	0.07864068618952083	0.03029248277062736	9.514985305036936	7.146085864008917	1.1200563524896983	0	0	0	-0.8177561227894833	0	30.263540433158234	-86.20778753094626	0	1118.9862462596598
10.8	4.7671321747275135	4.7671321747275135	4.7671321747275135	0.09025829939455773	0.07864068618952465	0.03029248277062447	9.51498530503687	7.146085864008829	1.120056352489725	0	0	0	-0.817757347702725	0	30.263541623006233	-86.20775522288415	0	1118.986235170765
10.9	4.7671321747275135	4.7671321747275135	4.7671321747275135	0.09025829939455762	0.07864068618952468	0.030292482770624532	9.514985305036872	7.146085864008827	1.1200563524897245	0	0	0	-0.8177573053839551	0	30.263541624735403	-86.20775642561621	0	1118.9862351884929
11	4.7671321747275135	4.7671321747275135	4.7671321747275135	0.09025829939455651	0.07864068618952319	0.030292482770625743	9.5149853050369	7.146085864008863	1.1200563524897131	0	0	0	-0.8177567816785358	0	30.2635411503995	-86.20777034530366	0	1118.986239653129
11.1	4.7671321747275135	4.7671321747275135	4.7671321747275135	0.09025829939455832	0.07864068618952579	0.030292482770623713	9.514985305036854	7.146085864008802	1.1200563524897322	0	0	0	-0.8177576519312519	0	30.263541965447036	-86.20774737032716	0	1118.9862320507532
11.2	4.767132174727514	4.767132174727514	4.767132174727514	0.09025829939455686	0.0786406861895239	0.030292482770625347	9.514985305036891	7.146085864008845	1.120056352489717	0	0	0	-0.8177569653830611	0	30.263541380609563	-86.20776558795764	0	1118.9862375396187
11.3	4.7671321747275135	4.7671321747275135	4.7671321747275135	0.09025829939455432	0.07864068618952047	0.030292482770628144	9.514985305036959	7.146085864008924	1.1200563524896907	0	0	0	-0.8177557738621913	0	30.263540322305992	-86.20779715803064	0	1118.98624745416
11.4	4.7671321747275135	4.7671321747275135	4.7671321747275135	0.09025829939455599	0.07864068618952275	0.030292482770626305	9.514985305036916	7.146085864008874	1.120056352489708	0	0	0	-0.8177565611847368	0	30.26354102467078	-86.2077763465687	0	1118.9862408955526
11.5	4.7671321747275135	4.7671321747275135	4.7671321747275135	0.09025829939455547	0.0786406861895223	0.03029248277062682	9.51498530503693	7.146085864008882	1.1200563524897034	0	0	0	-0.8177563516780545	0	30.263540898876546	-86.20778192792831	0	1118.9862420818165
11.6	4.7671321747275135	4.7671321747275135	4.7671321747275135	0.09025829939454998	0.0786406861895153	0.03029248277063282	9.514985305037072	7.146085864009043	1.1200563524896476	0	0	0	-0.8177538056205154	0	30.26353872366576	-86.20784935547053	0	1118.9862624377133
11.7	4.7671321747275135	4.7671321747275135	4.7671321747275135	0.09025829939454837	0.07864068618951323	0.030292482770634562	9.514985305037117	7.14608586400909	1.1200563524896316	0	0	0	-0.8177530664528128	0	30.263538085551037	-86.20786893891962	0	1118.9862684131797
11.8	4.7671321747275135	4.7671321747275135	4.7671321747275135	0.09025829939455415	0.07864068618952079	0.030292482770628206	9.514985305036964	7.146085864008918	1.1200563524896905	0	0	0	-0.8177557612853462	0	30.26354042648372	-86.2077976114478	0	1118.9862465196907
11.9	4.7671321747275135	4.7671321747275135	4.7671321747275135	0.09025829939455074	0.07864068618951661	0.030292482770631936	9.514985305037055	7.146085864009014	1.1200563524896558	0	0	0	-0.8177541645313116	0	30.263539157656872	-86.20783991852893	0	1118.9862583932334
12	4.7671321747275135	4.7671321747275135	4.7671321747275135	0.09025829939454696	0.07864068618951191	0.030292482770636037	9.514985305037152	7.146085864009121	1.1200563524896174	0	0	0	-0.8177524142647608	0	30.26353771607925	-86.20788627868045	0	1118.9862718820175
12.1	4.7671321747275135	4.7671321747275135	4.7671321747275135	0.09025829939455329	0.07864068618951985	0.030292482770629122	9.514985305036985	7.146085864008938	1.1200563524896816	0	0	0	-0.8177553569897622	0	30.263540166166223	-86.20780835904874	0	1118.9862489651048
12.2	4.7671321747275135	4.7671321747275135	4.7671321747275135	0.09025829939455433	0.07864068618952146	0.030292482770627894	9.514985305036959	7.146085864008901	1.1200563524896932	0	0	0	-0.8177558835849577	0	30.263540660499572	-86.20779443190914	0	1118.986244342973
12.3	4.7671321747275135	4.7671321747275135	4.7671321747275135	0.09025829939455293	0.07864068618951987	0.03029248277062936	9.514985305036998	7.146085864008938	1.1200563524896796	0	0	0	-0.8177552582443594	0	30.263540179451873	-86.20781100444253	0	1118.986248844725
12.4	4.7671321747275135	4.7671321747275135	4.7671321747275135	0.09025829939455683	0.07864068618952459	0.030292482770625188	9.514985305036893	7.14608586400883	1.1200563524897185	0	0	0	-0.8177570362661887	0	30.263541618726027	-86.20776391510705	0	1118.9862353822937
12.5	4.7671321747275135	4.7671321747275135	4.7671321747275135	0.09025829939455693	0.07864068618952486	0.030292482770625066	9.514985305036891	7.146085864008824	1.1200563524897196	0	0	0	-0.8177570906549467	0	30.263541694877233	-86.2077624848991	0	1118.9862346711805
12.6	4.7671321747275135	4.7671321747275135	4.7671321747275135	0.09025829939455644	0.07864068618952433	0.030292482770625604	9.514985305036904	7.146085864008835	1.1200563524897145	0	0	0	-0.8177568627514575	0	30.263541526574922	-86.2077685273718	0	1118.9862362466067
12.7	4.7671321747275135	4.7671321747275135	4.7671321747275135	0.0902582993945584	0.07864068618952662	0.0302924827706235	9.514985305036852	7.146085864008783	1.120056352489734	0	0	0	-0.8177577559220959	0	30.26354223351753	-86.20774486917574	0	1118.9862296341767
12.8	4.7671321747275135	4.7671321747275135	4.7671321747275135	0.09025829939455696	0.07864068618952509	0.030292482770625056	9.51498530503689	7.146085864008818	1.1200563524897196	0	0	0	-0.817757095582802	0	30.263541749786654	-86.20776237228455	0	1118.9862341598675
12.9	4.7671321747275135	4.7671321747275135	4.7671321747275135	0.09025829939455574	0.0786406861895238	0.030292482770626343	9.514985305036921	7.146085864008848	1.1200563524897078	0	0	0	-0.8177565487905992	0	30.26354133918648	-86.20777686335964	0	1118.986238001331
13	4.7671321747275135	4.7671321747275135	4.7671321747275135	0.0902582993945578	0.07864068618952606	0.030292482770624143	9.514985305036868	7.146085864008795	1.1200563524897282	0	0	0	-0.8177574858357098	0	30.263542055037547	-86.20775203608338	0	1118.9862313052083
13.1	4.767132174727513	4.767132174727513	4.767132174727513	0.09025829939455492	0.07864068618952298	0.030292482770627308	9.514985305036944	7.146085864008866	1.1200563524896987	0	0	0	-0.817756161380509	0	30.263541103945922	-86.20778714446226	0	1118.9862402026722
13.2	4.7671321747275135	4.7671321747275135	4.7671321747275135	0.09025829939455089	0.07864068618951867	0.03029248277063169	9.514985305037051	7.146085864008965	1.120056352489658	0	0	0	-0.8177543213807001	0	30.263539758803375	-86.20783591263061	0	1118.9862527862576
13.3	4.7671321747275135	4.7671321747275135	4.7671321747275135	0.09025829939455265	0.07864068618952057	0.030292482770629778	9.514985305037005	7.1460858640089215	1.1200563524896758	0	0	0	-0.8177551266068186	0	30.263540346759743	-86.20781457093845	0	1118.9862472863074
13.4	4.7671321747275135	4.7671321747275135	4.7671321747275135	0.090258299394554	0.07864068618952222	0.03029248277062821	9.51498530503697	7.146085864008884	1.1200563524896905	0	0	0	-0.8177557763858702	0	30.26354086695002	-86.20779735956216	0	1118.986242420246
13.5	4.7671321747275135	4.7671321747275135	4.7671321747275135	0.09025829939454733	0.07864068618951542	0.030292482770635194	9.514985305037145	7.1460858640090406	1.1200563524896257	0	0	0	-0.8177528103901998	0	30.263538779266188	-86.20787598927225	0	1118.98626194993
13.6	4.7671321747275135	4.7671321747275135	4.7671321747275135	0.09025829939454488	0.07864068618951289	0.030292482770637782	9.514985305037209	7.146085864009098	1.1200563524896014	0	0	0	-0.8177517135059451	0	30.26353800008118	-86.20790506669542	0	1118.9862692390707
13.7	4.7671321747275135	4.7671321747275135	4.7671321747275135	0.09025829939455281	0.07864068618952114	0.03029248277062936	9.514985305037	7.14608586400891	1.1200563524896796	0	0	0	-0.8177552767534362	0	30.26354054392067	-86.20781061239693	0	1118.9862454424842
13.8	4.7671321747275135	4.7671321747275135	4.7671321747275135	0.09025829939455147	0.07864068618952003	0.030292482770630704	9.514985305037037	7.146085864008936	1.120056352489667	0	0	0	-0.8177547062098078	0	30.26354019946705	-86.20782575113286	0	1118.986248664839
13.9	4.7671321747275135	4.7671321747275135	4.7671321747275135	0.0902582993945495	0.07864068618951814	0.030292482770632734	9.514985305037088	7.146085864008979	1.120056352489648	0	0	0	-0.8177538472948677	0	30.263539619108712	-86.20784852712345	0	1118.9862540939876
14	4.767132174727513	4.767132174727513	4.767132174727513	0.09025829939455537	0.07864068618952397	0.030292482770626603	9.514985305036932	7.146085864008845	1.1200563524897051	0	0	0	-0.8177564430963711	0	30.26354142003768	-86.20777970576411	0	1118.986237247031
14.1	4.7671321747275135	4.7671321747275135	4.7671321747275135	0.09025829939455572	0.07864068618952441	0.0302924827706262	9.514985305036923	7.1460858640088345	1.1200563524897087	0	0	0	-0.8177566092807239	0	30.263541564214243	-86.20777530611271	0	1118.9862358983871
14.2	4.7671321747275135	4.7671321747275135	4.7671321747275135	0.09025829939455571	0.07864068618952444	0.030292482770626208	9.514985305036923	7.146085864008834	1.120056352489709	0	0	0	-0.8177566062669575	0	30.26354157119923	-86.20777538800832	0	1118.9862358331065
14.3	4.767132174727514	4.767132174727514	4.767132174727514	0.09025829939455812	0.0786406861895268	0.030292482770623706	9.51498530503686	7.146085864008779	1.1200563524897322	0	0	0	-0.8177576728780196	0	30.263542298524765	-86.20774710648956	0	1118.986229029293
14.4	4.7671321747275135	4.7671321747275135	4.7671321747275135	0.09025829939455698	0.07864068618952583	0.030292482770624823	9.514985305036888	7.146085864008802	1.1200563524897218	0	0	0	-0.817757207254144	0	30.263542005237102	-86.20775945754818	0	1118.986231772943
14.5	4.7671321747275135	4.7671321747275135	4.7671321747275135	0.09025829939455686	0.07864068618952572	0.030292482770624952	9.514985305036891	7.146085864008803	1.1200563524897205	0	0	0	-0.8177571536859413	0	30.263541972529143	-86.20776087852613	0	1118.986232078904
14.6	4.7671321747275135	4.7671321747275135	4.7671321747275135	0.09025829939455801	0.07864068618952684	0.030292482770623737	9.514985305036861	7.146085864008778	1.120056352489732	0	0	0	-0.8177576658267004	0	30.2635423198976	-86.20774729887466	0	1118.9862288293293
14.7	4.7671321747275135	4.7671321747275135	4.7671321747275135	0.09025829939455497	0.07864068618952423	0.03029248277062671	9.514985305036943	7.146085864008838	1.1200563524897043	0	0	0	-0.8177564121654672	0	30.263541527860156	-86.20778055431386	0	1118.9862362385286
14.8	4.7671321747275135	4.7671321747275135	4.7671321747275135	0.090258299394553	0.07864068618952251	0.030292482770628664	9.514985305036992	7.146085864008878	1.120056352489686	0	0	0	-0.8177555882922521	0	30.263541002502574	-86.20780240775149	0	1118.9862411530598
14.9	4.7671321747275135	4.7671321747275135	4.7671321747275135	0.09025829939455621	0.07864068618952531	0.030292482770625496	9.514985305036909	7.146085864008814	1.1200563524897156	0	0	0	-0.8177569253480509	0	30.26354185994788	-86.20776694326942	0	1118.9862331319684
15	4.7671321747275135	4.7671321747275135	4.7671321747275135	0.09025829939455197	0.07864068618952191	0.03029248277062949	9.51498530503702	7.146085864008892	1.1200563524896783	0	0	0	-0.8177552438961462	0	30.263540836547076	-86.20781155652318	0	1118.98624270547
15.1	4.7671321747275135	4.7671321747275135	4.7671321747275135	0.09025829939454494	0.0786406861895161	0.03029248277063623	9.514985305037207	7.146085864009026	1.1200563524896154	0	0	0	-0.8177524048892635	0	30.263539076928684	-86.20788687485276	0	1118.9862591660053
15.2	4.7671321747275135	4.7671321747275135	4.7671321747275135	0.09025829939454615	0.07864068618951708	0.03029248277063508	9.514985305037175	7.146085864009003	1.1200563524896263	0	0	0	-0.8177528885157592	0	30.26353937501221	-86.20787404449369	0	1118.9862563775139
15.3	4.7671321747275135	4.7671321747275135	4.7671321747275135	0.09025829939455203	0.07864068618952216	0.03029248277062932	9.51498530503702	7.146085864008887	1.12005635248968	0	0	0	-0.8177553126545699	0	30.263540906502435	-86.20780973979122	0	1118.9862420509771
15.4	4.7671321747275135	4.7671321747275135	4.7671321747275135	0.09025829939454612	0.07864068618951761	0.03029248277063479	9.514985305037177	7.146085864008992	1.1200563524896292	0	0	0	-0.8177530042854415	0	30.26353953506055	-86.20787099321875	0	1118.9862548802923
15.5	4.7671321747275135	4.7671321747275135	4.7671321747275135	0.09025829939454395	0.07864068618951588	0.03029248277063682	9.514985305037234	7.146085864009031	1.12005635248961	0	0	0	-0.8177521457542607	0	30.263539019217912	-86.20789377330834	0	1118.986259705793
15.6	4.7671321747275135	4.7671321747275135	4.7671321747275135	0.09025829939455286	0.07864068618952304	0.030292482770628404	9.514985305036998	7.146085864008866	1.1200563524896885	0	0	0	-0.8177556962062186	0	30.263541177794433	-86.20779957182891	0	1118.9862395130945
15.7	4.7671321747275135	4.7671321747275135	4.7671321747275135	0.09025829939455278	0.07864068618952322	0.030292482770628393	9.514985305037	7.146085864008861	1.1200563524896883	0	0	0	-0.8177557034043657	0	30.263541213589463	-86.20779938797403	0	1118.9862391782356
15.8	4.7671321747275135	4.7671321747275135	4.7671321747275135	0.09025829939455307	0.07864068618952348	0.030292482770628116	9.514985305036992	7.146085864008855	1.1200563524896907	0	0	0	-0.8177558197397169	0	30.26354129073052	-86.20779630284052	0	1118.9862384566163
15.9	4.7671321747275135	4.7671321747275135	4.7671321747275135	0.09025829939455705	0.07864068618952652	0.030292482770624424	9.514985305036888	7.146085864008785	1.1200563524897251	0	0	0	-0.8177573782173208	0	30.263542221361103	-86.20775494913626	0	1118.9862297509515
16	4.7671321747275135	4.7671321747275135	4.7671321747275135	0.09025829939455639	0.07864068618952605	0.030292482770625052	9.514985305036905	7.146085864008796	1.1200563524897196	0	0	0	-0.8177571249767343	0	30.26354208697696	-86.20776167257104	0	1118.9862310081355
16.1	4.7671321747275135	4.7671321747275135	4.7671321747275135	0.09025829939455722	0.07864068618952669	0.03029248277062426	9.514985305036882	7.146085864008782	1.120056352489727	0	0	0	-0.817757456848335	0	30.26354228174169	-86.2077528657413	0	1118.986229186252
16.2	4.7671321747275135	4.7671321747275135	4.7671321747275135	0.09025829939455797	0.07864068618952726	0.030292482770623574	9.514985305036863	7.146085864008769	1.1200563524897331	0	0	0	-0.8177577362081127	0	30.263542453871363	-86.20774545475784	0	1118.9862275760681
16.3	4.7671321747275135	4.7671321747275135	4.7671321747275135	0.09025829939455582	0.07864068618952565	0.030292482770625597	9.514985305036921	7.146085864008806	1.1200563524897142	0	0	0	-0.8177568794164872	0	30.26354197408814	-86.20776819751815	0	1118.9862320642494
16.4	4.7671321747275135	4.7671321747275135	4.7671321747275135	0.09025829939455572	0.0786406861895256	0.03029248277062568	9.514985305036925	7.146085864008807	1.1200563524897136	0	0	0	-0.8177568429246136	0	30.263541953736382	-86.20776916658617	0	1118.9862322546169
16.5	4.7671321747275135	4.7671321747275135	4.7671321747275135	0.09025829939455679	0.07864068618952645	0.03029248277062466	9.514985305036898	7.146085864008787	1.1200563524897234	0	0	0	-0.8177572772848071	0	30.26354221146613	-86.20775764044933	0	1118.986229843656
16.6	4.7671321747275135	4.7671321747275135	4.7671321747275135	0.09025829939455142	0.07864068618952264	0.03029248277062959	9.514985305037039	7.1460858640088745	1.1200563524896772	0	0	0	-0.8177552004849415	0	30.263541071609104	-86.20781277043986	0	1118.9862405066087
16.7	4.7671321747275135	4.7671321747275135	4.7671321747275135	0.0902582993945473	0.07864068618951968	0.030292482770633386	9.514985305037149	7.146085864008943	1.1200563524896419	0	0	0	-0.8177536016861047	0	30.26354018866588	-86.20785521029451	0	1118.9862487662308
16.8	4.7671321747275135	4.7671321747275135	4.7671321747275135	0.0902582993945523	0.07864068618952326	0.030292482770628782	9.514985305037014	7.146085864008861	1.120056352489685	0	0	0	-0.8177555408008879	0	30.263541259044214	-86.20780373627045	0	1118.9862387532532
16.9	4.7671321747275135	4.7671321747275135	4.7671321747275135	0.09025829939455011	0.07864068618952194	0.030292482770630725	9.514985305037072	7.1460858640088905	1.1200563524896667	0	0	0	-0.8177547349993856	0	30.26354085478329	-86.20782513531246	0	1118.986242535018
17	4.7671321747275135	4.7671321747275135	4.7671321747275135	0.09025829939454098	0.07864068618951577	0.030292482770639007	9.51498530503731	7.1460858640090335	1.1200563524895895	0	0	0	-0.8177512623745743	0	30.26353899007664	-86.20791732780663	0	1118.9862599787195
17.1	4.7671321747275135	4.7671321747275135	4.7671321747275135	0.09025829939454118	0.07864068618951586	0.030292482770638878	9.514985305037307	7.146085864009031	1.1200563524895906	0	0	0	-0.8177513186015412	0	30.263539019266283	-86.20791583446001	0	1118.9862597056617
17.2	4.7671321747275135	4.7671321747275135	4.7671321747275135	0.09025829939455106	0.0786406861895227	0.03029248277062981	9.514985305037047	7.146085864008873	1.1200563524896752	0	0	0	-0.8177551220757011	0	30.26354108483388	-86.2078148629839	0	1118.9862403829673
17.3	4.7671321747275135	4.7671321747275135	4.7671321747275135	0.09025829939454849	0.07864068618952114	0.030292482770631988	9.514985305037113	7.146085864008909	1.120056352489655	0	0	0	-0.8177542010940899	0	30.263540624707066	-86.207839321109	0	1118.9862446872248
17.4	4.7671321747275135	4.7671321747275135	4.7671321747275135	0.09025829939454874	0.07864068618952134	0.03029248277063173	9.514985305037108	7.146085864008905	1.1200563524896574	0	0	0	-0.8177543081563584	0	30.26354068701775	-86.20783647977504	0	1118.9862441042756
17.5	4.7671321747275135	4.7671321747275135	4.7671321747275135	0.09025829939455522	0.07864068618952569	0.0302924827706259	9.514985305036937	7.146085864008806	1.1200563524897116	0	0	0	-0.8177567605895846	0	30.26354199003908	-86.20777136837367	0	1118.9862319149736
17.6	4.7671321747275135	4.7671321747275135	4.7671321747275135	0.09025829939455496	0.07864068618952559	0.03029248277062606	9.514985305036944	7.146085864008808	1.1200563524897102	0	0	0	-0.817756689668192	0	30.2635419676155	-86.20777325473891	0	1118.986232124784
17.7	4.7671321747275135	4.7671321747275135	4.7671321747275135	0.0902582993945567	0.07864068618952673	0.030292482770624525	9.514985305036898	7.146085864008781	1.1200563524897245	0	0	0	-0.8177573352868981	0	30.26354230537096	-86.20775611268857	0	1118.9862289652108
17.8	4.7671321747275135	4.7671321747275135	4.7671321747275135	0.09025829939455776	0.07864068618952744	0.030292482770623578	9.514985305036872	7.146085864008765	1.1200563524897333	0	0	0	-0.8177577332712259	0	30.263542519837248	-86.20774554750898	0	1118.9862269589978
17.9	4.7671321747275135	4.7671321747275135	4.7671321747275135	0.09025829939455635	0.07864068618952655	0.030292482770624792	9.514985305036909	7.146085864008784	1.120056352489722	0	0	0	-0.817757217630086	0	30.26354226222295	-86.20775924194139	0	1118.986229368958
18	4.7671321747275135	4.7671321747275135	4.7671321747275135	0.09025829939455761	0.07864068618952735	0.030292482770623696	9.514985305036875	7.146085864008766	1.1200563524897322	0	0	0	-0.8177576804121155	0	30.263542497889393	-86.20774695314353	0	1118.9862271643588
18.1	4.7671321747275135	4.7671321747275135	4.7671321747275135	0.09025829939455672	0.07864068618952687	0.030292482770624424	9.514985305036898	7.146085864008776	1.1200563524897256	0	0	0	-0.8177573788767942	0	30.26354235723803	-86.20775496327613	0	1118.9862284800413
18.2	4.7671321747275135	4.7671321747275135	4.7671321747275135	0.09025829939455263	0.07864068618952438	0.030292482770627918	9.514985305037007	7.146085864008834	1.1200563524896927	0	0	0	-0.8177559151704649	0	30.26354163211249	-86.2077938361963	0	1118.9862352633147
18.3	4.7671321747275135	4.7671321747275135	4.7671321747275135	0.09025829939455172	0.07864068618952386	0.03029248277062868	9.51498530503703	7.146085864008847	1.1200563524896858	0	0	0	-0.8177555960667351	0	30.2635414729677	-86.2078023106047	0	1118.9862367520645
18.4	4.767132174727514	4.767132174727514	4.767132174727514	0.09025829939455482	0.0786406861895258	0.030292482770626013	9.51498530503695	7.146085864008802	1.1200563524897107	0	0	0	-0.8177567183558992	0	30.263542039627783	-86.20777250751202	0	1118.9862314511738
18.5	4.7671321747275135	4.7671321747275135	4.7671321747275135	0.09025829939454671	0.07864068618952123	0.0302924827706327	9.514985305037163	7.146085864008907	1.1200563524896483	0	0	0	-0.817753924055476	0	30.263540689542094	-86.20784672687898	0	1118.9862440807517
18.6	4.7671321747275135	4.7671321747275135	4.7671321747275135	0.09025829939453839	0.07864068618951646	0.030292482770639645	9.514985305037383	7.146085864009017	1.1200563524895835	0	0	0	-0.8177510200013407	0	30.263539276746812	-86.20792385904049	0	1118.9862572969507
18.7	4.7671321747275135	4.7671321747275135	4.7671321747275135	0.0902582993945438	0.07864068618951957	0.030292482770635138	9.514985305037241	7.146085864008945	1.1200563524896257	0	0	0	-0.8177529055924433	0	30.263540192693558	-86.2078737771415	0	1118.986248728595
18.8	4.7671321747275135	4.7671321747275135	4.7671321747275135	0.09025829939454863	0.07864068618952251	0.030292482770631003	9.514985305037111	7.146085864008878	1.120056352489664	0	0	0	-0.8177546414969294	0	30.263541062323092	-86.20782767676454	0	1118.9862405934614
18.9	4.7671321747275135	4.7671321747275135	4.7671321747275135	0.0902582993945408	0.07864068618951832	0.03029248277063736	9.51498530503732	7.146085864008974	1.120056352489605	0	0	0	-0.8177519914251142	0	30.263539812899094	-86.20789807171772	0	1118.986252281262
19	4.7671321747275135	4.7671321747275135	4.7671321747275135	0.09025829939454165	0.07864068618951879	0.03029248277063665	9.514985305037296	7.146085864008963	1.1200563524896114	0	0	0	-0.8177522857731307	0	30.26353995491727	-86.20789025331038	0	1118.9862509526558
19.1	4.7671321747275135	4.7671321747275135	4.7671321747275135	0.09025829939455193	0.0786406861895245	0.03029248277062819	9.514985305037024	7.146085864008832	1.1200563524896903	0	0	0	-0.8177558167485018	0	30.263541648448737	-86.20779646465809	0	1118.9862351103409
19.2	4.7671321747275135	4.7671321747275135	4.7671321747275135	0.0902582993945515	0.07864068618952437	0.030292482770628487	9.514985305037035	7.146085864008835	1.1200563524896874	0	0	0	-0.8177556926346223	0	30.263541607061203	-86.20779976560871	0	1118.9862354976708
19.3	4.7671321747275135	4.7671321747275135	4.7671321747275135	0.09025829939455428	0.07864068618952588	0.030292482770626208	9.514985305036962	7.1460858640088	1.1200563524897085	0	0	0	-0.8177566432733911	0	30.26354205645931	-86.20777451383248	0	1118.9862312937805
19.4	4.7671321747275135	4.7671321747275135	4.7671321747275135	0.09025829939455685	0.0786406861895273	0.03029248277062409	9.514985305036895	7.146085864008768	1.1200563524897282	0	0	0	-0.8177575255310119	0	30.26354247716313	-86.20775107900934	0	1118.9862273581934
19.5	4.7671321747275135	4.7671321747275135	4.7671321747275135	0.09025829939455601	0.07864068618952691	0.03029248277062473	9.514985305036914	7.146085864008777	1.1200563524897225	0	0	0	-0.8177572611871184	0	30.26354236050986	-86.2077581025439	0	1118.9862284493706
19.6	4.7671321747275135	4.7671321747275135	4.7671321747275135	0.09025829939455796	0.07864068618952791	0.03029248277062319	9.514985305036864	7.146085864008753	1.1200563524897371	0	0	0	-0.8177579071587354	0	30.26354265974198	-86.20774094220491	0	1118.9862256501276
19.7	4.7671321747275135	4.7671321747275135	4.7671321747275135	0.09025829939455694	0.07864068618952738	0.030292482770623973	9.51498530503689	7.146085864008766	1.1200563524897298	0	0	0	-0.8177575842326513	0	30.263542519692542	-86.2077495233966	0	1118.9862269602704
19.8	4.7671321747275135	4.7671321747275135	4.7671321747275135	0.09025829939455444	0.07864068618952606	0.030292482770625923	9.514985305036957	7.146085864008797	1.1200563524897116	0	0	0	-0.8177567734172344	0	30.26354215452194	-86.20777106574079	0	1118.9862303763573
19.9	4.7671321747275135	4.7671321747275135	4.7671321747275135	0.09025829939455599	0.07864068618952685	0.030292482770624712	9.514985305036916	7.146085864008779	1.1200563524897227	0	0	0	-0.8177572732969414	0	30.263542380473158	-86.20775778515429	0	1118.9862282626698
20	4.7671321747275135	4.7671321747275135	4.7671321747275135	0.0902582993945544	0.07864068618952605	0.030292482770625982	9.514985305036959	7.146085864008798	1.120056352489711	0	0	0	-0.8177567564202739	0	30.263542160897586	-86.20777152059195	0	1118.9862303167047
20.1	4.7671321747275135	4.7671321747275135	4.7671321747275135	0.09025829939454662	0.07864068618952197	0.03029248277063217	9.514985305037166	7.1460858640088905	1.1200563524896532	0	0	0	-0.817754201243781	0	30.26354102988853	-86.20783941153266	0	1118.9862408968945
20.2	4.7671321747275135	4.7671321747275135	4.7671321747275135	0.09025829939454294	0.07864068618952003	0.030292482770635107	9.514985305037262	7.146085864008936	1.1200563524896259	0	0	0	-0.817752989529962	0	30.263540491430415	-86.20787160615305	0	1118.9862459339856
20.3	4.7671321747275135	4.7671321747275135	4.7671321747275135	0.09025829939455067	0.07864068618952409	0.030292482770628976	9.514985305037056	7.146085864008842	1.120056352489683	0	0	0	-0.8177555248840176	0	30.263541618699147	-86.20780424272246	0	1118.9862353887859
20.4	4.7671321747275135	4.7671321747275135	4.7671321747275135	0.09025829939454434	0.07864068618952105	0.030292482770633823	9.514985305037227	7.146085864008911	1.1200563524896379	0	0	0	-0.8177535288666609	0	30.263540768104495	-86.20785728373791	0	1118.9862433457783
20.5	4.7671321747275135	4.7671321747275135	4.7671321747275135	0.09025829939453266	0.07864068618951522	0.030292482770642937	9.514985305037534	7.146085864009045	1.1200563524895528	0	0	0	-0.8177497689669198	0	30.2635391353149	-86.20795719064456	0	1118.9862586199208
20.6	4.7671321747275135	4.7671321747275135	4.7671321747275135	0.09025829939453706	0.07864068618951742	0.030292482770639496	9.51498530503742	7.1460858640089935	1.120056352489585	0	0	0	-0.8177511889340926	0	30.263539752321957	-86.207919459056	0	1118.986252848024
20.7	4.7671321747275135	4.7671321747275135	4.7671321747275135	0.09025829939454834	0.0786406861895232	0.03029248277063061	9.51498530503712	7.14608586400886	1.1200563524896676	0	0	0	-0.8177548559660935	0	30.263541362201988	-86.20782202301001	0	1118.9862377881768
20.8	4.7671321747275135	4.7671321747275135	4.7671321747275135	0.09025829939454519	0.07864068618952183	0.030292482770632952	9.514985305037206	7.146085864008893	1.1200563524896459	0	0	0	-0.8177538931429155	0	30.263540966127174	-86.20784761217135	0	1118.986241493332
20.9	4.7671321747275135	4.7671321747275135	4.7671321747275135	0.090258299394549	0.07864068618952369	0.030292482770630003	9.514985305037102	7.146085864008851	1.1200563524896734	0	0	0	-0.817755108277637	0	30.26354148937836	-86.20781532285866	0	1118.9862365984916
21	4.767132174727514	4.767132174727514	4.767132174727514	0.09025829939455475	0.07864068618952649	0.030292482770625555	9.51498530503695	7.146085864008787	1.120056352489715	0	0	0	-0.8177569413053335	0	30.263542281033182	-86.20776661472499	0	1118.9862291928523
21.1	4.7671321747275135	4.7671321747275135	4.7671321747275135	0.09025829939455449	0.07864068618952642	0.030292482770625705	9.514985305036957	7.146085864008787	1.1200563524897134	0	0	0	-0.8177568765199149	0	30.263542260931214	-86.2077683378553	0	1118.9862293809233
21.2	4.7671321747275135	4.7671321747275135	4.7671321747275135	0.09025829939455735	0.07864068618952778	0.03029248277062353	9.51498530503688	7.146085864008758	1.1200563524897338	0	0	0	-0.8177577752314147	0	30.263542641962488	-86.20774445556253	0	1118.986225816473
21.3	4.767132174727513	4.767132174727513	4.767132174727513	0.09025829939455715	0.07864068618952769	0.030292482770623685	9.514985305036888	7.146085864008758	1.120056352489732	0	0	0	-0.8177577150658271	0	30.263542622723623	-86.20774605646689	0	1118.9862259964466
21.4	4.7671321747275135	4.7671321747275135	4.7671321747275135	0.09025829939455587	0.07864068618952708	0.030292482770624653	9.51498530503692	7.146085864008772	1.1200563524897231	0	0	0	-0.8177573181314162	0	30.26354245963031	-86.20775660644794	0	1118.9862275221647
21.5	4.7671321747275135	4.7671321747275135	4.7671321747275135	0.0902582993945578	0.07864068618952799	0.030292482770623196	9.51498530503687	7.146085864008751	1.1200563524897367	0	0	0	-0.8177579185211579	0	30.263542710079893	-86.20774065080927	0	1118.9862251793274
21.6	4.7671321747275135	4.7671321747275135	4.7671321747275135	0.09025829939455471	0.07864068618952666	0.030292482770625493	9.514985305036952	7.146085864008782	1.1200563524897151	0	0	0	-0.8177569825257922	0	30.26354233262177	-86.20776552861854	0	1118.9862287103158
21.7	4.7671321747275135	4.7671321747275135	4.7671321747275135	0.09025829939454987	0.0786406861895245	0.030292482770629108	9.51498530503708	7.146085864008832	1.1200563524896816	0	0	0	-0.817755501462188	0	30.263541729325436	-86.20780489234902	0	1118.986234353936
21.8	4.7671321747275135	4.7671321747275135	4.7671321747275135	0.09025829939455063	0.07864068618952484	0.030292482770628546	9.51498530503706	7.146085864008824	1.1200563524896867	0	0	0	-0.8177557317001912	0	30.263541822655224	-86.20779877292047	0	1118.9862334808886
21.9	4.7671321747275135	4.7671321747275135	4.7671321747275135	0.09025829939455202	0.07864068618952554	0.030292482770627432	9.514985305037023	7.146085864008808	1.1200563524896971	0	0	0	-0.81775619152755	0	30.263542021571922	-86.2077865542909	0	1118.9862316201295
22	4.7671321747275135	4.7671321747275135	4.7671321747275135	0.09025829939453964	0.07864068618952019	0.03029248277063648	9.514985305037351	7.14608586400893	1.1200563524896128	0	0	0	-0.8177524998949554	0	30.263540547336742	-86.20788467749807	0	1118.9862454110762
22.1	4.7671321747275135	4.7671321747275135	4.7671321747275135	0.09025829939453026	0.07864068618951614	0.03029248277064337	9.514985305037598	7.146085864009024	1.1200563524895488	0	0	0	-0.8177496893158304	0	30.263539420509982	-86.207959381252	0	1118.9862559521198
22.2	4.7671321747275135	4.7671321747275135	4.7671321747275135	0.09025829939454114	0.07864068618952084	0.03029248277063538	9.51498530503731	7.146085864008915	1.1200563524896232	0	0	0	-0.8177529504840211	0	30.263540726510634	-86.20787270023676	0	1118.9862437349234
22.3	4.7671321747275135	4.7671321747275135	4.7671321747275135	0.09025829939454423	0.0786406861895223	0.030292482770633032	9.514985305037227	7.1460858640088825	1.1200563524896452	0	0	0	-0.8177539172512662	0	30.26354113627412	-86.20784700875785	0	1118.9862399016474
22.4	4.7671321747275135	4.7671321747275135	4.7671321747275135	0.0902582993945349	0.0786406861895184	0.030292482770639804	9.514985305037477	7.146085864008972	1.120056352489582	0	0	0	-0.8177511612004098	0	30.26354005932342	-86.20792026950636	0	1118.986249976038
22.5	4.7671321747275135	4.7671321747275135	4.7671321747275135	0.09025829939454039	0.07864068618952072	0.03029248277063581	9.514985305037332	7.146085864008919	1.1200563524896194	0	0	0	-0.8177527872261012	0	30.263540701110145	-86.20787704797687	0	1118.9862439723483
22.6	4.7671321747275135	4.7671321747275135	4.7671321747275135	0.09025829939455074	0.07864068618952516	0.03029248277062823	9.514985305037058	7.146085864008817	1.12005635248969	0	0	0	-0.8177558761254058	0	30.263541926971005	-86.20779494346029	0	1118.9862325049203
22.7	4.7671321747275135	4.7671321747275135	4.7671321747275135	0.09025829939455043	0.0786406861895251	0.03029248277062839	9.514985305037065	7.146085864008818	1.1200563524896885	0	0	0	-0.817755815224523	0	30.263541913252553	-86.20779656469291	0	1118.9862326332875
22.8	4.7671321747275135	4.7671321747275135	4.7671321747275135	0.09025829939455512	0.07864068618952705	0.03029248277062501	9.514985305036939	7.146085864008772	1.1200563524897198	0	0	0	-0.8177571887477871	0	30.263542449544985	-86.20776005408274	0	1118.9862276164836
22.9	4.7671321747275135	4.7671321747275135	4.7671321747275135	0.09025829939455648	0.07864068618952764	0.030292482770623994	9.514985305036904	7.146085864008761	1.1200563524897293	0	0	0	-0.8177576009257111	0	30.263542615055147	-86.20774909917753	0	1118.986226068219
23	4.7671321747275135	4.7671321747275135	4.7671321747275135	0.09025829939455596	0.07864068618952744	0.030292482770624334	9.514985305036918	7.146085864008765	1.120056352489726	0	0	0	-0.8177574588149521	0	30.263542562994612	-86.20775287802316	0	1118.9862265552485
23.1	4.7671321747275135	4.7671321747275135	4.7671321747275135	0.090258299394558	0.07864068618952828	0.03029248277062289	9.514985305036863	7.146085864008747	1.1200563524897396	0	0	0	-0.8177580493729452	0	30.26354279120816	-86.2077371795428	0	1118.9862244203955
23.2	4.7671321747275135	4.7671321747275135	4.7671321747275135	0.09025829939455575	0.07864068618952741	0.030292482770624452	9.514985305036923	7.146085864008766	1.1200563524897251	0	0	0	-0.817757412481054	0	30.263542553615583	-86.20775411226778	0	1118.9862266429518
23.3	4.7671321747275135	4.7671321747275135	4.7671321747275135	0.09025829939455345	0.07864068618952649	0.03029248277062605	9.514985305036983	7.1460858640087865	1.1200563524897102	0	0	0	-0.8177567572583521	0	30.26354230677318	-86.20777153174184	0	1118.986228952029
23.4	4.7671321747275135	4.7671321747275135	4.7671321747275135	0.09025829939455617	0.07864068618952756	0.030292482770624157	9.514985305036912	7.146085864008762	1.1200563524897278	0	0	0	-0.817757531183492	0	30.26354259943995	-86.20775095718183	0	1118.9862262142199
23.5	4.7671321747275135	4.7671321747275135	4.7671321747275135	0.09025829939455093	0.07864068618952572	0.03029248277062777	9.514985305037051	7.146085864008804	1.1200563524896943	0	0	0	-0.8177560843916575	0	30.263542067384023	-86.20778942310433	0	1118.9862311913973
23.6	4.7671321747275135	4.7671321747275135	4.7671321747275135	0.09025829939454072	0.07864068618952195	0.030292482770634836	9.514985305037321	7.1460858640088905	1.1200563524896285	0	0	0	-0.8177532362201879	0	30.26354101045891	-86.20786514547792	0	1118.9862410785372
23.7	4.7671321747275135	4.7671321747275135	4.7671321747275135	0.09025829939453812	0.07864068618952098	0.03029248277063664	9.51498530503739	7.146085864008913	1.1200563524896119	0	0	0	-0.8177525070888564	0	30.26354073869693	-86.20788452999406	0	1118.9862436207802
23.8	4.7671321747275135	4.7671321747275135	4.7671321747275135	0.09025829939455032	0.0786406861895255	0.030292482770628185	9.514985305037065	7.146085864008809	1.1200563524896905	0	0	0	-0.8177559212786515	0	30.26354200737935	-86.20779375930432	0	1118.9862317527643
23.9	4.7671321747275135	4.7671321747275135	4.7671321747275135	0.09025829939455433	0.07864068618952703	0.030292482770625365	9.51498530503696	7.146085864008774	1.120056352489717	0	0	0	-0.8177570563746116	0	30.263542434717483	-86.20776358234023	0	1118.9862277552475
24	4.7671321747275135	4.7671321747275135	4.7671321747275135	0.09025829939455618	0.07864068618952773	0.030292482770624088	9.514985305036912	7.146085864008758	1.1200563524897287	0	0	0	-0.8177575733007622	0	30.263542627763943	-86.20774983935527	0	1118.9862259493832
