0	4.7671321747275135	4.7671321747275135	4.7671321747275135	0.09025829939456088	0.07864068618952942	0.03029248277062086	9.514985305036792	7.146085864008718	1.1200563524897587	0	0	0	0	0	0	0	0	0
0.1	4.767132174727514	4.767132174727514	4.767132174727514	0.09025829939456088	0.07864068618952942	0.03029248277062086	9.514985305036792	7.146085864008718	1.1200563524897587	0	0	0	0	0	-0.0010435909218808866	57172977850634e-19	0	-0.004424926249306748
0.2	4.7671321747275135	4.7671321747275135	4.7671321747275135	0.09025829939456088	0.07864068618952944	0.03029248277062086	9.514985305036792	7.146085864008718	1.1200563524897587	0	0	0	4629036434406417e-21	0	-0.001410566237794597	5810422467299175e-20	0	-0.012480151411980417
0.3	4.7671321747275135	4.7671321747275135	4.7671321747275135	0.09025829939456088	0.07864068618952942	0.030292482770620858	9.514985305036792	7.146085864008718	1.1200563524897587	0	0	0	981580063551776e-20	0	-0.001539600028023799	0.00019249111471485514	0	-0.02057556557449633
0.4	4.767132174727513	4.767132174727513	4.767132174727513	0.09025829939456088	0.07864068618952941	0.030292482770620854	9.514985305036792	7.146085864008718	1.1200563524897587	0	0	0	15217714188388921e-21	0	-0.001584973236098771	0.0004091983932208869	0	-0.027683768794071056
0.5	4.7671321747275135	4.7671321747275135	4.7671321747275135	0.09025829939456088	0.07864068618952942	0.03029248277062086	9.514985305036792	7.146085864008718	1.1200563524897587	0	0	0	20163267499823026e-21	0	-0.0016009178824165683	0.0006889506791428289	0	-0.033634114724730865
0.6	4.7671321747275135	4.7671321747275135	4.7671321747275135	0.09025829939456088	0.07864068618952942	0.030292482770620858	9.514985305036792	7.146085864008717	1.1200563524897587	0	0	0	2442079943002521e-20	0	-0.0016065313217546587	0.0010076722541505873	0	-0.03852070721279525
0.7	4.7671321747275135	4.7671321747275135	4.7671321747275135	0.0902582993945609	0.07864068618952944	0.03029248277062086	9.514985305036792	7.146085864008718	1.1200563524897587	0	0	0	27975749726955146e-21	0	-0.0016085037714495883	0.0013437768031382097	0	-0.04250168367257423
0.8	4.7671321747275135	4.7671321747275135	4.7671321747275135	0.09025829939456088	0.07864068618952944	0.030292482770620858	9.514985305036792	7.146085864008718	1.1200563524897587	0	0	0	3089859693012764e-20	0	-0.0016091959033744628	0.0016805290654227736	0	-0.045733700246571314
0.9	4.7671321747275135	4.7671321747275135	4.7671321747275135	0.09025829939456088	0.07864068618952944	0.030292482770620858	9.514985305036792	7.146085864008718	1.1200563524897587	0	0	0	3328311220645843e-20	0	-0.001609438404136308	0.002006100100000121	0	-0.048353697349505835
1	4.7671321747275135	4.7671321747275135	4.7671321747275135	0.09025829939456088	0.07864068618952944	0.030292482770620858	9.514985305036792	7.146085864008718	1.1200563524897587	0	0	0	3522119383421179e-20	0	-0.0016095251368758487	0.002312735452652362	0	-0.050476541080547235
1.1	4.7671321747275135	4.7671321747275135	4.7671321747275135	0.0902582993945609	0.07864068618952944	0.030292482770620858	9.514985305036792	7.146085864008718	1.1200563524897587	0	0	0	3679316075064511e-20	0	-0.001609555412669035	0.002596011141915882	0	-0.052195662981498345
1.2	4.7671321747275135	4.7671321747275135	4.7671321747275135	0.0902582993945609	0.07864068618952944	0.030292482770620854	9.514985305036792	7.146085864008718	1.1200563524897587	0	0	0	38067021777288225e-21	0	-0.0016095661265865574	0.0028537313070437784	0	-0.053587740203784553
1.3	4.767132174727513	4.767132174727513	4.767132174727513	0.0902582993945609	0.07864068618952944	0.030292482770620854	9.514985305036792	7.146085864008718	1.1200563524897587	0	0	0	3909920026329503e-20	0	-0.001609570327948221	0.0030853494710149382	0	-0.05471532325925806
1.4	4.7671321747275135	4.7671321747275135	4.7671321747275135	0.09025829939456087	0.07864068618952944	0.030292482770620858	9.514985305036792	7.146085864008718	1.1200563524897587	0	0	0	3993479422112877e-20	0	-0.001609571720254152	0.00329152307269271	0	-0.055627983572648296
1.5	4.7671321747275135	4.7671321747275135	4.7671321747275135	0.09025829939456088	0.07864068618952944	0.030292482770620858	9.514985305036792	7.146085864008718	1.1200563524897587	0	0	0	40611881683336225e-21	0	-0.0016095723238508713	0.003473506114096343	0	-0.05636746522398684
1.6	4.7671321747275135	4.7671321747275135	4.7671321747275135	0.09025829939456088	0.07864068618952942	0.030292482770620858	9.514985305036792	7.146085864008718	1.1200563524897587	0	0	0	4115975974912999e-20	0	-0.0016095725153396727	0.003633074996242802	0	-0.05696580374447399
1.7	4.7671321747275135	4.7671321747275135	4.7671321747275135	0.09025829939456088	0.07864068618952944	0.03029248277062086	9.514985305036792	7.146085864008718	1.1200563524897587	0	0	0	4160382642982529e-20	0	-0.0016095726140483062	0.003772154718911857	0	-0.05745076267582593
1.8	4.7671321747275135	4.7671321747275135	4.7671321747275135	0.09025829939456088	0.07864068618952945	0.030292482770620858	9.514985305036792	7.146085864008717	1.1200563524897587	0	0	0	4196301613904373e-20	0	-0.0016095726399759684	0.0038927661540599213	0	-0.05784302393754172
1.9	4.7671321747275135	4.7671321747275135	4.7671321747275135	0.09025829939456087	0.07864068618952944	0.030292482770620858	9.514985305036792	7.146085864008717	1.1200563524897587	0	0	0	4225419586791976e-20	0	-0.0016095726624947718	0.003996916627141373	0	-0.05816101273236183
2	4.7671321747275135	4.7671321747275135	4.7671321747275135	0.09025829939456086	0.07864068618952941	0.030292482770620858	9.514985305036792	7.146085864008718	1.1200563524897587	0	0	0	4248982149171548e-20	0	-0.0016095726657717256	0.004086486275265591	0	-0.05841833158159412
2.1	4.767132174727513	4.767132174727513	4.767132174727513	0.09025829939456087	0.07864068618952941	0.030292482770620858	9.514985305036792	7.146085864008718	1.1200563524897587	0	0	0	4268051708259481e-20	0	-0.0016095726713195684	0.004163253010276977	0	-0.058626583709536495
2.2	4.767132174727514	4.767132174727514	4.767132174727514	0.09025829939456088	0.07864068618952944	0.030292482770620858	9.514985305036792	7.146085864008718	1.1200563524897587	0	0	0	42835233285161614e-21	0	-0.0016095726727435775	0.004228883052032132	0	-0.058795543957897836
2.3	4.7671321747275135	4.7671321747275135	4.7671321747275135	0.09025829939456087	0.07864068618952945	0.030292482770620854	9.514985305036792	7.146085864008718	1.1200563524897587	0	0	0	4296022378727688e-20	0	-0.0016095726709990737	0.004284775903417312	0	-0.058932041670831756
2.4	4.7671321747275135	4.7671321747275135	4.7671321747275135	0.09025829939456087	0.07864068618952944	0.030292482770620854	9.514985305036792	7.146085864008718	1.1200563524897587	0	0	0	4306146625429749e-20	0	-0.001609572674188687	0.004332291968541654	0	-0.05904260496333099
2.5	4.7671321747275135	4.7671321747275135	4.7671321747275135	0.09025829939456093	0.07864068618952944	0.030292482770620858	9.514985305036792	7.146085864008718	1.1200563524897587	0	0	0	4314367836643698e-20	0	-0.0016095726715070157	0.004372633574683989	0	-0.0591323861216757
2.6	4.7671321747275135	4.7671321747275135	4.7671321747275135	0.09025829939456097	0.07864068618952944	0.030292482770620858	9.51498530503679	7.146085864008718	1.1200563524897584	0	0	0	43210049830786356e-21	0	-0.0016095726666215016	0.0044067415975989985	0	-0.059204868268184614
2.7	4.7671321747275135	4.7671321747275135	4.7671321747275135	0.09025829939456095	0.07864068618952944	0.030292482770620858	9.51498530503679	7.146085864008719	1.1200563524897584	0	0	0	4326368380955593e-20	0	-0.0016095726690003537	0.004435532815070428	0	-0.05926343988886964
2.8	4.7671321747275135	4.7671321747275135	4.7671321747275135	0.09025829939456095	0.07864068618952938	0.030292482770620858	9.514985305036788	7.14608586400872	1.1200563524897584	0	0	0	4330734438900091e-20	0	-0.0016095726651149426	0.004459866848304989	0	-0.05931112071966588
2.9	4.7671321747275135	4.7671321747275135	4.7671321747275135	0.09025829939456106	0.07864068618952928	0.030292482770620868	9.514985305036786	7.146085864008722	1.1200563524897584	0	0	0	4334268102791555e-20	0	-0.0016095726456236822	0.004480354662457652	0	-0.059349712493785206
3	4.7671321747275135	4.7671321747275135	4.7671321747275135	0.09025829939456115	0.07864068618952923	0.030292482770620875	9.514985305036781	7.1460858640087235	1.1200563524897582	0	0	0	43371147150462844e-21	0	-0.0016095726330807017	0.004497539757493359	0	-0.059380800452216886
3.1	4.7671321747275135	4.7671321747275135	4.7671321747275135	0.09025829939456108	0.07864068618952931	0.030292482770620868	9.514985305036786	7.146085864008721	1.1200563524897584	0	0	0	43394195183507416e-21	0	-0.0016095726488916753	0.00451196546147894	0	-0.05940596889217536
3.2	4.7671321747275135	4.7671321747275135	4.7671321747275135	0.09025829939456133	0.0786406861895291	0.03029248277062088	9.51498530503678	7.146085864008726	1.1200563524897584	0	0	0	4341298290255614e-20	0	-0.0016095725989849446	0.004524104498964906	0	-0.05942649424307119
3.3	4.7671321747275135	4.7671321747275135	4.7671321747275135	0.09025829939456188	0.07864068618952864	0.030292482770620896	9.514985305036763	7.146085864008737	1.1200563524897582	0	0	0	43428169409538594e-21	0	-0.0016095724857519513	0.004534266926943138	0	-0.05944309494813282
3.4	4.7671321747275135	4.7671321747275135	4.7671321747275135	0.09025829939456224	0.07864068618952832	0.030292482770620913	9.514985305036753	7.146085864008744	1.120056352489758	0	0	0	434403930085298e-19	0	-0.0016095724126949274	0.004542741657227237	0	-0.05945645389091366
3.5	4.7671321747275135	4.7671321747275135	4.7671321747275135	0.09025829939456188	0.07864068618952863	0.0302924827706209	9.514985305036761	7.146085864008737	1.1200563524897582	0	0	0	43450292003604726e-21	0	-0.0016095724833161058	0.0045498176016308	0	-0.05946725395496715
3.6	4.7671321747275135	4.7671321747275135	4.7671321747275135	0.09025829939456362	0.07864068618952713	0.03029248277062103	9.514985305036715	7.146085864008771	1.1200563524897569	0	0	0	43458312473631716e-21	0	-0.001609572137829021	0.00455575650450885	0	-0.05947608392431004
3.7	4.767132174727514	4.767132174727514	4.767132174727514	0.09025829939456897	0.07864068618952261	0.030292482770621392	9.514985305036575	7.146085864008876	1.120056352489754	0	0	0	4346468932397126e-20	0	-0.0016095710839104179	0.004560717505193959	0	-0.059483247140553176
3.8	4.7671321747275135	4.7671321747275135	4.7671321747275135	0.0902582993945738	0.07864068618951851	0.030292482770621697	9.514985305036443	7.14608586400897	1.120056352489751	0	0	0	4346980522279851e-20	0	-0.0016095701330921075	0.004564837240563895	0	-0.05948901071401747
3.9	4.767132174727514	4.767132174727514	4.767132174727514	0.09025829939457396	0.07864068618951837	0.030292482770621697	9.514985305036438	7.146085864008973	1.1200563524897513	0	0	0	4347404351192409e-20	0	-0.001609570100245766	0.004568252368533351	0	-0.05949364189919318
4	4.7671321747275135	4.7671321747275135	4.7671321747275135	0.09025829939456768	0.07864068618952369	0.0302924827706213	9.514985305036607	7.1460858640088505	1.1200563524897547	0	0	0	4347769721091517e-20	0	-0.0016095713378276898	0.004571098791042707	0	-0.059497404813350536
4.1	4.7671321747275135	4.7671321747275135	4.7671321747275135	0.09025829939457018	0.07864068618952151	0.030292482770621628	9.514985305036541	7.146085864008901	1.1200563524897518	0	0	0	4348036797696938e-20	0	-0.0016095708351366444	0.004573480451716127	0	-0.05950048138679344
4.2	4.7671321747275135	4.7671321747275135	4.7671321747275135	0.09025829939457498	0.07864068618951739	0.030292482770622086	9.51498530503641	7.146085864008996	1.1200563524897476	0	0	0	434824307533582e-19	0	-0.0016095698739801829	0.004575458261473432	0	-0.05950297037163966
4.3	4.767132174727513	4.767132174727513	4.767132174727513	0.09025829939457024	0.07864068618952146	0.030292482770621656	9.514985305036536	7.146085864008902	1.1200563524897515	0	0	0	4348446329648878e-20	0	-0.0016095708198376635	0.0045770905605927725	0	-0.05950496810916483
4.4	4.7671321747275135	4.7671321747275135	4.7671321747275135	0.09025829939457024	0.07864068618952143	0.030292482770621833	9.514985305036538	7.146085864008903	1.12005635248975	0	0	0	4348589902913597e-20	0	-0.001609570816205104	0.004578454394468889	0	-0.05950659930166716
4.5	4.7671321747275135	4.7671321747275135	4.7671321747275135	0.09025829939457661	0.07864068618951593	0.030292482770622624	9.514985305036367	7.146085864009028	1.120056352489743	0	0	0	4348677227169252e-20	0	-0.001609569545474989	0.004579591472983324	0	-0.05950792928850194
4.6	4.7671321747275135	4.7671321747275135	4.7671321747275135	0.09025829939457479	0.07864068618951747	0.030292482770622416	9.514985305036415	7.146085864008993	1.1200563524897444	0	0	0	43487837208331604e-21	0	-0.0016095699069958763	0.004580523198057728	0	-0.059508990680538575
4.7	4.767132174727514	4.767132174727514	4.767132174727514	0.0902582993945705	0.07864068618952115	0.03029248277062206	9.51498530503653	7.146085864008909	1.1200563524897478	0	0	0	43488795567539846e-21	0	-0.0016095707563519642	0.004581294960695927	0	-0.059509848446321865
4.8	4.7671321747275135	4.7671321747275135	4.7671321747275135	0.09025829939457772	0.07864068618951495	0.03029248277062316	9.514985305036339	7.146085864009053	1.1200563524897382	0	0	0	4348898648898621e-20	0	-0.0016095693103541783	0.0045819489783399964	0	-0.05951056249843712
4.9	4.7671321747275135	4.7671321747275135	4.7671321747275135	0.0902582993945796	0.07864068618951332	0.030292482770623436	9.51498530503629	7.1460858640090885	1.1200563524897358	0	0	0	43489391815851224e-21	0	-0.0016095689334627492	0.004582482389669812	0	-0.059511131427403635
5	4.7671321747275135	4.7671321747275135	4.7671321747275135	0.09025829939457103	0.0786406861895207	0.0302924827706223	9.51498530503652	7.146085864008919	1.1200563524897458	0	0	0	4349028604851062e-20	0	-0.0016095706508586292	0.0045829099156113875	0	-0.05951157453562072
5.1	4.7671321747275135	4.7671321747275135	4.7671321747275135	0.09025829939457618	0.07864068618951624	0.030292482770623328	9.514985305036381	7.146085864009022	1.1200563524897365	0	0	0	4349023335924595e-20	0	-0.0016095696134984143	0.004583284092633951	0	-0.05951195641217764
5.2	4.7671321747275135	4.7671321747275135	4.7671321747275135	0.09025829939458017	0.07864068618951278	0.030292482770624032	9.514985305036275	7.1460858640091	1.1200563524897298	0	0	0	43490231613115384e-21	0	-0.0016095688099271152	0.004583591433631217	0	-0.05951226432952821
5.3	4.7671321747275135	4.7671321747275135	4.7671321747275135	0.09025829939457086	0.07864068618952083	0.030292482770622502	9.514985305036525	7.146085864008916	1.1200563524897436	0	0	0	43491065046696146e-21	0	-0.0016095706797422513	0.0045838238430304405	0	-0.05951249046145033
5.4	4.7671321747275135	4.7671321747275135	4.7671321747275135	0.0902582993945718	0.07864068618951997	0.030292482770622874	9.514985305036497	7.146085864008935	1.1200563524897402	0	0	0	43491115381950895e-21	0	-0.0016095704831215216	0.004584032582628827	0	-0.05951268991780481
5.5	4.7671321747275135	4.7671321747275135	4.7671321747275135	0.09025829939457447	0.07864068618951768	0.030292482770623443	9.514985305036427	7.146085864008986	1.1200563524897353	0	0	0	4349104730120025e-20	0	-0.0016095699501508104	0.004584207338893088	0	-0.05951285448471299
5.6	4.7671321747275135	4.7671321747275135	4.7671321747275135	0.09025829939456786	0.07864068618952338	0.030292482770622194	9.514985305036603	7.146085864008857	1.1200563524897467	0	0	0	4349165061440299e-20	0	-0.0016095712755834397	0.004584334447118209	0	-0.059512971464634475
5.7	4.7671321747275135	4.7671321747275135	4.7671321747275135	0.09025829939456823	0.07864068618952309	0.030292482770622412	9.514985305036593	7.146085864008864	1.1200563524897444	0	0	0	43491673222346496e-21	0	-0.0016095711950623493	0.004584451797549259	0	-0.059513077136700766
5.8	4.7671321747275135	4.7671321747275135	4.7671321747275135	0.09025829939456967	0.07864068618952183	0.030292482770622776	9.514985305036554	7.146085864008893	1.1200563524897413	0	0	0	4349161853720357e-20	0	-0.0016095709010356986	0.004584550254080639	0	-0.05951316461871674
5.9	4.7671321747275135	4.7671321747275135	4.7671321747275135	0.09025829939456553	0.07864068618952541	0.030292482770621892	9.514985305036664	7.146085864008811	1.1200563524897493	0	0	0	43492017870452916e-21	0	-0.0016095717389054268	0.00458461988140507	0	-0.059513225496110364
6	4.767132174727514	4.767132174727514	4.767132174727514	0.09025829939456702	0.0786406861895241	0.03029248277062236	9.514985305036626	7.146085864008842	1.120056352489745	0	0	0	4349190793776063e-20	0	-0.0016095714394590702	0.004584688795701338	0	-0.059513284014782196
6.1	4.7671321747275135	4.7671321747275135	4.7671321747275135	0.09025829939456881	0.07864068618952252	0.03029248277062283	9.514985305036577	7.146085864008878	1.1200563524897407	0	0	0	434917795355468e-19	0	-0.0016095710783750156	0.004584746417036741	0	-0.059513332373649676
6.2	4.7671321747275135	4.7671321747275135	4.7671321747275135	0.09025829939456533	0.07864068618952554	0.030292482770621975	9.514985305036669	7.146085864008808	1.1200563524897482	0	0	0	43492124199706214e-21	0	-0.001609571780295006	0.004584782120729059	0	-0.05951336227557211
6.3	4.767132174727513	4.767132174727513	4.767132174727513	0.09025829939456745	0.07864068618952366	0.03029248277062269	9.514985305036614	7.146085864008851	1.1200563524897418	0	0	0	434919062177983e-19	0	-0.001609571334691564	0.004584824725284132	0	-0.05951339604318825
6.4	4.7671321747275135	4.7671321747275135	4.7671321747275135	0.09025829939457074	0.07864068618952078	0.030292482770623665	9.514985305036527	7.146085864008918	1.1200563524897331	0	0	0	43491586245708365e-21	0	-0.001609570655257997	0.004584863391919153	0	-0.05951342629107159
6.5	4.7671321747275135	4.7671321747275135	4.7671321747275135	0.09025829939456727	0.07864068618952383	0.030292482770622665	9.51498530503662	7.146085864008847	1.120056352489742	0	0	0	4349195596922045e-20	0	-0.001609571367309904	0.004584878601558816	0	-0.059513438965001275
6.6	4.7671321747275135	4.7671321747275135	4.7671321747275135	0.09025829939456766	0.07864068618952351	0.030292482770622943	9.514985305036607	7.146085864008855	1.1200563524897396	0	0	0	43491888343230324e-21	0	-0.0016095712893864174	0.004584900937645698	0	-0.059513455411902554
6.7	4.7671321747275135	4.7671321747275135	4.7671321747275135	0.09025829939457239	0.07864068618951939	0.030292482770624497	9.51498530503648	7.146085864008949	1.1200563524897253	0	0	0	4349136985732909e-20	0	-0.0016095703249067042	0.004584931417142775	0	-0.059513477134361
6.8	4.7671321747275135	4.7671321747275135	4.7671321747275135	0.09025829939457108	0.07864068618952054	0.03029248277062407	9.514985305036516	7.146085864008923	1.1200563524897291	0	0	0	4349152615372776e-20	0	-0.0016095705978914582	0.004584941155696628	0	-0.05951348483970641
6.9	4.7671321747275135	4.7671321747275135	4.7671321747275135	0.09025829939456698	0.07864068618952409	0.030292482770622853	9.514985305036626	7.146085864008842	1.1200563524897404	0	0	0	43491953253460394e-21	0	-0.0016095714272566625	0.00458494136896524	0	-0.059513485421492894
7	4.7671321747275135	4.7671321747275135	4.7671321747275135	0.09025829939457006	0.07864068618952134	0.030292482770623998	9.514985305036543	7.146085864008904	1.1200563524897298	0	0	0	4349156169528617e-20	0	-0.0016095707796905702	0.004584961039279194	0	-0.059513498227278805
7.1	4.7671321747275135	4.7671321747275135	4.7671321747275135	0.09025829939456989	0.07864068618952148	0.03029248277062396	9.51498530503655	7.146085864008901	1.1200563524897302	0	0	0	4349158073741206e-20	0	-0.0016095708101020907	0.004584968225281512	0	-0.05951350339288665
7.2	4.7671321747275135	4.7671321747275135	4.7671321747275135	0.09025829939456552	0.07864068618952534	0.03029248277062248	9.514985305036666	7.146085864008812	1.1200563524897438	0	0	0	4349209278413549e-20	0	-0.0016095717148585432	0.004584961104825424	0	-0.059513499356075396
7.3	4.7671321747275135	4.7671321747275135	4.7671321747275135	0.09025829939456684	0.07864068618952415	0.030292482770623037	9.514985305036632	7.146085864008839	1.1200563524897387	0	0	0	4349190010268172e-20	0	-0.0016095714333045413	0.0045849713762551895	0	-0.05951350557299376
7.4	4.7671321747275135	4.7671321747275135	4.7671321747275135	0.09025829939456642	0.0786406861895245	0.0302924827706229	9.51498530503664	7.146085864008832	1.1200563524897398	0	0	0	43491949283184104e-21	0	-0.0016095715157737238	0.00458497434286321	0	-0.05951350769639771
7.5	4.7671321747275135	4.7671321747275135	4.7671321747275135	0.09025829939456399	0.07864068618952666	0.030292482770622048	9.514985305036705	7.14608586400878	1.1200563524897476	0	0	0	4349225159416157e-20	0	-0.0016095720222282777	0.004584969900725007	0	-0.059513505309789126
7.6	4.7671321747275135	4.7671321747275135	4.7671321747275135	0.0902582993945653	0.07864068618952556	0.030292482770622638	9.514985305036669	7.146085864008808	1.120056352489742	0	0	0	43492056410493663e-21	0	-0.0016095717430695768	0.004584977918067251	0	-0.05951350982359068
7.7	4.7671321747275135	4.7671321747275135	4.7671321747275135	0.09025829939456508	0.07864068618952576	0.030292482770622558	9.514985305036676	7.1460858640088025	1.1200563524897427	0	0	0	4349208697594223e-20	0	-0.0016095717908535788	0.004584979468914788	0	-0.0595135109133623
7.8	4.7671321747275135	4.7671321747275135	4.7671321747275135	0.09025829939456362	0.07864068618952703	0.030292482770621996	9.514985305036715	7.146085864008774	1.120056352489748	0	0	0	4349227630862951e-20	0	-0.0016095720965726102	0.004584976426639429	0	-0.05951350930200424
7.9	4.7671321747275135	4.7671321747275135	4.7671321747275135	0.09025829939456562	0.07864068618952529	0.030292482770622874	9.51498530503666	7.146085864008814	1.12005635248974	0	0	0	43491969567381975e-21	0	-0.0016095716709356718	0.004584986099541326	0	-0.05951351429422606
8	4.7671321747275135	4.7671321747275135	4.7671321747275135	0.09025829939456631	0.07864068618952472	0.030292482770623158	9.514985305036642	7.146085864008828	1.1200563524897373	0	0	0	4349187137838155e-20	0	-0.0016095715311107697	0.004584989986284321	0	-0.059513516417838454
8.1	4.7671321747275135	4.7671321747275135	4.7671321747275135	0.09025829939456403	0.07864068618952665	0.03029248277062222	9.514985305036703	7.146085864008782	1.120056352489746	0	0	0	434921948950015e-19	0	-0.0016095720063210607	0.004584982534736496	0	-0.05951351263470555
8.2	4.767132174727513	4.767132174727513	4.767132174727513	0.0902582993945665	0.07864068618952448	0.030292482770623404	9.514985305036635	7.146085864008832	1.1200563524897351	0	0	0	4349178298319579e-20	0	-0.0016095714706436488	0.004584994275699653	0	-0.0595135181828257
8.3	4.7671321747275135	4.7671321747275135	4.7671321747275135	0.09025829939456881	0.07864068618952245	0.030292482770624473	9.514985305036573	7.146085864008879	1.1200563524897253	0	0	0	4349141356320648e-20	0	-0.0016095709754095184	0.004585004732446115	0	-0.05951352324887744
8.4	4.7671321747275135	4.7671321747275135	4.7671321747275135	0.09025829939456556	0.07864068618952533	0.03029248277062298	9.514985305036662	7.146085864008812	1.120056352489739	0	0	0	43491933155340916e-21	0	-0.0016095716772071328	0.004584991622517425	0	-0.059513517034814556
8.5	4.7671321747275135	4.7671321747275135	4.7671321747275135	0.09025829939456605	0.07864068618952483	0.03029248277062333	9.514985305036648	7.146085864008826	1.1200563524897356	0	0	0	4349181166445969e-20	0	-0.0016095715605056037	0.004584995319383221	0	-0.059513518411722414
8.6	4.7671321747275135	4.7671321747275135	4.7671321747275135	0.09025829939456889	0.07864068618952222	0.03029248277062477	9.514985305036575	7.146085864008885	1.1200563524897225	0	0	0	43491312513911594e-21	0	-0.0016095709345897787	0.004585008884487755	0	-0.059513524497289826
8.7	4.7671321747275135	4.7671321747275135	4.7671321747275135	0.09025829939456664	0.07864068618952426	0.030292482770623658	9.514985305036634	7.146085864008837	1.120056352489733	0	0	0	43491698602889724e-21	0	-0.0016095714270393177	0.0045849990229406175	0	-0.0595135200768851
8.8	4.767132174727513	4.767132174727513	4.767132174727513	0.09025829939456478	0.07864068618952588	0.03029248277062281	9.514985305036683	7.146085864008801	1.1200563524897404	0	0	0	4349199054818601e-20	0	-0.0016095718265297916	0.004584991593409585	0	-0.05951351649117722
8.9	4.7671321747275135	4.7671321747275135	4.7671321747275135	0.09025829939456632	0.07864068618952448	0.03029248277062364	9.514985305036642	7.146085864008833	1.120056352489733	0	0	0	4349170048964951e-20	0	-0.0016095714906081472	0.004584999470236046	0	-0.05951351975596777
9	4.7671321747275135	4.7671321747275135	4.7671321747275135	0.09025829939456476	0.07864068618952591	0.03029248277062283	9.514985305036685	7.1460858640088	1.1200563524897404	0	0	0	43491981690691486e-21	0	-0.001609571834101911	0.004584992226553464	0	-0.059513516641672135
9.1	4.7671321747275135	4.7671321747275135	4.7671321747275135	0.09025829939456352	0.07864068618952699	0.03029248277062225	9.514985305036717	7.146085864008776	1.120056352489746	0	0	0	43492188819616494e-21	0	-0.0016095721030892928	0.004584986909618552	0	-0.059513514205774595
9.2	4.7671321747275135	4.7671321747275135	4.7671321747275135	0.09025829939456444	0.07864068618952608	0.030292482770622787	9.514985305036694	7.146085864008795	1.1200563524897411	0	0	0	4349200367612247e-20	0	-0.0016095718989945931	0.004584991920368822	0	-0.059513516179977154
9.3	4.767132174727513	4.767132174727513	4.767132174727513	0.09025829939456326	0.07864068618952719	0.030292482770622155	9.514985305036724	7.14608586400877	1.1200563524897469	0	0	0	4349222407955557e-20	0	-0.0016095721559949738	0.004584986198311235	0	-0.05951351382839065
9.4	4.7671321747275135	4.7671321747275135	4.7671321747275135	0.09025829939456304	0.07864068618952741	0.030292482770622072	9.51498530503673	7.146085864008764	1.1200563524897476	0	0	0	4349225298549461e-20	0	-0.0016095722056130091	0.004584985518827858	0	-0.05951351340692467
9.5	4.7671321747275135	4.7671321747275135	4.7671321747275135	0.09025829939456428	0.07864068618952626	0.030292482770622787	9.514985305036697	7.146085864008791	1.120056352489741	0	0	0	4349200586707285e-20	0	-0.0016095719380331793	0.004584992114116494	0	-0.05951351594453501
9.6	4.7671321747275135	4.7671321747275135	4.7671321747275135	0.09025829939456353	0.07864068618952696	0.03029248277062236	9.514985305036719	7.146085864008776	1.120056352489745	0	0	0	43492154523681634e-21	0	-0.001609572102691992	0.004584988240396982	0	-0.05951351443209601
9.7	4.7671321747275135	4.7671321747275135	4.7671321747275135	0.09025829939456331	0.0786406861895272	0.030292482770622294	9.514985305036722	7.14608586400877	1.1200563524897453	0	0	0	434921815713503e-19	0	-0.0016095721497342188	0.004584987573711252	0	-0.05951351401469876
9.8	4.7671321747275135	4.7671321747275135	4.7671321747275135	0.09025829939456541	0.0786406861895253	0.030292482770623578	9.514985305036667	7.146085864008813	1.1200563524897333	0	0	0	434917461623655e-19	0	-0.0016095716958048558	0.004584999118829326	0	-0.05951351827936909
9.9	4.7671321747275135	4.7671321747275135	4.7671321747275135	0.09025829939456576	0.078640686189525	0.03029248277062379	9.514985305036658	7.146085864008819	1.1200563524897313	0	0	0	43491673023410115e-21	0	-0.0016095716184668816	0.004585001081167507	0	-0.05951351901762578
10	4.7671321747275135	4.7671321747275135	4.7671321747275135	0.09025829939456374	0.07864068618952683	0.030292482770622606	9.514985305036713	7.1460858640087785	1.1200563524897422	0	0	0	434920773308284e-19	0	-0.0016095720556268585	0.0045849904216951265	0	-0.05951351494017239
10.1	4.7671321747275135	4.7671321747275135	4.7671321747275135	0.09025829939456584	0.07864068618952483	0.030292482770624077	9.514985305036657	7.146085864008824	1.1200563524897287	0	0	0	4349158498871077e-20	0	-0.0016095715713562548	0.004585003462122193	0	-0.05951351948010141
10.2	4.7671321747275135	4.7671321747275135	4.7671321747275135	0.0902582993945676	0.07864068618952322	0.030292482770625243	9.51498530503661	7.146085864008861	1.120056352489718	0	0	0	43491193186625626e-21	0	-0.0016095711773061192	0.0045850138380099745	0	-0.059513523174168956
10.3	4.7671321747275135	4.7671321747275135	4.7671321747275135	0.0902582993945646	0.07864068618952598	0.030292482770623286	9.51498530503669	7.146085864008798	1.120056352489736	0	0	0	4349185249702186e-20	0	-0.001609571845836826	0.0045849964192728595	0	-0.05951351692667953
10.4	4.767132174727514	4.767132174727514	4.767132174727514	0.09025829939456471	0.07864068618952588	0.03029248277062347	9.514985305036689	7.146085864008801	1.1200563524897345	0	0	0	4349179490249285e-20	0	-0.001609571814131252	0.004584997958924421	0	-0.059513517228448595
10.5	4.7671321747275135	4.7671321747275135	4.7671321747275135	0.0902582993945662	0.07864068618952448	0.030292482770624542	9.514985305036648	7.146085864008833	1.1200563524897245	0	0	0	4349143576838416e-20	0	-0.001609571472587485	0.004585007468236164	0	-0.05951352042764608
10.6	4.7671321747275135	4.7671321747275135	4.7671321747275135	0.090258299394564	0.07864068618952652	0.03029248277062301	9.514985305036706	7.146085864008785	1.1200563524897384	0	0	0	43491949126220056e-21	0	-0.0016095719724020564	0.004584993897724522	0	-0.05951351575544327
10.7	4.7671321747275135	4.7671321747275135	4.7671321747275135	0.09025829939456333	0.0786406861895271	0.030292482770622645	9.514985305036726	7.146085864008772	1.120056352489742	0	0	0	4349207237297562e-20	0	-0.0016095721074991802	0.004584990647324544	0	-0.05951351449441026
10.8	4.7671321747275135	4.7671321747275135	4.7671321747275135	0.09025829939456395	0.07864068618952649	0.030292482770623155	9.514985305036708	7.146085864008786	1.1200563524897371	0	0	0	43491901203275235e-21	0	-0.001609571953887999	0.004584995182328834	0	-0.0595135159336116
10.9	4.7671321747275135	4.7671321747275135	4.7671321747275135	0.09025829939456259	0.07864068618952781	0.030292482770622135	9.514985305036745	7.146085864008756	1.1200563524897469	0	0	0	4349224359646962e-20	0	-0.0016095722761184366	0.004584986127819986	0	-0.059513512921054716
11	4.7671321747275135	4.7671321747275135	4.7671321747275135	0.0902582993945626	0.0786406861895277	0.030292482770622232	9.514985305036744	7.146085864008758	1.1200563524897458	0	0	0	434922176989178e-19	0	-0.0016095722635640704	0.00458498681887169	0	-0.059513513039948
11.1	4.7671321747275135	4.7671321747275135	4.7671321747275135	0.09025829939456316	0.07864068618952708	0.03029248277062274	9.51498530503673	7.146085864008773	1.1200563524897411	0	0	0	4349205675838548e-20	0	-0.001609572121627402	0.00458499108153273	0	-0.05951351436888921
11.2	4.7671321747275135	4.7671321747275135	4.7671321747275135	0.09025829939456222	0.07864068618952805	0.030292482770621958	9.514985305036754	7.146085864008749	1.1200563524897487	0	0	0	4349231284282229e-20	0	-0.0016095723540026485	0.0045849843066754275	0	-0.05951351219605861
11.3	4.7671321747275135	4.7671321747275135	4.7671321747275135	0.09025829939456269	0.0786406861895275	0.030292482770622433	9.514985305036742	7.1460858640087634	1.120056352489744	0	0	0	4349215802785188e-20	0	-0.0016095722276955231	0.004584988408670477	0	-0.05951351337838315
11.4	4.7671321747275135	4.7671321747275135	4.7671321747275135	0.09025829939456374	0.07864068618952634	0.03029248277062338	9.514985305036713	7.146085864008789	1.1200563524897353	0	0	0	4349184838153961e-20	0	-0.0016095719607897077	0.004584996607759007	0	-0.0595135158758047
11.5	4.767132174727514	4.767132174727514	4.767132174727514	0.09025829939456297	0.07864068618952717	0.030292482770622686	9.514985305036733	7.1460858640087705	1.1200563524897416	0	0	0	4349207298706134e-20	0	-0.0016095721556581332	0.004584990662940989	0	-0.059513514053383634
11.6	4.7671321747275135	4.7671321747275135	4.7671321747275135	0.09025829939456304	0.07864068618952713	0.03029248277062282	9.514985305036731	7.146085864008771	1.1200563524897402	0	0	0	4349203834457577e-20	0	-0.001609572140027639	0.004584991584289245	0	-0.05951351420001325
11.7	4.7671321747275135	4.7671321747275135	4.7671321747275135	0.09025829939456492	0.07864068618952506	0.030292482770624636	9.514985305036681	7.146085864008819	1.1200563524897234	0	0	0	4349145996487179e-20	0	-0.0016095716597352594	0.004585006901439306	0	-0.05951351869330535
11.8	4.7671321747275135	4.7671321747275135	4.7671321747275135	0.09025829939456523	0.07864068618952472	0.03029248277062493	9.51498530503667	7.1460858640088265	1.1200563524897207	0	0	0	4349136503053512e-20	0	-0.0016095715799499526	0.004585009415866056	0	-0.05951351943993619
11.9	4.7671321747275135	4.7671321747275135	4.7671321747275135	0.09025829939456324	0.07864068618952685	0.030292482770623103	9.514985305036726	7.146085864008778	1.1200563524897376	0	0	0	4349195067528989e-20	0	-0.001609572077021182	0.0045849939100909174	0	-0.059513514790236664
12	4.7671321747275135	4.7671321747275135	4.7671321747275135	0.09025829939456449	0.0786406861895254	0.030292482770624463	9.514985305036692	7.146085864008811	1.1200563524897251	0	0	0	4349151651758785e-20	0	-0.0016095717371678432	0.004585005412391274	0	-0.05951351796962203
12.1	4.7671321747275135	4.7671321747275135	4.7671321747275135	0.09025829939456549	0.07864068618952427	0.0302924827706255	9.514985305036664	7.146085864008838	1.1200563524897154	0	0	0	434911845145621e-19	0	-0.001609571470714133	0.004585014206791392	0	-0.059513520462345065
12.2	4.767132174727514	4.767132174727514	4.767132174727514	0.09025829939456327	0.07864068618952677	0.03029248277062325	9.514985305036726	7.146085864008781	1.1200563524897365	0	0	0	4349190431245255e-20	0	-0.0016095720553215218	0.004584995142749978	0	-0.05951351499367013
12.3	4.7671321747275135	4.7671321747275135	4.7671321747275135	0.0902582993945632	0.07864068618952677	0.030292482770623304	9.514985305036728	7.146085864008779	1.120056352489736	0	0	0	4349189051358473e-20	0	-0.0016095720587690964	0.004584995511809136	0	-0.059513514961508425
12.4	4.7671321747275135	4.7671321747275135	4.7671321747275135	0.09025829939456362	0.07864068618952622	0.030292482770623828	9.514985305036715	7.146085864008793	1.1200563524897311	0	0	0	4349172313246705e-20	0	-0.0016095719316320742	0.0045849999472068964	0	-0.05951351615090065
12.5	4.7671321747275135	4.7671321747275135	4.7671321747275135	0.09025829939456226	0.07864068618952783	0.03029248277062236	9.51498530503675	7.146085864008756	1.1200563524897447	0	0	0	4349219160253124e-20	0	-0.001609572301105065	0.0045849875370822715	0	-0.05951351269467719
12.6	4.7671321747275135	4.7671321747275135	4.7671321747275135	0.0902582993945623	0.0786406861895278	0.030292482770622468	9.514985305036749	7.146085864008756	1.1200563524897438	0	0	0	4349215669838204e-20	0	-0.0016095722827142098	0.004584988463945996	0	-0.059513512866771756
12.7	4.767132174727513	4.767132174727513	4.767132174727513	0.09025829939456251	0.07864068618952756	0.030292482770622717	9.514985305036745	7.146085864008763	1.1200563524897416	0	0	0	4349207685832409e-20	0	-0.0016095722241978372	0.004584990580122976	0	-0.059513513414217754
12.8	4.7671321747275135	4.7671321747275135	4.7671321747275135	0.09025829939456179	0.07864068618952841	0.030292482770621878	9.514985305036765	7.146085864008742	1.120056352489749	0	0	0	4349234482258307e-20	0	-0.0016095724304380902	0.004584983480389398	0	-0.05951351148494851
12.9	4.7671321747275135	4.7671321747275135	4.7671321747275135	0.09025829939456223	0.07864068618952791	0.030292482770622426	9.514985305036754	7.146085864008755	1.120056352489744	0	0	0	4349216753165811e-20	0	-0.0016095723041845646	0.004584988180169848	0	-0.05951351266601642
13	4.7671321747275135	4.7671321747275135	4.7671321747275135	0.09025829939456265	0.07864068618952746	0.03029248277062291	9.514985305036744	7.146085864008764	1.1200563524897398	0	0	0	4349201159586732e-20	0	-0.001609572190089767	0.004584992313149244	0	-0.05951351373334087
13.1	4.7671321747275135	4.7671321747275135	4.7671321747275135	0.09025829939456188	0.07864068618952828	0.03029248277062205	9.514985305036761	7.146085864008746	1.1200563524897476	0	0	0	4349228600138742e-20	0	-0.0016095723941430698	0.0045849850410833864	0	-0.059513511824518944
13.2	4.7671321747275135	4.7671321747275135	4.7671321747275135	0.09025829939456258	0.07864068618952744	0.03029248277062298	9.514985305036747	7.146085864008764	1.1200563524897391	0	0	0	4349198377564851e-20	0	-0.0016095721833609123	0.004584993053696973	0	-0.059513513796326946
13.3	4.7671321747275135	4.7671321747275135	4.7671321747275135	0.09025829939456359	0.07864068618952619	0.03029248277062431	9.514985305036717	7.146085864008794	1.1200563524897265	0	0	0	4349155139472002e-20	0	-0.0016095718751946125	0.004585004515452873	0	-0.05951351667912156
13.4	4.7671321747275135	4.7671321747275135	4.7671321747275135	0.09025829939456297	0.07864068618952695	0.030292482770623488	9.514985305036735	7.146085864008776	1.1200563524897342	0	0	0	4349181878398005e-20	0	-0.0016095720659918503	0.004584997427472056	0	-0.05951351489429195
13.5	4.7671321747275135	4.7671321747275135	4.7671321747275135	0.09025829939456263	0.0786406861895273	0.03029248277062322	9.514985305036744	7.146085864008769	1.1200563524897367	0	0	0	4349190627223516e-20	0	-0.0016095721395969185	0.004584995110892445	0	-0.059513514205753806
13.6	4.7671321747275135	4.7671321747275135	4.7671321747275135	0.09025829939456398	0.07864068618952551	0.030292482770625278	9.514985305036706	7.146085864008809	1.1200563524897176	0	0	0	4349124033664816e-20	0	-0.0016095716816456552	0.004585012767602577	0	-0.059513518489731895
13.7	4.7671321747275135	4.7671321747275135	4.7671321747275135	0.09025829939456423	0.07864068618952519	0.03029248277062565	9.5149853050367	7.146085864008816	1.120056352489714	0	0	0	4349111930170918e-20	0	-0.0016095715976617165	0.004585015976581229	0	-0.05951351927537989
13.8	4.7671321747275135	4.7671321747275135	4.7671321747275135	0.09025829939456258	0.07864068618952728	0.0302924827706233	9.514985305036744	7.146085864008767	1.1200563524897358	0	0	0	43491879207206416e-21	0	-0.0016095721292589667	0.004584995830437324	0	-0.0595135143024867
13.9	4.7671321747275135	4.7671321747275135	4.7671321747275135	0.09025829939456295	0.07864068618952665	0.030292482770624088	9.514985305036733	7.146085864008781	1.1200563524897282	0	0	0	4349161682154298e-20	0	-0.0016095719615807607	0.004585002790287438	0	-0.05951351587105913
14	4.7671321747275135	4.7671321747275135	4.7671321747275135	0.09025829939456323	0.07864068618952624	0.03029248277062456	9.514985305036726	7.14608586400879	1.120056352489724	0	0	0	43491463141374834e-21	0	-0.001609571859976555	0.004585006865921846	0	-0.0595135168215317
14.1	4.7671321747275135	4.7671321747275135	4.7671321747275135	0.09025829939456202	0.07864068618952791	0.030292482770622645	9.51498530503676	7.146085864008753	1.1200563524897418	0	0	0	4349208790502218e-20	0	-0.001609572284082399	0.004584990299615702	0	-0.05951351285417819
14.2	4.7671321747275135	4.7671321747275135	4.7671321747275135	0.09025829939456204	0.07864068618952784	0.03029248277062278	9.514985305036758	7.146085864008755	1.1200563524897404	0	0	0	43492039422035694e-21	0	-0.0016095722592340195	0.00458499158706237	0	-0.0595135130866325
14.3	4.7671321747275135	4.7671321747275135	4.7671321747275135	0.09025829939456204	0.07864068618952784	0.0302924827706228	9.514985305036758	7.146085864008755	1.1200563524897404	0	0	0	4349203169129589e-20	0	-0.0016095722559389463	0.004584991792512145	0	-0.059513513117463994
14.4	4.7671321747275135	4.7671321747275135	4.7671321747275135	0.0902582993945615	0.07864068618952857	0.03029248277062191	9.514985305036772	7.146085864008739	1.1200563524897487	0	0	0	43492326234697896e-21	0	-0.001609572452204576	0.004584983981511581	0	-0.05951351128147137
14.5	4.7671321747275135	4.7671321747275135	4.7671321747275135	0.0902582993945617	0.07864068618952819	0.03029248277062235	9.514985305036767	7.146085864008747	1.1200563524897447	0	0	0	434921798496761e-19	0	-0.00160957236161877	0.0045849878650703075	0	-0.05951351212886052
14.6	4.7671321747275135	4.7671321747275135	4.7671321747275135	0.09025829939456176	0.07864068618952814	0.030292482770622416	9.514985305036765	7.146085864008748	1.120056352489744	0	0	0	43492157452863264e-21	0	-0.001609572347890343	0.004584988459275389	0	-0.05951351225727627
14.7	4.767132174727514	4.767132174727514	4.767132174727514	0.09025829939456141	0.07864068618952859	0.030292482770621895	9.514985305036777	7.146085864008739	1.1200563524897489	0	0	0	4349233195110268e-20	0	-0.0016095724625767313	0.004584983831387643	0	-0.05951351118441997
14.8	4.7671321747275135	4.7671321747275135	4.7671321747275135	0.09025829939456179	0.0786406861895278	0.03029248277062287	9.514985305036763	7.146085864008756	1.1200563524897398	0	0	0	4349201501585515e-20	0	-0.0016095722671631845	0.004584992239769861	0	-0.059513513012431726
14.9	4.7671321747275135	4.7671321747275135	4.7671321747275135	0.09025829939456205	0.07864068618952731	0.0302924827706235	9.514985305036756	7.146085864008768	1.120056352489734	0	0	0	4349181019339633e-20	0	-0.0016095721395611706	0.00458499767346415	0	-0.05951351420609682
15	4.7671321747275135	4.7671321747275135	4.7671321747275135	0.09025829939456156	0.0786406861895282	0.0302924827706224	9.51498530503677	7.146085864008747	1.1200563524897444	0	0	0	4349216928674201e-20	0	-0.0016095723648859707	0.004584988147488703	0	-0.059513512098273415
15.1	4.7671321747275135	4.7671321747275135	4.7671321747275135	0.09025829939456194	0.0786406861895273	0.030292482770623578	9.51498530503676	7.146085864008769	1.1200563524897333	0	0	0	4349177859371318e-20	0	-0.0016095721325316585	0.004584998514675607	0	-0.05951351427186906
15.2	4.7671321747275135	4.7671321747275135	4.7671321747275135	0.09025829939456262	0.07864068618952583	0.030292482770625448	9.514985305036742	7.1460858640088025	1.1200563524897158	0	0	0	4349116334174181e-20	0	-0.0016095717595482585	0.004585014838994333	0	-0.05951351776099475
15.3	4.7671321747275135	4.7671321747275135	4.7671321747275135	0.09025829939456234	0.07864068618952644	0.030292482770624667	9.514985305036749	7.146085864008787	1.1200563524897231	0	0	0	43491419687270506e-21	0	-0.0016095719149318273	0.004585008037453277	0	-0.05951351630744033
15.4	4.767132174727514	4.767132174727514	4.767132174727514	0.09025829939456181	0.07864068618952742	0.03029248277062344	9.514985305036763	7.146085864008766	1.1200563524897347	0	0	0	43491821607063506e-21	0	-0.0016095721665401197	0.00458499737524768	0	-0.059513513953740924
15.5	4.7671321747275135	4.7671321747275135	4.7671321747275135	0.09025829939456226	0.07864068618952609	0.030292482770625184	9.51498530503675	7.146085864008795	1.1200563524897182	0	0	0	434912485702968e-19	0	-0.0016095718317380347	0.004585012582347428	0	-0.059513517085696604
15.6	4.7671321747275135	4.7671321747275135	4.7671321747275135	0.0902582993945623	0.07864068618952598	0.030292482770625344	9.514985305036753	7.146085864008799	1.1200563524897167	0	0	0	4349119561351798e-20	0	-0.0016095718009005967	0.00458501398772515	0	-0.059513517374171765
15.7	4.7671321747275135	4.7671321747275135	4.7671321747275135	0.09025829939456158	0.07864068618952776	0.030292482770623033	9.51498530503677	7.146085864008758	1.120056352489738	0	0	0	4349195428841959e-20	0	-0.0016095722537116661	0.004584993856400391	0	-0.05951351313828715
15.8	4.7671321747275135	4.7671321747275135	4.7671321747275135	0.09025829939456163	0.07864068618952748	0.030292482770623404	9.514985305036769	7.146085864008764	1.1200563524897347	0	0	0	43491830025415615e-21	0	-0.0016095721878995155	0.004584997155626969	0	-0.05951351375393152
15.9	4.7671321747275135	4.7671321747275135	4.7671321747275135	0.09025829939456155	0.0786406861895276	0.030292482770623224	9.514985305036769	7.146085864008761	1.1200563524897365	0	0	0	4349188897937049e-20	0	-0.0016095722234694696	0.004584995591373936	0	-0.0595135134211888
16	4.7671321747275135	4.7671321747275135	4.7671321747275135	0.09025829939456124	0.07864068618952849	0.030292482770622096	9.51498530503678	7.14608586400874	1.1200563524897469	0	0	0	43492263617538466e-21	0	-0.0016095724429705384	0.004584985649435	0	-0.05951351136784225
16.1	4.7671321747275135	4.7671321747275135	4.7671321747275135	0.09025829939456131	0.0786406861895283	0.030292482770622426	9.514985305036777	7.146085864008745	1.1200563524897438	0	0	0	43492154484631254e-21	0	-0.0016095723840551409	0.004584988546663091	0	-0.05951351191897505
16.2	4.7671321747275135	4.7671321747275135	4.7671321747275135	0.09025829939456123	0.0786406861895285	0.030292482770622145	9.51498530503678	7.1460858640087395	1.1200563524897464	0	0	0	434922470760382e-19	0	-0.0016095724371065242	0.004584986089255032	0	-0.059513511422695335
16.3	4.7671321747275135	4.7671321747275135	4.7671321747275135	0.09025829939456113	0.07864068618952871	0.03029248277062186	9.514985305036783	7.146085864008735	1.1200563524897493	0	0	0	4349234206000057e-20	0	-0.0016095724937464013	0.004584983568860322	0	-0.05951351089284676
16.4	4.7671321747275135	4.7671321747275135	4.7671321747275135	0.09025829939456129	0.07864068618952821	0.030292482770622582	9.514985305036777	7.146085864008747	1.1200563524897427	0	0	0	4349210325704441e-20	0	-0.0016095723628755253	0.004584989908125385	0	-0.05951351211709559
16.5	4.7671321747275135	4.7671321747275135	4.7671321747275135	0.0902582993945613	0.07864068618952819	0.0302924827706226	9.514985305036777	7.146085864008746	1.1200563524897424	0	0	0	4349209787557997e-20	0	-0.0016095723599969507	0.004584990050998788	0	-0.059513512144024124
16.6	4.7671321747275135	4.7671321747275135	4.7671321747275135	0.09025829939456116	0.07864068618952852	0.03029248277062216	9.514985305036781	7.1460858640087395	1.1200563524897467	0	0	0	4349224432814193e-20	0	-0.0016095724440982773	0.004584986164152832	0	-0.05951351135728622
16.7	4.7671321747275135	4.7671321747275135	4.7671321747275135	0.0902582993945614	0.07864068618952746	0.03029248277062365	9.514985305036776	7.1460858640087634	1.1200563524897327	0	0	0	4349175070418624e-20	0	-0.001609572178932688	0.004584999269136175	0	-0.05951351383781164
16.8	4.7671321747275135	4.7671321747275135	4.7671321747275135	0.09025829939456156	0.07864068618952673	0.03029248277062471	9.514985305036772	7.14608586400878	1.120056352489723	0	0	0	4349140215088128e-20	0	-0.0016095719904026644	0.004585008522415119	0	-0.05951351560144153
16.9	4.7671321747275135	4.7671321747275135	4.7671321747275135	0.0902582993945613	0.07864068618952784	0.030292482770623144	9.51498530503678	7.146085864008755	1.1200563524897373	0	0	0	4349191971244551e-20	0	-0.0016095722707503539	0.004584994782470923	0	-0.05951351297889676
17	4.7671321747275135	4.7671321747275135	4.7671321747275135	0.09025829939456138	0.07864068618952727	0.03029248277062397	9.514985305036776	7.146085864008768	1.1200563524897298	0	0	0	4349164719937551e-20	0	-0.0016095721330711635	0.00458500201928791	0	-0.05951351426683833
17.1	4.7671321747275135	4.7671321747275135	4.7671321747275135	0.0902582993945617	0.0786406861895257	0.030292482770626215	9.514985305036769	7.146085864008804	1.1200563524897087	0	0	0	43490907706599784e-21	0	-0.0016095717436821991	0.0045850216535213584	0	-0.059513517909429846
17.2	4.7671321747275135	4.7671321747275135	4.7671321747275135	0.0902582993945616	0.07864068618952617	0.03029248277062551	9.51498530503677	7.146085864008794	1.1200563524897154	0	0	0	43491139229985926e-21	0	-0.0016095718658668445	0.00458501550643337	0	-0.0595135167664378
17.3	4.767132174727513	4.767132174727513	4.767132174727513	0.09025829939456124	0.07864068618952762	0.030292482770623453	9.51498530503678	7.14608586400876	1.1200563524897342	0	0	0	43491816983426576e-21	0	-0.0016095722287716786	0.004584997512819393	0	-0.05951351337159682
17.4	4.7671321747275135	4.7671321747275135	4.7671321747275135	0.0902582993945613	0.07864068618952698	0.030292482770624463	9.51498530503678	7.146085864008776	1.120056352489725	0	0	0	4349149131801126e-20	0	-0.0016095720648873358	0.004585006161250158	0	-0.059513514904674374
17.5	4.7671321747275135	4.7671321747275135	4.7671321747275135	0.09025829939456124	0.07864068618952726	0.03029248277062404	9.514985305036781	7.146085864008769	1.120056352489729	0	0	0	4349163036644522e-20	0	-0.0016095721377299005	0.004585002469289533	0	-0.05951351422325983
17.6	4.7671321747275135	4.7671321747275135	4.7671321747275135	0.09025829939456105	0.07864068618952832	0.030292482770622475	9.514985305036785	7.146085864008744	1.1200563524897433	0	0	0	4349214218461157e-20	0	-0.001609572405247043	0.004584988879594496	0	-0.05951351172073489
17.7	4.7671321747275135	4.7671321747275135	4.7671321747275135	0.09025829939456102	0.07864068618952816	0.03029248277062275	9.514985305036785	7.1460858640087475	1.120056352489741	0	0	0	43492052802319256e-21	0	-0.0016095723629014412	0.004584991253856	0	-0.059513512116859235
17.8	4.767132174727513	4.767132174727513	4.767132174727513	0.09025829939456098	0.07864068618952855	0.030292482770622166	9.514985305036785	7.1460858640087395	1.1200563524897462	0	0	0	43492243063498687e-21	0	-0.0016095724601605805	0.004584986201579037	0	-0.05951351120703498
17.9	4.7671321747275135	4.7671321747275135	4.7671321747275135	0.09025829939456095	0.07864068618952874	0.03029248277062188	9.514985305036788	7.146085864008734	1.120056352489749	0	0	0	4349233616250735e-20	0	-0.0016095725098193405	0.004584983729865546	0	-0.059513510742498124
18	4.7671321747275135	4.7671321747275135	4.7671321747275135	0.090258299394561	0.07864068618952842	0.03029248277062236	9.514985305036788	7.146085864008743	1.1200563524897444	0	0	0	43492178220147566e-21	0	-0.0016095724323068612	0.004584987924679665	0	-0.0595135114676016
18.1	4.7671321747275135	4.7671321747275135	4.7671321747275135	0.09025829939456095	0.0786406861895287	0.03029248277062194	9.514985305036788	7.146085864008735	1.1200563524897484	0	0	0	4349231668721948e-20	0	-0.0016095725013971158	0.0045849842473799415	0	-0.05951351082128798
18.2	4.767132174727513	4.767132174727513	4.767132174727513	0.09025829939456097	0.07864068618952856	0.03029248277062211	9.514985305036788	7.146085864008738	1.1200563524897469	0	0	0	4349225971448614e-20	0	-0.0016095724762625004	0.004584985761153735	0	-0.05951351105641098
18.3	4.7671321747275135	4.7671321747275135	4.7671321747275135	0.09025829939456101	0.07864068618952778	0.03029248277062325	9.514985305036786	7.1460858640087555	1.1200563524897365	0	0	0	4349188336344554e-20	0	-0.0016095722935252905	0.004584995757121661	0	-0.0595135127658492
18.4	4.7671321747275135	4.7671321747275135	4.7671321747275135	0.09025829939456102	0.07864068618952767	0.030292482770623408	9.514985305036785	7.146085864008759	1.120056352489735	0	0	0	43491829818011364e-21	0	-0.0016095722673225737	0.004584997179243231	0	-0.059513513010968626
18.5	4.7671321747275135	4.7671321747275135	4.7671321747275135	0.09025829939456097	0.07864068618952828	0.030292482770622554	9.51498530503679	7.146085864008745	1.120056352489743	0	0	0	4349211244375324e-20	0	-0.0016095724075359025	0.004584989673314835	0	-0.05951351169933059
18.6	4.7671321747275135	4.7671321747275135	4.7671321747275135	0.09025829939456093	0.07864068618952698	0.03029248277062454	9.51498530503679	7.146085864008775	1.1200563524897245	0	0	0	4349146064565126e-20	0	-0.00160957209862336	0.004585006987015774	0	-0.05951351458909486
18.7	4.7671321747275135	4.7671321747275135	4.7671321747275135	0.09025829939456094	0.07864068618952581	0.03029248277062633	9.514985305036788	7.1460858640088025	1.1200563524897078	0	0	0	4349087285475456e-20	0	-0.0016095718180834365	0.004585022600046864	0	-0.05951351721344055
18.8	4.7671321747275135	4.7671321747275135	4.7671321747275135	0.09025829939456094	0.07864068618952706	0.03029248277062442	9.51498530503679	7.146085864008773	1.1200563524897256	0	0	0	4349150075783324e-20	0	-0.0016095721177431296	0.004585005921573709	0	-0.05951351441023194
18.9	4.7671321747275135	4.7671321747275135	4.7671321747275135	0.09025829939456081	0.07864068618952735	0.030292482770624008	9.51498530503679	7.146085864008765	1.1200563524897291	0	0	0	43491636909953916e-21	0	-0.0016095721895348877	0.004585002306612678	0	-0.05951351373864939
19	4.7671321747275135	4.7671321747275135	4.7671321747275135	0.0902582993945607	0.07864068618952616	0.030292482770625885	9.514985305036793	7.146085864008794	1.1200563524897116	0	0	0	4349102019616855e-20	0	-0.0016095719033767531	0.0045850186897177245	0	-0.05951351641555944
19.1	4.7671321747275135	4.7671321747275135	4.7671321747275135	0.09025829939456073	0.07864068618952677	0.03029248277062496	9.514985305036792	7.14608586400878	1.1200563524897202	0	0	0	4349132380270009e-20	0	-0.0016095720457079354	0.004585010624668973	0	-0.05951351508410614
19.2	4.7671321747275135	4.7671321747275135	4.7671321747275135	0.09025829939456077	0.07864068618952802	0.030292482770623026	9.51498530503679	7.146085864008751	1.1200563524897382	0	0	0	4349195771615439e-20	0	-0.001609572345495983	0.0045849937859255355	0	-0.05951351227969349
19.3	4.7671321747275135	4.7671321747275135	4.7671321747275135	0.09025829939456075	0.07864068618952778	0.030292482770623432	9.514985305036792	7.146085864008756	1.1200563524897345	0	0	0	43491828211909774e-21	0	-0.0016095722891060974	0.004584997227090324	0	-0.05951351280719211
19.4	4.7671321747275135	4.7671321747275135	4.7671321747275135	0.09025829939456079	0.07864068618952837	0.03029248277062254	9.514985305036792	7.146085864008743	1.120056352489743	0	0	0	4349212052160029e-20	0	-0.0016095724242282876	0.004584989461709357	0	-0.05951351154317306
19.5	4.7671321747275135	4.7671321747275135	4.7671321747275135	0.0902582993945608	0.07864068618952869	0.030292482770622017	9.514985305036792	7.146085864008736	1.1200563524897476	0	0	0	4349229047008873e-20	0	-0.001609572504498516	0.004584984947305025	0	-0.059513510792278866
19.6	4.7671321747275135	4.7671321747275135	4.7671321747275135	0.0902582993945608	0.07864068618952849	0.030292482770622305	9.514985305036792	7.14608586400874	1.120056352489745	0	0	0	4349219305618668e-20	0	-0.0016095724616428018	0.004584987535649279	0	-0.05951351119318167
19.7	4.7671321747275135	4.7671321747275135	4.7671321747275135	0.09025829939456084	0.07864068618952888	0.03029248277062172	9.514985305036792	7.146085864008732	1.1200563524897507	0	0	0	43492387078194844e-21	0	-0.0016095725497532794	0.004584982380975603	0	-0.05951351036894148
19.8	4.7671321747275135	4.7671321747275135	4.7671321747275135	0.0902582993945608	0.07864068618952866	0.03029248277062197	9.51498530503679	7.146085864008737	1.1200563524897484	0	0	0	43492296781546404e-21	0	-0.0016095725113601579	0.004584984780524798	0	-0.05951351072809906
19.9	4.7671321747275135	4.7671321747275135	4.7671321747275135	0.09025829939456072	0.07864068618952817	0.030292482770622624	9.514985305036793	7.1460858640087475	1.1200563524897422	0	0	0	43492071985458924e-21	0	-0.0016095724120141573	0.004584990753410609	0	-0.05951351165744824
20	4.7671321747275135	4.7671321747275135	4.7671321747275135	0.09025829939456075	0.07864068618952852	0.03029248277062216	9.514985305036792	7.1460858640087395	1.1200563524897467	0	0	0	4349223105034904e-20	0	-0.0016095724825981007	0.0045849865270838775	0	-0.059513510997158646
20.1	4.7671321747275135	4.7671321747275135	4.7671321747275135	0.09025829939456077	0.07864068618952823	0.030292482770622523	9.514985305036792	7.1460858640087475	1.1200563524897431	0	0	0	4349210998566563e-20	0	-0.0016095724324594511	0.004584989744580679	0	-0.05951351146618528
20.2	4.7671321747275135	4.7671321747275135	4.7671321747275135	0.09025829939456073	0.0786406861895269	0.030292482770624338	9.514985305036792	7.1460858640087785	1.1200563524897262	0	0	0	43491498968995415e-21	0	-0.0016095721670238885	0.004585005980508729	0	-0.05951351394924007
20.3	4.7671321747275135	4.7671321747275135	4.7671321747275135	0.0902582993945607	0.07864068618952641	0.03029248277062499	9.514985305036793	7.146085864008788	1.1200563524897202	0	0	0	4349127855022542e-20	0	-0.001609572070831916	0.004585011837377895	0	-0.05951351484907996
20.4	4.767132174727514	4.767132174727514	4.767132174727514	0.09025829939456079	0.07864068618952776	0.030292482770623175	9.51498530503679	7.146085864008758	1.1200563524897371	0	0	0	43491890554918676e-21	0	-0.0016095723385646788	0.004584995575630954	0	-0.05951351234452985
20.5	4.7671321747275135	4.7671321747275135	4.7671321747275135	0.0902582993945606	0.07864068618952655	0.030292482770624834	9.514985305036793	7.146085864008785	1.1200563524897218	0	0	0	4349133900074333e-20	0	-0.001609572106502972	0.004585010233203825	0	-0.0595135145153818
20.6	4.7671321747275135	4.7671321747275135	4.7671321747275135	0.09025829939456043	0.07864068618952491	0.0302924827706271	9.514985305036799	7.146085864008823	1.1200563524897005	0	0	0	43490583484520356e-21	0	-0.0016095717841801383	0.004585030310068997	0	-0.05951351753059804
20.7	4.7671321747275135	4.7671321747275135	4.7671321747275135	0.09025829939456058	0.07864068618952627	0.0302924827706252	9.514985305036795	7.146085864008791	1.1200563524897182	0	0	0	43491218252907325e-21	0	-0.0016095720554221914	0.004585013441986814	0	-0.05951351499322883
20.8	4.7671321747275135	4.7671321747275135	4.7671321747275135	0.0902582993945606	0.07864068618952742	0.030292482770623675	9.514985305036795	7.146085864008765	1.1200563524897325	0	0	0	4349173081015007e-20	0	-0.00160957227869964	0.004584999822480588	0	-0.059513512904551306
20.9	4.7671321747275135	4.7671321747275135	4.7671321747275135	0.09025829939456044	0.07864068618952681	0.030292482770624594	9.514985305036799	7.146085864008779	1.1200563524897238	0	0	0	4349142771709335e-20	0	-0.0016095721540570038	0.004585007877869502	0	-0.059513514070542
21	4.767132174727514	4.767132174727514	4.767132174727514	0.09025829939456062	0.07864068618952773	0.030292482770623307	9.514985305036795	7.146085864008757	1.1200563524897358	0	0	0	4349185788929506e-20	0	-0.001609572335423616	0.004584996446096579	0	-0.059513512373926686
21.1	4.767132174727514	4.767132174727514	4.767132174727514	0.09025829939456066	0.0786406861895284	0.030292482770622357	9.514985305036795	7.146085864008744	1.1200563524897447	0	0	0	43492171916392766e-21	0	-0.0016095724695646269	0.0045849881012730315	0	-0.05951351111908493
21.2	4.7671321747275135	4.7671321747275135	4.7671321747275135	0.09025829939456059	0.07864068618952824	0.030292482770622516	9.514985305036797	7.146085864008746	1.120056352489743	0	0	0	4349211162745727e-20	0	-0.0016095724460715565	0.00458498970389943	0	-0.05951351133884906
21.3	4.7671321747275135	4.7671321747275135	4.7671321747275135	0.09025829939456073	0.07864068618952878	0.03029248277062176	9.514985305036793	7.146085864008734	1.12005635248975	0	0	0	4349236844821197e-20	0	-0.0016095725529102901	0.004584982878592115	0	-0.05951351033940566
21.4	4.7671321747275135	4.7671321747275135	4.7671321747275135	0.09025829939456066	0.07864068618952873	0.030292482770621878	9.514985305036795	7.146085864008735	1.1200563524897489	0	0	0	4349232598433025e-20	0	-0.0016095725370980445	0.004584984007553453	0	-0.0595135104873169
21.5	4.7671321747275135	4.7671321747275135	4.7671321747275135	0.09025829939456059	0.07864068618952852	0.030292482770622214	9.514985305036797	7.1460858640087395	1.1200563524897458	0	0	0	43492211181546984e-21	0	-0.0016095724907237835	0.004584987058898195	0	-0.059513510921126986
21.6	4.7671321747275135	4.7671321747275135	4.7671321747275135	0.09025829939456069	0.07864068618952888	0.030292482770621684	9.514985305036793	7.146085864008732	1.1200563524897509	0	0	0	4349239348211706e-20	0	-0.0016095725653723727	0.0045849822137741195	0	-0.0595135102228167
21.7	4.7671321747275135	4.7671321747275135	4.7671321747275135	0.09025829939456048	0.07864068618952841	0.03029248277062239	9.5149853050368	7.146085864008743	1.1200563524897442	0	0	0	4349214763028639e-20	0	-0.0016095724680973277	0.004584988748711303	0	-0.05951351113278345
21.8	4.7671321747275135	4.7671321747275135	4.7671321747275135	0.09025829939456016	0.07864068618952767	0.030292482770623488	9.51498530503681	7.146085864008759	1.120056352489734	0	0	0	4349176978884062e-20	0	-0.0016095723169754323	0.004584998791669653	0	-0.059513512546466696
21.9	4.7671321747275135	4.7671321747275135	4.7671321747275135	0.09025829939456026	0.0786406861895279	0.030292482770623144	9.514985305036804	7.146085864008753	1.1200563524897371	0	0	0	43491886886960784e-21	0	-0.0016095723637466015	0.004584995679202317	0	-0.05951351210894025
22	4.7671321747275135	4.7671321747275135	4.7671321747275135	0.0902582993945603	0.07864068618952808	0.03029248277062294	9.514985305036804	7.146085864008748	1.1200563524897391	0	0	0	43491962112485913e-21	0	-0.0016095723969985858	0.004584993680435475	0	-0.05951351179788795
22.1	4.7671321747275135	4.7671321747275135	4.7671321747275135	0.09025829939455957	0.07864068618952649	0.03029248277062548	9.514985305036824	7.146085864008786	1.1200563524897154	0	0	0	4349110000638147e-20	0	-0.0016095720587676952	0.00458501659656179	0	-0.05951351496191853
22.2	4.7671321747275135	4.7671321747275135	4.7671321747275135	0.09025829939455912	0.07864068618952552	0.030292482770627006	9.514985305036834	7.146085864008808	1.1200563524897014	0	0	0	4349057981557377e-20	0	-0.001609571853845963	0.004585030423851174	0	-0.05951351687888822
22.3	4.7671321747275135	4.7671321747275135	4.7671321747275135	0.0902582993945599	0.07864068618952721	0.030292482770624334	9.514985305036815	7.146085864008769	1.120056352489726	0	0	0	4349148832636669e-20	0	-0.001609572211762174	0.0045850062745346224	0	-0.05951351353071339
22.4	4.7671321747275135	4.7671321747275135	4.7671321747275135	0.09025829939455976	0.07864068618952712	0.0302924827706245	9.51498530503682	7.146085864008771	1.1200563524897247	0	0	0	4349143595281212e-20	0	-0.0016095721969451341	0.004585007667997209	0	-0.05951351366931872
22.5	4.7671321747275135	4.7671321747275135	4.7671321747275135	0.09025829939455915	0.078640686189526	0.030292482770626267	9.514985305036834	7.146085864008796	1.120056352489708	0	0	0	4349083916829663e-20	0	-0.0016095719673670556	0.004585023532490768	0	-0.05951351581693393
22.6	4.7671321747275135	4.7671321747275135	4.7671321747275135	0.09025829939455976	0.07864068618952721	0.030292482770624355	9.514985305036818	7.14608586400877	1.120056352489726	0	0	0	43491485841665294e-21	0	-0.001609572218041616	0.004585006342197206	0	-0.05951351347196372
22.7	4.7671321747275135	4.7671321747275135	4.7671321747275135	0.09025829939456018	0.0786406861895281	0.03029248277062297	9.514985305036808	7.146085864008748	1.1200563524897391	0	0	0	4349195495589643e-20	0	-0.0016095724022623273	0.004584993872449335	0	-0.0595135117486514
22.8	4.7671321747275135	4.7671321747275135	4.7671321747275135	0.09025829939456008	0.07864068618952796	0.0302924827706232	9.51498530503681	7.146085864008753	1.120056352489737	0	0	0	4349187915637106e-20	0	-0.0016095723751366807	0.0045849958879257795	0	-0.05951351200240989
22.9	4.7671321747275135	4.7671321747275135	4.7671321747275135	0.09025829939456048	0.07864068618952867	0.030292482770622076	9.5149853050368	7.146085864008736	1.1200563524897473	0	0	0	4349226014022763e-20	0	-0.0016095725211599699	0.004584985759994596	0	-0.05951351063642041
23	4.7671321747275135	4.7671321747275135	4.7671321747275135	0.0902582993945605	0.07864068618952877	0.030292482770621944	9.514985305036795	7.146085864008733	1.1200563524897487	0	0	0	434923060088439e-19	0	-0.0016095725401731621	0.004584984540971974	0	-0.059513510458559384
23.1	4.7671321747275135	4.7671321747275135	4.7671321747275135	0.09025829939456044	0.0786406861895287	0.030292482770622076	9.5149853050368	7.146085864008736	1.120056352489747	0	0	0	4349226187602201e-20	0	-0.0016095725240699063	0.004584985714373333	0	-0.059513510609199176
23.2	4.7671321747275135	4.7671321747275135	4.7671321747275135	0.0902582993945606	0.07864068618952899	0.03029248277062157	9.514985305036795	7.146085864008729	1.1200563524897518	0	0	0	4349243064028272e-20	0	-0.0016095725881593045	0.00458498122787466	0	-0.05951351000966715
23.3	4.7671321747275135	4.7671321747275135	4.7671321747275135	0.09025829939456036	0.07864068618952863	0.030292482770622114	9.514985305036802	7.146085864008738	1.1200563524897469	0	0	0	4349224297055668e-20	0	-0.0016095725193204344	0.0045849862175302	0	-0.05951351065362642
23.4	4.7671321747275135	4.7671321747275135	4.7671321747275135	0.09025829939456013	0.07864068618952828	0.030292482770622613	9.514985305036806	7.146085864008745	1.120056352489742	0	0	0	43492070064770015e-21	0	-0.0016095724553216735	0.004584990814518148	0	-0.05951351125230695
23.5	4.7671321747275135	4.7671321747275135	4.7671321747275135	0.09025829939456043	0.07864068618952874	0.030292482770621947	9.5149853050368	7.146085864008734	1.1200563524897482	0	0	0	4349229938343124e-20	0	-0.0016095725405808072	0.00458498471779442	0	-0.05951351045473722
23.6	4.7671321747275135	4.7671321747275135	4.7671321747275135	0.0902582993945599	0.07864068618952798	0.030292482770623082	9.514985305036815	7.146085864008751	1.1200563524897378	0	0	0	4349192091783123e-20	0	-0.0016095724038238338	0.004584994780700256	0	-0.05951351173405548
23.7	4.7671321747275135	4.7671321747275135	4.7671321747275135	0.09025829939455901	0.07864068618952665	0.03029248277062512	9.51498530503684	7.146085864008781	1.120056352489719	0	0	0	4349123783753951e-20	0	-0.001609572154739311	0.004585012942389268	0	-0.05951351406415943
23.8	4.7671321747275135	4.7671321747275135	4.7671321747275135	0.09025829939455894	0.07864068618952652	0.030292482770625306	9.514985305036841	7.146085864008785	1.1200563524897174	0	0	0	43491172895999405e-21	0	-0.0016095721308182066	0.004585014669002601	0	-0.05951351428793531
23.9	4.7671321747275135	4.7671321747275135	4.7671321747275135	0.09025829939456011	0.07864068618952824	0.030292482770622662	9.51498530503681	7.146085864008746	1.120056352489742	0	0	0	4349206417766606e-20	0	-0.001609572456199986	0.004584990971758632	0	-0.059513511244103354
24	4.7671321747275135	4.7671321747275135	4.7671321747275135	0.09025829939456059	0.07864068618952898	0.03029248277062154	9.514985305036797	7.146085864008729	1.1200563524897524	0	0	0	434924426648765e-19	0	-0.0016095725947710424	0.0045849809086734115	0	-0.05951350994782376
