0	4.7671321747275135	4.7671321747275135	4.7671321747275135	0.09025829939456088	0.07864068618952942	0.03029248277062086	9.514985305036792	7.146085864008718	1.1200563524897587	0	0	0	0	0	0	0	0	0
0.1	4.7671321747275135	4.7671321747275135	4.7671321747275135	0.09025829939456088	0.07864068618952942	0.030292482770620858	9.514985305036792	7.146085864008718	1.1200563524897587	0	0	0	-0.005597436927080429	-0.0048784695568972625	-0.0018759774592629979	-0.06767819846972926	-0.05083641868818525	-0.007961246698871747
0.2	4.7671321747275135	4.7671321747275135	4.7671321747275135	0.09025829939456088	0.07864068618952944	0.03029248277062086	9.514985305036792	7.146085864008718	1.1200563524897587	0	0	0	-0.007559744452825406	-0.006593938151162985	-0.0025245163008340192	-0.1908063955974513	-0.1433807352048554	-0.022404942238516523
0.3	4.7671321747275135	4.7671321747275135	4.7671321747275135	0.09025829939456088	0.07864068618952944	0.030292482770620858	9.514985305036792	7.146085864008718	1.1200563524897587	0	0	0	-0.008242752986794645	-0.0071971178508085775	-0.0027395207439161896	-0.3144019173088083	-0.23638638545160295	-0.03682479082086096
0.4	4.7671321747275135	4.7671321747275135	4.7671321747275135	0.09025829939456088	0.07864068618952942	0.030292482770620858	9.514985305036792	7.146085864008718	1.1200563524897587	0	0	0	-0.008476587314793685	-0.007409221875196761	-0.0028031630863284127	-0.42274895513509253	-0.318049951942763	-0.04937038141140867
0.5	4.7671321747275135	4.7671321747275135	4.7671321747275135	0.09025829939456088	0.07864068618952944	0.030292482770620858	9.514985305036792	7.146085864008718	1.1200563524897587	0	0	0	-0.008553490743800199	-0.007483823951609533	-0.0028153662368389605	-0.5132720140306877	-0.3864103591579585	-0.05975694694905132
0.6	4.7671321747275135	4.7671321747275135	4.7671321747275135	0.09025829939456088	0.07864068618952942	0.03029248277062086	9.514985305036792	7.146085864008718	1.1200563524897589	0	0	0	-0.008576140140052405	-0.007510033738857659	-0.0028112277076776633	-0.5874573502077068	-0.44255082303793725	-0.0681824917282432
0.7	4.7671321747275135	4.7671321747275135	4.7671321747275135	0.09025829939456088	0.07864068618952944	0.03029248277062086	9.514985305036792	7.146085864008718	1.1200563524897587	0	0	0	-0.008580595436419793	-0.007519261144968158	-0.002802897039910549	-0.6477611437294268	-0.4882866760530955	-0.07495686980230226
0.8	4.7671321747275135	4.7671321747275135	4.7671321747275135	0.0902582993945609	0.07864068618952944	0.03029248277062086	9.514985305036792	7.146085864008718	1.1200563524897587	0	0	0	-0.008579333410688193	-0.007522502274413479	-0.002794373703739727	-0.6966105602763955	-0.5254183195773332	-0.08038189543681762
0.9	4.7671321747275135	4.7671321747275135	4.7671321747275135	0.0902582993945609	0.07864068618952944	0.030292482770620858	9.51498530503679	7.146085864008718	1.1200563524897587	0	0	0	-0.008576627427270186	-0.007523639377061183	-0.002786839518241464	-0.7361214718987396	-0.5555191960839716	-0.08471805687995822
1	4.767132174727514	4.767132174727514	4.767132174727514	0.0902582993945609	0.07864068618952944	0.030292482770620858	9.514985305036792	7.146085864008718	1.1200563524897587	0	0	0	-0.008573870861612345	-0.007524038950906838	-0.002780514412977287	-0.7680592730105386	-0.5799052085245197	-0.08818064481932604
1.1	4.7671321747275135	4.7671321747275135	4.7671321747275135	0.0902582993945609	0.07864068618952944	0.030292482770620854	9.514985305036792	7.146085864008718	1.1200563524897587	0	0	0	-0.008571463420620023	-0.007524182048327881	-0.002775313204127378	-0.7938729818430746	-0.5996589828653581	-0.09094466338157847
1.2	4.7671321747275135	4.7671321747275135	4.7671321747275135	0.09025829939456088	0.07864068618952942	0.030292482770620858	9.514985305036792	7.146085864008719	1.1200563524897587	0	0	0	-0.008569465824766679	-0.0075242306113619374	-0.0027710732572770254	-0.8147247824777357	-0.6156510302601667	-0.09314898690900901
1.3	4.7671321747275135	4.7671321747275135	4.7671321747275135	0.09025829939456088	0.07864068618952944	0.030292482770620854	9.514985305036792	7.146085864008718	1.1200563524897587	0	0	0	-0.008567847234692436	-0.007524248905407487	-0.0027676291942045263	-0.831580383241737	-0.6286062337252434	-0.09490795476710348
1.4	4.767132174727513	4.767132174727513	4.767132174727513	0.09025829939456088	0.07864068618952944	0.030292482770620858	9.514985305036792	7.146085864008718	1.1200563524897587	0	0	0	-0.008566547625061531	-0.0075242554768327145	-0.0027648381367708598	-0.8451926306434017	-0.6390913011072635	-0.09630958409097004
1.5	4.7671321747275135	4.7671321747275135	4.7671321747275135	0.09025829939456088	0.07864068618952944	0.030292482770620854	9.514985305036792	7.146085864008718	1.1200563524897587	0	0	0	-0.008565507704332507	-0.007524258321061722	-0.002762575568667966	-0.8561987901679239	-0.6475868238783654	-0.09742774943543975
1.6	4.767132174727513	4.767132174727513	4.767132174727513	0.09025829939456088	0.07864068618952944	0.030292482770620854	9.514985305036792	7.146085864008718	1.1200563524897587	0	0	0	-0.008564678047727814	-0.007524259351697406	-0.0027607443750931383	-0.8650849113205669	-0.6544604763820557	-0.09831798829700877
1.7	4.7671321747275135	4.7671321747275135	4.7671321747275135	0.09025829939456088	0.07864068618952942	0.030292482770620854	9.514985305036792	7.146085864008718	1.1200563524897587	0	0	0	-0.00856401565608629	-0.007524259915612168	-0.0027592598905640045	-0.8722733431875868	-0.6600322351059575	-0.09902820155592972
1.8	4.7671321747275135	4.7671321747275135	4.7671321747275135	0.09025829939456088	0.07864068618952944	0.030292482770620858	9.514985305036792	7.146085864008718	1.1200563524897587	0	0	0	-0.008563488346608738	-0.007524260067001085	-0.002758059232701013	-0.8780746696145029	-0.6645381984919623	-0.09959302171919585
1.9	4.7671321747275135	4.7671321747275135	4.7671321747275135	0.09025829939456087	0.07864068618952941	0.030292482770620854	9.514985305036792	7.146085864008718	1.1200563524897587	0	0	0	-0.008563067655621363	-0.007524260226233481	-0.0027570857194851605	-0.8827692935378358	-0.6681917542151522	-0.10004353983644106
2	4.7671321747275135	4.7671321747275135	4.7671321747275135	0.09025829939456084	0.07864068618952934	0.03029248277062085	9.514985305036792	7.146085864008721	1.1200563524897587	0	0	0	-0.008562732883293374	-0.007524260249340013	-0.00275629808371019	-0.8865597253713977	-0.6711475542374439	-0.1004017949970093
2.1	4.7671321747275135	4.7671321747275135	4.7671321747275135	0.09025829939456087	0.07864068618952938	0.030292482770620858	9.514985305036792	7.146085864008719	1.1200563524897587	0	0	0	-0.008562466445751652	-0.0075242602928251535	-0.0027556604150415784	-0.8896224971461452	-0.6735405981959984	-0.10068685180037655
2.2	4.7671321747275135	4.7671321747275135	4.7671321747275135	0.09025829939456084	0.07864068618952941	0.030292482770620854	9.514985305036792	7.146085864008719	1.1200563524897587	0	0	0	-0.008562253984058571	-0.007524260305378205	-0.00275514331949217	-0.8921014432063984	-0.6754811222543075	-0.10091405258880437
2.3	4.7671321747275135	4.7671321747275135	4.7671321747275135	0.09025829939456083	0.0786406861895294	0.03029248277062085	9.514985305036792	7.146085864008719	1.1200563524897587	0	0	0	-0.008562085387613695	-0.00752426030252534	-0.0027547255208642237	-0.894100421188605	-0.677048990761093	-0.10109425899716536
2.4	4.767132174727513	4.767132174727513	4.767132174727513	0.09025829939456086	0.07864068618952941	0.03029248277062085	9.514985305036792	7.146085864008718	1.1200563524897587	0	0	0	-0.008561951058436242	-0.007524260321468297	-0.0027543867153346988	-0.8957185448080642	-0.6783204524186689	-0.1012378093626689
2.5	4.7671321747275135	4.7671321747275135	4.7671321747275135	0.09025829939456088	0.07864068618952946	0.03029248277062086	9.514985305036792	7.146085864008718	1.1200563524897587	0	0	0	-0.00856184410801977	-0.007524260314800977	-0.002754112130695538	-0.8970275445095787	-0.6793508778569118	-0.10135202943648647
2.6	4.7671321747275135	4.7671321747275135	4.7671321747275135	0.09025829939456088	0.07864068618952946	0.03029248277062086	9.51498530503679	7.146085864008718	1.1200563524897587	0	0	0	-0.00856175941124166	-0.007524260308966641	-0.002753890441516777	-0.8980823884098621	-0.6801828026849502	-0.10144244279236667
2.7	4.7671321747275135	4.7671321747275135	4.7671321747275135	0.09025829939456088	0.07864068618952945	0.030292482770620854	9.514985305036788	7.146085864008718	1.1200563524897587	0	0	0	-0.008561691967387325	-0.007524260322303856	-0.0027537105934614	-0.8989367054351941	-0.6808577358992811	-0.1015144298903388
2.8	4.767132174727513	4.767132174727513	4.767132174727513	0.09025829939456087	0.0786406861895295	0.03029248277062086	9.51498530503679	7.146085864008717	1.1200563524897587	0	0	0	-0.00856163823053162	-0.007524260304467259	-0.002753564668412157	-0.899628666124013	-0.6814053282169757	-0.10157172740276875
2.9	4.7671321747275135	4.7671321747275135	4.7671321747275135	0.09025829939456088	0.07864068618952955	0.030292482770620865	9.51498530503679	7.146085864008716	1.1200563524897587	0	0	0	-0.00856159575330447	-0.007524260284709131	-0.002753446931435499	-0.9001859444459887	-0.6818471359358211	-0.1016169898940864
3	4.7671321747275135	4.7671321747275135	4.7671321747275135	0.09025829939456087	0.0786406861895295	0.03029248277062086	9.51498530503679	7.146085864008717	1.1200563524897587	0	0	0	-0.00856156211315364	-0.007524260303111674	-0.002753351684979079	-0.900636055114992	-0.6822045888776953	-0.10165285845103222
3.1	4.7671321747275135	4.7671321747275135	4.7671321747275135	0.09025829939456088	0.07864068618952949	0.030292482770620886	9.51498530503679	7.146085864008718	1.1200563524897587	0	0	0	-0.00856153517671248	-0.007524260263875388	-0.002753274124983167	-0.9010019596741246	-0.6824956088091868	-0.10168150250857824
3.2	4.7671321747275135	4.7671321747275135	4.7671321747275135	0.09025829939456088	0.07864068618952952	0.030292482770620924	9.51498530503679	7.146085864008717	1.1200563524897582	0	0	0	-0.008561513784035886	-0.00752426016602032	-0.00275321139902678	-0.9012972989646181	-0.6827308955230266	-0.10170416051732772
3.3	4.7671321747275135	4.7671321747275135	4.7671321747275135	0.09025829939456088	0.07864068618952953	0.03029248277062094	9.51498530503679	7.146085864008716	1.120056352489758	0	0	0	-0.008561496975719242	-0.007524260116700879	-0.002753160887337658	-0.9015347571973257	-0.6829203968450909	-0.1017219844847405
3.4	4.7671321747275135	4.7671321747275135	4.7671321747275135	0.09025829939456088	0.0786406861895295	0.030292482770620913	9.51498530503679	7.146085864008717	1.1200563524897584	0	0	0	-0.008561483761875788	-0.00752426019149236	-0.0027531199702556545	-0.901726977339118	-0.6830740288649875	-0.10173612209884011
3.5	4.7671321747275135	4.7671321747275135	4.7671321747275135	0.09025829939456087	0.07864068618952967	0.03029248277062107	9.514985305036788	7.146085864008712	1.1200563524897567	0	0	0	-0.008561472581310538	-0.007524259688785863	-0.0027530864452971985	-0.9018835829056708	-0.6831993647468306	-0.10174742252362716
3.6	4.7671321747275135	4.7671321747275135	4.7671321747275135	0.09025829939456086	0.07864068618953002	0.030292482770621364	9.51498530503679	7.146085864008706	1.1200563524897542	0	0	0	-0.008561463198312082	-0.007524258785581673	-0.002753059212862354	-0.9020099955312649	-0.6833006922865106	-0.10175634210205638
3.7	4.7671321747275135	4.7671321747275135	4.7671321747275135	0.09025829939456084	0.07864068618953025	0.030292482770621573	9.51498530503679	7.1460858640087	1.120056352489752	0	0	0	-0.00856145593894539	-0.007524258162077127	-0.0027530373477739826	-0.9021114417827422	-0.6833821408763536	-0.10176332427377409
3.8	4.7671321747275135	4.7671321747275135	4.7671321747275135	0.09025829939456084	0.07864068618953013	0.03029248277062146	9.51498530503679	7.146085864008703	1.120056352489753	0	0	0	-0.008561451129275434	-0.007524258498469559	-0.0027530199248549454	-0.9021931482269454	-0.6834478399086872	-0.10176881247842662
3.9	4.7671321747275135	4.7671321747275135	4.7671321747275135	0.09025829939456066	0.07864068618953163	0.030292482770622728	9.514985305036795	7.1460858640086675	1.1200563524897411	0	0	0	-0.008561442581181309	-0.007524254420201547	-0.002753004684986161	-0.90226008208898	-0.6835017195310243	-0.10177322205449832
4	4.7671321747275135	4.7671321747275135	4.7671321747275135	0.09025829939455994	0.07864068618953862	0.030292482770628675	9.514985305036813	7.146085864008507	1.120056352489685	0	0	0	-0.008561418757941749	-0.007524235431069601	-0.0027529886379747542	-0.9023149470474362	-0.6835459361697469	-0.101776760456157
4.1	4.7671321747275135	4.7671321747275135	4.7671321747275135	0.09025829939455907	0.07864068618954707	0.030292482770635867	9.514985305036836	7.146085864008313	1.1200563524896172	0	0	0	-0.008561391382640195	-0.007524212501543603	-0.0027529739266500554	-0.9023592894627083	-0.6835817218597507	-0.10177954771602267
4.2	4.7671321747275135	4.7671321747275135	4.7671321747275135	0.09025829939455854	0.07864068618955253	0.03029248277064051	9.514985305036848	7.146085864008188	1.1200563524895732	0	0	0	-0.00856137340335323	-0.0075241977364835354	-0.0027529629548850324	-0.9023946470554673	-0.6836103010267246	-0.10178170397715372
4.3	4.7671321747275135	4.7671321747275135	4.7671321747275135	0.09025829939455876	0.07864068618955049	0.030292482770638795	9.514985305036843	7.146085864008233	1.1200563524895897	0	0	0	-0.008561377768157432	-0.007524203240749381	-0.0027529581265526527	-0.9024225575463847	-0.6836328980963579	-0.1017833493826085
4.4	4.767132174727513	4.767132174727513	4.767132174727513	0.09025829939455994	0.07864068618953915	0.030292482770629153	9.514985305036811	7.146085864008494	1.1200563524896803	0	0	0	-0.008561409755126708	-0.007524234003303489	-0.0027529602641850302	-0.9024446807202756	-0.6836508356471798	-0.1017846121930246
4.5	4.7671321747275135	4.7671321747275135	4.7671321747275135	0.0902582993945602	0.07864068618953546	0.03029248277062593	9.514985305036806	7.146085864008579	1.1200563524897107	0	0	0	-0.008561419594573051	-0.007524243955617532	-0.0027529587825655417	-0.9024631220209398	-0.6836657989956837	-0.10178564430353061
4.6	4.7671321747275135	4.7671321747275135	4.7671321747275135	0.09025829939456025	0.07864068618953443	0.030292482770625025	9.514985305036804	7.146085864008604	1.1200563524897194	0	0	0	-0.008561421838774105	-0.007524246729285923	-0.002752956249344919	-0.9024781638601383	-0.6836780156768749	-0.10178646522356855
4.7	4.7671321747275135	4.7671321747275135	4.7671321747275135	0.0902582993945606	0.07864068618953159	0.03029248277062265	9.514985305036795	7.146085864008668	1.1200563524897418	0	0	0	-0.008561429563975568	-0.007524254486099335	-0.0027529552625337587	-0.9024901944964796	-0.6836877988574428	-0.10178710063429493
4.8	4.7671321747275135	4.7671321747275135	4.7671321747275135	0.0902582993945606	0.07864068618953125	0.03029248277062235	9.514985305036795	7.146085864008676	1.1200563524897447	0	0	0	-0.008561430087812712	-0.0075242554040060245	-0.0027529533878036063	-0.9025000700324873	-0.6836958370135763	-0.10178760812144926
4.9	4.7671321747275135	4.7671321747275135	4.7671321747275135	0.09025829939456072	0.07864068618953043	0.030292482770621677	9.51498530503679	7.146085864008695	1.120056352489751	0	0	0	-0.008561432085134312	-0.007524257625191669	-0.002752952084664245	-0.9025080132739149	-0.6837023093791182	-0.10178800316472242
5	4.7671321747275135	4.7671321747275135	4.7671321747275135	0.0902582993945608	0.07864068618953002	0.030292482770621316	9.51498530503679	7.146085864008705	1.1200563524897544	0	0	0	-0.00856143301890152	-0.0075242587730316455	-0.0027529509154032117	-0.9025144661378585	-0.6837075725962849	-0.10178831380421977
5.1	4.7671321747275135	4.7671321747275135	4.7671321747275135	0.0902582993945608	0.07864068618952992	0.03029248277062125	9.51498530503679	7.146085864008707	1.1200563524897549	0	0	0	-0.008561433010815314	-0.00752425898036935	-0.002752949828139332	-0.9025196971983224	-0.6837118434524089	-0.10178855714992306
5.2	4.7671321747275135	4.7671321747275135	4.7671321747275135	0.09025829939456084	0.07864068618952966	0.030292482770621024	9.51498530503679	7.146085864008714	1.120056352489757	0	0	0	-0.00856143365540516	-0.00752425975777114	-0.002752949037396754	-0.9025239182079723	-0.6837152929980769	-0.10178874655846855
5.3	4.7671321747275135	4.7671321747275135	4.7671321747275135	0.09025829939456086	0.0786406861895296	0.030292482770620993	9.514985305036788	7.146085864008714	1.1200563524897575	0	0	0	-0.008561433635561921	-0.007524259871316736	-0.0027529483164746094	-0.9025273458065761	-0.6837180967177253	-0.10178889476715183
5.4	4.767132174727513	4.767132174727513	4.767132174727513	0.09025829939456087	0.07864068618952953	0.03029248277062094	9.514985305036786	7.146085864008715	1.120056352489758	0	0	0	-0.008561433725651305	-0.007524260060713411	-0.0027529477409775445	-0.902530113890426	-0.6837203630292147	-0.10178900983237096
5.5	4.7671321747275135	4.7671321747275135	4.7671321747275135	0.09025829939456088	0.07864068618952949	0.030292482770620906	9.514985305036788	7.146085864008718	1.1200563524897584	0	0	0	-0.008561433777672888	-0.007524260191169159	-0.0027529472713412866	-0.9025323577490137	-0.683722201699668	-0.10178909944813762
5.6	4.7671321747275135	4.7671321747275135	4.7671321747275135	0.0902582993945609	0.07864068618952948	0.030292482770620896	9.514985305036788	7.146085864008718	1.1200563524897584	0	0	0	-0.008561433728612795	-0.007524260207802987	-0.002752946878609583	-0.9025341724853714	-0.6837236900065191	-0.10178916884316473
5.7	4.7671321747275135	4.7671321747275135	4.7671321747275135	0.09025829939456088	0.07864068618952945	0.03029248277062087	9.514985305036788	7.146085864008718	1.1200563524897584	0	0	0	-0.00856143375629303	-0.007524260283374851	-0.002752946566694359	-0.9025356408229911	-0.6837248951738053	-0.10178922257223091
5.8	4.7671321747275135	4.7671321747275135	4.7671321747275135	0.09025829939456086	0.07864068618952946	0.03029248277062087	9.51498530503679	7.146085864008718	1.1200563524897587	0	0	0	-0.008561433730881531	-0.007524260297349838	-0.0027529463088025734	-0.9025368300980643	-0.6837258720447377	-0.1017892640938999
5.9	4.7671321747275135	4.7671321747275135	4.7671321747275135	0.09025829939456077	0.0786406861895295	0.030292482770620903	9.514985305036793	7.146085864008716	1.1200563524897584	0	0	0	-0.008561433628128364	-0.007524260228736215	-0.0027529460939436966	-0.9025377936234835	-0.683726664081657	-0.10178929607097288
6	4.7671321747275135	4.7671321747275135	4.7671321747275135	0.09025829939455492	0.07864068618953447	0.03029248277062306	9.514985305036948	7.146085864008602	1.1200563524897378	0	0	0	-0.008561427816849525	-0.007524254699182927	-0.002752945524644667	-0.9025387307472924	-0.6837274351553814	-0.10178932460384969
6.1	4.7671321747275135	4.7671321747275135	4.7671321747275135	0.09025829939454208	0.07864068618954535	0.03029248277062782	9.514985305037289	7.146085864008353	1.1200563524896927	0	0	0	-0.008561415071038437	-0.007524242538506202	-0.0027529445095490434	-0.9025397009256384	-0.6837282340919845	-0.1017893517127821
6.2	4.7671321747275135	4.7671321747275135	4.7671321747275135	0.09025829939452527	0.07864068618955956	0.03029248277063404	9.514985305037735	7.146085864008026	1.1200563524896336	0	0	0	-0.008561398436695396	-0.0075242266580050005	-0.0027529432529936884	-0.9025406435892646	-0.6837290108594636	-0.10178937631541961
6.3	4.7671321747275135	4.7671321747275135	4.7671321747275135	0.09025829939450764	0.07864068618957448	0.03029248277064057	9.514985305038206	7.146085864007684	1.1200563524895717	0	0	0	-0.0085613809598207	-0.007524209968978293	-0.002752941959315464	-0.9025414981689139	-0.6837297154258164	-0.10178939732941171
6.4	4.7671321747275135	4.7671321747275135	4.7671321747275135	0.09025829939449223	0.07864068618958753	0.030292482770646285	9.514985305038614	7.146085864007383	1.1200563524895175	0	0	0	-0.008561365686414647	-0.007524195382725043	-0.0027529408328512326	-0.9025422040953299	-0.6837302977590405	-0.10178941367240789
6.5	4.7671321747275135	4.7671321747275135	4.7671321747275135	0.09025829939448211	0.07864068618959609	0.03029248277065004	9.514985305038882	7.146085864007188	1.120056352489482	0	0	0	-0.00856135566247753	-0.0075241858105442126	-0.0027529400779378555	-0.9025427007992556	-0.6837307078271334	-0.10178942426205767
6.6	4.7671321747275135	4.7671321747275135	4.7671321747275135	0.09025829939448038	0.07864068618959756	0.030292482770650705	9.514985305038929	7.146085864007154	1.1200563524894755	0	0	0	-0.00856135393400965	-0.00752418416373477	-0.002752939898912196	-0.9025429277114342	-0.6837308955980927	-0.1017894280160105
6.7	4.7671321747275135	4.7671321747275135	4.7671321747275135	0.09025829939449011	0.07864068618958935	0.030292482770647135	9.514985305038667	7.146085864007343	1.1200563524895095	0	0	0	-0.008561363547011303	-0.007524193353595678	-0.0027529405001111137	-0.9025428242626087	-0.6837308110399161	-0.10178942385191593
6.8	4.7671321747275135	4.7671321747275135	4.7671321747275135	0.0902582993945144	0.07864068618956885	0.030292482770638198	9.514985305038024	7.146085864007815	1.1200563524895943	0	0	0	-0.008561387547482785	-0.007524216291425903	-0.002752942085871473	-0.9025423298835223	-0.6837304041206008	-0.10178941068742339
6.9	4.7671321747275135	4.7671321747275135	4.7671321747275135	0.09025829939454279	0.07864068618954477	0.03029248277062764	9.514985305037268	7.146085864008367	1.1200563524896945	0	0	0	-0.00856141570483846	-0.007524243195529649	-0.0027529440247716147	-0.9025417244673795	-0.6837299054555039	-0.10178939507891543
7	4.7671321747275135	4.7671321747275135	4.7671321747275135	0.09025829939455036	0.07864068618953833	0.030292482770624678	9.514985305037069	7.146085864008515	1.1200563524897225	0	0	0	-0.00856142327302697	-0.00752425041620716	-0.002752944660727771	-0.9025416424048655	-0.6837298379025637	-0.10178939192422164
7.1	4.7671321747275135	4.7671321747275135	4.7671321747275135	0.090258299394556	0.07864068618953354	0.030292482770622613	9.51498530503692	7.146085864008624	1.120056352489742	0	0	0	-0.008561428862815206	-0.007524255760713866	-0.002752944998132879	-0.9025415902945702	-0.6837297947439517	-0.10178939089318634
7.2	4.7671321747275135	4.7671321747275135	4.7671321747275135	0.09025829939455841	0.07864068618953152	0.03029248277062172	9.514985305036854	7.146085864008673	1.1200563524897504	0	0	0	-0.008561431265641994	-0.0075242580581995335	-0.0027529451480196123	-0.9025416047689362	-0.6837298065060062	-0.10178939119619611
7.3	4.767132174727513	4.767132174727513	4.767132174727513	0.09025829939455951	0.07864068618953057	0.03029248277062133	9.514985305036825	7.146085864008692	1.120056352489754	0	0	0	-0.008561432340122618	-0.0075242590866494066	-0.00275294519969796	-0.9025416396530221	-0.6837298351086677	-0.10178939202973614
7.4	4.7671321747275135	4.7671321747275135	4.7671321747275135	0.09025829939456029	0.07864068618952992	0.03029248277062106	9.514985305036802	7.146085864008708	1.1200563524897569	0	0	0	-0.008561433087459071	-0.0075242598026548195	-0.0027529452275471796	-0.9025416712143035	-0.6837298610043173	-0.10178939275707122
7.5	4.7671321747275135	4.7671321747275135	4.7671321747275135	0.0902582993945605	0.07864068618952974	0.030292482770620983	9.514985305036799	7.146085864008713	1.1200563524897573	0	0	0	-0.008561433293831978	-0.00752426000072234	-0.0027529452314350826	-0.9025417073415362	-0.6837298907059381	-0.10178939346893945
7.6	4.7671321747275135	4.7671321747275135	4.7671321747275135	0.09025829939456075	0.07864068618952955	0.03029248277062091	9.514985305036793	7.146085864008716	1.120056352489758	0	0	0	-0.00856143351020472	-0.007524260208489907	-0.0027529452320678664	-0.9025417353091504	-0.6837299137005398	-0.10178939401017059
7.7	4.7671321747275135	4.7671321747275135	4.7671321747275135	0.0902582993945608	0.07864068618952949	0.030292482770620882	9.514985305036792	7.146085864008718	1.1200563524897582	0	0	0	-0.008561433562576146	-0.007524260259035882	-0.0027529452290164344	-0.9025417611983796	-0.6837299350057859	-0.10178939444079062
7.8	4.7671321747275135	4.7671321747275135	4.7671321747275135	0.09025829939456084	0.07864068618952945	0.03029248277062087	9.514985305036788	7.146085864008719	1.1200563524897587	0	0	0	-0.008561433612686067	-0.007524260307359635	-0.0027529452254948946	-0.9025417819608541	-0.6837299520967546	-0.1017893947614704
7.9	4.7671321747275135	4.7671321747275135	4.7671321747275135	0.09025829939456087	0.07864068618952944	0.03029248277062086	9.514985305036788	7.146085864008719	1.1200563524897587	0	0	0	-0.00856143362872849	-0.0075242603229621775	-0.0027529452222017346	-0.9025417994214546	-0.6837299664761903	-0.1017893949959479
8	4.767132174727514	4.767132174727514	4.767132174727514	0.0902582993945609	0.07864068618952944	0.03029248277062086	9.51498530503679	7.146085864008719	1.1200563524897587	0	0	0	-0.008561433638774768	-0.007524260332758364	-0.0027529452192257583	-0.9025418136289456	-0.6837299781801689	-0.10178939516384791
8.1	4.7671321747275135	4.7671321747275135	4.7671321747275135	0.09025829939456088	0.0786406861895294	0.03029248277062086	9.514985305036788	7.14608586400872	1.1200563524897587	0	0	0	-0.008561433643819756	-0.00752426033771619	-0.002752945216757476	-0.9025418252227765	-0.6837299877336309	-0.10178939528074901
8.2	4.7671321747275135	4.7671321747275135	4.7671321747275135	0.09025829939456076	0.07864068618952914	0.030292482770620903	9.514985305036793	7.146085864008725	1.1200563524897584	0	0	0	-0.008561433629474724	-0.007524260324071507	-0.0027529452152076097	-0.9025418350880284	-0.6837299958652588	-0.10178939535548669
8.3	4.7671321747275135	4.7671321747275135	4.7671321747275135	0.09025829939452934	0.0786406861894681	0.030292482770631526	9.514985305037628	7.146085864010129	1.1200563524896625	0	0	0	-0.008561429548716831	-0.007524256417748954	-0.0027529453389601097	-0.9025419510654799	-0.6837300915827421	-0.1017893944219176
8.4	4.7671321747275135	4.7671321747275135	4.7671321747275135	0.09025829939445049	0.07864068618931488	0.030292482770658182	9.514985305039726	7.146085864013651	1.1200563524894218	0	0	0	-0.00856141930860189	-0.007524246615234407	-0.002752945652008129	-0.9025422289117986	-0.6837303209061504	-0.10178939198161953
8.5	4.7671321747275135	4.7671321747275135	4.7671321747275135	0.09025829939433587	0.07864068618909217	0.030292482770696925	9.514985305042774	7.1460858640187706	1.1200563524890719	0	0	0	-0.008561404422426066	-0.007524232365150102	-0.002752946107459471	-0.902542628622796	-0.6837306508171083	-0.10178938840481715
8.6	4.767132174727514	4.767132174727514	4.767132174727514	0.09025829939419715	0.0786406861888226	0.030292482770743815	9.514985305046464	7.14608586402497	1.1200563524886487	0	0	0	-0.008561386403485529	-0.007524215116118273	-0.002752946658421937	-0.9025431101942836	-0.6837310482972406	-0.1017893840617352
8.7	4.7671321747275135	4.7671321747275135	4.7671321747275135	0.09025829939404593	0.07864068618852878	0.030292482770794892	9.514985305050486	7.146085864031723	1.1200563524881875	0	0	0	-0.00856136676507644	-0.007524196316761156	-0.0027529472580033283	-0.9025436336220725	-0.6837314803281721	-0.10178937932259832
8.8	4.767132174727513	4.767132174727513	4.767132174727513	0.09025829939389392	0.07864068618823337	0.03029248277084622	9.514985305054529	7.146085864038514	1.1200563524877243	0	0	0	-0.008561347020494976	-0.0075241774157009875	-0.0027529478593114483	-0.9025441589019741	-0.6837319138915277	-0.1017893745576313
8.9	4.767132174727514	4.767132174727514	4.767132174727514	0.09025829939375278	0.07864068618795902	0.030292482770893855	9.514985305058284	7.146085864044823	1.1200563524872944	0	0	0	-0.008561328683037297	-0.007524159861560005	-0.0027529484154541	-0.9025446460298003	-0.683732315968932	-0.10178937013705885
9	4.7671321747275135	4.7671321747275135	4.7671321747275135	0.0902582993936341	0.07864068618772835	0.030292482770933844	9.514985305061439	7.146085864050125	1.1200563524869334	0	0	0	-0.008561313265999574	-0.00752414510296044	-0.0027529488795390825	-0.9025450550013621	-0.6837326535420095	-0.10178936643110559
9.1	4.7671321747275135	4.7671321747275135	4.7671321747275135	0.09025829939354955	0.07864068618756404	0.030292482770962248	9.514985305063687	7.1460858640539024	1.1200563524866771	0	0	0	-0.008561302282677973	-0.007524134588524532	-0.002752949204674201	-0.902545345812471	-0.6837328935923853	-0.1017893638099963
9.2	4.7671321747275135	4.7671321747275135	4.7671321747275135	0.09025829939351084	0.07864068618748866	0.030292482770975116	9.514985305064718	7.146085864055634	1.1200563524865612	0	0	0	-0.00856129724636866	-0.007524129766874514	-0.0027529493439672563	-0.9025454784589383	-0.6837330031016842	-0.10178936264395569
9.3	4.7671321747275135	4.7671321747275135	4.7671321747275135	0.09025829939352956	0.07864068618752494	0.030292482770968503	9.514985305064219	7.146085864054801	1.1200563524866207	0	0	0	-0.008561299670367808	-0.007524132086632625	-0.002752949250526051	-0.9025454129365756	-0.6837329490515306	-0.10178936330320844
9.4	4.7671321747275135	4.7671321747275135	4.7671321747275135	0.0902582993936174	0.07864068618769544	0.030292482770938472	9.514985305061883	7.146085864050882	1.120056352486892	0	0	0	-0.00856131106797158	-0.007524142996421098	-0.0027529488774583866	-0.902545109241194	-0.6837326984235496	-0.10178936615797927
9.5	4.7671321747275135	4.7671321747275135	4.7671321747275135	0.09025829939378599	0.07864068618802283	0.030292482770881063	9.514985305057397	7.146085864043355	1.12005635248741	0	0	0	-0.008561332952476143	-0.007524163944862169	-0.002752948177872066	-0.9025445273686052	-0.6837322181993657	-0.1017893715784929
9.6	4.7671321747275135	4.7671321747275135	4.7671321747275135	0.09025829939404698	0.07864068618852979	0.030292482770792342	9.514985305050457	7.1460858640317	1.1200563524882112	0	0	0	-0.008561366837177667	-0.007524196380578075	-0.002752947104874891	-0.9025436273146206	-0.6837314753606039	-0.10178937993497401
9.7	4.7671321747275135	4.7671321747275135	4.7671321747275135	0.09025829939434574	0.0786406861891106	0.030292482770691943	9.51498530504251	7.146085864018348	1.1200563524891172	0	0	0	-0.008561405655827869	-0.007524233543106966	-0.002752945955138364	-0.9025425973906509	-0.6837306252482505	-0.10178938882946267
9.8	4.7671321747275135	4.7671321747275135	4.7671321747275135	0.09025829939440622	0.07864068618923065	0.03029248277067634	9.514985305040902	7.146085864015587	1.1200563524892564	0	0	0	-0.008561413664963265	-0.007524241226430099	-0.0027529460461080306	-0.9025423883385205	-0.6837304523426518	-0.10178938776730045
9.9	4.7671321747275135	4.7671321747275135	4.7671321747275135	0.09025829939443192	0.07864068618928116	0.03029248277066877	9.514985305040218	7.146085864014426	1.1200563524893243	0	0	0	-0.008561417039238767	-0.007524244458896759	-0.0027529460196597678	-0.9025423020568124	-0.6837303810472819	-0.10178938800825169
10	4.7671321747275135	4.7671321747275135	4.7671321747275135	0.09025829939450317	0.07864068618941862	0.0302924827706427	9.514985305038323	7.146085864011265	1.1200563524895604	0	0	0	-0.008561426232548235	-0.007524253253341195	-0.002752945600051981	-0.9025420599443383	-0.6837301813109562	-0.10178939156965874
10.1	4.7671321747275135	4.7671321747275135	4.7671321747275135	0.09025829939450765	0.07864068618942807	0.030292482770642486	9.514985305038204	7.146085864011049	1.1200563524895621	0	0	0	-0.008561426856599793	-0.007524253858182693	-0.0027529456720811157	-0.9025420457169814	-0.6837301693873782	-0.10178939097033632
10.2	4.767132174727514	4.767132174727514	4.767132174727514	0.09025829939453112	0.07864068618947277	0.030292482770633004	9.51498530503758	7.146085864010021	1.1200563524896483	0	0	0	-0.008561429852049472	-0.007524256717983912	-0.0027529454705756402	-0.902541967831795	-0.6837301052440893	-0.101789392776459
10.3	4.7671321747275135	4.7671321747275135	4.7671321747275135	0.09025829939454276	0.07864068618949518	0.030292482770628636	9.51498530503727	7.146085864009506	1.1200563524896876	0	0	0	-0.008561431351493409	-0.007524258152688499	-0.0027529453947034554	-0.90254192944857	-0.6837300735608716	-0.10178939347026991
10.4	4.767132174727513	4.767132174727513	4.767132174727513	0.09025829939454402	0.07864068618949771	0.030292482770628407	9.514985305037237	7.146085864009448	1.1200563524896898	0	0	0	-0.008561431517611918	-0.007524258313360024	-0.002752945402652914	-0.9025419263040382	-0.6837300709184777	-0.10178939343801555
10.5	4.7671321747275135	4.7671321747275135	4.7671321747275135	0.09025829939455346	0.07864068618951546	0.0302924827706242	9.514985305036985	7.14608586400904	1.120056352489728	0	0	0	-0.008561432709888865	-0.0075242594487824116	-0.002752945294075922	-0.9025418955699892	-0.6837300456674921	-0.10178939442853735
10.6	4.7671321747275135	4.7671321747275135	4.7671321747275135	0.0902582993945547	0.07864068618951785	0.030292482770623828	9.514985305036953	7.146085864008985	1.1200563524897313	0	0	0	-0.00856143286939552	-0.00752425960240908	-0.0027529452915516766	-0.9025418921602986	-0.6837300428258687	-0.10178939447419642
10.7	4.767132174727513	4.767132174727513	4.767132174727513	0.09025829939455668	0.0786406861895216	0.03029248277062289	9.514985305036898	7.146085864008898	1.12005635248974	0	0	0	-0.00856143312067997	-0.007524259841258072	-0.002752945265713026	-0.9025418861459	-0.6837300378929634	-0.10178939472599617
10.8	4.7671321747275135	4.7671321747275135	4.7671321747275135	0.09025829939455873	0.07864068618952542	0.03029248277062194	9.514985305036847	7.1460858640088105	1.1200563524897484	0	0	0	-0.008561433377823818	-0.007524260085761444	-0.002752945238945586	-0.9025418798463107	-0.6837300327247404	-0.1017893949807665
10.9	4.7671321747275135	4.7671321747275135	4.7671321747275135	0.09025829939455882	0.0786406861895256	0.030292482770621947	9.514985305036843	7.146085864008806	1.1200563524897487	0	0	0	-0.008561433389666548	-0.007524260097565888	-0.002752945240767055	-0.9025418799769842	-0.683730032819546	-0.10178939497713078
11	4.7671321747275135	4.7671321747275135	4.7671321747275135	0.09025829939455991	0.07864068618952762	0.030292482770621378	9.514985305036815	7.146085864008761	1.1200563524897538	0	0	0	-0.008561433524655852	-0.007524260225212867	-0.0027529452226978915	-0.9025418767423016	-0.6837300301816076	-0.10178939514963967
11.1	4.7671321747275135	4.7671321747275135	4.7671321747275135	0.09025829939456013	0.07864068618952812	0.03029248277062126	9.514985305036808	7.146085864008749	1.120056352489755	0	0	0	-0.008561433559246196	-0.007524260258193454	-0.0027529452193224098	-0.9025418761134804	-0.6837300296637704	-0.10178939518757829
11.2	4.7671321747275135	4.7671321747275135	4.7671321747275135	0.09025829939456025	0.07864068618952834	0.030292482770621198	9.514985305036806	7.146085864008744	1.1200563524897555	0	0	0	-0.00856143357468892	-0.007524260272845812	-0.0027529452174597994	-0.9025418759387485	-0.6837300295212243	-0.10178939521041794
11.3	4.7671321747275135	4.7671321747275135	4.7671321747275135	0.09025829939452477	0.07864068618946933	0.030292482770641938	9.514985305037747	7.146085864010101	1.1200563524895648	0	0	0	-0.008561429585799587	-0.00752425654817912	-0.002752945959060769	-0.9025419823612678	-0.6837301153106361	-0.10178938849121669
11.4	4.767132174727513	4.767132174727513	4.767132174727513	0.09025829939442286	0.07864068618929977	0.03029248277070144	9.514985305040451	7.146085864013998	1.120056352489018	0	0	0	-0.008561418127431041	-0.007524245847747261	-0.002752948085127324	-0.9025422876712255	-0.6837303614450587	-0.10178936921938388
11.5	4.7671321747275135	4.7671321747275135	4.7671321747275135	0.09025829939428572	0.07864068618907159	0.030292482770781476	9.51498530504409	7.146085864019246	1.1200563524882825	0	0	0	-0.008561402708102418	-0.007524231447724619	-0.002752950943651635	-0.9025426984366876	-0.6837306926083924	-0.10178934330667605
11.6	4.767132174727514	4.767132174727514	4.767132174727514	0.09025829939414494	0.07864068618883731	0.0302924827708636	9.514985305047826	7.1460858640246325	1.1200563524875278	0	0	0	-0.008561386875067986	-0.007524216660461694	-0.002752953875451444	-0.9025431201941355	-0.683731032652832	-0.10178931672989072
11.7	4.7671321747275135	4.7671321747275135	4.7671321747275135	0.09025829939403203	0.07864068618864935	0.030292482770929385	9.514985305050823	7.1460858640289535	1.1200563524869234	0	0	0	-0.008561374175582006	-0.007524204798308986	-0.002752956221344495	-0.9025434584800506	-0.6837313054305721	-0.10178929546582541
11.8	4.7671321747275135	4.7671321747275135	4.7671321747275135	0.09025829939397859	0.07864068618856021	0.030292482770960395	9.514985305052242	7.146085864031002	1.1200563524866383	0	0	0	-0.008561368156898749	-0.0075241991736169946	-0.0027529573221485317	-0.9025436188309135	-0.6837314347938079	-0.10178928549127765
11.9	4.7671321747275135	4.7671321747275135	4.7671321747275135	0.09025829939401614	0.07864068618862241	0.030292482770938194	9.514985305051244	7.146085864029573	1.1200563524868423	0	0	0	-0.008561372366272472	-0.00752420309873622	-0.0027529565186812984	-0.9025435067832063	-0.6837313445947341	-0.10178929278304492
12	4.7671321747275135	4.7671321747275135	4.7671321747275135	0.09025829939417626	0.0786406861888884	0.030292482770844356	9.514985305046995	7.146085864023456	1.1200563524877052	0	0	0	-0.008561390350957444	-0.007524219886017159	-0.002752953151760537	-0.9025430278734096	-0.6837309586855458	-0.10178932331792481
12.1	4.7671321747275135	4.7671321747275135	4.7671321747275135	0.09025829939440554	0.07864068618927013	0.030292482770710682	9.51498530504091	7.1460858640146805	1.1200563524889335	0	0	0	-0.008561416142801932	-0.007524243977076554	-0.0027529483830673546	-0.9025423410329768	-0.6837304048575227	-0.1017893665474301
12.2	4.7671321747275135	4.7671321747275135	4.7671321747275135	0.09025829939446582	0.07864068618937241	0.03029248277067717	9.51498530503931	7.146085864012329	1.1200563524892413	0	0	0	-0.008561423011817558	-0.007524250431367862	-0.002752947251392602	-0.9025421580996141	-0.6837302564975885	-0.10178937676444791
12.3	4.767132174727514	4.767132174727514	4.767132174727514	0.09025829939450804	0.07864068618944244	0.030292482770652385	9.514985305038188	7.146085864010719	1.120056352489469	0	0	0	-0.008561427749090557	-0.007524254850654746	-0.0027529463595974205	-0.9025420319674056	-0.6837301549179631	-0.10178938485397045
12.4	4.7671321747275135	4.7671321747275135	4.7671321747275135	0.09025829939453561	0.07864068618948811	0.030292482770636103	9.514985305037456	7.1460858640096685	1.1200563524896185	0	0	0	-0.008561430840207388	-0.007524257733314071	-0.0027529457712439907	-0.902541949670409	-0.683730088661824	-0.10178939019286687
12.5	4.7671321747275135	4.7671321747275135	4.7671321747275135	0.09025829939454272	0.07864068618950001	0.03029248277063202	9.514985305037268	7.146085864009395	1.1200563524896563	0	0	0	-0.008561431643026697	-0.007524258484729974	-0.0027529456281322104	-0.9025419283054562	-0.6837300714002706	-0.10178939148873983
12.6	4.7671321747275135	4.7671321747275135	4.7671321747275135	0.09025829939455353	0.07864068618951756	0.03029248277062536	9.514985305036982	7.146085864008991	1.1200563524897174	0	0	0	-0.008561432838782992	-0.007524259592498013	-0.0027529453766367605	-0.9025418964810229	-0.6837300459435302	-0.10178939377802428
12.7	4.7671321747275135	4.7671321747275135	4.7671321747275135	0.09025829939455576	0.07864068618952123	0.030292482770624074	9.514985305036921	7.146085864008907	1.1200563524897293	0	0	0	-0.008561433087486584	-0.007524259824941264	-0.002752945330664972	-0.9025418898686313	-0.6837300406086176	-0.10178939419482531
12.8	4.7671321747275135	4.7671321747275135	4.7671321747275135	0.0902582993945585	0.07864068618952563	0.030292482770622346	9.514985305036848	7.146085864008805	1.120056352489745	0	0	0	-0.008561433389026207	-0.007524260103068339	-0.0027529452636630295	-0.9025418818496344	-0.6837300342216925	-0.10178939480571218
12.9	4.7671321747275135	4.7671321747275135	4.7671321747275135	0.09025829939455954	0.07864068618952733	0.030292482770621715	9.514985305036822	7.146085864008766	1.1200563524897509	0	0	0	-0.008561433502703086	-0.007524260208364801	-0.002752945239641708	-0.9025418788300772	-0.6837300318067907	-0.10178939502441596
13	4.7671321747275135	4.7671321747275135	4.7671321747275135	0.09025829939456007	0.07864068618952817	0.030292482770621385	9.514985305036808	7.146085864008747	1.120056352489754	0	0	0	-0.008561433559353859	-0.0075242602605708015	-0.002752945226937632	-0.9025418773276616	-0.6837300306113199	-0.1017893951402759
13.1	4.7671321747275135	4.7671321747275135	4.7671321747275135	0.09025829939456052	0.07864068618952887	0.030292482770621094	9.514985305036795	7.1460858640087315	1.1200563524897564	0	0	0	-0.008561433608963779	-0.007524260306124212	-0.002752945215316584	-0.9025418760117188	-0.6837300295679001	-0.10178939524636976
13.2	4.7671321747275135	4.7671321747275135	4.7671321747275135	0.09025829939456066	0.07864068618952902	0.030292482770621038	9.514985305036793	7.146085864008728	1.120056352489757	0	0	0	-0.008561433619631851	-0.007524260315999719	-0.0027529452130384004	-0.9025418757314478	-0.6837300293439905	-0.10178939526710155
13.3	4.7671321747275135	4.7671321747275135	4.7671321747275135	0.09025829939456079	0.07864068618952927	0.030292482770620938	9.51498530503679	7.146085864008722	1.120056352489758	0	0	0	-0.008561433636545995	-0.007524260331423846	-0.002752945208793019	-0.9025418752843086	-0.683730028991911	-0.10178939530592092
13.4	4.7671321747275135	4.7671321747275135	4.7671321747275135	0.09025829939456084	0.07864068618952935	0.03029248277062092	9.514985305036792	7.146085864008721	1.1200563524897584	0	0	0	-0.008561433640609021	-0.007524260335161935	-0.002752945207857993	-0.9025418751786662	-0.6837300289079953	-0.10178939531444725
13.5	4.7671321747275135	4.7671321747275135	4.7671321747275135	0.09025829939455816	0.07864068618952334	0.030292482770624928	9.51498530503686	7.1460858640088585	1.1200563524897211	0	0	0	-0.008561433149129475	-0.007524259895317226	-0.0027529453511611953	-0.9025418882575296	-0.6837300390217829	-0.10178939399909417
13.6	4.7671321747275135	4.7671321747275135	4.7671321747275135	0.09025829939452541	0.07864068618944979	0.030292482770674155	9.514985305037722	7.1460858640105505	1.120056352489265	0	0	0	-0.008561427104848224	-0.007524254485399256	-0.0027529471119944397	-0.902542049080403	-0.6837301633983973	-0.10178937783710905
13.7	4.7671321747275135	4.7671321747275135	4.7671321747275135	0.09025829939446282	0.07864068618930917	0.030292482770768247	9.514985305039373	7.1460858640137825	1.1200563524883926	0	0	0	-0.008561415552132943	-0.007524244144959024	-0.002752950477081172	-0.9025423564669336	-0.683730401128579	-0.10178934695042302
13.8	4.7671321747275135	4.7671321747275135	4.7671321747275135	0.09025829939437977	0.07864068618912262	0.03029248277089307	9.514985305041558	7.146085864018072	1.1200563524872358	0	0	0	-0.008561400224797087	-0.007524230425678733	-0.0027529549409649502	-0.9025427642853625	-0.6837307165388278	-0.10178930597848927
13.9	4.7671321747275135	4.7671321747275135	4.7671321747275135	0.09025829939428566	0.07864068618891122	0.030292482771034506	9.514985305044036	7.146085864022932	1.1200563524859248	0	0	0	-0.008561382856654113	-0.007524214879240584	-0.0027529599981893343	-0.9025432264039306	-0.6837310739556431	-0.10178925956076086
14	4.767132174727514	4.767132174727514	4.767132174727514	0.0902582993941899	0.07864068618869607	0.030292482771178422	9.514985305046554	7.14608586402788	1.1200563524845908	0	0	0	-0.00856136518151748	-0.007524199057326783	-0.002752965143297884	-0.9025436966908789	-0.6837314377055252	-0.10178921233669087
14.1	4.767132174727514	4.767132174727514	4.767132174727514	0.0902582993941019	0.07864068618849827	0.0302924827713107	9.514985305048873	7.146085864032426	1.1200563524833649	0	0	0	-0.008561348933200636	-0.0075241845116195295	-0.002752969870834159	-0.9025441290144485	-0.6837317721149737	-0.10178916894573245
14.2	4.7671321747275135	4.7671321747275135	4.7671321747275135	0.09025829939403106	0.07864068618833892	0.030292482771417197	9.514985305050736	7.14608586403609	1.1200563524823774	0	0	0	-0.008561335845517047	-0.00752417279380103	-0.002752973675341719	-0.9025444772428803	-0.6837320415104882	-0.10178913402733868
14.3	4.7671321747275135	4.7671321747275135	4.7671321747275135	0.09025829939398677	0.07864068618823913	0.030292482771483806	9.5149853050519	7.146085864038384	1.1200563524817602	0	0	0	-0.008561327652280163	-0.007524165455553483	-0.002752976051364123	-0.9025446952444154	-0.6837322102185687	-0.10178911222096271
14.4	4.7671321747275135	4.7671321747275135	4.7671321747275135	0.09025829939397846	0.07864068618822	0.030292482771496394	9.514985305052118	7.146085864038824	1.1200563524816436	0	0	0	-0.008561326087303442	-0.007524164048559096	-0.0027529764934449315	-0.9025447368872948	-0.6837322425657146	-0.10178910816605756
14.5	4.7671321747275135	4.7671321747275135	4.7671321747275135	0.09025829939401549	0.07864068618830261	0.030292482771440837	9.514985305051143	7.146085864036925	1.1200563524821585	0	0	0	-0.008561332884400343	-0.007524170124500069	-0.0027529744961277036	-0.9025445560397592	-0.683732102878426	-0.10178912650207642
14.6	4.7671321747275135	4.7671321747275135	4.7671321747275135	0.09025829939410729	0.07864068618850809	0.030292482771303003	9.514985305048725	7.146085864032201	1.1200563524834362	0	0	0	-0.00856134977738432	-0.007524185235058606	-0.002752969553955999	-0.9025441065700504	-0.6837317554832029	-0.10178917186847232
14.7	4.7671321747275135	4.7671321747275135	4.7671321747275135	0.09025829939426326	0.07864068618885753	0.03029248277106877	9.514985305044616	7.146085864024167	1.1200563524856073	0	0	0	-0.008561378500068828	-0.00752421093191691	-0.002752961161473378	-0.9025433423464084	-0.6837311647065444	-0.10178924890469843
14.8	4.767132174727513	4.767132174727513	4.767132174727513	0.09025829939444267	0.07864068618926112	0.030292482770799	9.514985305039893	7.146085864014888	1.1200563524881078	0	0	0	-0.008561411648177236	-0.00752424061097308	-0.0027529515245880163	-0.9025424603645402	-0.6837304823783503	-0.101789337353689
14.9	4.7671321747275135	4.7671321747275135	4.7671321747275135	0.0902582993944922	0.0786406861893771	0.030292482770723637	9.514985305038591	7.14608586401222	1.120056352488806	0	0	0	-0.00856142110222107	-0.007524249140659554	-0.0027529489139877204	-0.9025422087864922	-0.6837302862792372	-0.10178936128616399
15	4.7671321747275135	4.7671321747275135	4.7671321747275135	0.09025829939452422	0.07864068618944875	0.030292482770675585	9.51498530503775	7.146085864010574	1.1200563524892515	0	0	0	-0.008561426993294386	-0.007524254408807074	-0.002752947190751271	-0.9025420520435825	-0.6837301651636043	-0.1017893771045691
15.1	4.7671321747275135	4.7671321747275135	4.7671321747275135	0.09025829939454356	0.0786406861894918	0.030292482770646615	9.514985305037241	7.146085864009584	1.12005635248952	0	0	0	-0.008561430535712025	-0.007524257574474836	-0.0027529461483622535	-0.9025419577925313	-0.683730092384424	-0.10178938667436459
15.2	4.7671321747275135	4.7671321747275135	4.7671321747275135	0.0902582993945493	0.07864068618950472	0.030292482770638004	9.514985305037092	7.1460858640092875	1.1200563524896	0	0	0	-0.008561431596737263	-0.007524258525186649	-0.002752945841690432	-0.9025419295613378	-0.68373007052755	-0.10178938948870533
15.3	4.7671321747275135	4.7671321747275135	4.7671321747275135	0.09025829939455622	0.07864068618951954	0.03029248277062773	9.514985305036909	7.146085864008947	1.1200563524896952	0	0	0	-0.00856143282719211	-0.007524259615222116	-0.002752945460718576	-0.9025418968277292	-0.6837300454675357	-0.10178939299010982
15.4	4.7671321747275135	4.7671321747275135	4.7671321747275135	0.09025829939455766	0.07864068618952282	0.030292482770625528	9.514985305036872	7.146085864008871	1.1200563524897156	0	0	0	-0.008561433097478923	-0.007524259857173915	-0.002752945381905302	-0.9025418896362726	-0.6837300399051515	-0.10178939371351872
15.5	4.7671321747275135	4.7671321747275135	4.7671321747275135	0.09025829939455951	0.07864068618952663	0.030292482770622842	9.514985305036824	7.146085864008784	1.1200563524897404	0	0	0	-0.008561433414604446	-0.0075242601363601225	-0.0027529452804743765	-0.902541881200655	-0.6837300334867231	-0.10178939464637643
15.6	4.7671321747275135	4.7671321747275135	4.7671321747275135	0.09025829939456005	0.0786406861895278	0.030292482770622027	9.51498530503681	7.146085864008756	1.1200563524897478	0	0	0	-0.008561433512606315	-0.0075242602232696	-0.0027529452502768168	-0.9025418785936187	-0.6837300314887474	-0.10178939492388926
15.7	4.7671321747275135	4.7671321747275135	4.7671321747275135	0.09025829939456044	0.07864068618952856	0.03029248277062147	9.5149853050368	7.146085864008738	1.120056352489753	0	0	0	-0.008561433577840324	-0.007524260280502273	-0.0027529452290713683	-0.9025418768584861	-0.6837300301730285	-0.1017893951189785
15.8	4.7671321747275135	4.7671321747275135	4.7671321747275135	0.09025829939456066	0.07864068618952903	0.03029248277062115	9.514985305036792	7.146085864008728	1.120056352489756	0	0	0	-0.008561433614751944	-0.0075242603128867006	-0.0027529452170604093	-0.9025418758766448	-0.683730029428546	-0.10178939522947608
15.9	4.7671321747275135	4.7671321747275135	4.7671321747275135	0.09025829939456073	0.07864068618952917	0.030292482770621052	9.514985305036792	7.146085864008725	1.120056352489757	0	0	0	-0.008561433626506902	-0.007524260323216445	-0.002752945213269606	-0.9025418755639428	-0.6837300291910949	-0.10178939526434656
16	4.767132174727513	4.767132174727513	4.767132174727513	0.09025829939456083	0.07864068618952932	0.030292482770620934	9.514985305036788	7.146085864008721	1.1200563524897582	0	0	0	-0.008561433639517002	-0.007524260334520353	-0.002752945208844323	-0.9025418752179449	-0.6837300289312542	-0.10178939530509859
16.1	4.7671321747275135	4.7671321747275135	4.7671321747275135	0.09025829939456086	0.07864068618952935	0.030292482770620906	9.51498530503679	7.146085864008721	1.1200563524897584	0	0	0	-0.008561433642367928	-0.007524260337025613	-0.0027529452079221146	-0.9025418751421455	-0.6837300288736923	-0.10178939531358207
16.2	4.7671321747275135	4.7671321747275135	4.7671321747275135	0.09025829939456052	0.07864068618951416	0.03029248277063298	9.514985305036795	7.14608586400907	1.1200563524896463	0	0	0	-0.00856143224972423	-0.0075242591562168564	-0.0027529457281694676	-0.9025419121701092	-0.6837300560207921	-0.1017893905145212
16.3	4.7671321747275135	4.7671321747275135	4.7671321747275135	0.09025829939455877	0.07864068618943709	0.030292482770694157	9.51498530503683	7.146085864010842	1.1200563524890783	0	0	0	-0.008561425193209455	-0.007524253172745322	-0.0027529483637525197	-0.902542099790559	-0.6837301935822541	-0.1017893662024479
16.4	4.767132174727514	4.767132174727514	4.767132174727514	0.0902582993945559	0.07864068618930993	0.030292482770795087	9.514985305036886	7.146085864013765	1.1200563524881413	0	0	0	-0.008561413549940887	-0.007524243299753402	-0.002752952712093314	-0.902542409364889	-0.6837304205647171	-0.10178932609101037
16.5	4.7671321747275135	4.7671321747275135	4.7671321747275135	0.09025829939455227	0.07864068618914959	0.03029248277092235	9.514985305036953	7.146085864017452	1.1200563524869598	0	0	0	-0.008561398868392996	-0.007524230850060944	-0.002752958194558797	-0.9025427997219259	-0.6837307067861392	-0.10178927551788826
16.6	4.7671321747275135	4.7671321747275135	4.7671321747275135	0.09025829939454828	0.07864068618897296	0.03029248277106251	9.514985305037028	7.1460858640215115	1.1200563524856586	0	0	0	-0.008561382697040248	-0.007524217136487792	-0.002752964232515917	-0.902543229690496	-0.6837310220644786	-0.10178921982076122
16.7	4.767132174727513	4.767132174727513	4.767132174727513	0.09025829939454434	0.07864068618879698	0.030292482771202164	9.5149853050371	7.146085864025558	1.120056352484362	0	0	0	-0.00856136658435711	-0.007524203471853792	-0.002752970247331621	-0.9025436580994267	-0.683731336217693	-0.10178916433730895
16.8	4.7671321747275135	4.7671321747275135	4.7671321747275135	0.09025829939454082	0.07864068618863852	0.030292482771327865	9.514985305037166	7.1460858640292	1.1200563524831952	0	0	0	-0.00856135207881805	-0.007524191168978793	-0.002752975660372858	-0.9025440437775438	-0.6837316190637406	-0.10178911440521107
16.9	4.7671321747275135	4.7671321747275135	4.7671321747275135	0.09025829939453812	0.07864068618851451	0.030292482771426193	9.514985305037218	7.146085864032052	1.1200563524822824	0	0	0	-0.008561340728897531	-0.007524181540682636	-0.002752979893006574	-0.9025443455536745	-0.6837318404205792	-0.10178907536214722
17	4.7671321747275135	4.7671321747275135	4.7671321747275135	0.09025829939453661	0.07864068618844186	0.03029248277148372	9.514985305037246	7.146085864033723	1.1200563524817484	0	0	0	-0.008561334083070023	-0.007524175899785168	-0.0027529823665997165	-0.9025445222566449	-0.683731970106167	-0.1017890525457971
17.1	4.7671321747275135	4.7671321747275135	4.7671321747275135	0.09025829939453672	0.07864068618843748	0.03029248277148702	9.514985305037241	7.146085864033823	1.1200563524817178	0	0	0	-0.008561333689809991	-0.007524175559106237	-0.0027529825025192343	-0.9025445327152821	-0.6837319779384616	-0.10178905129384032
17.2	4.7671321747275135	4.7671321747275135	4.7671321747275135	0.09025829939453879	0.07864068618851826	0.030292482771422668	9.514985305037202	7.146085864031966	1.120056352482315	0	0	0	-0.008561341097591903	-0.007524181831465686	-0.0027529797221320746	-0.9025443357584124	-0.6837318337354215	-0.10178907694395656
17.3	4.7671321747275135	4.7671321747275135	4.7671321747275135	0.09025829939454326	0.07864068618870113	0.030292482771277232	9.514985305037113	7.146085864027762	1.1200563524836649	0	0	0	-0.008561357854890227	-0.007524196029683363	-0.002752973446805184	-0.9025438902148627	-0.6837315073150043	-0.10178913483382547
17.4	4.7671321747275135	4.7671321747275135	4.7671321747275135	0.09025829939455049	0.07864068618900297	0.030292482771037302	9.514985305036976	7.146085864020822	1.1200563524858924	0	0	0	-0.00856138551017943	-0.00752421946657911	-0.0027529630979055116	-0.9025431549134594	-0.6837309684951682	-0.1017892303011267
17.5	4.7671321747275135	4.7671321747275135	4.7671321747275135	0.09025829939455719	0.07864068618932113	0.030292482770785233	9.51498530503685	7.146085864013506	1.120056352488232	0	0	0	-0.008561414618809656	-0.007524244168817961	-0.0027529522544687776	-0.9025423809591198	-0.6837304005847963	-0.10178933032214098
17.6	4.7671321747275135	4.7671321747275135	4.7671321747275135	0.09025829939455675	0.0786406861893991	0.030292482770725375	9.514985305036875	7.146085864011715	1.1200563524887879	0	0	0	-0.008561421659919261	-0.0075242502215536605	-0.002752949745281195	-0.9025421937204748	-0.6837302614309749	-0.1017893534478674
17.7	4.7671321747275135	4.7671321747275135	4.7671321747275135	0.09025829939455847	0.07864068618946052	0.030292482770676313	9.514985305036841	7.146085864010303	1.1200563524892433	0	0	0	-0.008561427300267458	-0.007524254990789032	-0.002752947620889537	-0.9025420437575304	-0.6837301517851276	-0.10178937304750457
17.8	4.7671321747275135	4.7671321747275135	4.7671321747275135	0.09025829939455937	0.07864068618949548	0.03029248277064844	9.514985305036824	7.146085864009498	1.120056352489502	0	0	0	-0.00856143050704326	-0.007524257705276281	-0.002752946416064069	-0.9025419584966983	-0.683730089378408	-0.1017893841626792
17.9	4.7671321747275135	4.7671321747275135	4.7671321747275135	0.09025829939455957	0.0786406861895059	0.03029248277064022	9.514985305036818	7.14608586400926	1.1200563524895786	0	0	0	-0.008561431457649144	-0.007524258512723927	-0.0027529460631103737	-0.9025419332213417	-0.683730070814991	-0.10178938741816734
18	4.767132174727514	4.767132174727514	4.767132174727514	0.09025829939456034	0.07864068618951989	0.030292482770628733	9.5149853050368	7.146085864008938	1.1200563524896856	0	0	0	-0.008561432758350758	-0.007524259599475013	-0.0027529455546888315	-0.9025418986431705	-0.6837300458303109	-0.10178939211198648
18.1	4.7671321747275135	4.7671321747275135	4.7671321747275135	0.0902582993945604	0.0786406861895227	0.030292482770626492	9.514985305036799	7.146085864008874	1.1200563524897063	0	0	0	-0.008561433017560278	-0.007524259819673656	-0.0027529454582474523	-0.9025418917511775	-0.6837300407678601	-0.10178939300154266
18.2	4.7671321747275135	4.7671321747275135	4.7671321747275135	0.09025829939456065	0.07864068618952644	0.03029248277062336	9.514985305036793	7.146085864008787	1.1200563524897351	0	0	0	-0.008561433367876577	-0.007524260109865609	-0.0027529453180675577	-0.9025418824389891	-0.6837300340962921	-0.10178939429625268
18.3	4.7671321747275135	4.7671321747275135	4.7671321747275135	0.09025829939456072	0.07864068618952767	0.030292482770622325	9.514985305036792	7.146085864008759	1.1200563524897447	0	0	0	-0.008561433483952314	-0.0075242602069110695	-0.0027529452727462797	-0.9025418793531694	-0.6837300318651998	-0.10178939471466146
18.4	4.767132174727514	4.767132174727514	4.767132174727514	0.0902582993945608	0.07864068618952841	0.030292482770621715	9.514985305036792	7.146085864008743	1.1200563524897504	0	0	0	-0.008561433552920491	-0.007524260263868749	-0.0027529452449390483	-0.9025418775198464	-0.6837300305557353	-0.10178939497152084
18.5	4.7671321747275135	4.7671321747275135	4.7671321747275135	0.09025829939456083	0.07864068618952895	0.030292482770621246	9.514985305036792	7.146085864008729	1.1200563524897547	0	0	0	-0.008561433604465674	-0.007524260306289556	-0.002752945223951197	-0.9025418761496934	-0.6837300295804817	-0.10178939516541793
18.6	4.7671321747275135	4.7671321747275135	4.7671321747275135	0.09025829939456083	0.0786406861895291	0.03029248277062114	9.51498530503679	7.146085864008726	1.1200563524897558	0	0	0	-0.008561433616543634	-0.007524260316339036	-0.002752945219170964	-0.9025418758286021	-0.6837300293494439	-0.10178939520955868
18.7	4.7671321747275135	4.7671321747275135	4.7671321747275135	0.09025829939456086	0.0786406861895293	0.03029248277062098	9.51498530503679	7.146085864008723	1.1200563524897575	0	0	0	-0.008561433635458669	-0.007524260331710461	-0.002752945211235137	-0.9025418753258736	-0.6837300289960355	-0.10178939528291811
18.8	4.7671321747275135	4.7671321747275135	4.7671321747275135	0.09025829939456088	0.07864068618952935	0.030292482770620934	9.514985305036788	7.14608586400872	1.1200563524897578	0	0	0	-0.00856143363960234	-0.00752426033513346	-0.002752945209561712	-0.9025418752156926	-0.6837300289173239	-0.10178939529838063
18.9	4.7671321747275135	4.7671321747275135	4.7671321747275135	0.09025829939456158	0.0786406861895222	0.03029248277062689	9.514985305036769	7.146085864008884	1.1200563524897025	0	0	0	-0.008561433009097653	-0.007524259838112031	-0.0027529454912620134	-0.9025418919690297	-0.6837300403439761	-0.10178939269166205
19	4.7671321747275135	4.7671321747275135	4.7671321747275135	0.090258299394568	0.07864068618945609	0.030292482770682055	9.514985305036584	7.146085864010403	1.12005635248919	0	0	0	-0.00856142716691237	-0.007524255231967984	-0.0027529481005783437	-0.9025420472039432	-0.6837301462403671	-0.10178936854637669
19.1	4.7671321747275135	4.7671321747275135	4.7671321747275135	0.09025829939457974	0.07864068618933592	0.030292482770782357	9.51498530503625	7.146085864013168	1.1200563524882587	0	0	0	-0.008561416545071901	-0.00752424685710354	-0.002752952844321974	-0.9025423294409691	-0.6837303387805601	-0.10178932465023004
19.2	4.7671321747275135	4.7671321747275135	4.7671321747275135	0.09025829939459491	0.07864068618918026	0.030292482770912243	9.514985305035815	7.1460858640167455	1.1200563524870526	0	0	0	-0.008561402789385214	-0.007524236010902215	-0.0027529589871876244	-0.9025426949487448	-0.6837305881373905	-0.10178926780740097
19.3	4.7671321747275135	4.7671321747275135	4.7671321747275135	0.09025829939461179	0.07864068618900778	0.030292482771056173	9.514985305035335	7.146085864020711	1.1200563524857161	0	0	0	-0.008561387545661275	-0.0075242239907475335	-0.002752965793870019	-0.9025430999959089	-0.6837308644836945	-0.10178920482206848
19.4	4.7671321747275135	4.7671321747275135	4.7671321747275135	0.09025829939462847	0.07864068618883704	0.030292482771198597	9.514985305034855	7.146085864024636	1.1200563524843934	0	0	0	-0.008561372459709046	-0.00752421209402301	-0.0027529725290638793	-0.902543500851098	-0.6837311379923076	-0.1017891424984114
19.5	4.7671321747275135	4.7671321747275135	4.7671321747275135	0.09025829939464322	0.07864068618868672	0.030292482771323983	9.514985305034436	7.146085864028092	1.120056352483229	0	0	0	-0.008561359177337498	-0.007524201618112165	-0.0027529784574639267	-0.902543853782951	-0.6837313788360657	-0.10178908764060872
19.6	4.7671321747275135	4.7671321747275135	4.7671321747275135	0.09025829939465421	0.0786406861885754	0.03029248277141677	9.514985305034122	7.146085864030651	1.1200563524823672	0	0	0	-0.008561349344355594	-0.00752419386039852	-0.0027529828437648837	-0.9025441150601052	-0.6837315571878045	-0.10178904705283932
19.7	4.7671321747275135	4.7671321747275135	4.7671321747275135	0.09025829939465961	0.0786406861885217	0.030292482771461432	9.514985305033969	7.146085864031885	1.1200563524819527	0	0	0	-0.008561344606572294	-0.007524190118265593	-0.0027529849526614714	-0.9025442409511982	-0.6837316432203601	-0.10178902753928216
19.8	4.7671321747275135	4.7671321747275135	4.7671321747275135	0.09025829939465764	0.07864068618854424	0.030292482771442423	9.514985305034026	7.146085864031367	1.1200563524821292	0	0	0	-0.008561346609796572	-0.007524191689096903	-0.0027529840488484127	-0.9025441877248682	-0.6837316071065681	-0.10178903590411613
19.9	4.7671321747275135	4.7671321747275135	4.7671321747275135	0.09025829939464648	0.07864068618866163	0.03029248277134419	9.514985305034344	7.146085864028668	1.1200563524830416	0	0	0	-0.008561356999837386	-0.007524199870275969	-0.0027529793970204296	-0.902543911649753	-0.683731419019264	-0.10178907895152019
20	4.7671321747275135	4.7671321747275135	4.7671321747275135	0.09025829939462436	0.07864068618889251	0.03029248277115119	9.514985305034978	7.146085864023361	1.120056352484834	0	0	0	-0.008561377422503706	-0.007524215959186313	-0.0027529702618722435	-0.9025433689944901	-0.6837310491312842	-0.10178916348567321
20.1	4.7671321747275135	4.7671321747275135	4.7671321747275135	0.09025829939459099	0.07864068618923772	0.030292482770862827	9.514985305035932	7.146085864015425	1.1200563524875116	0	0	0	-0.008561407947549735	-0.007524240015878948	-0.002752956617456687	-0.9025425579044105	-0.6837304960620398	-0.1017892897458609
20.2	4.7671321747275135	4.7671321747275135	4.7671321747275135	0.09025829939457358	0.07864068618939986	0.030292482770728938	9.514985305036426	7.146085864011698	1.120056352488755	0	0	0	-0.00856142219743392	-0.007524251311723557	-0.0027529503154408346	-0.9025421792508912	-0.6837302363677997	-0.10178934805171305
20.3	4.7671321747275135	4.7671321747275135	4.7671321747275135	0.09025829939456764	0.07864068618945341	0.030292482770684873	9.514985305036594	7.146085864010465	1.120056352489164	0	0	0	-0.008561426896203914	-0.007524255043239672	-0.0027529482453599193	-0.9025420543915094	-0.6837301505793352	-0.10178936720276603
20.4	4.767132174727514	4.767132174727514	4.767132174727514	0.09025829939456352	0.07864068618949917	0.030292482770646362	9.514985305036713	7.1460858640094145	1.1200563524895217	0	0	0	-0.008561430958796263	-0.007524258232539002	-0.0027529464172903408	-0.9025419464460265	-0.6837300772565519	-0.10178938412096439
20.5	4.7671321747275135	4.7671321747275135	4.7671321747275135	0.09025829939456226	0.07864068618951074	0.030292482770636793	9.514985305036749	7.146085864009148	1.1200563524896106	0	0	0	-0.00856143197712402	-0.007524259040047455	-0.00275294596726598	-0.9025419193866057	-0.6837300586917049	-0.10178938828451281
20.6	4.7671321747275135	4.7671321747275135	4.7671321747275135	0.09025829939456144	0.07864068618952207	0.030292482770627124	9.514985305036772	7.146085864008888	1.1200563524897003	0	0	0	-0.008561432990450844	-0.00752425982926113	-0.002752945505210364	-0.902541892463315	-0.6837300405474883	-0.10178939256165778
20.7	4.7671321747275135	4.7671321747275135	4.7671321747275135	0.09025829939456115	0.07864068618952517	0.03029248277062452	9.514985305036781	7.146085864008817	1.1200563524897242	0	0	0	-0.008561433265402457	-0.007524260045639278	-0.0027529453820144536	-0.9025418851575864	-0.683730035572908	-0.10178939370172117
20.8	4.7671321747275135	4.7671321747275135	4.7671321747275135	0.090258299394561	0.07864068618952758	0.030292482770622454	9.514985305036786	7.146085864008762	1.1200563524897438	0	0	0	-0.0085614334815679	-0.007524260213047105	-0.002752945282569875	-0.9025418794144364	-0.6837300317241818	-0.10178939462239422
20.9	4.7671321747275135	4.7671321747275135	4.7671321747275135	0.09025829939456091	0.07864068618952849	0.030292482770621684	9.514985305036788	7.14608586400874	1.1200563524897509	0	0	0	-0.00856143356251498	-0.007524260276081403	-0.0027529452456521693	-0.9025418772637254	-0.6837300302750235	-0.10178939496413925
21	4.7671321747275135	4.7671321747275135	4.7671321747275135	0.0902582993945609	0.07864068618952895	0.03029248277062128	9.514985305036788	7.146085864008731	1.1200563524897544	0	0	0	-0.008561433605020187	-0.007524260308887148	-0.0027529452259976665	-0.9025418761344344	-0.6837300295207908	-0.1017893951461213
21.1	4.7671321747275135	4.7671321747275135	4.7671321747275135	0.0902582993945609	0.07864068618952921	0.030292482770621045	9.514985305036788	7.146085864008724	1.1200563524897569	0	0	0	-0.008561433628860925	-0.0075242603272533196	-0.002752945214940171	-0.9025418755010626	-0.6837300290985139	-0.1017893952485073
21.2	4.7671321747275135	4.7671321747275135	4.7671321747275135	0.0902582993945609	0.07864068618952931	0.030292482770620965	9.514985305036788	7.146085864008722	1.1200563524897575	0	0	0	-0.008561433636941763	-0.007524260333486256	-0.002752945211200401	-0.9025418752863738	-0.6837300289552083	-0.1017893952831382
21.3	4.767132174727513	4.767132174727513	4.767132174727513	0.0902582993945609	0.07864068618952938	0.030292482770620896	9.514985305036788	7.146085864008719	1.120056352489758	0	0	0	-0.00856143364375543	-0.00752426033868336	-0.002752945207991574	-0.9025418751053255	-0.6837300288357252	-0.10178939531286071
21.4	4.7671321747275135	4.7671321747275135	4.7671321747275135	0.0902582993945609	0.07864068618952938	0.030292482770620886	9.51498530503679	7.14608586400872	1.1200563524897582	0	0	0	-0.008561433645477469	-0.007524260340010417	-0.002752945207192652	-0.9025418750595431	-0.6837300288052129	-0.1017893953202589
21.5	4.7671321747275135	4.7671321747275135	4.7671321747275135	0.09025829939455383	0.07864068618949792	0.03029248277063446	9.514985305036976	7.146085864009444	1.120056352489633	0	0	0	-0.008561431850911273	-0.007524259013483605	-0.0027529460882832818	-0.902541922725218	-0.6837300593024268	-0.10178938715398637
21.6	4.7671321747275135	4.7671321747275135	4.7671321747275135	0.09025829939452659	0.07864068618937657	0.030292482770686815	9.51498530503769	7.146085864012234	1.1200563524891503	0	0	0	-0.008561424931041254	-0.007524253898193241	-0.002752949485624381	-0.9025421065247615	-0.6837301769043183	-0.10178935566619432
21.7	4.7671321747275135	4.7671321747275135	4.7671321747275135	0.0902582993944834	0.07864068618918411	0.03029248277076984	9.514985305038826	7.146085864016658	1.1200563524883846	0	0	0	-0.008561413957088876	-0.007524245785844161	-0.002752954873164011	-0.9025423980053515	-0.6837303634093819	-0.1017893057325441
21.8	4.7671321747275135	4.7671321747275135	4.7671321747275135	0.09025829939442909	0.07864068618894204	0.030292482770874263	9.51498530504025	7.146085864022223	1.1200563524874216	0	0	0	-0.008561400154207715	-0.007524235581928566	-0.0027529616492749757	-0.9025427646255558	-0.683730598000112	-0.10178924292915646
21.9	4.7671321747275135	4.7671321747275135	4.7671321747275135	0.09025829939436847	0.07864068618867186	0.03029248277099081	9.514985305041842	7.146085864028435	1.1200563524863467	0	0	0	-0.008561384747551345	-0.007524224191938657	-0.00275296921233008	-0.9025431738439427	-0.6837308598590028	-0.10178917283215214
22	4.767132174727514	4.767132174727514	4.767132174727514	0.09025829939430638	0.078640686188395	0.030292482771110203	9.51498530504347	7.1460858640348	1.1200563524852458	0	0	0	-0.008561368962273342	-0.007524212521366631	-0.0027529769607021254	-0.9025435931190798	-0.6837311281685484	-0.10178910101765187
22.1	4.767132174727514	4.767132174727514	4.767132174727514	0.09025829939424761	0.07864068618813295	0.030292482771223164	9.514985305045016	7.146085864040824	1.120056352484204	0	0	0	-0.008561354023527281	-0.007524201475704693	-0.002752984292763917	-0.9025439899095351	-0.683731382111243	-0.10178903306177642
22.2	4.7671321747275135	4.7671321747275135	4.7671321747275135	0.09025829939419702	0.07864068618790722	0.03029248277132043	9.514985305046341	7.146085864046013	1.1200563524833067	0	0	0	-0.008561341156466737	-0.007524191960445041	-0.002752990606888258	-0.9025443316738768	-0.6837316008695804	-0.10178897454064653
22.3	4.7671321747275135	4.7671321747275135	4.7671321747275135	0.09025829939415943	0.07864068618773927	0.03029248277139272	9.514985305047327	7.146085864049874	1.1200563524826401	0	0	0	-0.008561331586245285	-0.007524184881079876	-0.002752995301447953	-0.9025445858706729	-0.6837317636260555	-0.10178893103038295
22.4	4.7671321747275135	4.7671321747275135	4.7671321747275135	0.09025829939413967	0.0786406861876506	0.030292482771430766	9.514985305047848	7.146085864051912	1.1200563524822893	0	0	0	-0.008561326538016502	-0.007524181143101399	-0.002752997774815805	-0.9025447199584913	-0.6837318495631617	-0.10178890810710642
22.5	4.7671321747275135	4.7671321747275135	4.7671321747275135	0.09025829939414252	0.07864068618766266	0.030292482771425284	9.514985305047773	7.146085864051634	1.12005635248234	0	0	0	-0.008561327236933963	-0.00752418165200181	-0.0027529974253646177	-0.9025447013959	-0.6837318378633936	-0.10178891134693768
22.6	4.7671321747275135	4.7671321747275135	4.7671321747275135	0.09025829939417285	0.07864068618779697	0.030292482771367008	9.514985305046975	7.146085864048547	1.1200563524828775	0	0	0	-0.008561334908151244	-0.007524187313273309	-0.0027529936514671957	-0.9025444976414669	-0.6837317077092452	-0.1017889463259975
22.7	4.7671321747275135	4.7671321747275135	4.7671321747275135	0.09025829939423549	0.07864068618807499	0.030292482771246652	9.514985305045332	7.1460858640421545	1.1200563524839875	0	0	0	-0.008561350776821915	-0.0075241990324080976	-0.002752985851496341	-0.9025440761537602	-0.6837314382832108	-0.10178901862040664
22.8	4.7671321747275135	4.7671321747275135	4.7671321747275135	0.09025829939433523	0.07864068618851819	0.030292482771054962	9.514985305042714	7.146085864031965	1.1200563524857552	0	0	0	-0.008561376068099556	-0.007524217714898376	-0.00275297342382486	-0.9025434043913476	-0.6837310087677843	-0.10178913380628578
22.9	4.7671321747275135	4.7671321747275135	4.7671321747275135	0.09025829939446449	0.07864068618909377	0.030292482770806466	9.51498530503932	7.146085864018733	1.1200563524880471	0	0	0	-0.008561408895767798	-0.00752424197741138	-0.0027529573031745344	-0.9025425324522618	-0.6837304509661531	-0.10178928321891405
23	4.7671321747275135	4.7671321747275135	4.7671321747275135	0.09025829939451407	0.0786406861893217	0.030292482770710713	9.514985305038017	7.146085864013494	1.1200563524889298	0	0	0	-0.00856142179095187	-0.007524251585048945	-0.0027529510315088316	-0.9025421899279027	-0.683730230084004	-0.10178934133756096
23.1	4.7671321747275135	4.7671321747275135	4.7671321747275135	0.09025829939453353	0.07864068618941011	0.030292482770673253	9.514985305037508	7.146085864011461	1.120056352489275	0	0	0	-0.008561426806530438	-0.007524255311943146	-0.0027529485851615215	-0.9025420567047613	-0.6837301444017447	-0.10178936400869898
23.2	4.767132174727513	4.767132174727513	4.767132174727513	0.09025829939454943	0.07864068618947993	0.030292482770642705	9.514985305037087	7.146085864009855	1.1200563524895568	0	0	0	-0.0085614308052523	-0.007524258255215861	-0.0027529466123663083	-0.9025419504964847	-0.6837300767351351	-0.10178938229483442
23.3	4.7671321747275135	4.7671321747275135	4.7671321747275135	0.09025829939455338	0.0786406861894979	0.030292482770635117	9.514985305036985	7.146085864009443	1.1200563524896268	0	0	0	-0.00856143182264867	-0.007524259011830539	-0.0027529461164683324	-0.902541923472557	-0.6837300593403527	-0.10178938689042973
23.4	4.7671321747275135	4.7671321747275135	4.7671321747275135	0.09025829939455794	0.07864068618951704	0.03029248277062645	9.514985305036864	7.146085864009002	1.1200563524897067	0	0	0	-0.008561432931731078	-0.007524259819742189	-0.002752945563026579	-0.9025418940161984	-0.6837300407662577	-0.10178939202138154
23.5	4.7671321747275135	4.7671321747275135	4.7671321747275135	0.09025829939455904	0.07864068618952193	0.030292482770624338	9.514985305036836	7.1460858640088905	1.1200563524897265	0	0	0	-0.008561433210910496	-0.007524260025796217	-0.0027529454257038664	-0.9025418866009927	-0.6837300360290313	-0.10178939329416435
23.6	4.7671321747275135	4.7671321747275135	4.7671321747275135	0.0902582993945601	0.07864068618952619	0.03029248277062236	9.514985305036808	7.146085864008793	1.1200563524897447	0	0	0	-0.00856143345893793	-0.0075242602051856025	-0.0027529453010274475	-0.9025418800138185	-0.6837300319048496	-0.10178939445018288
23.7	4.7671321747275135	4.7671321747275135	4.7671321747275135	0.09025829939456047	0.07864068618952773	0.030292482770621663	9.514985305036799	7.146085864008758	1.1200563524897509	0	0	0	-0.008561433547274998	-0.0075242602695539205	-0.00275294525695885	-0.9025418776676201	-0.6837300304250191	-0.10178939485874439
23.8	4.7671321747275135	4.7671321747275135	4.7671321747275135	0.09025829939456066	0.07864068618952856	0.030292482770621267	9.514985305036792	7.146085864008739	1.1200563524897544	0	0	0	-0.0085614335965997	-0.0075242603050849665	-0.002752945232067547	-0.9025418763576224	-0.6837300296081684	-0.10178939508955857
23.9	4.7671321747275135	4.7671321747275135	4.7671321747275135	0.09025829939456077	0.07864068618952903	0.030292482770621045	9.51498530503679	7.146085864008728	1.1200563524897569	0	0	0	-0.008561433624705404	-0.007524260325294746	-0.002752945217856653	-0.9025418756112081	-0.6837300291435378	-0.10178939522132961
24	4.7671321747275135	4.7671321747275135	4.7671321747275135	0.09025829939456081	0.07864068618952919	0.030292482770620972	9.51498530503679	7.1460858640087235	1.1200563524897575	0	0	0	-0.008561433633971013	-0.007524260331969959	-0.002752945213182138	-0.9025418753651446	-0.683730028990061	-0.10178939526467069
