0	4.7671321747275135	4.7671321747275135	4.7671321747275135	0.09025829939456088	0.07864068618952942	0.03029248277062086	9.514985305036792	7.146085864008718	1.1200563524897587	0	0	0	0	0	0	0	0	0
0.1	4.7671321747275135	4.7671321747275135	4.7671321747275135	0.09025829939456088	0.07864068618952942	0.03029248277062086	9.514985305036792	7.146085864008718	1.1200563524897587	0	0	0	4379876940997873e-21	0	0	5294166761345366e-20	0	0
0.2	4.7671321747275135	4.7671321747275135	4.7671321747275135	0.0902582993945609	0.07864068618952942	0.03029248277062086	9.514985305036792	7.146085864008718	1.1200563524897587	0	0	0	5919751645070563e-21	0	0	0.00014933226434075912	0	0
0.3	4.7671321747275135	4.7671321747275135	4.7671321747275135	0.09025829939456088	0.07864068618952942	0.03029248277062086	9.514985305036792	7.146085864008718	1.1200563524897587	0	0	0	6461363249230069e-21	0	0	0.0002461955548836718	0	0
0.4	4.767132174727514	4.767132174727514	4.767132174727514	0.0902582993945609	0.07864068618952944	0.03029248277062086	9.514985305036792	7.146085864008719	1.1200563524897587	0	0	0	6651703810219132e-21	0	0	0.00033125048809927855	0	0
0.5	4.7671321747275135	4.7671321747275135	4.7671321747275135	0.09025829939456088	0.07864068618952944	0.030292482770620858	9.514985305036792	7.146085864008718	1.1200563524897587	0	0	0	6718685063962892e-21	0	0	0.00040244836497087673	0	0
0.6	4.7671321747275135	4.7671321747275135	4.7671321747275135	0.0902582993945609	0.07864068618952944	0.030292482770620858	9.514985305036792	7.146085864008718	1.1200563524897587	0	0	0	6742201856377341e-21	0	0	0.0004609195265961134	0	0
0.7	4.7671321747275135	4.7671321747275135	4.7671321747275135	0.0902582993945609	0.07864068618952944	0.030292482770620854	9.514985305036792	7.146085864008718	1.1200563524897587	0	0	0	6750449706578399e-21	0	0	0.0005085530577651162	0	0
0.8	4.7671321747275135	4.7671321747275135	4.7671321747275135	0.0902582993945609	0.07864068618952944	0.030292482770620858	9.514985305036792	7.146085864008718	1.1200563524897587	0	0	0	6753379291458682e-21	0	0	0.000547228692608887	0	0
0.9	4.7671321747275135	4.7671321747275135	4.7671321747275135	0.09025829939456088	0.07864068618952944	0.030292482770620854	9.514985305036792	7.146085864008718	1.1200563524897587	0	0	0	6754399617530758e-21	0	0	0.0005785812195766145	0	0
1	4.7671321747275135	4.7671321747275135	4.7671321747275135	0.09025829939456086	0.0786406861895294	0.030292482770620854	9.514985305036792	7.146085864008719	1.1200563524897587	0	0	0	6754727172495601e-21	0	0	0.0006039810490583066	0	0
1.1	4.7671321747275135	4.7671321747275135	4.7671321747275135	0.09025829939456087	0.07864068618952944	0.030292482770620854	9.514985305036792	7.14608586400872	1.1200563524897587	0	0	0	675487007266627e-20	0	0	0.0006245513107140106	0	0
1.2	4.7671321747275135	4.7671321747275135	4.7671321747275135	0.09025829939456087	0.07864068618952944	0.030292482770620858	9.514985305036792	7.146085864008719	1.1200563524897587	0	0	0	6754880036863739e-21	0	0	0.0006412278645740234	0	0
1.3	4.7671321747275135	4.7671321747275135	4.7671321747275135	0.09025829939456086	0.07864068618952944	0.03029248277062086	9.514985305036792	7.14608586400872	1.1200563524897587	0	0	0	675486332509738e-20	0	0	0.0006546989419908503	0	0
1.4	4.7671321747275135	4.7671321747275135	4.7671321747275135	0.09025829939456088	0.07864068618952945	0.03029248277062086	9.514985305036792	7.146085864008719	1.1200563524897587	0	0	0	6754926163536588e-21	0	0	0.0006656204237630107	0	0
1.5	4.7671321747275135	4.7671321747275135	4.7671321747275135	0.09025829939456088	0.0786406861895295	0.030292482770620858	9.514985305036792	7.146085864008717	1.1200563524897587	0	0	0	675492548113233e-20	0	0	0.0006744729647221741	0	0
1.6	4.7671321747275135	4.7671321747275135	4.7671321747275135	0.09025829939456087	0.07864068618952952	0.03029248277062086	9.514985305036792	7.146085864008716	1.1200563524897587	0	0	0	6754921986204831e-21	0	0	0.0006816240415666621	0	0
1.7	4.7671321747275135	4.7671321747275135	4.7671321747275135	0.09025829939456088	0.07864068618952948	0.030292482770620858	9.514985305036792	7.146085864008717	1.1200563524897587	0	0	0	6754955544838191e-21	0	0	0.0006874258091811561	0	0
1.8	4.7671321747275135	4.7671321747275135	4.7671321747275135	0.09025829939456091	0.07864068618952948	0.03029248277062087	9.514985305036792	7.146085864008718	1.1200563524897587	0	0	0	6754951782286284e-21	0	0	0.0006921247126830735	0	0
1.9	4.7671321747275135	4.7671321747275135	4.7671321747275135	0.09025829939456094	0.07864068618952946	0.030292482770620875	9.51498530503679	7.146085864008718	1.1200563524897584	0	0	0	6754953878722534e-21	0	0	0.0006959211974882297	0	0
2	4.767132174727513	4.767132174727513	4.767132174727513	0.0902582993945609	0.07864068618952945	0.030292482770620865	9.51498530503679	7.146085864008717	1.1200563524897584	0	0	0	6754970237563826e-21	0	0	0.0006990030174569337	0	0
2.1	4.7671321747275135	4.7671321747275135	4.7671321747275135	0.09025829939456088	0.07864068618952949	0.030292482770620868	9.514985305036792	7.146085864008717	1.1200563524897587	0	0	0	675496690333628e-20	0	0	0.0007014970322360265	0	0
2.2	4.7671321747275135	4.7671321747275135	4.7671321747275135	0.09025829939456087	0.07864068618952948	0.030292482770620865	9.514985305036792	7.146085864008717	1.1200563524897587	0	0	0	6754970841979838e-21	0	0	0.0007035129189670325	0	0
2.3	4.7671321747275135	4.7671321747275135	4.7671321747275135	0.09025829939456087	0.07864068618952945	0.03029248277062086	9.514985305036792	7.146085864008718	1.1200563524897587	0	0	0	6754977797798526e-21	0	0	0.0007051497184574778	0	0
2.4	4.7671321747275135	4.7671321747275135	4.7671321747275135	0.09025829939456086	0.07864068618952946	0.03029248277062086	9.514985305036792	7.146085864008718	1.1200563524897587	0	0	0	67549755946311e-19	0	0	0.0007064734086263305	0	0
2.5	4.7671321747275135	4.7671321747275135	4.7671321747275135	0.09025829939456087	0.07864068618952946	0.030292482770620858	9.514985305036792	7.146085864008718	1.1200563524897587	0	0	0	6754979239060009e-21	0	0	0.0007075440093618966	0	0
2.6	4.767132174727513	4.767132174727513	4.767132174727513	0.09025829939456088	0.07864068618952944	0.030292482770620854	9.514985305036792	7.146085864008718	1.1200563524897587	0	0	0	6754981804477398e-21	0	0	0.0007084131940863043	0	0
2.7	4.7671321747275135	4.7671321747275135	4.7671321747275135	0.09025829939456087	0.07864068618952945	0.030292482770620854	9.514985305036792	7.146085864008718	1.1200563524897587	0	0	0	6754980567598865e-21	0	0	0.0007091157331895019	0	0
2.8	4.7671321747275135	4.7671321747275135	4.7671321747275135	0.09025829939456088	0.07864068618952946	0.030292482770620865	9.51498530503679	7.146085864008717	1.1200563524897587	0	0	0	6754980264603451e-21	0	0	0.0007096846368345853	0	0
2.9	4.7671321747275135	4.7671321747275135	4.7671321747275135	0.09025829939456115	0.07864068618952987	0.03029248277062101	9.514985305036785	7.146085864008709	1.120056352489757	0	0	0	67549371728218295e-22	0	0	0.0007101495339735574	0	0
3	4.767132174727513	4.767132174727513	4.767132174727513	0.09025829939456152	0.07864068618953045	0.03029248277062124	9.514985305036774	7.146085864008694	1.1200563524897549	0	0	0	675486592209486e-20	0	0	0.0007105263760522824	0	0
3.1	4.7671321747275135	4.7671321747275135	4.7671321747275135	0.09025829939456186	0.07864068618953098	0.030292482770621434	9.514985305036765	7.1460858640086835	1.1200563524897529	0	0	0	6754804955821757e-21	0	0	0.0007108287627786499	0	0
3.2	4.7671321747275135	4.7671321747275135	4.7671321747275135	0.09025829939456192	0.07864068618953107	0.03029248277062147	9.514985305036761	7.146085864008681	1.1200563524897527	0	0	0	6754792717401731e-21	0	0	0.0007110702938605498	0	0
3.3	4.7671321747275135	4.7671321747275135	4.7671321747275135	0.09025829939456152	0.07864068618953045	0.030292482770621236	9.514985305036772	7.146085864008695	1.1200563524897549	0	0	0	6754867526674113e-21	0	0	0.0007112645701958496	0	0
3.4	4.7671321747275135	4.7671321747275135	4.7671321747275135	0.09025829939456137	0.0786406861895302	0.03029248277062112	9.514985305036776	7.146085864008701	1.1200563524897562	0	0	0	6754896405469673e-21	0	0	0.0007114249557857174	0	0
3.5	4.7671321747275135	4.7671321747275135	4.7671321747275135	0.09025829939456165	0.07864068618953063	0.030292482770621246	9.514985305036769	7.146085864008691	1.1200563524897549	0	0	0	6754840730452148e-21	0	0	0.0007115567401174386	0	0
3.6	4.7671321747275135	4.7671321747275135	4.7671321747275135	0.09025829939456158	0.07864068618953052	0.03029248277062121	9.51498530503677	7.146085864008693	1.120056352489755	0	0	0	6754852609240613e-21	0	0	0.0007116616758714277	0	0
3.7	4.767132174727514	4.767132174727514	4.767132174727514	0.09025829939456134	0.07864068618953012	0.030292482770621076	9.514985305036777	7.146085864008702	1.1200563524897567	0	0	0	6754902954942635e-21	0	0	0.0007117458722987217	0	0
3.8	4.7671321747275135	4.7671321747275135	4.7671321747275135	0.09025829939456169	0.07864068618953053	0.03029248277062119	9.514985305036767	7.146085864008694	1.1200563524897555	0	0	0	6754851411218706e-21	0	0	0.0007118164684239529	0	0
3.9	4.767132174727513	4.767132174727513	4.767132174727513	0.09025829939456174	0.07864068618953059	0.03029248277062121	9.514985305036767	7.146085864008692	1.1200563524897553	0	0	0	6754843230223933e-21	0	0	0.0007118725742576657	0	0
4	4.7671321747275135	4.7671321747275135	4.7671321747275135	0.09025829939456137	0.07864068618953007	0.030292482770621045	9.514985305036776	7.146085864008705	1.120056352489757	0	0	0	6754906845535423e-21	0	0	0.000711916270862522	0	0
4.1	4.7671321747275135	4.7671321747275135	4.7671321747275135	0.09025829939456159	0.07864068618953039	0.030292482770621104	9.51498530503677	7.146085864008696	1.1200563524897564	0	0	0	6754862724762784e-21	0	0	0.0007119542190367897	0	0
4.2	4.7671321747275135	4.7671321747275135	4.7671321747275135	0.09025829939456172	0.07864068618953059	0.030292482770621146	9.514985305036765	7.146085864008691	1.1200563524897562	0	0	0	6754838707486194e-21	0	0	0.0007119845411304431	0	0
4.3	4.7671321747275135	4.7671321747275135	4.7671321747275135	0.09025829939456133	0.07864068618953005	0.03029248277062101	9.514985305036776	7.146085864008705	1.1200563524897575	0	0	0	6754907712389009e-21	0	0	0.0007120067868983762	0	0
4.4	4.767132174727513	4.767132174727513	4.767132174727513	0.0902582993945615	0.07864068618953031	0.030292482770621035	9.51498530503677	7.146085864008699	1.120056352489757	0	0	0	6754874106208869e-21	0	0	0.0007120272149450254	0	0
4.5	4.7671321747275135	4.7671321747275135	4.7671321747275135	0.09025829939456168	0.07864068618953057	0.030292482770621087	9.514985305036767	7.146085864008692	1.1200563524897567	0	0	0	6754838248700651e-21	0	0	0.0007120439373130976	0	0
4.6	4.7671321747275135	4.7671321747275135	4.7671321747275135	0.09025829939456131	0.07864068618953006	0.030292482770620983	9.514985305036776	7.146085864008704	1.1200563524897575	0	0	0	6754905225626823e-21	0	0	0.000712054931041815	0	0
4.7	4.767132174727514	4.767132174727514	4.767132174727514	0.09025829939456137	0.07864068618953021	0.03029248277062101	9.514985305036776	7.1460858640087	1.1200563524897575	0	0	0	6754885033620973e-21	0	0	0.0007120658429713052	0	0
4.8	4.7671321747275135	4.7671321747275135	4.7671321747275135	0.09025829939456155	0.07864068618953056	0.030292482770621076	9.51498530503677	7.146085864008692	1.1200563524897567	0	0	0	6754841113179258e-21	0	0	0.0007120753897062801	0	0
4.9	4.767132174727513	4.767132174727513	4.767132174727513	0.09025829939456129	0.07864068618953012	0.030292482770620986	9.514985305036777	7.146085864008702	1.1200563524897573	0	0	0	6754899088515492e-21	0	0	0.0007120806248566815	0	0
5	4.7671321747275135	4.7671321747275135	4.7671321747275135	0.09025829939456131	0.07864068618953018	0.030292482770620965	9.514985305036776	7.1460858640087	1.1200563524897578	0	0	0	67548950259045045e-22	0	0	0.0007120862417966183	0	0
5.1	4.7671321747275135	4.7671321747275135	4.7671321747275135	0.09025829939456155	0.0786406861895306	0.030292482770621004	9.514985305036769	7.1460858640086915	1.1200563524897573	0	0	0	675484660947288e-20	0	0	0.000712091982580272	0	0
5.2	4.7671321747275135	4.7671321747275135	4.7671321747275135	0.09025829939456136	0.07864068618953025	0.030292482770620962	9.514985305036774	7.1460858640086995	1.120056352489758	0	0	0	6754888289103225e-21	0	0	0.000712094469772012	0	0
5.3	4.7671321747275135	4.7671321747275135	4.7671321747275135	0.09025829939456156	0.07864068618953067	0.030292482770620983	9.514985305036769	7.14608586400869	1.1200563524897575	0	0	0	6754839292290105e-21	0	0	0.0007120987035249774	0	0
5.4	4.7671321747275135	4.7671321747275135	4.7671321747275135	0.09025829939456231	0.07864068618953199	0.0302924827706211	9.514985305036749	7.14608586400866	1.1200563524897564	0	0	0	6754680334914442e-21	0	0	0.0007121053091285683	0	0
5.5	4.7671321747275135	4.7671321747275135	4.7671321747275135	0.09025829939456256	0.07864068618953245	0.030292482770621146	9.514985305036742	7.14608586400865	1.120056352489756	0	0	0	6754626758463598e-21	0	0	0.0007121086454564472	0	0
5.6	4.7671321747275135	4.7671321747275135	4.7671321747275135	0.09025829939456188	0.07864068618953123	0.03029248277062102	9.514985305036758	7.146085864008678	1.120056352489757	0	0	0	6754772983388614e-21	0	0	0.0007121062944363363	0	0
5.7	4.7671321747275135	4.7671321747275135	4.7671321747275135	0.09025829939456294	0.07864068618953313	0.03029248277062114	9.514985305036731	7.146085864008635	1.1200563524897558	0	0	0	6754544770648592e-21	0	0	0.0007121136397520004	0	0
5.8	4.7671321747275135	4.7671321747275135	4.7671321747275135	0.09025829939456435	0.07864068618953567	0.030292482770621323	9.514985305036694	7.146085864008576	1.120056352489754	0	0	0	6754240644986719e-21	0	0	0.0007121227667580012	0	0
5.9	4.767132174727513	4.767132174727513	4.767132174727513	0.09025829939456383	0.07864068618953475	0.03029248277062126	9.514985305036708	7.146085864008598	1.1200563524897544	0	0	0	67543510904880395e-22	0	0	0.0007121206413136732	0	0
6	4.7671321747275135	4.7671321747275135	4.7671321747275135	0.09025829939456252	0.0786406861895324	0.030292482770621056	9.514985305036744	7.146085864008651	1.1200563524897564	0	0	0	6754632373999385e-21	0	0	0.0007121138065879604	0	0
6.1	4.7671321747275135	4.7671321747275135	4.7671321747275135	0.09025829939456316	0.0786406861895336	0.030292482770621083	9.514985305036726	7.146085864008622	1.1200563524897562	0	0	0	6754490815411853e-21	0	0	0.0007121181221903211	0	0
6.2	4.7671321747275135	4.7671321747275135	4.7671321747275135	0.090258299394563	0.0786406861895333	0.030292482770621063	9.51498530503673	7.146085864008629	1.1200563524897564	0	0	0	6754527930161364e-21	0	0	0.0007121175686122523	0	0
6.3	4.767132174727513	4.767132174727513	4.767132174727513	0.09025829939456186	0.07864068618953117	0.03029248277062094	9.51498530503676	7.146085864008677	1.1200563524897578	0	0	0	6754778291709998e-21	0	0	0.0007121112454687211	0	0
6.4	4.7671321747275135	4.7671321747275135	4.7671321747275135	0.09025829939456184	0.07864068618953109	0.0302924827706209	9.514985305036763	7.14608586400868	1.120056352489758	0	0	0	6754785083658379e-21	0	0	0.0007121113509511179	0	0
6.5	4.7671321747275135	4.7671321747275135	4.7671321747275135	0.09025829939456151	0.07864068618953045	0.03029248277062088	9.514985305036772	7.146085864008694	1.1200563524897582	0	0	0	6754862413371482e-21	0	0	0.0007121095204055791	0	0
6.6	4.7671321747275135	4.7671321747275135	4.7671321747275135	0.09025829939456131	0.07864068618953018	0.030292482770620865	9.514985305036777	7.1460858640086995	1.1200563524897582	0	0	0	6754894391630456e-21	0	0	0.0007121088557233995	0	0
6.7	4.7671321747275135	4.7671321747275135	4.7671321747275135	0.09025829939456141	0.07864068618953038	0.030292482770620865	9.514985305036774	7.146085864008696	1.1200563524897584	0	0	0	6754869601659094e-21	0	0	0.0007121096689789622	0	0
6.8	4.7671321747275135	4.7671321747275135	4.7671321747275135	0.09025829939456119	0.07864068618952999	0.030292482770620854	9.51498530503678	7.146085864008704	1.1200563524897584	0	0	0	67549156167236594e-22	0	0	0.0007121085648642857	0	0
6.9	4.7671321747275135	4.7671321747275135	4.7671321747275135	0.09025829939456144	0.07864068618953039	0.030292482770620823	9.514985305036774	7.146085864008696	1.1200563524897589	0	0	0	6754868439375172e-21	0	0	0.0007121099231713828	0	0
7	4.7671321747275135	4.7671321747275135	4.7671321747275135	0.09025829939456187	0.0786406861895311	0.030292482770620785	9.514985305036763	7.14608586400868	1.1200563524897593	0	0	0	6754782492098019e-21	0	0	0.0007121122962492483	0	0
7.1	4.7671321747275135	4.7671321747275135	4.7671321747275135	0.09025829939456174	0.07864068618953089	0.0302924827706208	9.514985305036765	7.1460858640086835	1.120056352489759	0	0	0	6754807946914056e-21	0	0	0.0007121116825623878	0	0
7.2	4.767132174727514	4.767132174727514	4.767132174727514	0.09025829939456183	0.07864068618953098	0.03029248277062076	9.514985305036765	7.146085864008683	1.1200563524897595	0	0	0	6754798261308683e-21	0	0	0.0007121119939793585	0	0
7.3	4.767132174727514	4.767132174727514	4.767132174727514	0.09025829939456313	0.07864068618953315	0.03029248277062058	9.51498530503673	7.146085864008633	1.120056352489761	0	0	0	6754534498266297e-21	0	0	0.0007121190718546226	0	0
7.4	4.7671321747275135	4.7671321747275135	4.7671321747275135	0.09025829939456402	0.07864068618953464	0.030292482770620462	9.514985305036706	7.146085864008598	1.120056352489762	0	0	0	6754352806750002e-21	0	0	0.0007121239524355597	0	0
7.5	4.7671321747275135	4.7671321747275135	4.7671321747275135	0.0902582993945629	0.07864068618953275	0.03029248277062061	9.514985305036737	7.146085864008643	1.1200563524897607	0	0	0	6754582803349741e-21	0	0	0.0007121178461955078	0	0
7.6	4.7671321747275135	4.7671321747275135	4.7671321747275135	0.09025829939456301	0.07864068618953289	0.030292482770620528	9.514985305036733	7.146085864008638	1.1200563524897615	0	0	0	675457327697021e-20	0	0	0.0007121181231083217	0	0
7.7	4.7671321747275135	4.7671321747275135	4.7671321747275135	0.0902582993945646	0.07864068618953549	0.03029248277062023	9.514985305036692	7.146085864008579	1.120056352489764	0	0	0	6754268372922665e-21	0	0	0.0007121262737230488	0	0
7.8	4.7671321747275135	4.7671321747275135	4.7671321747275135	0.09025829939456437	0.0786406861895351	0.030292482770620268	9.514985305036697	7.146085864008587	1.120056352489764	0	0	0	6754313110966996e-21	0	0	0.0007121250954061685	0	0
7.9	4.7671321747275135	4.7671321747275135	4.7671321747275135	0.09025829939456251	0.07864068618953207	0.030292482770620577	9.514985305036747	7.146085864008658	1.120056352489761	0	0	0	675467441636378e-20	0	0	0.0007121154710610413	0	0
8	4.7671321747275135	4.7671321747275135	4.7671321747275135	0.09025829939456256	0.07864068618953216	0.030292482770620525	9.514985305036745	7.146085864008655	1.1200563524897613	0	0	0	67546634832501615e-22	0	0	0.000712115772460153	0	0
8.1	4.7671321747275135	4.7671321747275135	4.7671321747275135	0.09025829939456208	0.07864068618953135	0.03029248277062062	9.514985305036758	7.146085864008674	1.1200563524897604	0	0	0	6754757758612695e-21	0	0	0.0007121132659462789	0	0
8.2	4.767132174727514	4.767132174727514	4.767132174727514	0.09025829939456155	0.07864068618953049	0.03029248277062072	9.514985305036772	7.146085864008694	1.1200563524897598	0	0	0	675486344137234e-20	0	0	0.0007121104536903328	0	0
8.3	4.7671321747275135	4.7671321747275135	4.7671321747275135	0.0902582993945616	0.07864068618953053	0.03029248277062069	9.51498530503677	7.146085864008694	1.12005635248976	0	0	0	6754857759196202e-21	0	0	0.0007121106104405269	0	0
8.4	4.7671321747275135	4.7671321747275135	4.7671321747275135	0.09025829939456129	0.07864068618953005	0.030292482770620764	9.514985305036777	7.146085864008704	1.1200563524897595	0	0	0	6754914818062268e-21	0	0	0.0007121090928226834	0	0
8.5	4.767132174727513	4.767132174727513	4.767132174727513	0.09025829939456137	0.07864068618953024	0.030292482770620723	9.514985305036776	7.1460858640086995	1.12005635248976	0	0	0	6754893822531241e-21	0	0	0.0007121096562161368	0	0
8.6	4.7671321747275135	4.7671321747275135	4.7671321747275135	0.0902582993945616	0.07864068618953063	0.030292482770620657	9.514985305036772	7.146085864008691	1.1200563524897604	0	0	0	675485206502564e-20	0	0	0.0007121107726984764	0	0
8.7	4.7671321747275135	4.7671321747275135	4.7671321747275135	0.09025829939456134	0.0786406861895302	0.030292482770620726	9.514985305036776	7.1460858640087	1.1200563524897598	0	0	0	6754900332967193e-21	0	0	0.000712109487567185	0	0
8.8	4.767132174727514	4.767132174727514	4.767132174727514	0.09025829939456186	0.078640686189531	0.03029248277062055	9.514985305036765	7.146085864008682	1.1200563524897615	0	0	0	6754814213076429e-21	0	0	0.0007121117863057898	0	0
8.9	4.7671321747275135	4.7671321747275135	4.7671321747275135	0.09025829939456281	0.07864068618953257	0.030292482770620226	9.514985305036738	7.146085864008647	1.1200563524897644	0	0	0	6754643448083929e-21	0	0	0.0007121163422832335	0	0
9	4.7671321747275135	4.7671321747275135	4.7671321747275135	0.09025829939456302	0.07864068618953292	0.030292482770620157	9.514985305036733	7.146085864008639	1.1200563524897649	0	0	0	6754605544587144e-21	0	0	0.0007121173543984749	0	0
9.1	4.7671321747275135	4.7671321747275135	4.7671321747275135	0.0902582993945622	0.07864068618953157	0.03029248277062041	9.514985305036753	7.146085864008669	1.1200563524897627	0	0	0	6754752462697613e-21	0	0	0.0007121134368750007	0	0
9.2	4.7671321747275135	4.7671321747275135	4.7671321747275135	0.09025829939456387	0.07864068618953417	0.030292482770619772	9.514985305036712	7.146085864008611	1.1200563524897686	0	0	0	67544717860089246e-22	0	0	0.0007121209236450187	0	0
9.3	4.7671321747275135	4.7671321747275135	4.7671321747275135	0.09025829939456581	0.07864068618953725	0.030292482770619043	9.51498530503666	7.146085864008539	1.120056352489775	0	0	0	6754137556113354e-21	0	0	0.0007121298385933314	0	0
9.4	4.7671321747275135	4.7671321747275135	4.7671321747275135	0.09025829939456492	0.07864068618953586	0.030292482770619376	9.514985305036683	7.146085864008571	1.1200563524897722	0	0	0	67542886748472355e-22	0	0	0.0007121258085815754	0	0
9.5	4.767132174727514	4.767132174727514	4.767132174727514	0.09025829939456315	0.078640686189533	0.030292482770619997	9.514985305036731	7.146085864008637	1.1200563524897666	0	0	0	6754599993149678e-21	0	0	0.0007121175057575353	0	0
9.6	4.7671321747275135	4.7671321747275135	4.7671321747275135	0.09025829939456399	0.07864068618953424	0.030292482770619612	9.514985305036708	7.146085864008609	1.12005635248977	0	0	0	6754465010506357e-21	0	0	0.0007121211062441982	0	0
9.7	4.7671321747275135	4.7671321747275135	4.7671321747275135	0.09025829939456353	0.07864068618953354	0.030292482770619786	9.51498530503672	7.146085864008625	1.1200563524897684	0	0	0	67545415939146294e-22	0	0	0.000712119063942259	0	0
9.8	4.7671321747275135	4.7671321747275135	4.7671321747275135	0.09025829939456208	0.07864068618953131	0.03029248277062036	9.514985305036758	7.1460858640086755	1.120056352489763	0	0	0	6754783608910202e-21	0	0	0.0007121126093275975	0	0
9.9	4.7671321747275135	4.7671321747275135	4.7671321747275135	0.09025829939456201	0.07864068618953118	0.03029248277062038	9.51498530503676	7.146085864008678	1.120056352489763	0	0	0	6754797585802177e-21	0	0	0.0007121122367248709	0	0
10	4.7671321747275135	4.7671321747275135	4.7671321747275135	0.09025829939456151	0.07864068618953039	0.0302924827706206	9.514985305036774	7.146085864008697	1.120056352489761	0	0	0	6754882803745681e-21	0	0	0.0007121099640022447	0	0
10.1	4.7671321747275135	4.7671321747275135	4.7671321747275135	0.0902582993945614	0.0786406861895303	0.03029248277062062	9.514985305036774	7.146085864008699	1.1200563524897609	0	0	0	6754898539211688e-21	0	0	0.0007121095444348382	0	0
10.2	4.7671321747275135	4.7671321747275135	4.7671321747275135	0.0902582993945615	0.0786406861895305	0.030292482770620566	9.514985305036772	7.146085864008693	1.1200563524897613	0	0	0	6754879958418939e-21	0	0	0.0007121100401014537	0	0
10.3	4.7671321747275135	4.7671321747275135	4.7671321747275135	0.09025829939456126	0.07864068618953009	0.030292482770620677	9.514985305036777	7.146085864008704	1.1200563524897602	0	0	0	6754921582293029e-21	0	0	0.0007121089300182369	0	0
10.4	4.7671321747275135	4.7671321747275135	4.7671321747275135	0.09025829939456158	0.07864068618953066	0.030292482770620466	9.514985305036769	7.146085864008691	1.1200563524897622	0	0	0	6754857496867357e-21	0	0	0.0007121106393166707	0	0
10.5	4.7671321747275135	4.7671321747275135	4.7671321747275135	0.09025829939456201	0.07864068618953142	0.030292482770620206	9.514985305036758	7.146085864008672	1.1200563524897647	0	0	0	6754775438725371e-21	0	0	0.0007121128279575486	0	0
10.6	4.7671321747275135	4.7671321747275135	4.7671321747275135	0.09025829939456177	0.078640686189531	0.030292482770620344	9.514985305036763	7.146085864008682	1.1200563524897633	0	0	0	6754819821561001e-21	0	0	0.000712111644253927	0	0
10.7	4.7671321747275135	4.7671321747275135	4.7671321747275135	0.09025829939456215	0.07864068618953149	0.03029248277062011	9.514985305036753	7.146085864008671	1.1200563524897653	0	0	0	67547670199813605e-22	0	0	0.0007121130525693579	0	0
10.8	4.7671321747275135	4.7671321747275135	4.7671321747275135	0.09025829939456398	0.07864068618953426	0.030292482770619047	9.514985305036705	7.146085864008606	1.1200563524897753	0	0	0	6754467208403526e-21	0	0	0.0007121210489359158	0	0
10.9	4.7671321747275135	4.7671321747275135	4.7671321747275135	0.09025829939456509	0.07864068618953597	0.030292482770618405	9.514985305036676	7.146085864008568	1.1200563524897813	0	0	0	6754282859756895e-21	0	0	0.0007121259657602809	0	0
11	4.7671321747275135	4.7671321747275135	4.7671321747275135	0.09025829939456348	0.07864068618953346	0.030292482770619356	9.51498530503672	7.146085864008625	1.1200563524897724	0	0	0	6754553574645145e-21	0	0	0.0007121187454819176	0	0
11.1	4.7671321747275135	4.7671321747275135	4.7671321747275135	0.09025829939456365	0.0786406861895337	0.03029248277061916	9.514985305036715	7.1460858640086204	1.1200563524897742	0	0	0	6754527571532678e-21	0	0	0.0007121194390309546	0	0
11.2	4.7671321747275135	4.7671321747275135	4.7671321747275135	0.0902582993945656	0.0786406861895367	0.030292482770617905	9.514985305036662	7.146085864008552	1.1200563524897857	0	0	0	6754202659630374e-21	0	0	0.0007121281048388023	0	0
11.3	4.7671321747275135	4.7671321747275135	4.7671321747275135	0.09025829939456512	0.07864068618953596	0.03029248277061821	9.514985305036676	7.146085864008569	1.1200563524897826	0	0	0	6754282339935886e-21	0	0	0.0007121259796773456	0	0
11.4	4.7671321747275135	4.7671321747275135	4.7671321747275135	0.09025829939456283	0.07864068618953242	0.030292482770619623	9.514985305036735	7.14608586400865	1.1200563524897695	0	0	0	6754663449083789e-21	0	0	0.0007121158150393645	0	0
11.5	4.7671321747275135	4.7671321747275135	4.7671321747275135	0.09025829939456287	0.07864068618953239	0.03029248277061956	9.514985305036733	7.146085864008651	1.1200563524897704	0	0	0	6754665167432527e-21	0	0	0.0007121157692143959	0	0
11.6	4.7671321747275135	4.7671321747275135	4.7671321747275135	0.09025829939456215	0.07864068618953131	0.030292482770620032	9.514985305036754	7.1460858640086755	1.120056352489766	0	0	0	6754783057060871e-21	0	0	0.0007121126249592213	0	0
11.7	4.7671321747275135	4.7671321747275135	4.7671321747275135	0.0902582993945616	0.07864068618953048	0.030292482770620383	9.51498530503677	7.146085864008695	1.120056352489763	0	0	0	6754870411521124e-21	0	0	0.0007121102951138107	0	0
11.8	4.7671321747275135	4.7671321747275135	4.7671321747275135	0.09025829939456159	0.07864068618953046	0.030292482770620365	9.514985305036769	7.146085864008696	1.120056352489763	0	0	0	6754869681732784e-21	0	0	0.0007121103145818463	0	0
11.9	4.7671321747275135	4.7671321747275135	4.7671321747275135	0.09025829939456129	0.07864068618952999	0.03029248277062059	9.514985305036776	7.146085864008706	1.1200563524897609	0	0	0	6754922661217211e-21	0	0	0.0007121089015571395	0	0
12	4.7671321747275135	4.7671321747275135	4.7671321747275135	0.0902582993945616	0.07864068618953027	0.030292482770620455	9.514985305036769	7.146085864008699	1.1200563524897622	0	0	0	6754892100186805e-21	0	0	0.0007121097166590023	0	0
12.1	4.7671321747275135	4.7671321747275135	4.7671321747275135	0.0902582993945619	0.07864068618953059	0.030292482770620306	9.51498530503676	7.1460858640086915	1.1200563524897638	0	0	0	67548572694496434e-22	0	0	0.0007121106456387413	0	0
12.2	4.7671321747275135	4.7671321747275135	4.7671321747275135	0.09025829939456152	0.07864068618953018	0.030292482770620507	9.51498530503677	7.146085864008701	1.120056352489762	0	0	0	6754904215009763e-21	0	0	0.0007121093935448737	0	0
12.3	4.7671321747275135	4.7671321747275135	4.7671321747275135	0.0902582993945625	0.07864068618953113	0.03029248277061998	9.514985305036744	7.146085864008678	1.1200563524897669	0	0	0	6754789945418511e-21	0	0	0.0007121124412551874	0	0
12.4	4.7671321747275135	4.7671321747275135	4.7671321747275135	0.09025829939456398	0.07864068618953265	0.03029248277061917	9.514985305036705	7.146085864008644	1.1200563524897744	0	0	0	675461204572144e-20	0	0	0.0007121171860576691	0	0
12.5	4.7671321747275135	4.7671321747275135	4.7671321747275135	0.09025829939456417	0.07864068618953284	0.030292482770619075	9.514985305036701	7.14608586400864	1.1200563524897753	0	0	0	6754590096708571e-21	0	0	0.0007121177714652932	0	0
12.6	4.7671321747275135	4.7671321747275135	4.7671321747275135	0.09025829939456302	0.07864068618953161	0.0302924827706197	9.51498530503673	7.1460858640086675	1.1200563524897695	0	0	0	6754732060049018e-21	0	0	0.0007121139851307016	0	0
12.7	4.767132174727514	4.767132174727514	4.767132174727514	0.09025829939456598	0.07864068618953438	0.030292482770618134	9.514985305036653	7.1460858640086045	1.1200563524897842	0	0	0	6754404821860731e-21	0	0	0.0007121227129721711	0	0
12.8	4.7671321747275135	4.7671321747275135	4.7671321747275135	0.09025829939456913	0.0786406861895374	0.03029248277061646	9.514985305036568	7.146085864008535	1.1200563524897995	0	0	0	67540482273009014e-22	0	0	0.0007121322237837082	0	0
12.9	4.7671321747275135	4.7671321747275135	4.7671321747275135	0.09025829939456742	0.07864068618953576	0.030292482770617378	9.514985305036614	7.146085864008573	1.120056352489791	0	0	0	67542419669662465e-22	0	0	0.00071212705651114	0	0
13	4.767132174727514	4.767132174727514	4.767132174727514	0.09025829939456458	0.07864068618953295	0.030292482770618887	9.514985305036692	7.146085864008638	1.120056352489777	0	0	0	6754573407169235e-21	0	0	0.0007121182165974159	0	0
13.1	4.7671321747275135	4.7671321747275135	4.7671321747275135	0.0902582993945658	0.07864068618953406	0.03029248277061819	9.514985305036658	7.1460858640086125	1.1200563524897833	0	0	0	6754444325052379e-21	0	0	0.0007121216593747314	0	0
13.2	4.7671321747275135	4.7671321747275135	4.7671321747275135	0.09025829939456477	0.07864068618953307	0.03029248277061875	9.514985305036687	7.146085864008635	1.120056352489778	0	0	0	67545591866620796e-22	0	0	0.0007121185958758322	0	0
13.3	4.7671321747275135	4.7671321747275135	4.7671321747275135	0.09025829939456269	0.07864068618953111	0.030292482770619866	9.51498530503674	7.146085864008679	1.1200563524897678	0	0	0	6754788247488821e-21	0	0	0.0007121124865448531	0	0
13.4	4.7671321747275135	4.7671321747275135	4.7671321747275135	0.09025829939456255	0.07864068618953095	0.03029248277061994	9.514985305036744	7.1460858640086835	1.120056352489767	0	0	0	6754807931178386e-21	0	0	0.0007121119615571327	0	0
13.5	4.767132174727513	4.767132174727513	4.767132174727513	0.09025829939456173	0.07864068618953018	0.030292482770620386	9.514985305036765	7.1460858640087	1.1200563524897629	0	0	0	6754895123913735e-21	0	0	0.0007121096360208631	0	0
13.6	4.7671321747275135	4.7671321747275135	4.7671321747275135	0.09025829939456168	0.07864068618953016	0.03029248277062041	9.514985305036769	7.146085864008701	1.1200563524897629	0	0	0	6754900945832503e-21	0	0	0.0007121094807432304	0	0
13.7	4.7671321747275135	4.7671321747275135	4.7671321747275135	0.09025829939456179	0.07864068618953027	0.030292482770620344	9.514985305036763	7.1460858640086995	1.1200563524897633	0	0	0	67548883459708555e-22	0	0	0.0007121098167969036	0	0
13.8	4.7671321747275135	4.7671321747275135	4.7671321747275135	0.0902582993945615	0.07864068618952999	0.030292482770620514	9.514985305036774	7.146085864008706	1.1200563524897618	0	0	0	6754922635393446e-21	0	0	0.0007121089022563192	0	0
13.9	4.7671321747275135	4.7671321747275135	4.7671321747275135	0.0902582993945623	0.07864068618953064	0.030292482770620084	9.514985305036753	7.14608586400869	1.1200563524897658	0	0	0	6754847889246109e-21	0	0	0.0007121108958270436	0	0
14	4.7671321747275135	4.7671321747275135	4.7671321747275135	0.09025829939456308	0.07864068618953131	0.030292482770619647	9.514985305036731	7.1460858640086755	1.1200563524897695	0	0	0	6754770899022021e-21	0	0	0.0007121129492500012	0	0
14.1	4.767132174727514	4.767132174727514	4.767132174727514	0.09025829939456247	0.07864068618953078	0.03029248277061999	9.514985305036747	7.146085864008688	1.1200563524897666	0	0	0	6754831540732762e-21	0	0	0.000712111331861756	0	0
14.2	4.767132174727513	4.767132174727513	4.767132174727513	0.09025829939456359	0.0786406861895316	0.030292482770619387	9.514985305036715	7.146085864008668	1.120056352489772	0	0	0	6754736566919433e-21	0	0	0.0007121138649292151	0	0
14.3	4.7671321747275135	4.7671321747275135	4.7671321747275135	0.09025829939456721	0.07864068618953443	0.030292482770617444	9.514985305036621	7.1460858640086045	1.12005635248979	0	0	0	6754409475111776e-21	0	0	0.0007121225888662697	0	0
14.4	4.7671321747275135	4.7671321747275135	4.7671321747275135	0.0902582993945692	0.07864068618953599	0.030292482770616375	9.514985305036568	7.146085864008568	1.1200563524897997	0	0	0	6754228572949469e-21	0	0	0.0007121274137472744	0	0
14.5	4.7671321747275135	4.7671321747275135	4.7671321747275135	0.09025829939456584	0.07864068618953335	0.030292482770618193	9.514985305036658	7.146085864008628	1.120056352489783	0	0	0	6754534845757358e-21	0	0	0.000712119245078188	0	0
14.6	4.7671321747275135	4.7671321747275135	4.7671321747275135	0.09025829939456644	0.07864068618953375	0.030292482770617794	9.514985305036642	7.1460858640086204	1.1200563524897866	0	0	0	6754487834732831e-21	0	0	0.0007121204989191987	0	0
14.7	4.7671321747275135	4.7671321747275135	4.7671321747275135	0.09025829939457027	0.0786406861895367	0.03029248277061565	9.51498530503654	7.146085864008551	1.1200563524898066	0	0	0	6754148894322023e-21	0	0	0.0007121295388726681	0	0
14.8	4.7671321747275135	4.7671321747275135	4.7671321747275135	0.09025829939456892	0.07864068618953567	0.030292482770616393	9.514985305036577	7.146085864008573	1.1200563524898	0	0	0	6754267199356827e-21	0	0	0.0007121263835333568	0	0
14.9	4.7671321747275135	4.7671321747275135	4.7671321747275135	0.0902582993945646	0.07864068618953228	0.030292482770618794	9.51498530503669	7.146085864008653	1.1200563524897778	0	0	0	6754656602052508e-21	0	0	0.0007121159976891803	0	0
15	4.7671321747275135	4.7671321747275135	4.7671321747275135	0.09025829939456456	0.07864068618953218	0.03029248277061881	9.51498530503669	7.146085864008655	1.1200563524897773	0	0	0	6754666725930081e-21	0	0	0.0007121157276728961	0	0
15.1	4.7671321747275135	4.7671321747275135	4.7671321747275135	0.09025829939456304	0.07864068618953102	0.030292482770619664	9.514985305036731	7.146085864008683	1.1200563524897698	0	0	0	6754800494026446e-21	0	0	0.0007121121599149289	0	0
15.2	4.7671321747275135	4.7671321747275135	4.7671321747275135	0.09025829939456216	0.07864068618953039	0.030292482770620133	9.514985305036754	7.146085864008698	1.1200563524897653	0	0	0	6754874954555817e-21	0	0	0.0007121101739622427	0	0
15.3	4.767132174727513	4.767132174727513	4.767132174727513	0.09025829939456213	0.07864068618953034	0.03029248277062015	9.514985305036754	7.146085864008697	1.120056352489765	0	0	0	6754878791112909e-21	0	0	0.0007121100716368735	0	0
15.4	4.7671321747275135	4.7671321747275135	4.7671321747275135	0.0902582993945616	0.07864068618952995	0.03029248277062046	9.51498530503677	7.146085864008706	1.1200563524897622	0	0	0	6754926239026628e-21	0	0	0.0007121088061432747	0	0
15.5	4.7671321747275135	4.7671321747275135	4.7671321747275135	0.09025829939456209	0.07864068618953032	0.030292482770620206	9.514985305036756	7.146085864008698	1.1200563524897647	0	0	0	67548902869069716e-22	0	0	0.0007121097650300484	0	0
15.6	4.7671321747275135	4.7671321747275135	4.7671321747275135	0.09025829939456245	0.07864068618953061	0.030292482770620008	9.514985305036747	7.146085864008691	1.1200563524897664	0	0	0	6754861946938682e-21	0	0	0.0007121105208914816	0	0
15.7	4.767132174727514	4.767132174727514	4.767132174727514	0.09025829939456195	0.07864068618953023	0.030292482770620285	9.51498530503676	7.1460858640087	1.1200563524897642	0	0	0	6754903595527644e-21	0	0	0.0007121094100729087	0	0
15.8	4.7671321747275135	4.7671321747275135	4.7671321747275135	0.0902582993945638	0.07864068618953157	0.030292482770619314	9.51498530503671	7.146085864008669	1.1200563524897729	0	0	0	6754768641276597e-21	0	0	0.0007121130094670416	0	0
15.9	4.7671321747275135	4.7671321747275135	4.7671321747275135	0.09025829939456623	0.07864068618953335	0.03029248277061804	9.514985305036646	7.146085864008629	1.1200563524897849	0	0	0	6754588253444844e-21	0	0	0.000712117820630053	0	0
16	4.7671321747275135	4.7671321747275135	4.7671321747275135	0.09025829939456631	0.0786406861895334	0.030292482770618006	9.514985305036644	7.146085864008627	1.1200563524897853	0	0	0	67545831336870075e-22	0	0	0.0007121179571801516	0	0
16.1	4.7671321747275135	4.7671321747275135	4.7671321747275135	0.09025829939456347	0.07864068618953132	0.030292482770619494	9.51498530503672	7.146085864008674	1.1200563524897713	0	0	0	67547940686394025e-22	0	0	0.0007121123312881308	0	0
16.2	4.7671321747275135	4.7671321747275135	4.7671321747275135	0.09025829939456376	0.07864068618953148	0.03029248277061932	9.514985305036713	7.146085864008672	1.1200563524897729	0	0	0	6754775042359438e-21	0	0	0.0007121128387422053	0	0
16.3	4.7671321747275135	4.7671321747275135	4.7671321747275135	0.09025829939456394	0.0786406861895316	0.030292482770619213	9.514985305036708	7.1460858640086675	1.120056352489774	0	0	0	6754761463837587e-21	0	0	0.0007121132008979386	0	0
16.4	4.7671321747275135	4.7671321747275135	4.7671321747275135	0.0902582993945624	0.0786406861895305	0.03029248277062005	9.514985305036747	7.146085864008694	1.1200563524897662	0	0	0	67548761932199845e-22	0	0	0.0007121101409256633	0	0
16.5	4.7671321747275135	4.7671321747275135	4.7671321747275135	0.09025829939456269	0.0786406861895307	0.030292482770619876	9.514985305036742	7.146085864008689	1.1200563524897678	0	0	0	6754856699822871e-21	0	0	0.0007121106608384305	0	0
16.6	4.7671321747275135	4.7671321747275135	4.7671321747275135	0.09025829939456265	0.07864068618953067	0.030292482770619893	9.514985305036742	7.14608586400869	1.1200563524897675	0	0	0	6754859419486618e-21	0	0	0.0007121105883017944	0	0
16.7	4.7671321747275135	4.7671321747275135	4.7671321747275135	0.0902582993945618	0.07864068618953005	0.03029248277062036	9.514985305036765	7.146085864008704	1.1200563524897633	0	0	0	6754922387723555e-21	0	0	0.0007121089088623312	0	0
16.8	4.7671321747275135	4.7671321747275135	4.7671321747275135	0.0902582993945621	0.07864068618953018	0.030292482770620226	9.514985305036756	7.146085864008701	1.1200563524897647	0	0	0	6754907090911878e-21	0	0	0.0007121093168470769	0	0
16.9	4.7671321747275135	4.7671321747275135	4.7671321747275135	0.09025829939456198	0.0786406861895301	0.030292482770620296	9.51498530503676	7.146085864008702	1.1200563524897638	0	0	0	6754916298611774e-21	0	0	0.0007121090712665795	0	0
17	4.7671321747275135	4.7671321747275135	4.7671321747275135	0.0902582993945615	0.07864068618952981	0.03029248277062055	9.514985305036772	7.14608586400871	1.1200563524897618	0	0	0	67549487711906725e-22	0	0	0.0007121082051832308	0	0
17.1	4.7671321747275135	4.7671321747275135	4.7671321747275135	0.09025829939456173	0.07864068618952991	0.03029248277062045	9.514985305036765	7.1460858640087075	1.1200563524897627	0	0	0	6754938162043163e-21	0	0	0.0007121084881419066	0	0
17.2	4.7671321747275135	4.7671321747275135	4.7671321747275135	0.09025829939456154	0.07864068618952978	0.03029248277062053	9.51498530503677	7.146085864008709	1.120056352489762	0	0	0	6754948799522127e-21	0	0	0.0007121082044273312	0	0
17.3	4.7671321747275135	4.7671321747275135	4.7671321747275135	0.0902582993945613	0.07864068618952967	0.030292482770620664	9.514985305036777	7.146085864008714	1.1200563524897604	0	0	0	675496407383753e-20	0	0	0.0007121077970428106	0	0
17.4	4.7671321747275135	4.7671321747275135	4.7671321747275135	0.09025829939456145	0.07864068618952975	0.030292482770620615	9.514985305036772	7.146085864008712	1.1200563524897609	0	0	0	675495727665171e-20	0	0	0.0007121079783320033	0	0
17.5	4.7671321747275135	4.7671321747275135	4.7671321747275135	0.09025829939456127	0.07864068618952966	0.030292482770620688	9.514985305036777	7.146085864008714	1.1200563524897602	0	0	0	6754966414013708e-21	0	0	0.0007121077346271961	0	0
17.6	4.7671321747275135	4.7671321747275135	4.7671321747275135	0.0902582993945612	0.07864068618952957	0.030292482770620743	9.51498530503678	7.146085864008716	1.1200563524897595	0	0	0	6754973081239222e-21	0	0	0.0007121075568041071	0	0
17.7	4.7671321747275135	4.7671321747275135	4.7671321747275135	0.09025829939456134	0.07864068618952962	0.03029248277062071	9.514985305036776	7.146085864008715	1.1200563524897598	0	0	0	6754968993787742e-21	0	0	0.0007121076658214905	0	0
17.8	4.767132174727514	4.767132174727514	4.767132174727514	0.09025829939456129	0.07864068618952957	0.030292482770620733	9.51498530503678	7.146085864008715	1.1200563524897595	0	0	0	6754971558860894e-21	0	0	0.000712107597407701	0	0
17.9	4.7671321747275135	4.7671321747275135	4.7671321747275135	0.09025829939456369	0.07864068618953084	0.030292482770619966	9.514985305036713	7.146085864008686	1.1200563524897669	0	0	0	67548799322632764e-22	0	0	0.0007121100412005716	0	0
18	4.7671321747275135	4.7671321747275135	4.7671321747275135	0.09025829939456788	0.07864068618953299	0.030292482770618627	9.514985305036602	7.146085864008636	1.1200563524897793	0	0	0	6754719537470503e-21	0	0	0.0007121143191251799	0	0
18.1	4.7671321747275135	4.7671321747275135	4.7671321747275135	0.0902582993945714	0.07864068618953478	0.030292482770617503	9.514985305036507	7.146085864008595	1.1200563524897897	0	0	0	6754584398094586e-21	0	0	0.000712117923457161	0	0
18.2	4.7671321747275135	4.7671321747275135	4.7671321747275135	0.09025829939457182	0.07864068618953501	0.030292482770617375	9.514985305036497	7.14608586400859	1.1200563524897906	0	0	0	6754568537747536e-21	0	0	0.0007121183464721503	0	0
18.3	4.7671321747275135	4.7671321747275135	4.7671321747275135	0.0902582993945669	0.07864068618953252	0.030292482770618943	9.514985305036626	7.146085864008647	1.1200563524897762	0	0	0	6754756400965816e-21	0	0	0.000712113335931397	0	0
18.4	4.7671321747275135	4.7671321747275135	4.7671321747275135	0.09025829939456471	0.07864068618953136	0.030292482770619623	9.514985305036685	7.146085864008673	1.12005635248977	0	0	0	6754841584244159e-21	0	0	0.0007121110639896109	0	0
18.5	4.7671321747275135	4.7671321747275135	4.7671321747275135	0.0902582993945654	0.07864068618953166	0.030292482770619397	9.514985305036669	7.146085864008667	1.120056352489772	0	0	0	6754817877847476e-21	0	0	0.000712111696268076	0	0
18.6	4.7671321747275135	4.7671321747275135	4.7671321747275135	0.09025829939456333	0.07864068618953061	0.03029248277062007	9.514985305036724	7.146085864008691	1.120056352489766	0	0	0	6754895796232073e-21	0	0	0.000712109618089895	0	0
18.7	4.7671321747275135	4.7671321747275135	4.7671321747275135	0.09025829939456281	0.07864068618953034	0.030292482770620206	9.514985305036738	7.146085864008698	1.1200563524897647	0	0	0	6754915297968391e-21	0	0	0.0007121090979549846	0	0
18.8	4.7671321747275135	4.7671321747275135	4.7671321747275135	0.09025829939456302	0.07864068618953043	0.03029248277062013	9.514985305036731	7.146085864008695	1.1200563524897655	0	0	0	6754908222948154e-21	0	0	0.0007121092866545296	0	0
18.9	4.7671321747275135	4.7671321747275135	4.7671321747275135	0.09025829939456191	0.07864068618952992	0.030292482770620507	9.514985305036761	7.1460858640087075	1.1200563524897618	0	0	0	675494922926435e-20	0	0	0.0007121081929661627	0	0
19	4.7671321747275135	4.7671321747275135	4.7671321747275135	0.09025829939456188	0.0786406861895299	0.030292482770620525	9.514985305036761	7.1460858640087075	1.1200563524897618	0	0	0	6754951035442081e-21	0	0	0.0007121081447932059	0	0
19.1	4.7671321747275135	4.7671321747275135	4.7671321747275135	0.09025829939456186	0.07864068618952987	0.03029248277062053	9.514985305036761	7.146085864008708	1.1200563524897618	0	0	0	6754952315645554e-21	0	0	0.000712108110648423	0	0
19.2	4.7671321747275135	4.7671321747275135	4.7671321747275135	0.09025829939456136	0.07864068618952964	0.030292482770620705	9.514985305036776	7.146085864008715	1.1200563524897602	0	0	0	6754970411401129e-21	0	0	0.0007121076280123343	0	0
19.3	4.7671321747275135	4.7671321747275135	4.7671321747275135	0.09025829939456141	0.07864068618952968	0.0302924827706207	9.514985305036774	7.146085864008714	1.1200563524897602	0	0	0	6754968937597207e-21	0	0	0.0007121076673205117	0	0
19.4	4.767132174727513	4.767132174727513	4.767132174727513	0.09025829939456127	0.07864068618952964	0.03029248277062074	9.514985305036776	7.146085864008714	1.1200563524897598	0	0	0	6754973009466559e-21	0	0	0.0007121075587186351	0	0
19.5	4.7671321747275135	4.7671321747275135	4.7671321747275135	0.09025829939456112	0.0786406861895295	0.030292482770620792	9.514985305036781	7.146085864008717	1.1200563524897593	0	0	0	6754979243752162e-21	0	0	0.0007121073924425092	0	0
19.6	4.7671321747275135	4.7671321747275135	4.7671321747275135	0.09025829939456116	0.07864068618952949	0.03029248277062078	9.51498530503678	7.146085864008718	1.1200563524897595	0	0	0	6754978022280491e-21	0	0	0.0007121074250206996	0	0
19.7	4.767132174727513	4.767132174727513	4.767132174727513	0.09025829939456106	0.07864068618952946	0.03029248277062081	9.514985305036781	7.146085864008718	1.1200563524897593	0	0	0	6754981468504919e-21	0	0	0.0007121073331055276	0	0
19.8	4.7671321747275135	4.7671321747275135	4.7671321747275135	0.090258299394561	0.07864068618952942	0.03029248277062083	9.514985305036786	7.146085864008719	1.1200563524897589	0	0	0	6754983158206141e-21	0	0	0.000712107288039262	0	0
19.9	4.7671321747275135	4.7671321747275135	4.7671321747275135	0.09025829939456101	0.07864068618952941	0.030292482770620823	9.514985305036785	7.14608586400872	1.120056352489759	0	0	0	6754982614180863e-21	0	0	0.0007121073025492784	0	0
20	4.767132174727513	4.767132174727513	4.767132174727513	0.09025829939456138	0.07864068618952921	0.030292482770620795	9.514985305036776	7.146085864008724	1.1200563524897595	0	0	0	67549701582075765e-22	0	0	0.0007121076347650116	0	0
20.1	4.7671321747275135	4.7671321747275135	4.7671321747275135	0.09025829939456458	0.07864068618952776	0.03029248277062046	9.51498530503669	7.146085864008758	1.1200563524897624	0	0	0	6754860595548533e-21	0	0	0.0007121105569344242	0	0
20.2	4.767132174727513	4.767132174727513	4.767132174727513	0.0902582993945695	0.07864068618952548	0.030292482770619928	9.51498530503656	7.14608586400881	1.1200563524897675	0	0	0	6754691364168828e-21	0	0	0.0007121150705414825	0	0
20.3	4.7671321747275135	4.7671321747275135	4.7671321747275135	0.0902582993945744	0.07864068618952326	0.03029248277061941	9.514985305036431	7.146085864008861	1.1200563524897724	0	0	0	67545240490462325e-22	0	0	0.0007121195330397511	0	0
20.4	4.7671321747275135	4.7671321747275135	4.7671321747275135	0.09025829939457741	0.07864068618952189	0.03029248277061908	9.514985305036351	7.146085864008892	1.1200563524897758	0	0	0	675442023515851e-20	0	0	0.0007121223018827945	0	0
20.5	4.7671321747275135	4.7671321747275135	4.7671321747275135	0.09025829939457679	0.07864068618952216	0.030292482770619144	9.514985305036365	7.146085864008887	1.1200563524897753	0	0	0	6754441507483432e-21	0	0	0.0007121217345241773	0	0
20.6	4.7671321747275135	4.7671321747275135	4.7671321747275135	0.09025829939457072	0.07864068618952495	0.03029248277061979	9.514985305036527	7.146085864008822	1.120056352489769	0	0	0	6754649450998764e-21	0	0	0.0007121161884174638	0	0
20.7	4.7671321747275135	4.7671321747275135	4.7671321747275135	0.09025829939456523	0.07864068618952744	0.0302924827706204	9.514985305036673	7.1460858640087634	1.120056352489763	0	0	0	6754837168867805e-21	0	0	0.0007121111817534189	0	0
20.8	4.7671321747275135	4.7671321747275135	4.7671321747275135	0.09025829939456471	0.07864068618952766	0.030292482770620497	9.514985305036687	7.146085864008759	1.1200563524897622	0	0	0	6754854715380298e-21	0	0	0.000712110713766669	0	0
20.9	4.7671321747275135	4.7671321747275135	4.7671321747275135	0.09025829939456287	0.07864068618952852	0.030292482770620674	9.514985305036737	7.1460858640087395	1.1200563524897607	0	0	0	6754918486583599e-21	0	0	0.0007121090129106801	0	0
21	4.7671321747275135	4.7671321747275135	4.7671321747275135	0.0902582993945621	0.07864068618952884	0.030292482770620757	9.514985305036758	7.1460858640087315	1.1200563524897595	0	0	0	6754944343891107e-21	0	0	0.0007121083232646724	0	0
21.1	4.7671321747275135	4.7671321747275135	4.7671321747275135	0.09025829939456191	0.07864068618952894	0.03029248277062078	9.514985305036763	7.146085864008731	1.1200563524897595	0	0	0	6754950740063494e-21	0	0	0.0007121081526708158	0	0
21.2	4.7671321747275135	4.7671321747275135	4.7671321747275135	0.09025829939456134	0.07864068618952921	0.030292482770620827	9.51498530503678	7.146085864008724	1.1200563524897589	0	0	0	6754971275140881e-21	0	0	0.0007121076049750621	0	0
21.3	4.7671321747275135	4.7671321747275135	4.7671321747275135	0.09025829939456127	0.07864068618952925	0.030292482770620837	9.51498530503678	7.146085864008723	1.120056352489759	0	0	0	6754973693453431e-21	0	0	0.0007121075404758335	0	0
21.4	4.767132174727514	4.767132174727514	4.767132174727514	0.09025829939456113	0.07864068618952935	0.03029248277062085	9.514985305036785	7.146085864008721	1.1200563524897589	0	0	0	6754979340102895e-21	0	0	0.0007121073898729398	0	0
21.5	4.7671321747275135	4.7671321747275135	4.7671321747275135	0.09025829939456101	0.0786406861895294	0.03029248277062085	9.514985305036786	7.146085864008719	1.1200563524897587	0	0	0	6754982580715858e-21	0	0	0.0007121073034419243	0	0
21.6	4.7671321747275135	4.7671321747275135	4.7671321747275135	0.09025829939456098	0.07864068618952941	0.030292482770620854	9.514985305036786	7.146085864008719	1.1200563524897587	0	0	0	6754983046079275e-21	0	0	0.0007121072910301797	0	0
21.7	4.7671321747275135	4.7671321747275135	4.7671321747275135	0.09025829939456094	0.07864068618952944	0.030292482770620854	9.514985305036788	7.146085864008719	1.1200563524897587	0	0	0	6754985178467271e-21	0	0	0.0007121072341568216	0	0
21.8	4.7671321747275135	4.7671321747275135	4.7671321747275135	0.09025829939456095	0.0786406861895294	0.030292482770620854	9.51498530503679	7.146085864008719	1.1200563524897587	0	0	0	67549855150653645e-22	0	0	0.0007121072251793369	0	0
21.9	4.7671321747275135	4.7671321747275135	4.7671321747275135	0.09025829939456094	0.07864068618952941	0.030292482770620854	9.51498530503679	7.146085864008719	1.1200563524897584	0	0	0	67549859898972235e-22	0	0	0.0007121072125150274	0	0
22	4.767132174727513	4.767132174727513	4.767132174727513	0.09025829939456091	0.07864068618952942	0.030292482770620854	9.514985305036788	7.146085864008718	1.1200563524897582	0	0	0	6754986386920076e-21	0	0	0.0007121072019259933	0	0
22.1	4.7671321747275135	4.7671321747275135	4.7671321747275135	0.09025829939456093	0.07864068618952942	0.030292482770620858	9.51498530503679	7.146085864008718	1.1200563524897584	0	0	0	6754986426131821e-21	0	0	0.0007121072008801986	0	0
22.2	4.7671321747275135	4.7671321747275135	4.7671321747275135	0.09025829939456094	0.07864068618953085	0.030292482770620514	9.514985305036788	7.146085864008685	1.1200563524897613	0	0	0	6754968065753239e-21	0	0	0.0007121076905739019	0	0
22.3	4.7671321747275135	4.7671321747275135	4.7671321747275135	0.09025829939456101	0.07864068618953851	0.030292482770618707	9.514985305036788	7.146085864008509	1.120056352489778	0	0	0	6754869940874691e-21	0	0	0.0007121103076840876	0	0
22.4	4.7671321747275135	4.7671321747275135	4.7671321747275135	0.09025829939456119	0.07864068618955068	0.030292482770615838	9.514985305036785	7.1460858640082305	1.1200563524898042	0	0	0	6754713911400749e-21	0	0	0.0007121144691804468	0	0
22.5	4.7671321747275135	4.7671321747275135	4.7671321747275135	0.09025829939456137	0.07864068618956499	0.03029248277061247	9.51498530503678	7.146085864007901	1.120056352489835	0	0	0	67545303651650285e-22	0	0	0.0007121193645824029	0	0
22.6	4.7671321747275135	4.7671321747275135	4.7671321747275135	0.09025829939456156	0.07864068618957906	0.030292482770609152	9.514985305036774	7.146085864007578	1.1200563524898652	0	0	0	6754349690001154e-21	0	0	0.0007121241834093789	0	0
22.7	4.7671321747275135	4.7671321747275135	4.7671321747275135	0.09025829939456173	0.07864068618959054	0.03029248277060645	9.51498530503677	7.146085864007314	1.1200563524898897	0	0	0	6754202273742741e-21	0	0	0.0007121281151807981	0	0
22.8	4.7671321747275135	4.7671321747275135	4.7671321747275135	0.0902582993945618	0.07864068618959708	0.030292482770604923	9.514985305036767	7.146085864007164	1.1200563524899034	0	0	0	675411850422341e-20	0	0	0.0007121303494160838	0	0
22.9	4.7671321747275135	4.7671321747275135	4.7671321747275135	0.09025829939456177	0.07864068618959627	0.03029248277060513	9.514985305036767	7.1460858640071825	1.1200563524899019	0	0	0	675412876927678e-20	0	0	0.0007121300756346593	0	0
23	4.767132174727513	4.767132174727513	4.767132174727513	0.09025829939456163	0.07864068618958578	0.030292482770607632	9.514985305036769	7.146085864007424	1.120056352489879	0	0	0	6754263456736471e-21	0	0	0.0007121264833559477	0	0
23.1	4.7671321747275135	4.7671321747275135	4.7671321747275135	0.0902582993945613	0.07864068618956323	0.030292482770612986	9.514985305036777	7.146085864007943	1.1200563524898302	0	0	0	67545529544361e-19	0	0	0.0007121187620993723	0	0
23.2	4.7671321747275135	4.7671321747275135	4.7671321747275135	0.09025829939456105	0.0786406861895425	0.03029248277061782	9.514985305036783	7.146085864008417	1.120056352489786	0	0	0	6754818935274865e-21	0	0	0.000712111668066024	0	0
23.3	4.7671321747275135	4.7671321747275135	4.7671321747275135	0.09025829939456101	0.07864068618953744	0.030292482770618905	9.514985305036785	7.146085864008533	1.1200563524897764	0	0	0	6754883936194875e-21	0	0	0.0007121099344120643	0	0
23.4	4.767132174727514	4.767132174727514	4.767132174727514	0.09025829939456095	0.07864068618953278	0.030292482770620043	9.514985305036788	7.146085864008642	1.120056352489766	0	0	0	6754943767515376e-21	0	0	0.0007121083386378582	0	0
23.5	4.7671321747275135	4.7671321747275135	4.7671321747275135	0.09025829939456094	0.07864068618953125	0.030292482770620393	9.514985305036785	7.146085864008677	1.1200563524897624	0	0	0	67549633267895404e-22	0	0	0.0007121078169682776	0	0
23.6	4.7671321747275135	4.7671321747275135	4.7671321747275135	0.09025829939456091	0.07864068618953031	0.030292482770620625	9.514985305036786	7.146085864008699	1.1200563524897604	0	0	0	6754975400939757e-21	0	0	0.0007121074949356497	0	0
23.7	4.7671321747275135	4.7671321747275135	4.7671321747275135	0.09025829939456093	0.07864068618952985	0.03029248277062075	9.514985305036788	7.146085864008709	1.1200563524897593	0	0	0	67549814393576375e-22	0	0	0.0007121073338834012	0	0
23.8	4.7671321747275135	4.7671321747275135	4.7671321747275135	0.09025829939456091	0.07864068618952967	0.030292482770620792	9.514985305036788	7.146085864008713	1.120056352489759	0	0	0	6754983733109857e-21	0	0	0.0007121072727061936	0	0
23.9	4.7671321747275135	4.7671321747275135	4.7671321747275135	0.0902582993945609	0.07864068618952952	0.030292482770620837	9.514985305036788	7.146085864008718	1.1200563524897587	0	0	0	675498562375667e-20	0	0	0.0007121072222803879	0	0
24	4.7671321747275135	4.7671321747275135	4.7671321747275135	0.09025829939456088	0.07864068618952946	0.030292482770620847	9.51498530503679	7.146085864008718	1.1200563524897587	0	0	0	6754986214530797e-21	0	0	0.0007121072065237612	0	0
