0	4.7671321747275135	4.7671321747275135	4.7671321747275135	0.09025829939456088	0.07864068618952942	0.03029248277062086	9.514985305036792	7.146085864008718	1.1200563524897587	0	0	0	0	0	0	0	0	0
0.1	4.7671321747275135	4.7671321747275135	4.7671321747275135	0.09025829939456088	0.07864068618952944	0.030292482770620858	9.514985305036792	7.146085864008718	1.1200563524897587	0	0	0	28810243999416392e-21	0	535360025049932e-19	-0.857581675380428	-0.6442413759857417	-0.10083107127009817
0.2	4.7671321747275135	4.7671321747275135	4.7671321747275135	0.09025829939456088	0.07864068618952944	0.030292482770620858	9.514985305036792	7.146085864008718	1.1200563524897587	0	0	0	8108861392357319e-20	0	0.00015101214765815484	-1.5511188534420794	-1.1659131393803812	-0.18190022465592062
0.3	4.767132174727513	4.767132174727513	4.767132174727513	0.09025829939456088	0.07864068618952942	0.030292482770620858	9.514985305036792	7.146085864008718	1.1200563524897587	0	0	0	0.0001332814336236159	0	0.00024897551167160094	-2.1116391524027134	-1.588333865109361	-0.24684518931396723
0.4	4.7671321747275135	4.7671321747275135	4.7671321747275135	0.0902582993945609	0.07864068618952944	0.030292482770620858	9.514985305036792	7.146085864008718	1.1200563524897587	0	0	0	0.0001786874675488996	0	0.0003349868525339163	-2.564540892159686	-1.9303900248501606	-0.29878590647326625
0.5	4.7671321747275135	4.7671321747275135	4.7671321747275135	0.0902582993945609	0.07864068618952944	0.03029248277062086	9.514985305036792	7.146085864008718	1.1200563524897587	0	0	0	0.0002162811329856464	0	0.0004069899791833787	-2.930444977253863	-2.2073670733336215	-0.3402905345133221
0.6	4.7671321747275135	4.7671321747275135	4.7671321747275135	0.0902582993945609	0.07864068618952944	0.03029248277062086	9.514985305036792	7.146085864008718	1.1200563524897587	0	0	0	0.0002467766210790624	0	0.00046612125964864753	-3.2260585475891412	-2.431650158264418	-0.3734404826917647
0.7	4.7671321747275135	4.7671321747275135	4.7671321747275135	0.0902582993945609	0.07864068618952944	0.030292482770620854	9.514985305036792	7.146085864008718	1.1200563524897587	0	0	0	0.00027129628087623365	0	0.0005142943448356672	-3.4648879759880047	-2.6132663275747867	-0.3999092751545649
0.8	4.7671321747275135	4.7671321747275135	4.7671321747275135	0.0902582993945609	0.07864068618952944	0.030292482770620854	9.514985305036792	7.146085864008718	1.1200563524897587	0	0	0	0.00029093085423108274	0	0.000553402813031298	-3.65782802509084	-2.7603206341607036	-0.421035939589599
0.9	4.7671321747275135	4.7671321747275135	4.7671321747275135	0.09025829939456088	0.07864068618952944	0.030292482770620854	9.514985305036792	7.146085864008718	1.1200563524897587	0	0	0	0.0003066248767420104	0	0.0005851067355986903	-3.8137106064718203	-2.8793984396514176	-0.43789612451298265
1	4.7671321747275135	4.7671321747275135	4.7671321747275135	0.09025829939456088	0.07864068618952944	0.030292482770620854	9.514985305036792	7.146085864008718	1.1200563524897587	0	0	0	0.0003191592817948437	0	0.0006107951104922627	-3.9396766839022384	-2.9758372302312734	-0.45135088637762255
1.1	4.7671321747275135	4.7671321747275135	4.7671321747275135	0.09025829939456088	0.07864068618952944	0.030292482770620858	9.514985305036792	7.146085864008718	1.1200563524897587	0	0	0	0.00032915836312804464	0	0.0006315925887576975	-4.041410338126252	-3.053896437084135	-0.46207821414329303
1.2	4.7671321747275135	4.7671321747275135	4.7671321747275135	0.09025829939456088	0.07864068618952944	0.030292482770620854	9.514985305036792	7.146085864008718	1.1200563524897587	0	0	0	0.0003371408957232627	0	0.0006484438696027176	-4.123657212347029	-3.1171397622016794	-0.4706390039981981
1.3	4.7671321747275135	4.7671321747275135	4.7671321747275135	0.09025829939456088	0.07864068618952944	0.030292482770620854	9.514985305036792	7.146085864008718	1.1200563524897587	0	0	0	0.0003435023406091087	0	0.0006620804833615876	-4.190066394262826	-3.168315584666698	-0.47745885995284476
1.4	4.7671321747275135	4.7671321747275135	4.7671321747275135	0.09025829939456087	0.07864068618952941	0.030292482770620854	9.514985305036792	7.146085864008718	1.1200563524897587	0	0	0	0.0003485796669711386	0	0.0006731317010094593	-4.243771804289385	-3.209788348932734	-0.48290040561418185
1.5	4.7671321747275135	4.7671321747275135	4.7671321747275135	0.09025829939456087	0.07864068618952941	0.030292482770620858	9.514985305036792	7.146085864008718	1.1200563524897587	0	0	0	0.0003526226390663621	0	0.0006820723650360774	-4.287128058475857	-3.2433402036008947	-0.48723200053384913
1.6	4.7671321747275135	4.7671321747275135	4.7671321747275135	0.09025829939456087	0.07864068618952941	0.030292482770620854	9.514985305036792	7.146085864008719	1.1200563524897587	0	0	0	0.0003558485064207153	0	0.0006893190180673921	-4.32219816588301	-3.270534865189164	-0.4906870951375473
1.7	4.7671321747275135	4.7671321747275135	4.7671321747275135	0.09025829939456088	0.07864068618952942	0.030292482770620854	9.51498530503679	7.146085864008718	1.1200563524897587	0	0	0	0.00035841604129550414	0	0.0006951820020825366	-4.350513559428699	-3.292536904320815	-0.4934361692263342
1.8	4.7671321747275135	4.7671321747275135	4.7671321747275135	0.0902582993945609	0.07864068618952941	0.030292482770620854	9.51498530503679	7.146085864008719	1.1200563524897587	0	0	0	0.00036046230082166985	0	0.0006999316753728511	-4.3734066044697695	-3.3103610243164083	-0.4956263909502417
1.9	4.7671321747275135	4.7671321747275135	4.7671321747275135	0.09025829939456087	0.0786406861895294	0.030292482770620854	9.51498530503679	7.146085864008721	1.1200563524897587	0	0	0	0.00036209229209593804	0	0.0007037786781766183	-4.391912410786154	-3.3247976668436245	-0.4973704603222856
2	4.767132174727514	4.767132174727514	4.767132174727514	0.09025829939456086	0.0786406861895294	0.030292482770620854	9.51498530503679	7.14608586400872	1.1200563524897587	0	0	0	0.00036338778849250453	0	0.0007068896895026793	-4.406848092872439	-3.336472353554524	-0.49875612407921477
2.1	4.7671321747275135	4.7671321747275135	4.7671321747275135	0.09025829939456088	0.07864068618952942	0.030292482770620854	9.51498530503679	7.14608586400872	1.1200563524897587	0	0	0	0.0003644214824433098	0	0.000709414043410438	-4.4189448370010105	-3.3459454931142094	-0.49986137073392267
2.2	4.7671321747275135	4.7671321747275135	4.7671321747275135	0.09025829939456091	0.07864068618952941	0.030292482770620854	9.51498530503679	7.14608586400872	1.1200563524897587	0	0	0	0.00036524223848355435	0	0.0007114548126920486	-4.42870534470902	-3.353603878927192	-0.5007385981043138
2.3	4.7671321747275135	4.7671321747275135	4.7671321747275135	0.09025829939456088	0.07864068618952942	0.03029248277062086	9.51498530503679	7.14608586400872	1.1200563524897587	0	0	0	0.00036589480858561515	0	0.0007131068711875198	-4.43659203116358	-3.3598035561892705	-0.5014357926080649
2.4	4.767132174727514	4.767132174727514	4.767132174727514	0.09025829939456094	0.07864068618952946	0.030292482770620865	9.51498530503679	7.146085864008719	1.1200563524897587	0	0	0	0.0003664152127872884	0	0.0007144477785056472	-4.442982068115028	-3.364835573897079	-0.5019915636690215
2.5	4.7671321747275135	4.7671321747275135	4.7671321747275135	0.09025829939456095	0.07864068618952949	0.03029248277062087	9.51498530503679	7.146085864008718	1.1200563524897587	0	0	0	0.0003668275223209839	0	0.0007155308198727866	-4.448133627358864	-3.3688998966962336	-0.5024317003149075
2.6	4.7671321747275135	4.7671321747275135	4.7671321747275135	0.09025829939456094	0.07864068618952945	0.03029248277062086	9.51498530503679	7.146085864008718	1.1200563524897584	0	0	0	0.0003671549571380957	0	0.0007164074634904752	-4.452296047715255	-3.3721896766125887	-0.502781079812091
2.7	4.7671321747275135	4.7671321747275135	4.7671321747275135	0.09025829939456097	0.07864068618952946	0.03029248277062088	9.514985305036788	7.146085864008718	1.1200563524897587	0	0	0	0.0003674162288266667	0	0.0007171198981073735	-4.455673238374869	-3.3748632251993995	-0.5030597404482396
2.8	4.7671321747275135	4.7671321747275135	4.7671321747275135	0.09025829939456102	0.07864068618952946	0.030292482770620903	9.514985305036786	7.146085864008718	1.120056352489758	0	0	0	0.0003676230207771621	0	0.0007176953782155244	-4.458396387000006	-3.377022821565457	-0.5032801864018235
2.9	4.7671321747275135	4.7671321747275135	4.7671321747275135	0.09025829939456102	0.07864068618952946	0.0302924827706209	9.514985305036788	7.146085864008718	1.1200563524897582	0	0	0	0.00036778648477434517	0	0.0007181599369526196	-4.460590808410333	-3.378766169857929	-0.5034543538386773
3	4.7671321747275135	4.7671321747275135	4.7671321747275135	0.09025829939456102	0.07864068618952945	0.030292482770620917	9.514985305036786	7.146085864008718	1.120056352489758	0	0	0	0.0003679169908664007	0	0.00071853795208064	-4.462373729189963	-3.3801847450470763	-0.5035933386749369
3.1	4.7671321747275135	4.7671321747275135	4.7671321747275135	0.09025829939456124	0.07864068618952946	0.030292482770621056	9.514985305036781	7.146085864008718	1.1200563524897567	0	0	0	0.0003680206330853653	0	0.0007188444067111102	-4.463816810708899	-3.3813347543856946	-0.5037036534318645
3.2	4.7671321747275135	4.7671321747275135	4.7671321747275135	0.09025829939456144	0.07864068618952952	0.030292482770621174	9.514985305036776	7.146085864008717	1.1200563524897555	0	0	0	0.00036810224861123276	0	0.000719091322783529	-4.464977543451912	-3.382261336603869	-0.5037904708847166
3.3	4.7671321747275135	4.7671321747275135	4.7671321747275135	0.09025829939456133	0.07864068618952949	0.030292482770621115	9.514985305036777	7.146085864008718	1.120056352489756	0	0	0	0.0003681666864126342	0	0.0007192907419193904	-4.465913519313534	-3.383009705805375	-0.5038589766768004
3.4	4.7671321747275135	4.7671321747275135	4.7671321747275135	0.09025829939456188	0.07864068618952949	0.03029248277062141	9.514985305036763	7.146085864008719	1.1200563524897535	0	0	0	0.0003682182517974498	0	0.0007194534997461887	-4.466676341920861	-3.383620432315237	-0.50391376179419
3.5	4.7671321747275135	4.7671321747275135	4.7671321747275135	0.090258299394564	0.07864068618952955	0.030292482770622575	9.514985305036706	7.146085864008718	1.1200563524897427	0	0	0	0.0003682591584377225	0	0.0007195855386299155	-4.467294079783262	-3.38411572697618	-0.5039571787009861
3.6	4.7671321747275135	4.7671321747275135	4.7671321747275135	0.09025829939456603	0.0786406861895296	0.03029248277062368	9.51498530503665	7.146085864008717	1.1200563524897322	0	0	0	0.00036829125559923934	0	0.000719691809275768	-4.467790428558744	-3.3845143311076358	-0.503991216942691
3.7	4.7671321747275135	4.7671321747275135	4.7671321747275135	0.09025829939456624	0.07864068618952962	0.0302924827706238	9.514985305036644	7.146085864008716	1.1200563524897311	0	0	0	0.00036831639687909034	0	0.0007197772706264738	-4.468189128929048	-3.384835020357339	-0.5040178710690908
3.8	4.767132174727514	4.767132174727514	4.767132174727514	0.0902582993945668	0.07864068618952964	0.030292482770624133	9.51498530503663	7.146085864008715	1.120056352489728	0	0	0	0.00036833643528712165	0	0.0007198469074089178	-4.468513558902515	-3.385096287691265	-0.5040391010780616
3.9	4.7671321747275135	4.7671321747275135	4.7671321747275135	0.0902582993946031	0.07864068618953088	0.030292482770644405	9.514985305035657	7.146085864008687	1.1200563524895384	0	0	0	0.000368352765385611	0	0.0007199047885095991	-4.468778517117993	-3.3853099035214504	-0.5040560815525665
4	4.7671321747275135	4.7671321747275135	4.7671321747275135	0.09025829939466028	0.07864068618953286	0.030292482770676307	9.514985305034124	7.146085864008642	1.1200563524892397	0	0	0	0.00036836585426816267	0	0.000719952295218907	-4.468992336272545	-3.3854825253098997	-0.5040694369527362
4.1	4.7671321747275135	4.7671321747275135	4.7671321747275135	0.09025829939470813	0.0786406861895345	0.03029248277070298	9.514985305032843	7.146085864008603	1.1200563524889902	0	0	0	0.00036837606597466455	0	0.0007199904410563455	-4.469163532668006	-3.3856209453836392	-0.5040798166566567
4.2	4.7671321747275135	4.7671321747275135	4.7671321747275135	0.09025829939471645	0.07864068618953478	0.030292482770707577	9.51498530503262	7.146085864008597	1.120056352488947	0	0	0	0.0003683837645450043	0	0.000720020239541419	-4.469300622606211	-3.3857319560696952	-0.5040878700424142
4.3	4.7671321747275135	4.7671321747275135	4.7671321747275135	0.09025829939465524	0.0786406861895327	0.03029248277067337	9.51498530503426	7.146085864008644	1.120056352489267	0	0	0	0.00036838931571583444	0	0.0007200427101054508	-4.469412119386927	-3.385822347289299	-0.5040942462813798
4.4	4.7671321747275135	4.7671321747275135	4.7671321747275135	0.0902582993946387	0.07864068618953213	0.030292482770664788	9.514985305034703	7.146085864008657	1.1200563524893474	0	0	0	0.0003683940013102411	0	0.0007200620881716243	-4.469503617212479	-3.385896580188799	-0.5040993772381652
4.5	4.7671321747275135	4.7671321747275135	4.7671321747275135	0.09025829939469228	0.07864068618953399	0.030292482770695683	9.514985305033266	7.146085864008615	1.1200563524890583	0	0	0	0.0003683981979551246	0	0.0007200795446165767	-4.4695775183557815	-3.3859565968538274	-0.5041034147882603
4.6	4.7671321747275135	4.7671321747275135	4.7671321747275135	0.09025829939468798	0.07864068618953383	0.030292482770693244	9.514985305033381	7.146085864008618	1.1200563524890812	0	0	0	0.0003684011551895231	0	0.0007200923439255985	-4.469637114888795	-3.3860050613970696	-0.5041065582072185
4.7	4.7671321747275135	4.7671321747275135	4.7671321747275135	0.09025829939463942	0.07864068618953218	0.030292482770665968	9.514985305034683	7.146085864008656	1.1200563524893363	0	0	0	0.00036840311883276644	0	0.0007201015516456433	-4.469685493871577	-3.386044452429022	-0.504109024604482
4.8	4.7671321747275135	4.7671321747275135	4.7671321747275135	0.09025829939469357	0.07864068618953413	0.03029248277069801	9.514985305033232	7.146085864008612	1.1200563524890366	0	0	0	0.0003684052814043196	0	0.0007201115719542154	-4.469724639135741	-3.386076345094663	-0.5041109790696101
4.9	4.7671321747275135	4.7671321747275135	4.7671321747275135	0.09025829939471626	0.07864068618953493	0.03029248277071131	9.514985305032624	7.146085864008593	1.120056352488912	0	0	0	0.0003684068637149791	0	0.0007201190620219353	-4.469756194154539	-3.3861020844102483	-0.504112494755139
5	4.7671321747275135	4.7671321747275135	4.7671321747275135	0.09025829939464591	0.07864068618953245	0.030292482770670537	9.514985305034509	7.146085864008649	1.1200563524892935	0	0	0	0.00036840752157514756	0	0.0007201226967579866	-4.4697817682880405	-3.3861229783482703	-0.5041136604107982
5.1	4.7671321747275135	4.7671321747275135	4.7671321747275135	0.0902582993946916	0.07864068618953421	0.03029248277069849	9.514985305033285	7.146085864008609	1.1200563524890321	0	0	0	0.0003684086017187281	0	0.0007201285430233235	-4.4698025047890315	-3.386139922798882	-0.504114598383737
5.2	4.7671321747275135	4.7671321747275135	4.7671321747275135	0.0902582993947388	0.07864068618953597	0.03029248277072682	9.51498530503202	7.146085864008568	1.120056352488767	0	0	0	0.0003684095332537497	0	0.0007201335339396659	-4.469819226283806	-3.3861535979853863	-0.5041153281429475
5.3	4.7671321747275135	4.7671321747275135	4.7671321747275135	0.09025829939466222	0.07864068618953315	0.030292482770681212	9.514985305034072	7.146085864008633	1.1200563524891938	0	0	0	0.0003684096485945484	0	0.0007201343200833936	-4.469832747306334	-3.3861646796705642	-0.5041158662460679
5.4	4.7671321747275135	4.7671321747275135	4.7671321747275135	0.09025829939468764	0.07864068618953421	0.030292482770697706	9.51498530503339	7.146085864008609	1.1200563524890395	0	0	0	0.0003684101004836513	0	0.0007201375079517955	-4.469843730030629	-3.3861736797187985	-0.5041163092129218
5.5	4.7671321747275135	4.7671321747275135	4.7671321747275135	0.09025829939475515	0.07864068618953682	0.03029248277073919	9.514985305031582	7.146085864008549	1.1200563524886509	0	0	0	0.00036841069445235945	0	0.0007201414211451028	-4.469852597132513	-3.386180946834443	-0.5041166636961244
5.6	4.7671321747275135	4.7671321747275135	4.7671321747275135	0.0902582993946939	0.07864068618953449	0.030292482770701793	9.514985305033225	7.146085864008602	1.1200563524890008	0	0	0	0.0003684106820729417	0	0.0007201412069295159	-4.46985975052451	-3.386186825382944	-0.5041169064281293
5.7	4.7671321747275135	4.7671321747275135	4.7671321747275135	0.09025829939468373	0.07864068618953415	0.03029248277069683	9.514985305033495	7.146085864008611	1.1200563524890474	0	0	0	0.0003684107348325874	0	0.0007201422483730402	-4.469865563625931	-3.38619160410216	-0.5041171057496824
5.8	4.7671321747275135	4.7671321747275135	4.7671321747275135	0.09025829939476498	0.07864068618953732	0.03029248277074809	9.514985305031315	7.146085864008538	1.1200563524885678	0	0	0	0.0003684111063041922	0	0.0007201457244400715	-4.469870267708953	-3.3861954661855873	-0.5041172832325423
5.9	4.7671321747275135	4.7671321747275135	4.7671321747275135	0.09025829939474381	0.07864068618953649	0.03029248277073486	9.514985305031884	7.1460858640085565	1.1200563524886917	0	0	0	0.0003684111540333603	0	0.0007201459246334353	-4.4698740576695615	-3.386198585906721	-0.5041173954876933
6	4.7671321747275135	4.7671321747275135	4.7671321747275135	0.09025829939468279	0.07864068618953421	0.03029248277069773	9.514985305033518	7.14608586400861	1.120056352489039	0	0	0	0.00036841097154988184	0	0.0007201448326330689	-4.469877130842757	-3.3862011221422414	-0.5041174700484505
6.1	4.7671321747275135	4.7671321747275135	4.7671321747275135	0.0902582993947684	0.07864068618953768	0.03029248277075334	9.514985305031223	7.146085864008529	1.1200563524885185	0	0	0	0.00036841114998509625	0	0.0007201480394532588	-4.469879625885916	-3.3862031745244563	-0.5041175643433945
6.2	4.7671321747275135	4.7671321747275135	4.7671321747275135	0.0902582993947902	0.07864068618953855	0.03029248277076739	9.514985305030638	7.146085864008509	1.1200563524883873	0	0	0	0.0003684112383990838	0	0.0007201491524957127	-4.469881636787815	-3.3862048311220403	-0.5041176230474348
6.3	4.7671321747275135	4.7671321747275135	4.7671321747275135	0.09025829939469293	0.07864068618953472	0.030292482770705804	9.514985305033246	7.1460858640085965	1.1200563524889635	0	0	0	0.0003684110296991925	0	0.00072014657091457	-4.469883260935448	-3.3862061765779554	-0.5041176354471649
6.4	4.7671321747275135	4.7671321747275135	4.7671321747275135	0.09025829939478505	0.07864068618953864	0.03029248277076752	9.514985305030775	7.146085864008507	1.120056352488386	0	0	0	0.000368411034654346	0	0.0007201498208090867	-4.469884582716174	-3.386207267207231	-0.504117693242591
6.5	4.7671321747275135	4.7671321747275135	4.7671321747275135	0.09025829939486095	0.07864068618954179	0.030292482770817603	9.514985305028741	7.146085864008435	1.1200563524879172	0	0	0	0.0003684110945177408	0	0.0007201524543691486	-4.469885650248614	-3.3862081472390186	-0.5041177380603598
6.6	4.7671321747275135	4.7671321747275135	4.7671321747275135	0.09025829939472867	0.07864068618953633	0.030292482770730877	9.514985305032289	7.14608586400856	1.120056352488729	0	0	0	0.000368411002278368	0	0.0007201484927536979	-4.469886510056458	-3.3862088605609415	-0.5041177158994806
6.7	4.7671321747275135	4.7671321747275135	4.7671321747275135	0.09025829939476643	0.07864068618953803	0.030292482770758366	9.514985305031276	7.146085864008521	1.1200563524884717	0	0	0	0.00036841083401501526	0	0.0007201499731744048	-4.469887206634644	-3.3862094398430327	-0.5041177406938316
6.8	4.7671321747275135	4.7671321747275135	4.7671321747275135	0.09025829939486747	0.07864068618954234	0.030292482770827075	9.514985305028565	7.146085864008422	1.1200563524878289	0	0	0	0.0003684107356611837	0	0.0007201533963540759	-4.469887770380953	-3.386209907575777	-0.5041177805421904
6.9	4.767132174727513	4.767132174727513	4.767132174727513	0.09025829939475997	0.07864068618953779	0.030292482770754598	9.514985305031448	7.146085864008526	1.1200563524885072	0	0	0	0.0003684108097732812	0	0.0007201500199573669	-4.469888229114704	-3.3862102860637737	-0.5041177544951536
7	4.7671321747275135	4.7671321747275135	4.7671321747275135	0.09025829939472525	0.07864068618953644	0.030292482770733185	9.51498530503238	7.146085864008557	1.1200563524887075	0	0	0	0.00036841068152742955	0	0.0007201490813266063	-4.469888597146486	-3.386210593599457	-0.504117749607525
7.1	4.7671321747275135	4.7671321747275135	4.7671321747275135	0.09025829939480141	0.07864068618953979	0.030292482770786788	9.514985305030335	7.146085864008481	1.120056352488206	0	0	0	0.00036841046287061337	0	0.000720151726760312	-4.46988889216182	-3.3862108420969435	-0.5041177769680001
7.2	4.7671321747275135	4.7671321747275135	4.7671321747275135	0.09025829939473051	0.07864068618953672	0.030292482770737792	9.514985305032237	7.14608586400855	1.1200563524886644	0	0	0	0.0003684106024390537	0	0.0007201494257798592	-4.469889138135523	-3.3862110430748285	-0.504117757131263
7.3	4.7671321747275135	4.7671321747275135	4.7671321747275135	0.09025829939468723	0.07864068618953497	0.030292482770709315	9.514985305033399	7.146085864008591	1.1200563524889307	0	0	0	0.00036841057274658676	0	0.0007201481057158615	-4.469889334255333	-3.3862112063575154	-0.5041177458308961
7.4	4.7671321747275135	4.7671321747275135	4.7671321747275135	0.09025829939474495	0.07864068618953758	0.030292482770751143	9.514985305031852	7.146085864008531	1.1200563524885392	0	0	0	0.00036841031007459865	0	0.000720150157706685	-4.469889487091623	-3.3862113383282058	-0.5041177655922505
7.5	4.7671321747275135	4.7671321747275135	4.7671321747275135	0.0902582993946981	0.0786406861895355	0.030292482770717926	9.51498530503311	7.146085864008579	1.12005635248885	0	0	0	0.0003684104667920564	0	0.0007201485869033009	-4.4698896197598605	-3.3862114450335823	-0.5041177511286494
7.6	4.767132174727513	4.767132174727513	4.767132174727513	0.09025829939466923	0.07864068618953436	0.030292482770698816	9.514985305033882	7.1460858640086045	1.1200563524890288	0	0	0	0.00036841045605140216	0	0.0007201476952465453	-4.469889723963093	-3.3862115317418477	-0.5041177428039781
7.7	4.7671321747275135	4.7671321747275135	4.7671321747275135	0.09025829939473458	0.07864068618953748	0.030292482770747243	9.514985305032129	7.146085864008534	1.1200563524885758	0	0	0	0.00036841007334997345	0	0.0007201500530865498	-4.469889798925658	-3.386211601836941	-0.5041177647249749
7.8	4.7671321747275135	4.7671321747275135	4.7671321747275135	0.09025829939471663	0.07864068618953665	0.03029248277073418	9.51498530503261	7.146085864008552	1.120056352488698	0	0	0	0.00036841015994405746	0	0.0007201494380277574	-4.469889869464007	-3.386211658462833	-0.5041177587397632
7.9	4.7671321747275135	4.7671321747275135	4.7671321747275135	0.09025829939467055	0.07864068618953458	0.030292482770701862	9.514985305033845	7.146085864008599	1.1200563524890004	0	0	0	0.0003684102872555042	0	0.0007201478945440577	-4.469889928086725	-3.386211704492788	-0.5041177440226383
8	4.7671321747275135	4.7671321747275135	4.7671321747275135	0.09025829939475566	0.07864068618953872	0.030292482770766724	9.514985305031558	7.146085864008504	1.1200563524883935	0	0	0	0.00036840964743620094	0	0.0007201510416938294	-4.469889956721396	-3.3862117417410924	-0.5041177731599974
8.1	4.7671321747275135	4.7671321747275135	4.7671321747275135	0.09025829939478228	0.07864068618954001	0.03029248277078679	9.514985305030844	7.146085864008474	1.1200563524882057	0	0	0	0.00036840946302704703	0	0.0007201520198880169	-4.469889988330811	-3.3862117718005003	-0.5041177820003566
8.2	4.7671321747275135	4.7671321747275135	4.7671321747275135	0.0902582993946838	0.07864068618953535	0.03029248277071355	9.514985305033488	7.146085864008582	1.1200563524888911	0	0	0	0.0003684100619894126	0	0.0007201484889214486	-4.469890032985536	-3.3862117962100133	-0.5041177486685593
8.3	4.7671321747275135	4.7671321747275135	4.7671321747275135	0.09025829939475774	0.0786406861895391	0.030292482770772452	9.514985305031502	7.146085864008495	1.12005635248834	0	0	0	0.00036840930611939615	0	0.0007201513517364626	-4.469890037393099	-3.3862118160024193	-0.5041177751653143
8.4	4.7671321747275135	4.7671321747275135	4.7671321747275135	0.09025829939482788	0.0786406861895426	0.0302924827708271	9.514985305029619	7.146085864008414	1.1200563524878284	0	0	0	0.0003684086843771049	0	0.0007201540036364984	-4.469890040717525	-3.3862118319746703	-0.5041177997090353
8.5	4.7671321747275135	4.7671321747275135	4.7671321747275135	0.09025829939471006	0.07864068618953678	0.030292482770736023	9.514985305032782	7.1460858640085485	1.1200563524886809	0	0	0	0.0003684096706534555	0	0.0007201495967984583	-4.469890081660044	-3.386211844918984	-0.5041177582437362
8.6	4.767132174727513	4.767132174727513	4.767132174727513	0.09025829939472124	0.07864068618953748	0.030292482770747507	9.514985305032482	7.146085864008532	1.1200563524885732	0	0	0	0.0003684093528059958	0	0.000720150163934817	-4.469890086019735	-3.3862118554302376	-0.5041177633323835
8.7	4.7671321747275135	4.7671321747275135	4.7671321747275135	0.09025829939478879	0.07864068618954098	0.030292482770802157	9.514985305030669	7.146085864008452	1.1200563524880618	0	0	0	0.000368408592724274	0	0.0007201528196214319	-4.469890076620628	-3.386211863918641	-0.5041177879821598
8.8	4.7671321747275135	4.7671321747275135	4.7671321747275135	0.09025829939469958	0.07864068618953647	0.03029248277073105	9.514985305033067	7.1460858640085565	1.1200563524887273	0	0	0	0.000368409510137011	0	0.0007201493720246796	-4.469890108616588	-3.3862118707902558	-0.5041177555605545
8.9	4.7671321747275135	4.7671321747275135	4.7671321747275135	0.09025829939467908	0.07864068618953551	0.030292482770716753	9.514985305033614	7.146085864008579	1.1200563524888612	0	0	0	0.00036840955994043613	0	0.00072014868644056	-4.469890116543639	-3.386211876370296	-0.5041177489973823
9	4.7671321747275135	4.7671321747275135	4.7671321747275135	0.09025829939472402	0.0786406861895379	0.03029248277075457	9.514985305032406	7.146085864008523	1.1200563524885074	0	0	0	0.0003684089390119893	0	0.0007201505286386908	-4.469890105862346	-3.38621188087792	-0.504117766099609
9.1	4.7671321747275135	4.7671321747275135	4.7671321747275135	0.09025829939466232	0.0786406861895347	0.030292482770703927	9.514985305034063	7.1460858640085965	1.1200563524889815	0	0	0	0.000368409689210268	0	0.0007201480680351771	-4.469890129727794	-3.38621188452685	-0.5041177429679503
9.2	4.7671321747275135	4.7671321747275135	4.7671321747275135	0.09025829939465331	0.07864068618953435	0.0302924827706983	9.514985305034305	7.1460858640086045	1.120056352489034	0	0	0	0.00036840965978324284	0	0.0007201478007720507	-4.469890132474235	-3.386211887490548	-0.5041177403698116
9.3	4.7671321747275135	4.7671321747275135	4.7671321747275135	0.0902582993946958	0.07864068618953668	0.030292482770735065	9.514985305033163	7.14608586400855	1.1200563524886902	0	0	0	0.00036840899414541315	0	0.0007201495941050812	-4.469890118035388	-3.38621188988476	-0.5041177570615737
9.4	4.767132174727513	4.767132174727513	4.767132174727513	0.09025829939465196	0.07864068618953432	0.030292482770697876	9.514985305034338	7.146085864008605	1.120056352489038	0	0	0	0.000368409622440341	0	0.0007201477837315619	-4.46989013672846	-3.3862118918216484	-0.5041177400538508
9.5	4.7671321747275135	4.7671321747275135	4.7671321747275135	0.09025829939464951	0.07864068618953432	0.030292482770697786	9.514985305034406	7.146085864008606	1.120056352489039	0	0	0	0.00036840950791487996	0	0.000720147782679827	-4.469890135583258	-3.3862118933956045	-0.504117739982333
9.6	4.7671321747275135	4.7671321747275135	4.7671321747275135	0.09025829939470802	0.07864068618953764	0.03029248277075002	9.514985305032834	7.14608586400853	1.1200563524885498	0	0	0	0.00036840847438217815	0	0.0007201503312889899	-4.4698901101446245	-3.386211894667473	-0.504117763771354
9.7	4.7671321747275135	4.7671321747275135	4.7671321747275135	0.09025829939469081	0.07864068618953667	0.030292482770734843	9.514985305033298	7.146085864008552	1.1200563524886922	0	0	0	0.000368408764108572	0	0.0007201495914297601	-4.46989011895117	-3.3862118956949194	-0.504117756805748
9.8	4.7671321747275135	4.7671321747275135	4.7671321747275135	0.09025829939465388	0.07864068618953474	0.030292482770703993	9.514985305034287	7.146085864008596	1.1200563524889806	0	0	0	0.0003684092510503891	0	0.000720148091873144	-4.469890132611174	-3.3862118965303716	-0.504117742740073
9.9	4.7671321747275135	4.7671321747275135	4.7671321747275135	0.09025829939472788	0.07864068618953915	0.03029248277077259	9.514985305032297	7.146085864008495	1.1200563524883387	0	0	0	0.00036840773634159947	0	0.0007201514466976786	-4.469890093801313	-3.3862118972064943	-0.5041177740912851
10	4.7671321747275135	4.7671321747275135	4.7671321747275135	0.09025829939475218	0.07864068618954058	0.030292482770794864	9.514985305031646	7.1460858640084615	1.1200563524881302	0	0	0	0.00036840725995340316	0	0.0007201525354728184	-4.469890082008515	-3.3862118977521045	-0.5041177842492185
10.1	4.7671321747275135	4.7671321747275135	4.7671321747275135	0.09025829939466302	0.07864068618953542	0.030292482770714325	9.514985305034042	7.1460858640085805	1.120056352488884	0	0	0	0.0003684089170167647	0	0.0007201486025074662	-4.469890125844925	-3.386211898194573	-0.5041177474345058
10.2	4.7671321747275135	4.7671321747275135	4.7671321747275135	0.09025829939470881	0.07864068618953837	0.030292482770759875	9.514985305032809	7.146085864008513	1.1200563524884577	0	0	0	0.0003684077388862181	0	0.0007201508386602058	-4.46989009537155	-3.386211898551511	-0.5041177683335835
10.3	4.7671321747275135	4.7671321747275135	4.7671321747275135	0.09025829939475458	0.07864068618954118	0.030292482770803715	9.51498530503158	7.146085864008448	1.1200563524880474	0	0	0	0.0003684066932690997	0	0.000720152986544277	-4.4698900683291445	-3.386211898839498	-0.5041177884100683
10.4	4.767132174727513	4.767132174727513	4.767132174727513	0.09025829939466447	0.07864068618953574	0.03029248277071867	9.514985305034003	7.146085864008574	1.1200563524888432	0	0	0	0.00036840865365783356	0	0.0007201488231684979	-4.4698901199526135	-3.3862118990748056	-0.5041177494493049
10.5	4.7671321747275135	4.7671321747275135	4.7671321747275135	0.090258299394668	0.07864068618953614	0.030292482770724827	9.514985305033907	7.1460858640085645	1.1200563524887857	0	0	0	0.00036840835368323	0	0.0007201491318336841	-4.469890112254582	-3.386211899265713	-0.5041177523251359
10.6	4.7671321747275135	4.7671321747275135	4.7671321747275135	0.0902582993947002	0.07864068618953825	0.030292482770757263	9.514985305033042	7.146085864008516	1.120056352488482	0	0	0	0.000368407491495174	0	0.0007201507252413251	-4.4698900898101535	-3.386211899419754	-0.5041177672212984
10.7	4.767132174727513	4.767132174727513	4.767132174727513	0.09025829939463681	0.07864068618953422	0.03029248277069522	9.514985305034745	7.146085864008607	1.1200563524890625	0	0	0	0.000368409045069754	0	0.0007201476823689218	-4.4698901307047505	-3.386211899545125	-0.5041177387484398
10.8	4.767132174727513	4.767132174727513	4.767132174727513	0.0902582993946375	0.07864068618953446	0.030292482770698105	9.514985305034726	7.146085864008602	1.1200563524890357	0	0	0	0.0003684088558537883	0	0.0007201478286542117	-4.469890125815141	-3.3862118996470203	-0.5041177401105771
10.9	4.7671321747275135	4.7671321747275135	4.7671321747275135	0.09025829939466103	0.0786406861895361	0.03029248277072277	9.514985305034093	7.1460858640085645	1.120056352488805	0	0	0	0.00036840814956809876	0	0.0007201490424132784	-4.4698901073535815	-3.386211899729306	-0.5041177514595363
11	4.767132174727514	4.767132174727514	4.767132174727514	0.09025829939461726	0.07864068618953318	0.03029248277067828	9.514985305035271	7.146085864008633	1.1200563524892213	0	0	0	0.00036840935066154016	0	0.0007201468565348619	-4.469890138969468	-3.3862118997960837	-0.5041177310065154
11.1	4.7671321747275135	4.7671321747275135	4.7671321747275135	0.0902582993946286	0.07864068618953406	0.030292482770691995	9.514985305034966	7.146085864008613	1.120056352489093	0	0	0	0.00036840886279273344	0	0.0007201475352512014	-4.469890126178122	-3.386211899851042	-0.5041177373516046
11.2	4.7671321747275135	4.7671321747275135	4.7671321747275135	0.09025829939465957	0.07864068618953622	0.03029248277072542	9.514985305034132	7.146085864008562	1.1200563524887803	0	0	0	0.0003684078572782831	0	0.0007201491810898249	-4.469890099788842	-3.3862118998956454	-0.5041177527446091
11.3	4.7671321747275135	4.7671321747275135	4.7671321747275135	0.09025829939462345	0.07864068618953372	0.03029248277068706	9.514985305035106	7.1460858640086204	1.1200563524891394	0	0	0	0.00036840898110621653	0	0.0007201472929661942	-4.469890129374447	-3.3862118999310593	-0.5041177350792432
11.4	4.7671321747275135	4.7671321747275135	4.7671321747275135	0.09025829939463254	0.07864068618953449	0.030292482770699278	9.514985305034859	7.146085864008602	1.1200563524890248	0	0	0	0.0003684084933292177	0	0.0007201479005382054	-4.469890116537538	-3.386211899959464	-0.5041177407604484
11.5	4.7671321747275135	4.7671321747275135	4.7671321747275135	0.09025829939468206	0.07864068618953803	0.030292482770754973	9.514985305033525	7.146085864008521	1.1200563524885037	0	0	0	0.00036840670650693824	0	0.0007201506488551331	-4.469890069535287	-3.386211899982414	-0.5041177664677705
11.6	4.7671321747275135	4.7671321747275135	4.7671321747275135	0.09025829939466777	0.078640686189537	0.030292482770739027	9.51498530503391	7.146085864008544	1.1200563524886529	0	0	0	0.0003684072121042304	0	0.0007201498622550416	-4.4698900828627135	-3.3862119000009456	-0.5041177591075339
11.7	4.767132174727514	4.767132174727514	4.767132174727514	0.09025829939463348	0.07864068618953471	0.030292482770702952	9.514985305034834	7.146085864008597	1.1200563524889902	0	0	0	0.0003684082523060863	0	0.0007201480868394742	-4.469890110221102	-3.38621190001606	-0.5041177424977834
11.8	4.7671321747275135	4.7671321747275135	4.7671321747275135	0.09025829939468642	0.07864068618953879	0.030292482770766006	9.514985305033408	7.146085864008502	1.1200563524884002	0	0	0	0.0003684060623475384	0	0.0007201512048055843	-4.469890052543025	-3.3862119000283637	-0.5041177716643627
11.9	4.767132174727513	4.767132174727513	4.767132174727513	0.09025829939470209	0.07864068618953998	0.030292482770784373	9.514985305032985	7.146085864008475	1.1200563524882283	0	0	0	0.0003684054374853909	0	0.0007201521124928267	-4.469890036098919	-3.3862119000382718	-0.5041177801548191
12	4.7671321747275135	4.7671321747275135	4.7671321747275135	0.09025829939463345	0.07864068618953489	0.030292482770705453	9.514985305034834	7.146085864008593	1.120056352488967	0	0	0	0.0003684080513443234	0	0.0007201482152904904	-4.4698901049329836	-3.3862119000460553	-0.5041177436972452
12.1	4.7671321747275135	4.7671321747275135	4.7671321747275135	0.09025829939465556	0.07864068618953683	0.030292482770734912	9.514985305034237	7.146085864008547	1.1200563524886913	0	0	0	0.00036840688600639244	0	0.0007201496790281779	-4.469890074194878	-3.3862119000518387	-0.5041177573892429
12.2	4.7671321747275135	4.7671321747275135	4.7671321747275135	0.09025829939467434	0.07864068618953836	0.030292482770758352	9.514985305033731	7.146085864008512	1.1200563524884717	0	0	0	0.00036840602194132316	0	0.0007201508407651854	-4.469890051421494	-3.3862119000565367	-0.5041177682561266
12.3	4.7671321747275135	4.7671321747275135	4.7671321747275135	0.09025829939461806	0.07864068618953395	0.03029248277069035	9.514985305035248	7.146085864008614	1.1200563524891083	0	0	0	0.0003684084284387192	0	0.0007201474756479009	-4.469890114842018	-3.3862119000610864	-0.5041177367760723
12.4	4.7671321747275135	4.7671321747275135	4.7671321747275135	0.09025829939462397	0.07864068618953457	0.030292482770700353	9.514985305035086	7.1460858640086	1.1200563524890148	0	0	0	0.00036840795100123047	0	0.0007201479763311198	-4.469890102228089	-3.3862119000653816	-0.5041177414595666
12.5	4.7671321747275135	4.7671321747275135	4.7671321747275135	0.09025829939463431	0.07864068618953546	0.030292482770714214	9.51498530503481	7.14608586400858	1.1200563524888851	0	0	0	0.0003684074008108046	0	0.0007201486651527795	-4.469890087715593	-3.3862119000682895	-0.5041177479030567
12.6	4.7671321747275135	4.7671321747275135	4.7671321747275135	0.09025829939459912	0.07864068618953257	0.030292482770669763	9.514985305035758	7.146085864008645	1.120056352489301	0	0	0	0.0003684090570604004	0	0.0007201464614437826	-4.469890131388084	-3.386211900069604	-0.5041177272878343
12.7	4.7671321747275135	4.7671321747275135	4.7671321747275135	0.09025829939460989	0.0786406861895336	0.030292482770685976	9.514985305035466	7.146085864008622	1.1200563524891496	0	0	0	0.00036840834410669233	0	0.0007201472691572117	-4.469890112557983	-3.3862119000719884	-0.5041177348438828
12.8	4.7671321747275135	4.7671321747275135	4.7671321747275135	0.0902582993946215	0.07864068618953463	0.030292482770702053	9.51498530503515	7.1460858640086	1.120056352488999	0	0	0	0.0003684076867673475	0	0.0007201480686233998	-4.469890095209119	-3.386211900073922	-0.504117742322882
12.9	4.7671321747275135	4.7671321747275135	4.7671321747275135	0.0902582993945946	0.07864068618953234	0.03029248277066632	9.514985305035875	7.146085864008652	1.1200563524893332	0	0	0	0.0003684090916304123	0	0.0007201462941281118	-4.469890132273929	-3.3862119000740645	-0.5041177257231104
13	4.7671321747275135	4.7671321747275135	4.7671321747275135	0.09025829939461175	0.07864068618953404	0.030292482770692405	9.514985305035413	7.1460858640086125	1.1200563524890892	0	0	0	0.0003684079324107325	0	0.000720147595349977	-4.469890101653861	-3.386211900074914	-0.5041177378956544
13.1	4.7671321747275135	4.7671321747275135	4.7671321747275135	0.09025829939463474	0.07864068618953622	0.03029248277072555	9.514985305034791	7.146085864008564	1.120056352488779	0	0	0	0.00036840652428947495	0	0.0007201492457583801	-4.469890064474932	-3.386211900076217	-0.5041177533346396
13.2	4.7671321747275135	4.7671321747275135	4.7671321747275135	0.09025829939460688	0.07864068618953365	0.03029248277068592	9.514985305035545	7.146085864008623	1.1200563524891498	0	0	0	0.00036840818887177903	0	0.000720147273198299	-4.469890108421345	-3.3862119000771265	-0.5041177348817236
13.3	4.7671321747275135	4.7671321747275135	4.7671321747275135	0.09025829939461473	0.07864068618953465	0.030292482770700693	9.514985305035331	7.1460858640086	1.1200563524890115	0	0	0	0.0003684074332368572	0	0.0007201480136540484	-4.4698900884384045	-3.3862119000777016	-0.5041177418081452
13.4	4.7671321747275135	4.7671321747275135	4.7671321747275135	0.09025829939465208	0.07864068618953841	0.030292482770758068	9.51498530503432	7.146085864008513	1.1200563524884746	0	0	0	0.0003684048646828885	0	0.0007201508750787032	-4.469890020587551	-3.3862119000781763	-0.5041177685756608
13.5	4.7671321747275135	4.7671321747275135	4.7671321747275135	0.0902582993946417	0.0786406861895374	0.030292482770742278	9.514985305034601	7.146085864008537	1.1200563524886222	0	0	0	0.00036840556668491084	0	0.0007201500877344118	-4.469890039131961	-3.3862119000785458	-0.504117761210319
13.6	4.7671321747275135	4.7671321747275135	4.7671321747275135	0.09025829939461064	0.07864068618953446	0.030292482770697716	9.51498530503544	7.1460858640086045	1.1200563524890392	0	0	0	0.00036840745347770256	0	0.0007201478695549061	-4.46989008894858	-3.3862119000788846	-0.5041177404599831
13.7	4.7671321747275135	4.7671321747275135	4.7671321747275135	0.09025829939463907	0.07864068618953758	0.030292482770745748	9.514985305034672	7.1460858640085325	1.1200563524885896	0	0	0	0.0003684051527946692	0	0.0007201502715178033	-4.469890028136426	-3.386211900079241	-0.5041177629293849
13.8	4.767132174727513	4.767132174727513	4.767132174727513	0.0902582993946434	0.07864068618953804	0.03029248277075302	9.514985305034555	7.146085864008521	1.1200563524885219	0	0	0	0.0003684048060132754	0	0.0007201506350029002	-4.46989001897228	-3.386211900079498	-0.5041177663295874
13.9	4.7671321747275135	4.7671321747275135	4.7671321747275135	0.09025829939460217	0.07864068618953378	0.030292482770687756	9.514985305035669	7.146085864008619	1.1200563524891327	0	0	0	0.0003684077922940038	0	0.0007201473771127587	-4.469890097878028	-3.3862119000795983	-0.504117735853124
14	4.7671321747275135	4.7671321747275135	4.7671321747275135	0.09025829939461148	0.07864068618953506	0.030292482770706564	9.514985305035419	7.146085864008589	1.1200563524889566	0	0	0	0.0003684067935430035	0	0.0007201483223687323	-4.469890071457528	-3.386211900079664	-0.5041177446954764
14.1	4.7671321747275135	4.7671321747275135	4.7671321747275135	0.09025829939461336	0.0786406861895353	0.03029248277071039	9.514985305035367	7.146085864008583	1.1200563524889207	0	0	0	0.00036840658894731593	0	0.0007201485148781919	-4.469890066044666	-3.3862119000797213	-0.5041177464962628
14.2	4.7671321747275135	4.7671321747275135	4.7671321747275135	0.09025829939458758	0.07864068618953247	0.03029248277066716	9.514985305036065	7.146085864008649	1.1200563524893254	0	0	0	0.00036840865210694155	0	0.0007201463527673014	-4.469890120576624	-3.386211900079792	-0.5041177262705515
14.3	4.7671321747275135	4.7671321747275135	4.7671321747275135	0.09025829939459462	0.07864068618953346	0.03029248277068228	9.514985305035871	7.146085864008626	1.1200563524891838	0	0	0	0.0003684078303448551	0	0.0007201471122847722	-4.469890098832363	-3.38621190007989	-0.5041177333754717
14.4	4.7671321747275135	4.7671321747275135	4.7671321747275135	0.09025829939459563	0.07864068618953361	0.030292482770684574	9.514985305035845	7.146085864008622	1.1200563524891627	0	0	0	0.00036840770235589416	0	0.0007201472277389901	-4.469890095444552	-3.3862119000800246	-0.5041177344554558
14.5	4.7671321747275135	4.7671321747275135	4.7671321747275135	0.09025829939458083	0.07864068618953189	0.030292482770658352	9.514985305036248	7.146085864008662	1.1200563524894076	0	0	0	0.00036840899400232487	0	0.0007201459148300488	-4.469890129593407	-3.38621190008042	-0.5041177221736826
14.6	4.7671321747275135	4.7671321747275135	4.7671321747275135	0.09025829939459222	0.07864068618953346	0.030292482770682663	9.514985305035937	7.146085864008627	1.12005635248918	0	0	0	0.0003684076718269068	0	0.0007201471362288894	-4.469890094608037	-3.386211900081056	-0.5041177335992787
14.7	4.767132174727513	4.767132174727513	4.767132174727513	0.09025829939459819	0.07864068618953426	0.03029248277069486	9.514985305035776	7.146085864008608	1.120056352489066	0	0	0	0.0003684070221705954	0	0.0007201477485701818	-4.469890077420528	-3.386211900080925	-0.5041177393274185
14.8	4.7671321747275135	4.7671321747275135	4.7671321747275135	0.09025829939458212	0.07864068618953224	0.030292482770663716	9.51498530503621	7.146085864008655	1.1200563524893576	0	0	0	0.0003684086381321311	0	0.0007201461867587089	-4.469890120162914	-3.3862119000796453	-0.5041177247173367
14.9	4.7671321747275135	4.7671321747275135	4.7671321747275135	0.09025829939459637	0.07864068618953432	0.030292482770697206	9.514985305035825	7.146085864008606	1.1200563524890441	0	0	0	0.00036840674276572517	0	0.0007201478732202402	-4.469890069996582	-3.386211900079454	-0.5041177404935595
15	4.7671321747275135	4.7671321747275135	4.7671321747275135	0.0902582993946128	0.07864068618953664	0.0302924827707336	9.514985305035378	7.146085864008554	1.1200563524887035	0	0	0	0.00036840473157260975	0	0.0007201497041422306	-4.469890016774079	-3.3862119000798967	-0.5041177576211335
15.1	4.7671321747275135	4.7671321747275135	4.7671321747275135	0.09025829939459379	0.07864068618953397	0.030292482770691943	9.514985305035895	7.146085864008614	1.1200563524890932	0	0	0	0.00036840702187638033	0	0.0007201476092950095	-4.469890077380226	-3.3862119000801156	-0.5041177380246866
15.2	4.7671321747275135	4.7671321747275135	4.7671321747275135	0.09025829939459429	0.07864068618953439	0.03029248277069817	9.514985305035879	7.146085864008605	1.120056352489035	0	0	0	0.00036840655008811676	0	0.0007201479284528949	-4.469890064868692	-3.3862119000800943	-0.5041177410105296
15.3	4.7671321747275135	4.7671321747275135	4.7671321747275135	0.09025829939461556	0.07864068618953779	0.030292482770750875	9.5149853050353	7.146085864008526	1.1200563524885416	0	0	0	0.00036840349882708045	0	0.0007201505860744997	-4.469889984093584	-3.386211900080073	-0.5041177658718616
15.4	4.7671321747275135	4.7671321747275135	4.7671321747275135	0.0902582993946083	0.07864068618953667	0.030292482770733375	9.514985305035497	7.146085864008553	1.1200563524887055	0	0	0	0.00036840450200670424	0	0.0007201497038277155	-4.469890010647254	-3.386211900080058	-0.5041177576188777
15.5	4.7671321747275135	4.7671321747275135	4.7671321747275135	0.0902582993945877	0.07864068618953368	0.03029248277068711	9.514985305036056	7.1460858640086204	1.1200563524891385	0	0	0	0.0003684070782623879	0	0.0007201473753077178	-4.46989007882676	-3.3862119000800437	-0.5041177358362242
15.6	4.7671321747275135	4.7671321747275135	4.7671321747275135	0.09025829939459765	0.07864068618953561	0.03029248277071695	9.514985305035784	7.146085864008576	1.1200563524888594	0	0	0	0.00036840523888348627	0	0.0007201488847411971	-4.469890030112456	-3.3862119000800237	-0.5041177499560627
15.7	4.7671321747275135	4.7671321747275135	4.7671321747275135	0.09025829939459457	0.07864068618953511	0.030292482770709308	9.514985305035868	7.146085864008588	1.1200563524889309	0	0	0	0.00036840568210322973	0	0.0007201484994969006	-4.46989004184537	-3.386211900080015	-0.5041177463521074
15.8	4.7671321747275135	4.7671321747275135	4.7671321747275135	0.0902582993945783	0.07864068618953245	0.030292482770668164	9.514985305036312	7.146085864008649	1.1200563524893157	0	0	0	0.0003684080808730013	0	0.0007201464240734681	-4.46989010535024	-3.3862119000800575	-0.5041177269374134
15.9	4.7671321747275135	4.7671321747275135	4.7671321747275135	0.09025829939458217	0.07864068618953336	0.030292482770682697	9.514985305036204	7.146085864008627	1.1200563524891798	0	0	0	0.0003684071339322961	0	0.0007201471610291327	-4.469890080264143	-3.3862119000801556	-0.504117733831373
16	4.767132174727513	4.767132174727513	4.767132174727513	0.09025829939457895	0.0786406861895328	0.030292482770673704	9.514985305036292	7.14608586400864	1.1200563524892637	0	0	0	0.0003684076772033723	0	0.0007201467065483733	-4.4698900946506726	-3.3862119000802378	-0.5041177295797055
16.1	4.7671321747275135	4.7671321747275135	4.7671321747275135	0.09025829939457192	0.07864068618953161	0.030292482770655018	9.514985305036484	7.1460858640086675	1.1200563524894387	0	0	0	0.00036840878271429065	0	0.0007201457641619835	-4.469890123918978	-3.3862119000794446	-0.5041177207638371
16.2	4.7671321747275135	4.7671321747275135	4.7671321747275135	0.09025829939457677	0.07864068618953278	0.030292482770673312	9.51498530503635	7.146085864008641	1.1200563524892673	0	0	0	0.00036840758581932535	0	0.0007201466934371807	-4.469890092206313	-3.386211900077873	-0.5041177294568532
16.3	4.7671321747275135	4.7671321747275135	4.7671321747275135	0.09025829939457565	0.07864068618953256	0.030292482770669798	9.51498530503638	7.146085864008645	1.1200563524893006	0	0	0	0.00036840780575536587	0	0.0007201465153442511	-4.469890098032023	-3.3862119000771886	-0.5041177277909841
16.4	4.7671321747275135	4.7671321747275135	4.7671321747275135	0.0902582993945708	0.07864068618953171	0.03029248277065617	9.514985305036513	7.146085864008666	1.1200563524894283	0	0	0	0.00036840862867972446	0	0.0007201458260284995	-4.469890119825075	-3.386211900078096	-0.5041177213428611
16.5	4.7671321747275135	4.7671321747275135	4.7671321747275135	0.09025829939457815	0.0786406861895337	0.030292482770687013	9.51498530503631	7.14608586400862	1.1200563524891394	0	0	0	0.0003684065669103446	0	0.0007201473928348034	-4.46989006519246	-3.3862119000791475	-0.5041177359998884
16.6	4.7671321747275135	4.7671321747275135	4.7671321747275135	0.09025829939458144	0.07864068618953453	0.03029248277069999	9.51498530503622	7.1460858640086	1.1200563524890177	0	0	0	0.00036840570953054183	0	0.0007201480515895088	-4.469890042474323	-3.386211900079369	-0.5041177421623901
16.7	4.7671321747275135	4.7671321747275135	4.7671321747275135	0.09025829939457232	0.07864068618953235	0.030292482770666176	9.514985305036472	7.146085864008651	1.1200563524893343	0	0	0	0.00036840791277899	0	0.0007201463362964281	-4.469890100845646	-3.3862119000781115	-0.5041177261164629
16.8	4.767132174727514	4.767132174727514	4.767132174727514	0.0902582993945786	0.07864068618953454	0.03029248277070076	9.514985305036296	7.1460858640086	1.1200563524890108	0	0	0	0.0003684054930291421	0	0.0007201480983733642	-4.46989003671022	-3.386211900076694	-0.5041177425997982
16.9	4.7671321747275135	4.7671321747275135	4.7671321747275135	0.09025829939458699	0.07864068618953712	0.030292482770741078	9.514985305036063	7.146085864008541	1.1200563524886336	0	0	0	0.0003684027312968183	0	0.0007201501496884007	-4.469889963519769	-3.3862119000758875	-0.5041177617888417
17	4.7671321747275135	4.7671321747275135	4.7671321747275135	0.09025829939457801	0.07864068618953442	0.030292482770698775	9.514985305036312	7.146085864008604	1.1200563524890295	0	0	0	0.0003684056194900034	0	0.000720147997598981	-4.469890040059954	-3.3862119000762507	-0.5041177416568613
17.1	4.7671321747275135	4.7671321747275135	4.7671321747275135	0.09025829939457414	0.07864068618953385	0.030292482770690143	9.514985305036419	7.146085864008617	1.1200563524891103	0	0	0	0.0003684060994863043	0	0.0007201475628205987	-4.469890052763828	-3.3862119000771287	-0.5041177375894763
17.2	4.7671321747275135	4.7671321747275135	4.7671321747275135	0.09025829939458008	0.07864068618953633	0.03029248277072914	9.514985305036252	7.146085864008559	1.1200563524887452	0	0	0	0.00036840330958634446	0	0.0007201495517132964	-4.469889978809468	-3.3862119000778743	-0.5041177561944544
17.3	4.767132174727513	4.767132174727513	4.767132174727513	0.09025829939457598	0.07864068618953482	0.030292482770705512	9.514985305036365	7.146085864008595	1.1200563524889662	0	0	0	0.00036840497149104843	0	0.0007201483483344604	-4.469890022860035	-3.386211900078378	-0.5041177449372672
17.4	4.7671321747275135	4.7671321747275135	4.7671321747275135	0.09025829939456903	0.07864068618953267	0.03029248277067169	9.514985305036559	7.146085864008644	1.1200563524892828	0	0	0	0.00036840729524212124	0	0.0007201466264633613	-4.469890084443758	-3.3862119000792203	-0.5041177288300873
17.5	4.7671321747275135	4.7671321747275135	4.7671321747275135	0.09025829939457027	0.07864068618953372	0.03029248277068826	9.514985305036522	7.14608586400862	1.1200563524891276	0	0	0	0.0003684060429941066	0	0.0007201474736627159	-4.469890051238267	-3.386211900080359	-0.5041177367555513
17.6	4.7671321747275135	4.7671321747275135	4.7671321747275135	0.09025829939456766	0.07864068618953254	0.030292482770669454	9.514985305036596	7.146085864008649	1.120056352489304	0	0	0	0.0003684073998428874	0	0.0007201465143653105	-4.469890087207902	-3.3862119000808004	-0.5041177277818595
17.7	4.7671321747275135	4.7671321747275135	4.7671321747275135	0.09025829939456478	0.07864068618953156	0.030292482770654463	9.514985305036676	7.146085864008671	1.120056352489444	0	0	0	0.0003684084413666258	0	0.0007201457512650615	-4.469890114812379	-3.3862119000794157	-0.5041177206434713
17.8	4.7671321747275135	4.7671321747275135	4.7671321747275135	0.09025829939456541	0.07864068618953239	0.030292482770667498	9.514985305036657	7.146085864008651	1.1200563524893223	0	0	0	0.00036840743942065265	0	0.0007201464185165587	-4.469890088241861	-3.3862119000774333	-0.5041177268854585
17.9	4.7671321747275135	4.7671321747275135	4.7671321747275135	0.09025829939456405	0.07864068618953148	0.030292482770653426	9.514985305036694	7.146085864008671	1.1200563524894538	0	0	0	0.00036840848660691744	0	0.0007201456994579103	-4.469890116007363	-3.386211900077044	-0.5041177201590156
18	4.7671321747275135	4.7671321747275135	4.7671321747275135	0.09025829939456305	0.07864068618953138	0.03029248277065203	9.514985305036722	7.146085864008675	1.120056352489467	0	0	0	0.00036840853942051376	0	0.0007201456304105944	-4.469890117402237	-3.3862119000776807	-0.5041177195131012
18.1	4.7671321747275135	4.7671321747275135	4.7671321747275135	0.09025829939456383	0.0786406861895327	0.030292482770673403	9.514985305036697	7.146085864008643	1.1200563524892668	0	0	0	0.0003684068758414589	0	0.0007201467260464756	-4.469890073286031	-3.386211900078184	-0.5041177297623181
18.2	4.7671321747275135	4.7671321747275135	4.7671321747275135	0.09025829939456358	0.07864068618953239	0.030292482770668268	9.514985305036706	7.146085864008651	1.1200563524893148	0	0	0	0.0003684072712714881	0	0.0007201464629193695	-4.469890083773672	-3.386211900078599	-0.5041177273008897
18.3	4.767132174727514	4.767132174727514	4.767132174727514	0.09025829939456215	0.07864068618953175	0.030292482770658484	9.514985305036745	7.146085864008665	1.1200563524894065	0	0	0	0.00036840797106431306	0	0.0007201459642567273	-4.469890102322245	-3.3862119000792776	-0.5041177226361013
18.4	4.7671321747275135	4.7671321747275135	4.7671321747275135	0.0902582993945621	0.07864068618953401	0.030292482770695944	9.514985305036738	7.1460858640086125	1.1200563524890559	0	0	0	0.00036840497036427777	0	0.0007201478885007782	-4.4698900227276805	-3.386211900080155	-0.5041177406365319
18.5	4.7671321747275135	4.7671321747275135	4.7671321747275135	0.0902582993945623	0.0786406861895351	0.030292482770713988	9.51498530503673	7.1460858640085885	1.1200563524888871	0	0	0	0.00036840353801433746	0	0.0007201488145849393	-4.4698899847363505	-3.3862119000802893	-0.5041177492995874
18.6	4.767132174727514	4.767132174727514	4.767132174727514	0.09025829939456152	0.07864068618953253	0.03029248277067208	9.51498530503676	7.146085864008646	1.1200563524892793	0	0	0	0.00036840684584302165	0	0.0007201466643075755	-4.469890072471022	-3.3862119000789592	-0.5041177291846247
18.7	4.7671321747275135	4.7671321747275135	4.7671321747275135	0.09025829939455932	0.07864068618953413	0.030292482770697397	9.514985305036811	7.146085864008611	1.1200563524890421	0	0	0	0.00036840470190457994	0	0.0007201479686807245	-4.469890015589672	-3.3862119000774493	-0.5041177413865668
18.8	4.7671321747275135	4.7671321747275135	4.7671321747275135	0.09025829939455776	0.0786406861895365	0.03029248277073596	9.514985305036847	7.1460858640085565	1.1200563524886813	0	0	0	0.00036840153527502485	0	0.0007201499517238628	-4.469889931585792	-3.386211900076556	-0.5041177599370908
18.9	4.7671321747275135	4.7671321747275135	4.7671321747275135	0.09025829939455907	0.07864068618953397	0.030292482770694757	9.514985305036818	7.146085864008614	1.120056352489067	0	0	0	0.0003684049003258304	0	0.0007201478335704858	-4.469890020851101	-3.386211900076791	-0.5041177401223439
19	4.7671321747275135	4.7671321747275135	4.7671321747275135	0.0902582993945581	0.0786406861895329	0.03029248277067743	9.514985305036848	7.146085864008638	1.120056352489229	0	0	0	0.00036840623169769233	0	0.0007201469457053754	-4.469890056156421	-3.3862119000779574	-0.5041177318165835
19.1	4.7671321747275135	4.7671321747275135	4.7671321747275135	0.09025829939455582	0.07864068618953422	0.030292482770699174	9.514985305036904	7.146085864008609	1.1200563524890255	0	0	0	0.00036840436782768337	0	0.0007201480660053706	-4.469890006699844	-3.3862119000788296	-0.5041177422966213
19.2	4.7671321747275135	4.7671321747275135	4.7671321747275135	0.09025829939455766	0.07864068618953253	0.03029248277067136	9.51498530503686	7.146085864008648	1.1200563524892857	0	0	0	0.000368406693414434	0	0.0007201466345782136	-4.469890068398257	-3.3862119000781887	-0.5041177289063057
19.3	4.7671321747275135	4.7671321747275135	4.7671321747275135	0.09025829939455778	0.07864068618953163	0.03029248277065675	9.514985305036863	7.146085864008668	1.1200563524894225	0	0	0	0.0003684078664799921	0	0.0007201458846402672	-4.469890099514347	-3.386211900076783	-0.5041177218910304
19.4	4.7671321747275135	4.7671321747275135	4.7671321747275135	0.09025829939455618	0.07864068618953224	0.03029248277066655	9.514985305036902	7.146085864008654	1.1200563524893308	0	0	0	0.0003684069945191627	0	0.0007201463913932603	-4.469890076374625	-3.3862119000759616	-0.5041177266314903
19.5	4.7671321747275135	4.7671321747275135	4.7671321747275135	0.09025829939455811	0.07864068618953109	0.030292482770647795	9.514985305036854	7.14608586400868	1.1200563524895062	0	0	0	0.0003684086004226346	0	0.0007201454242947053	-4.469890118984874	-3.3862119000764315	-0.5041177175844674
19.6	4.7671321747275135	4.7671321747275135	4.7671321747275135	0.09025829939455718	0.07864068618953114	0.030292482770648863	9.514985305036879	7.14608586400868	1.1200563524894962	0	0	0	0.000368408461593113	0	0.0007201454810458825	-4.469890115296842	-3.3862119000771944	-0.5041177181155956
19.7	4.7671321747275135	4.7671321747275135	4.7671321747275135	0.09025829939455506	0.07864068618953189	0.03029248277066161	9.514985305036932	7.146085864008661	1.120056352489377	0	0	0	0.0003684073238038259	0	0.000720146139865021	-4.469890085103417	-3.3862119000778077	-0.504117724278962
19.8	4.7671321747275135	4.7671321747275135	4.7671321747275135	0.09025829939455715	0.07864068618953102	0.0302924827706471	9.51498530503688	7.146085864008681	1.1200563524895126	0	0	0	0.0003684086008990051	0	0.0007201453906397348	-4.469890118993588	-3.386211900078309	-0.5041177172701271
19.9	4.767132174727514	4.767132174727514	4.767132174727514	0.09025829939455494	0.07864068618953146	0.030292482770654928	9.514985305036937	7.146085864008672	1.1200563524894396	0	0	0	0.0003684078498895833	0	0.0007201457962436835	-4.469890099054646	-3.3862119000786883	-0.5041177210642044
20	4.7671321747275135	4.7671321747275135	4.7671321747275135	0.09025829939454966	0.07864068618953303	0.030292482770681813	9.51498530503707	7.1460858640086355	1.1200563524891882	0	0	0	0.00036840540381277053	0	0.0007201471871703113	-4.469890034131692	-3.3862119000789743	-0.5041177340757358
20.1	4.7671321747275135	4.7671321747275135	4.7671321747275135	0.09025829939455025	0.07864068618953284	0.030292482770678777	9.514985305037056	7.146085864008639	1.1200563524892164	0	0	0	0.0003684056804600189	0	0.0007201470301617447	-4.469890041473383	-3.386211900079221	-0.504117732606867
20.2	4.7671321747275135	4.7671321747275135	4.7671321747275135	0.09025829939455247	0.07864068618953185	0.03029248277066186	9.514985305037001	7.146085864008662	1.120056352489375	0	0	0	0.0003684071624001435	0	0.0007201461562058759	-4.469890080797656	-3.3862119000796835	-0.5041177244313152
20.3	4.7671321747275135	4.7671321747275135	4.7671321747275135	0.09025829939454234	0.07864068618953429	0.030292482770702414	9.514985305037262	7.146085864008607	1.1200563524889955	0	0	0	0.0003684033648528664	0	0.0007201482552578826	-4.469889979990953	-3.386211900080348	-0.5041177440675272
20.4	4.7671321747275135	4.7671321747275135	4.7671321747275135	0.09025829939453654	0.07864068618953575	0.030292482770726985	9.514985305037412	7.146085864008574	1.1200563524887657	0	0	0	0.0003684010826010533	0	0.0007201495267536084	-4.469889919410201	-3.386211900080384	-0.5041177559621618
20.5	4.7671321747275135	4.7671321747275135	4.7671321747275135	0.09025829939454769	0.07864068618953288	0.030292482770678458	9.514985305037124	7.14608586400864	1.1200563524892195	0	0	0	0.0003684055758799993	0	0.0007201470159938077	-4.46989003867728	-3.386211900079305	-0.5041177324746885
20.6	4.7671321747275135	4.7671321747275135	4.7671321747275135	0.09025829939454386	0.07864068618953328	0.030292482770686375	9.514985305037227	7.146085864008631	1.1200563524891454	0	0	0	0.00036840472839573497	0	0.000720147430002603	-4.469890016167969	-3.38621190007959	-0.5041177363473134
20.7	4.7671321747275135	4.7671321747275135	4.7671321747275135	0.09025829939453596	0.07864068618953483	0.030292482770713454	9.514985305037431	7.146085864008596	1.120056352488892	0	0	0	0.00036840212678179105	0	0.0007201488346525479	-4.46988994710025	-3.3862119000802298	-0.5041177494871952
20.8	4.7671321747275135	4.7671321747275135	4.7671321747275135	0.09025829939454637	0.07864068618953261	0.030292482770675203	9.514985305037165	7.146085864008645	1.1200563524892502	0	0	0	0.0003684057603755757	0	0.0007201468517526286	-4.469890043559193	-3.3862119000792887	-0.5041177309380063
20.9	4.767132174727514	4.767132174727514	4.767132174727514	0.09025829939454875	0.07864068618953186	0.030292482770662234	9.5149853050371	7.146085864008663	1.1200563524893716	0	0	0	0.0003684069312003359	0	0.0007201461819286336	-4.46989007463226	-3.3862119000777033	-0.5041177246723383
21	4.7671321747275135	4.7671321747275135	4.7671321747275135	0.09025829939454526	0.0786406861895324	0.030292482770671467	9.514985305037193	7.14608586400865	1.120056352489285	0	0	0	0.00036840600224366776	0	0.0007201466628609193	-4.469890049965386	-3.386211900076832	-0.5041177291715606
21.1	4.7671321747275135	4.7671321747275135	4.7671321747275135	0.09025829939455245	0.07864068618953103	0.030292482770648114	9.514985305037005	7.146085864008682	1.1200563524895037	0	0	0	0.00036840826499531494	0	0.0007201454504137432	-4.469890110040995	-3.3862119000772455	-0.5041177178296935
21.2	4.7671321747275135	4.7671321747275135	4.7671321747275135	0.09025829939455178	0.07864068618953102	0.030292482770647642	9.514985305037024	7.146085864008682	1.120056352489508	0	0	0	0.00036840826720679085	0	0.0007201454274319983	-4.469890110095273	-3.386211900077799	-0.5041177176150251
21.3	4.7671321747275135	4.7671321747275135	4.7671321747275135	0.09025829939454913	0.07864068618953142	0.03029248277065441	9.514985305037095	7.146085864008672	1.1200563524894447	0	0	0	0.0003684075808209004	0	0.0007201457799100181	-4.4698900918682405	-3.3862119000782394	-0.5041177209125002
21.4	4.7671321747275135	4.7671321747275135	4.7671321747275135	0.09025829939455414	0.07864068618953057	0.03029248277063986	9.514985305036962	7.1460858640086915	1.1200563524895808	0	0	0	0.00036840901878549615	0	0.000720145023540365	-4.469890130047496	-3.386211900078648	-0.5041177138366107
21.5	4.7671321747275135	4.7671321747275135	4.7671321747275135	0.09025829939454957	0.07864068618953117	0.030292482770650053	9.514985305037083	7.146085864008679	1.1200563524894855	0	0	0	0.00036840795382877514	0	0.0007201455547920055	-4.469890101766963	-3.386211900078972	-0.5041177188060668
21.6	4.7671321747275135	4.7671321747275135	4.7671321747275135	0.09025829939454362	0.07864068618953204	0.030292482770664788	9.514985305037237	7.146085864008659	1.1200563524893477	0	0	0	0.00036840644769080874	0	0.0007201463223836127	-4.469890061774475	-3.3862119000792275	-0.5041177259865708
21.7	4.7671321747275135	4.7671321747275135	4.7671321747275135	0.09025829939454967	0.07864068618953114	0.030292482770649547	9.51498530503708	7.14608586400868	1.1200563524894902	0	0	0	0.00036840799806191183	0	0.0007201455287144193	-4.469890102945559	-3.3862119000794375	-0.504117718562105
21.8	4.7671321747275135	4.7671321747275135	4.7671321747275135	0.09025829939454416	0.0786406861895318	0.030292482770660212	9.514985305037223	7.146085864008664	1.1200563524893903	0	0	0	0.0003684068379419789	0	0.0007201460869585513	-4.4698900721304815	-3.386211900079005	-0.5041177237841565
21.9	4.7671321747275135	4.7671321747275135	4.7671321747275135	0.09025829939452848	0.07864068618953393	0.03029248277069547	9.514985305037634	7.146085864008616	1.1200563524890605	0	0	0	0.00036840315216654835	0	0.0007201479263500791	-4.46988997424426	-3.3862119000779574	-0.5041177409907999
22	4.7671321747275135	4.7671321747275135	4.7671321747275135	0.09025829939452717	0.07864068618953411	0.030292482770698594	9.514985305037667	7.146085864008612	1.1200563524890312	0	0	0	0.00036840282961005447	0	0.0007201480892957771	-4.4698899656776225	-3.3862119000767765	-0.5041177425150067
22.1	4.7671321747275135	4.7671321747275135	4.7671321747275135	0.09025829939454089	0.07864068618953213	0.030292482770665683	9.514985305037309	7.146085864008656	1.1200563524893392	0	0	0	0.00036840622030329036	0	0.0007201463740376958	-4.469890055721808	-3.386211900076355	-0.5041177264695144
22.2	4.7671321747275135	4.7671321747275135	4.7671321747275135	0.09025829939452427	0.07864068618953408	0.030292482770698046	9.514985305037746	7.146085864008612	1.1200563524890363	0	0	0	0.000368402718407467	0	0.0007201480659863612	-4.469889962710391	-3.3862119000774564	-0.5041177422972501
22.3	4.7671321747275135	4.7671321747275135	4.7671321747275135	0.09025829939451191	0.07864068618953562	0.03029248277072327	9.514985305038069	7.146085864008576	1.1200563524888	0	0	0	0.0003684000227647895	0	0.000720149383553877	-4.469889891115826	-3.3862119000784	-0.5041177546227495
22.4	4.7671321747275135	4.7671321747275135	4.7671321747275135	0.09025829939453486	0.07864068618953271	0.03029248277067539	9.514985305037468	7.146085864008642	1.1200563524892482	0	0	0	0.00036840511534273323	0	0.0007201468832359774	-4.4698900263682715	-3.3862119000777744	-0.5041177312332712
22.5	4.767132174727513	4.767132174727513	4.767132174727513	0.09025829939453561	0.07864068618953249	0.03029248277067092	9.514985305037449	7.146085864008647	1.12005635248929	0	0	0	0.0003684055103790755	0	0.0007201466525672002	-4.469890036849232	-3.3862119000780173	-0.5041177290758664
22.6	4.7671321747275135	4.7671321747275135	4.7671321747275135	0.09025829939452902	0.07864068618953321	0.03029248277068266	9.514985305037623	7.146085864008631	1.1200563524891802	0	0	0	0.00036840420554708355	0	0.00072014726778327	-4.469890002187217	-3.38621190007889	-0.5041177348313964
22.7	4.7671321747275135	4.7671321747275135	4.7671321747275135	0.09025829939454456	0.07864068618953136	0.030292482770652468	9.514985305037214	7.146085864008673	1.1200563524894627	0	0	0	0.00036840747957532933	0	0.0007201456886695573	-4.46989008915068	-3.386211900079299	-0.5041177200593547
22.8	4.7671321747275135	4.7671321747275135	4.7671321747275135	0.09025829939454533	0.0786406861895312	0.030292482770649422	9.514985305037195	7.146085864008677	1.1200563524894915	0	0	0	0.00036840776583672857	0	0.000720145530746081	-4.469890096752607	-3.3862119000794966	-0.5041177185819998
22.9	4.7671321747275135	4.7671321747275135	4.7671321747275135	0.0902582993945433	0.0786406861895314	0.030292482770652485	9.51498530503725	7.146085864008672	1.1200563524894627	0	0	0	0.0003684074107988279	0	0.0007201456917447775	-4.4698900873226926	-3.3862119000796573	-0.5041177200878992
23	4.7671321747275135	4.7671321747275135	4.7671321747275135	0.09025829939455134	0.07864068618953049	0.03029248277063782	9.514985305037039	7.146085864008694	1.1200563524896	0	0	0	0.00036840902525309935	0	0.0007201449237032253	-4.469890130207817	-3.3862119000798225	-0.5041177129027841
23.1	4.7671321747275135	4.7671321747275135	4.7671321747275135	0.09025829939454645	0.07864068618953093	0.030292482770645272	9.514985305037166	7.1460858640086835	1.1200563524895302	0	0	0	0.000368408160563276	0	0.0007201453142037525	-4.469890107234971	-3.386211900079996	-0.5041177165557676
23.2	4.7671321747275135	4.7671321747275135	4.7671321747275135	0.09025829939454276	0.0786406861895313	0.030292482770651254	9.514985305037264	7.146085864008675	1.1200563524894742	0	0	0	0.0003684074789084164	0	0.0007201456279323161	-4.46989008912623	-3.3862119000801356	-0.5041177194907052
23.3	4.7671321747275135	4.7671321747275135	4.7671321747275135	0.09025829939454985	0.07864068618953057	0.030292482770639104	9.514985305037078	7.146085864008693	1.120056352489588	0	0	0	0.00036840884064488994	0	0.0007201449917186301	-4.469890125300144	-3.386211900080199	-0.50411771353909
23.4	4.7671321747275135	4.7671321747275135	4.7671321747275135	0.09025829939453832	0.07864068618953166	0.03029248277065631	9.514985305037383	7.146085864008668	1.120056352489427	0	0	0	0.00036840682662566684	0	0.0007201458967007702	-4.469890071788317	-3.3862119000801965	-0.5041177220044969
23.5	4.7671321747275135	4.7671321747275135	4.7671321747275135	0.09025829939452483	0.07864068618953295	0.0302924827706771	9.514985305037737	7.146085864008638	1.1200563524892322	0	0	0	0.00036840441919381943	0	0.0007201469891300213	-4.4698900078261765	-3.386211900080179	-0.5041177322233859
23.6	4.7671321747275135	4.7671321747275135	4.7671321747275135	0.09025829939453452	0.078640686189532	0.030292482770662158	9.514985305037484	7.14608586400866	1.120056352489372	0	0	0	0.0003684061489873205	0	0.0007201462041537732	-4.469890053782286	-3.3862119000802005	-0.5041177248801306
23.7	4.767132174727514	4.767132174727514	4.767132174727514	0.09025829939453227	0.07864068618953209	0.03029248277066359	9.514985305037543	7.146085864008658	1.1200563524893588	0	0	0	0.0003684059097848756	0	0.0007201462813758464	-4.469890047421184	-3.3862119000806548	-0.5041177256025637
23.8	4.7671321747275135	4.7671321747275135	4.7671321747275135	0.09025829939450361	0.07864068618953463	0.0302924827707047	9.514985305038298	7.146085864008599	1.1200563524889737	0	0	0	0.0003684010371851923	0	0.0007201484443026154	-4.46988991795716	-3.386211900081232	-0.5041177458358477
23.9	4.767132174727514	4.767132174727514	4.767132174727514	0.09025829939449591	0.07864068618953533	0.030292482770715952	9.514985305038499	7.146085864008584	1.1200563524888685	0	0	0	0.00036839971200804887	0	0.0007201490358150473	-4.469889882747257	-3.3862119000810016	-0.5041177513690294
24	4.7671321747275135	4.7671321747275135	4.7671321747275135	0.09025829939453346	0.07864068618953193	0.03029248277066134	9.514985305037511	7.146085864008661	1.1200563524893796	0	0	0	0.0003684061555015799	0	0.0007201461633970401	-4.4698900539448925	-3.386211900079917	-0.5041177244984348
