0	4.7671321747275135	4.7671321747275135	4.7671321747275135	0.09025829939456088	0.07864068618952942	0.03029248277062086	9.514985305036792	7.146085864008718	1.1200563524897587	0	0	0	0	0	0	0	0	0
0.1	4.7671321747275135	4.7671321747275135	4.7671321747275135	0.09025829939456088	0.07864068618952942	0.030292482770620858	9.514985305036792	7.146085864008718	1.1200563524897587	0	0	0	-0.005568639129605414	-0.004878483964223133	-0.0018224394519587698	-0.9252587589062566	-0.6950768943480145	-0.10879223108495943
0.2	4.7671321747275135	4.7671321747275135	4.7671321747275135	0.09025829939456087	0.07864068618952944	0.030292482770620858	9.514985305036792	7.146085864008718	1.1200563524897587	0	0	0	-0.007478651880945644	-0.006593936977885127	-0.0023734989315028557	-1.7419240603361645	-1.309292957846795	-0.20430504398846527
0.3	4.7671321747275135	4.7671321747275135	4.7671321747275135	0.0902582993945609	0.07864068618952942	0.030292482770620858	9.514985305036792	7.146085864008718	1.1200563524897587	0	0	0	-0.008109479329842262	-0.007197124683775532	-0.0024905477599275415	-2.4260402529194423	-1.8247196483374566	-0.2836698763126099
0.4	4.7671321747275135	4.7671321747275135	4.7671321747275135	0.0902582993945609	0.07864068618952944	0.030292482770620858	9.514985305036792	7.146085864008719	1.1200563524897587	0	0	0	-0.008297908157318477	-0.007409229842659434	-0.0024681777730639815	-2.987285983659036	-2.2484371262852654	-0.3481557985192583
0.5	4.7671321747275135	4.7671321747275135	4.7671321747275135	0.09025829939456088	0.07864068618952944	0.030292482770620858	9.514985305036792	7.146085864008718	1.1200563524897587	0	0	0	-0.00833719583150486	-0.007483811961887804	-0.0024083715621398393	-3.4437130506190257	-2.5937745443099933	-0.40004696902751324
0.6	4.7671321747275135	4.7671321747275135	4.7671321747275135	0.09025829939456088	0.07864068618952944	0.03029248277062086	9.514985305036792	7.146085864008718	1.1200563524897587	0	0	0	-0.008329372116873752	-0.0075100406318369265	-0.0023451102574709973	-3.8135096592317907	-2.8741963989469888	-0.44162216933467213
0.7	4.767132174727514	4.767132174727514	4.767132174727514	0.0902582993945609	0.07864068618952944	0.03029248277062086	9.514985305036792	7.146085864008718	1.1200563524897587	0	0	0	-0.008309304682680714	-0.007519264683801069	-0.0022886065209144326	-4.11263733924035	-3.10154433050335	-0.4748646368370772
0.8	4.7671321747275135	4.7671321747275135	4.7671321747275135	0.0902582993945609	0.07864068618952944	0.030292482770620858	9.514985305036792	7.146085864008718	1.1200563524897587	0	0	0	-0.008288405920263756	-0.007522504404900602	-0.002240973303176352	-4.354434263734359	-3.2857357592246355	-0.5014172893997499
0.9	4.7671321747275135	4.7671321747275135	4.7671321747275135	0.0902582993945609	0.07864068618952944	0.03029248277062086	9.514985305036792	7.146085864008718	1.1200563524897587	0	0	0	-0.00827000567448752	-0.007523641680882209	-0.002201734522221618	-4.549832556278586	-3.434917993577431	-0.5226142381850053
1	4.7671321747275135	4.7671321747275135	4.7671321747275135	0.0902582993945609	0.07864068618952944	0.030292482770620858	9.514985305036793	7.146085864008718	1.1200563524897587	0	0	0	-0.008254715595875548	-0.0075240397143069284	-0.002169724992327268	-4.707710528600775	-3.5557235638294924	-0.5395283726406356
1.1	4.7671321747275135	4.7671321747275135	4.7671321747275135	0.0902582993945609	0.07864068618952941	0.030292482770620854	9.514985305036792	7.146085864008718	1.1200563524897587	0	0	0	-0.008242303491164038	-0.007524181213013741	-0.002143719265821079	-4.835290532696445	-3.6535607674268857	-0.5530237767477342
1.2	4.7671321747275135	4.7671321747275135	4.7671321747275135	0.09025829939456087	0.07864068618952942	0.030292482770620854	9.514985305036792	7.146085864008718	1.1200563524897587	0	0	0	-0.008232326862324557	-0.007524231581141447	-0.0021226312167209153	-4.938375651935929	-3.7327860470121195	-0.5637872267444618
1.3	4.7671321747275135	4.7671321747275135	4.7671321747275135	0.09025829939456087	0.07864068618952942	0.03029248277062085	9.514985305036792	7.146085864008718	1.1200563524897587	0	0	0	-0.008224343729536596	-0.007524248294177729	-0.0021055476722023473	-5.021651194717022	-3.796925104645008	-0.5723673580035495
1.4	4.7671321747275135	4.7671321747275135	4.7671321747275135	0.09025829939456087	0.07864068618952941	0.030292482770620854	9.514985305036792	7.146085864008718	1.1200563524897587	0	0	0	-0.008217968454720413	-0.00752425575290232	-0.002091706882120333	-5.088962976978966	-3.848878543150354	-0.5792098244744707
1.5	4.7671321747275135	4.7671321747275135	4.7671321747275135	0.09025829939456086	0.0786406861895294	0.030292482770620854	9.514985305036792	7.146085864008719	1.1200563524897587	0	0	0	-0.00821288391412323	-0.007524258029249289	-0.002080501625965028	-5.143334246551162	-3.890932569648279	-0.5846606347607594
1.6	4.7671321747275135	4.7671321747275135	4.7671321747275135	0.09025829939456088	0.07864068618952941	0.030292482770620858	9.514985305036792	7.146085864008719	1.1200563524897587	0	0	0	-0.008208830099455663	-0.007524259366312778	-0.0020714263740379815	-5.187278083942674	-3.9249915716935093	-0.5890045058078079
1.7	4.7671321747275135	4.7671321747275135	4.7671321747275135	0.09025829939456087	0.07864068618952941	0.030292482770620858	9.514985305036792	7.146085864008718	1.1200563524897587	0	0	0	-0.008205598579703332	-0.0075242598031032065	-0.0020640761675611375	-5.222795273422502	-3.9525754473838703	-0.5924653464119051
1.8	4.7671321747275135	4.7671321747275135	4.7671321747275135	0.09025829939456087	0.07864068618952941	0.030292482770620854	9.514985305036792	7.146085864008719	1.1200563524897587	0	0	0	-0.008203026744428592	-0.00752426004701097	-0.0020581289283826236	-5.251474449084922	-3.974894050586134	-0.5952186377933786
1.9	4.7671321747275135	4.7671321747275135	4.7671321747275135	0.09025829939456087	0.07864068618952944	0.03029248277062085	9.514985305036792	7.146085864008718	1.1200563524897587	0	0	0	-0.008200974962660057	-0.007524260185194783	-0.0020533063482026767	-5.274685064945092	-3.992991968341876	-0.5974143809861868
2	4.7671321747275135	4.7671321747275135	4.7671321747275135	0.09025829939456086	0.07864068618952944	0.03029248277062085	9.514985305036792	7.146085864008718	1.1200563524897587	0	0	0	-0.008199344842885812	-0.007524260202858914	-0.00204940799089635	-5.293409721739851	-4.007621354333552	-0.5991581323050101
2.1	4.7671321747275135	4.7671321747275135	4.7671321747275135	0.09025829939456087	0.07864068618952944	0.030292482770620858	9.514985305036792	7.146085864008718	1.1200563524897587	0	0	0	-0.008198045370040648	-0.0075242602763460845	-0.002046247207258884	-5.308563191866847	-4.019482933909225	-0.6005477658924897
2.2	4.7671321747275135	4.7671321747275135	4.7671321747275135	0.09025829939456087	0.07864068618952944	0.030292482770620854	9.514985305036792	7.146085864008718	1.1200563524897587	0	0	0	-0.008197011181803816	-0.007524260274466401	-0.0020436874402478718	-5.320811978978416	-4.029088963546678	-0.6016532184120195
2.3	4.7671321747275135	4.7671321747275135	4.7671321747275135	0.09025829939456088	0.07864068618952944	0.030292482770620854	9.514985305036792	7.146085864008718	1.1200563524897587	0	0	0	-0.008196190745489145	-0.007524260279504569	-0.0020416190279627946	-5.330690551311444	-4.0368510949791805	-0.6025298446953231
2.4	4.7671321747275135	4.7671321747275135	4.7671321747275135	0.09025829939456088	0.07864068618952944	0.030292482770620854	9.514985305036792	7.146085864008718	1.1200563524897587	0	0	0	-0.008195536120156641	-0.007524260304099957	-0.0020399395339498463	-5.338697662198718	-4.043153764486063	-0.6032290576932309
2.5	4.7671321747275135	4.7671321747275135	4.7671321747275135	0.09025829939456091	0.07864068618952945	0.030292482770620865	9.514985305036792	7.146085864008718	1.1200563524897587	0	0	0	-0.008195016136865556	-0.0075242602825023475	-0.002038580437978048	-5.345165382109161	-4.04825401068959	-0.6037841723996255
2.6	4.7671321747275135	4.7671321747275135	4.7671321747275135	0.09025829939456093	0.07864068618952945	0.030292482770620865	9.514985305036792	7.146085864008718	1.1200563524897587	0	0	0	-0.00819460444661138	-0.007524260280175025	-0.0020374830146796604	-5.350378203368787	-4.052372303894729	-0.6042234956820232
2.7	4.7671321747275135	4.7671321747275135	4.7671321747275135	0.09025829939456091	0.07864068618952944	0.030292482770620858	9.51498530503679	7.146085864008718	1.1200563524897587	0	0	0	-0.008194276040628605	-0.0075242602973673465	-0.0020365913969631914	-5.35460649677163	-4.055718300689552	-0.6045738170026934
2.8	4.7671321747275135	4.7671321747275135	4.7671321747275135	0.09025829939456098	0.07864068618952946	0.030292482770620865	9.514985305036788	7.146085864008718	1.1200563524897587	0	0	0	-0.008194014984042543	-0.007524260246768935	-0.0020358689134751832	-5.358026794294256	-4.058429499380064	-0.6048520872767795
2.9	4.7671321747275135	4.7671321747275135	4.7671321747275135	0.09025829939456101	0.07864068618952949	0.03029248277062087	9.514985305036786	7.146085864008716	1.1200563524897587	0	0	0	-0.008193808873801533	-0.007524260209365812	-0.0020352862834281268	-5.36078008251518	-4.060615885535061	-0.6050716767947854
3	4.7671321747275135	4.7671321747275135	4.7671321747275135	0.09025829939456097	0.07864068618952948	0.03029248277062086	9.514985305036788	7.146085864008717	1.1200563524897587	0	0	0	-0.008193645330926196	-0.007524260256780783	-0.0020348143055458723	-5.36300695405979	-4.062387136114303	-0.6052459190641167
3.1	4.7671321747275135	4.7671321747275135	4.7671321747275135	0.09025829939456109	0.07864068618952948	0.030292482770620893	9.514985305036788	7.146085864008718	1.1200563524897584	0	0	0	-0.008193514532050113	-0.007524260113591087	-0.002034430023261233	-5.364817108075631	-4.063829071878083	-0.6053849927130069
3.2	4.7671321747275135	4.7671321747275135	4.7671321747275135	0.09025829939456129	0.07864068618952948	0.030292482770620938	9.514985305036781	7.146085864008717	1.1200563524897578	0	0	0	-0.008193411004550807	-0.007524259854553744	-0.0020341195466262755	-5.366276977992659	-4.064993898691304	-0.6054948339642429
3.3	4.7671321747275135	4.7671321747275135	4.7671321747275135	0.09025829939456137	0.07864068618952948	0.030292482770620955	9.514985305036777	7.146085864008717	1.1200563524897575	0	0	0	-0.008193329685424302	-0.007524259744791994	-0.002033869577612558	-5.367450484097916	-4.065931828224396	-0.6055811683892331
3.4	4.7671321747275135	4.7671321747275135	4.7671321747275135	0.09025829939456123	0.07864068618952948	0.030292482770620927	9.514985305036785	7.146085864008717	1.120056352489758	0	0	0	-0.008193265404157784	-0.007524259923518856	-0.002033666848703372	-5.3684012246528985	-4.066692823725804	-0.6056496883825742
3.5	4.7671321747275135	4.7671321747275135	4.7671321747275135	0.09025829939456266	0.0786406861895298	0.030292482770621236	9.514985305036744	7.14608586400871	1.120056352489755	0	0	0	-0.008193212043533436	-0.0075242582810188694	-0.0020335009252282752	-5.36917602246691	-4.067313807192434	-0.6057044497673436
3.6	4.7671321747275135	4.7671321747275135	4.7671321747275135	0.09025829939456513	0.07864068618953036	0.03029248277062176	9.514985305036678	7.146085864008697	1.12005635248975	0	0	0	-0.008193168276697272	-0.007524255477012472	-0.0020333664017896168	-5.369801317184204	-4.067815726990024	-0.6057476369256802
3.7	4.7671321747275135	4.7671321747275135	4.7671321747275135	0.09025829939456687	0.07864068618953075	0.030292482770622128	9.514985305036632	7.146085864008689	1.1200563524897464	0	0	0	-0.008193134263605979	-0.007524253497640253	-0.0020332583840380726	-5.370302929737226	-4.068219017775944	-0.605781403872862
3.8	4.767132174727514	4.767132174727514	4.767132174727514	0.09025829939456613	0.0786406861895306	0.030292482770621975	9.514985305036651	7.146085864008693	1.120056352489748	0	0	0	-0.008193110164216243	-0.0075242543290428105	-0.0020331719776243164	-5.370706681058417	-4.068544114207564	-0.6058079046241668
3.9	4.7671321747275135	4.7671321747275135	4.7671321747275135	0.09025829939456478	0.0786406861895303	0.030292482770621687	9.514985305036687	7.1460858640086995	1.1200563524897507	0	0	0	-0.00819309182582516	-0.0075242558504013245	-0.0020331016196091798	-5.371036505214989	-4.068809974591206	-0.6058291179945566
4	4.7671321747275135	4.7671321747275135	4.7671321747275135	0.0902582993945711	0.07864068618953172	0.030292482770623	9.514985305036518	7.1460858640086675	1.1200563524897382	0	0	0	-0.008193068076514121	-0.007524248596040226	-0.0020330422968057073	-5.371304322536657	-4.0690261219742245	-0.6058459421851992
4.1	4.7671321747275135	4.7671321747275135	4.7671321747275135	0.09025829939457747	0.07864068618953313	0.030292482770624334	9.514985305036348	7.146085864008635	1.1200563524897258	0	0	0	-0.00819304766155801	-0.007524241271528678	-0.002032994057837226	-5.371519989660995	-4.069200422177754	-0.6058591258311797
4.2	4.7671321747275135	4.7671321747275135	4.7671321747275135	0.09025829939457494	0.07864068618953256	0.030292482770623803	9.514985305036413	7.146085864008647	1.1200563524897307	0	0	0	-0.008193041039892794	-0.007524244180473663	-0.0020329573010381807	-5.371693654130745	-4.069340966827349	-0.6058694463692375
4.3	4.7671321747275135	4.7671321747275135	4.7671321747275135	0.09025829939457558	0.07864068618953275	0.030292482770623904	9.514985305036396	7.1460858640086435	1.1200563524897298	0	0	0	-0.008193032507306002	-0.00752424336701123	-0.002032926922425202	-5.371835112233253	-4.069455573877556	-0.6058776461976081
4.4	4.7671321747275135	4.7671321747275135	4.7671321747275135	0.09025829939459712	0.07864068618953765	0.03029248277062834	9.51498530503582	7.146085864008529	1.1200563524896878	0	0	0	-0.008192999512376837	-0.007524218362939531	-0.0020328968051938315	-5.371950267809442	-4.069548973662573	-0.6058841494205901
4.5	4.7671321747275135	4.7671321747275135	4.7671321747275135	0.09025829939461301	0.07864068618954126	0.030292482770631627	9.514985305035397	7.146085864008445	1.1200563524896567	0	0	0	-0.008192974884673335	-0.007524199927982982	-0.0020328728024451986	-5.372042896098237	-4.069624196565046	-0.6058892206996207
4.6	4.7671321747275135	4.7671321747275135	4.7671321747275135	0.09025829939459619	0.07864068618953744	0.030292482770628168	9.514985305035845	7.146085864008534	1.1200563524896896	0	0	0	-0.008192992124001956	-0.0075242194406464164	-0.0020328609164676384	-5.372116765392412	-4.069684267334764	-0.6058931242786909
4.7	4.7671321747275135	4.7671321747275135	4.7671321747275135	0.09025829939459226	0.07864068618953661	0.030292482770627238	9.514985305035948	7.146085864008553	1.1200563524896983	0	0	0	-0.008192993961372701	-0.007524223693124068	-0.002032849481255568	-5.372177187619532	-4.069733452427445	-0.6058962266823553
4.8	4.7671321747275135	4.7671321747275135	4.7671321747275135	0.09025829939461529	0.07864068618954197	0.030292482770631807	9.514985305035333	7.14608586400843	1.1200563524896552	0	0	0	-0.008192962802256058	-0.007524196591027638	-0.002032834030652374	-5.372226854605506	-4.069773916866142	-0.6058987097843404
4.9	4.7671321747275135	4.7671321747275135	4.7671321747275135	0.09025829939461409	0.07864068618954169	0.030292482770631565	9.514985305035365	7.146085864008437	1.1200563524896574	0	0	0	-0.008192962488480306	-0.0075241979891070305	-0.0020328257296158146	-5.372266252435543	-4.069806053978036	-0.6059006046471628
5	4.7671321747275135	4.7671321747275135	4.7671321747275135	0.09025829939458489	0.07864068618953497	0.03029248277062567	9.514985305036147	7.146085864008591	1.1200563524897131	0	0	0	-0.008192997620100844	-0.007524232184834702	-0.002032825451621413	-5.372297288440296	-4.0698314049940025	-0.6059020302910855
5.1	4.7671321747275135	4.7671321747275135	4.7671321747275135	0.09025829939458406	0.0786406861895348	0.030292482770625427	9.51498530503617	7.146085864008595	1.1200563524897156	0	0	0	-0.008192997523189374	-0.007524233016592116	-0.0020328204617016702	-5.372323146749385	-4.0698525412101	-0.605903186082682
5.2	4.7671321747275135	4.7671321747275135	4.7671321747275135	0.09025829939457719	0.07864068618953322	0.030292482770624064	9.514985305036351	7.146085864008631	1.1200563524897282	0	0	0	-0.008193005252519899	-0.0075242410897813335	-0.0020328173368743246	-5.372343831043803	-4.069869464205925	-0.6059040756063849
5.3	4.7671321747275135	4.7671321747275135	4.7671321747275135	0.09025829939456965	0.07864068618953148	0.030292482770622572	9.514985305036552	7.146085864008672	1.1200563524897424	0	0	0	-0.00819301401269955	-0.007524249951855259	-0.002032815245013047	-5.3723605369053615	-4.069883144994123	-0.6059047652794617
5.4	4.7671321747275135	4.7671321747275135	4.7671321747275135	0.09025829939457003	0.07864068618953159	0.03029248277062263	9.514985305036543	7.14608586400867	1.120056352489742	0	0	0	-0.008193012975196293	-0.0075242494357046115	-0.0020328123274841914	-5.372374246780616	-4.069894380868369	-0.6059053108180789
5.5	4.7671321747275135	4.7671321747275135	4.7671321747275135	0.09025829939456564	0.07864068618953055	0.03029248277062178	9.51498530503666	7.146085864008693	1.12005635248975	0	0	0	-0.008193018101270011	-0.007524254672301377	-0.002032810664243801	-5.372385182683451	-4.069903351103947	-0.6059057269487856
5.6	4.7671321747275135	4.7671321747275135	4.7671321747275135	0.0902582993945643	0.07864068618953025	0.03029248277062151	9.514985305036697	7.1460858640086995	1.1200563524897522	0	0	0	-0.00819301945280565	-0.0075242562395108955	-0.002032808994969295	-5.372394117633289	-4.069910685685134	-0.605906052463647
5.7	4.7671321747275135	4.7671321747275135	4.7671321747275135	0.09025829939456421	0.07864068618953024	0.03029248277062149	9.514985305036697	7.1460858640086995	1.1200563524897524	0	0	0	-0.008193019312556234	-0.007524256332147841	-0.00203280745527204	-5.3724013651779705	-4.069916639552309	-0.6059063046033065
5.8	4.7671321747275135	4.7671321747275135	4.7671321747275135	0.09025829939456412	0.07864068618953021	0.030292482770621465	9.514985305036703	7.1460858640087	1.1200563524897527	0	0	0	-0.008193019230735947	-0.007524256423649189	-0.0020328062548434006	-5.372407244081607	-4.069921472625593	-0.6059064991231145
5.9	4.7671321747275135	4.7671321747275135	4.7671321747275135	0.09025829939456964	0.07864068618953154	0.030292482770622516	9.514985305036554	7.14608586400867	1.120056352489743	0	0	0	-0.008193011927759335	-0.007524249581542802	-0.0020328046612597315	-5.372412201029184	-4.06992555049342	-0.6059066550282023
6	4.7671321747275135	4.7671321747275135	4.7671321747275135	0.09025829939457475	0.0786406861895328	0.03029248277062348	9.514985305036417	7.146085864008641	1.1200563524897338	0	0	0	-0.008193005271928561	-0.007524243329358457	-0.002032803285462455	-5.372416213547969	-4.069928853615246	-0.605906774538458
6.1	4.7671321747275135	4.7671321747275135	4.7671321747275135	0.0902582993945726	0.07864068618953228	0.03029248277062308	9.514985305036475	7.146085864008653	1.1200563524897378	0	0	0	-0.008193007949068245	-0.007524245970433891	-0.002032802813782079	-5.37241923648829	-4.0699313438231925	-0.6059068590865437
6.2	4.7671321747275135	4.7671321747275135	4.7671321747275135	0.09025829939456878	0.07864068618953134	0.030292482770622325	9.514985305036577	7.146085864008675	1.1200563524897447	0	0	0	-0.008193012782904784	-0.007524250635835576	-0.0020328028072320484	-5.372421628014555	-4.069933315449412	-0.605906920429892
6.3	4.7671321747275135	4.7671321747275135	4.7671321747275135	0.09025829939457543	0.07864068618953293	0.03029248277062349	9.5149853050364	7.146085864008639	1.1200563524897338	0	0	0	-0.008193004179693271	-0.007524242425215619	-0.0020328020300927254	-5.372423897438736	-4.069935187497148	-0.6059069745054856
6.4	4.7671321747275135	4.7671321747275135	4.7671321747275135	0.09025829939457858	0.07864068618953367	0.03029248277062405	9.514985305036317	7.146085864008621	1.1200563524897287	0	0	0	-0.008193000099873825	-0.007524238548944341	-0.0020328014696489715	-5.372425651305122	-4.069936634759237	-0.6059070143843557
6.5	4.7671321747275135	4.7671321747275135	4.7671321747275135	0.09025829939457078	0.07864068618953181	0.03029248277062264	9.514985305036525	7.146085864008665	1.120056352489742	0	0	0	-0.008193010085482474	-0.00752424814197982	-0.0020328017738579164	-5.372426719257188	-4.069937516432695	-0.6059070367040148
6.6	4.7671321747275135	4.7671321747275135	4.7671321747275135	0.09025829939457708	0.07864068618953333	0.030292482770623717	9.514985305036356	7.146085864008629	1.1200563524897316	0	0	0	-0.008193001941631167	-0.007524240327216268	-0.0020328015741961445	-5.3724280190041505	-4.069938590594853	-0.6059070580882867
6.7	4.7671321747275135	4.7671321747275135	4.7671321747275135	0.0902582993945849	0.07864068618953521	0.030292482770625087	9.514985305036149	7.146085864008586	1.1200563524897187	0	0	0	-0.00819299185927896	-0.007524230656426671	-0.0020328011987203695	-5.372429161254776	-4.069939534814653	-0.6059070759707564
6.8	4.7671321747275135	4.7671321747275135	4.7671321747275135	0.09025829939457611	0.0786406861895331	0.03029248277062354	9.514985305036383	7.146085864008635	1.1200563524897333	0	0	0	-0.008193003190871967	-0.007524241548825257	-0.0020328013061509114	-5.372429565562093	-4.069939868727768	-0.6059070843039308
6.9	4.7671321747275135	4.7671321747275135	4.7671321747275135	0.09025829939457806	0.07864068618953356	0.030292482770623817	9.514985305036332	7.146085864008624	1.1200563524897305	0	0	0	-0.008193000462666326	-0.007524238925555513	-0.002032801607280661	-5.372430212539534	-4.0699404040822165	-0.6059070888062401
7	4.7671321747275135	4.7671321747275135	4.7671321747275135	0.09025829939459022	0.07864068618953647	0.030292482770625875	9.514985305036008	7.1460858640085565	1.1200563524897111	0	0	0	-0.00819298457355261	-0.007524223659055183	-0.002032801726764434	-5.372431100164602	-4.0699411388568425	-0.6059070935317413
7.1	4.7671321747275135	4.7671321747275135	4.7671321747275135	0.09025829939458697	0.0786406861895357	0.03029248277062532	9.514985305036094	7.146085864008575	1.1200563524897165	0	0	0	-0.00819298878271478	-0.007524227706782244	-0.00203280160978079	-5.3724313624680695	-4.069941355801573	-0.6059070977390266
7.2	4.7671321747275135	4.7671321747275135	4.7671321747275135	0.09025829939457684	0.07864068618953327	0.03029248277062356	9.514985305036364	7.14608586400863	1.120056352489733	0	0	0	-0.008193001874451928	-0.0075242402947113055	-0.002032801759591887	-5.372431317704092	-4.069941318454058	-0.6059070978440579
7.3	4.7671321747275135	4.7671321747275135	4.7671321747275135	0.09025829939458586	0.07864068618953551	0.030292482770625042	9.514985305036122	7.146085864008579	1.120056352489719	0	0	0	-0.00819298991623153	-0.0075242288153309364	-0.0020328023838671267	-5.372431882868757	-4.069941786323127	-0.6059070940365623
7.4	4.7671321747275135	4.7671321747275135	4.7671321747275135	0.09025829939458659	0.07864068618953568	0.030292482770625153	9.514985305036102	7.146085864008575	1.120056352489718	0	0	0	-0.008192988977529366	-0.007524227914136148	-0.002032802410110351	-5.3724321067849985	-4.069941971734213	-0.6059070945962247
7.5	4.767132174727513	4.767132174727513	4.767132174727513	0.09025829939457412	0.07864068618953264	0.030292482770623064	9.514985305036435	7.1460858640086435	1.1200563524897376	0	0	0	-0.008193005302623409	-0.0075242436024652	-0.0020328019771179433	-5.372431832950002	-4.069941744820762	-0.6059070980941428
7.6	4.7671321747275135	4.7671321747275135	4.7671321747275135	0.09025829939457834	0.07864068618953371	0.030292482770623724	9.514985305036323	7.14608586400862	1.1200563524897313	0	0	0	-0.008192999630098369	-0.007524238179234288	-0.002032802582550078	-5.372432114893395	-4.069941977810821	-0.6059070927966127
7.7	4.7671321747275135	4.7671321747275135	4.7671321747275135	0.0902582993945787	0.07864068618953379	0.030292482770623783	9.514985305036316	7.146085864008617	1.1200563524897307	0	0	0	-0.008192999114674535	-0.007524237687203668	-0.0020328026494626627	-5.37243223424581	-4.069942076601964	-0.6059070920548565
7.8	4.7671321747275135	4.7671321747275135	4.7671321747275135	0.09025829939457015	0.0786406861895317	0.03029248277062236	9.514985305036541	7.146085864008665	1.1200563524897442	0	0	0	-0.008193010430221966	-0.007524248547730924	-0.0020328020535437335	-5.3724320183126	-4.0699418979465065	-0.6059070967483908
7.9	4.7671321747275135	4.7671321747275135	4.7671321747275135	0.09025829939457318	0.07864068618953243	0.030292482770622797	9.514985305036461	7.146085864008647	1.1200563524897402	0	0	0	-0.008193006299444484	-0.0075242446159753925	-0.00203280260128695	-5.372432197804848	-4.069942045844193	-0.6059070915205137
8	4.7671321747275135	4.7671321747275135	4.7671321747275135	0.09025829939457326	0.07864068618953246	0.030292482770622804	9.51498530503646	7.146085864008648	1.1200563524897402	0	0	0	-0.008193006164956761	-0.007524244490034749	-0.002032802640279565	-5.372432257469348	-4.06994209518769	-0.6059070907969043
8.1	4.7671321747275135	4.7671321747275135	4.7671321747275135	0.0902582993945687	0.07864068618953134	0.03029248277062205	9.514985305036578	7.146085864008673	1.120056352489747	0	0	0	-0.008193012267211586	-0.007524250343167242	-0.002032802228444036	-5.372432140350623	-4.069941998347824	-0.6059070939417242
8.2	4.7671321747275135	4.7671321747275135	4.7671321747275135	0.09025829939457464	0.07864068618953281	0.030292482770622894	9.51498530503642	7.146085864008639	1.120056352489739	0	0	0	-0.008193004281537165	-0.007524242755342657	-0.0020328032878546114	-5.372432390013492	-4.069942203341088	-0.6059070841011694
8.3	4.7671321747275135	4.7671321747275135	4.7671321747275135	0.09025829939457757	0.07864068618953354	0.030292482770623325	9.514985305036342	7.146085864008622	1.1200563524897351	0	0	0	-0.008193000363199364	-0.007524239025185344	-0.0020328037579262484	-5.372432524202132	-4.069942313748763	-0.605907079569223
8.4	4.767132174727513	4.767132174727513	4.767132174727513	0.09025829939457071	0.07864068618953185	0.030292482770622298	9.514985305036525	7.146085864008661	1.1200563524897447	0	0	0	-0.008193009530599421	-0.007524247772248052	-0.002032802777205325	-5.372432304068956	-4.069942132658066	-0.6059070879193085
8.5	4.7671321747275135	4.7671321747275135	4.7671321747275135	0.09025829939457934	0.07864068618953407	0.030292482770623488	9.514985305036294	7.146085864008611	1.1200563524897333	0	0	0	-0.0081929977476744	-0.007524236646872175	-0.002032804697578121	-5.372432637549106	-4.069942404669054	-0.6059070702977798
8.6	4.7671321747275135	4.7671321747275135	4.7671321747275135	0.09025829939458939	0.07864068618953662	0.0302924827706249	9.514985305036028	7.146085864008551	1.12005635248972	0	0	0	-0.008192984112858582	-0.007524223736346878	-0.0020328067158201413	-5.37243301661862	-4.069942714585015	-0.6059070518913282
8.7	4.7671321747275135	4.7671321747275135	4.7671321747275135	0.09025829939458051	0.07864068618953439	0.030292482770623647	9.514985305036264	7.146085864008602	1.1200563524897318	0	0	0	-0.00819299615665189	-0.007524235140557373	-0.002032804941884519	-5.372432708584333	-4.069942462996664	-0.6059070675943967
8.8	4.7671321747275135	4.7671321747275135	4.7671321747275135	0.09025829939457915	0.07864068618953406	0.03029248277062338	9.514985305036301	7.146085864008612	1.1200563524897345	0	0	0	-0.008192997812721866	-0.007524236814949863	-0.0020328051830558204	-5.372432674782666	-4.069942433121738	-0.6059070650321704
8.9	4.7671321747275135	4.7671321747275135	4.7671321747275135	0.09025829939459239	0.0786406861895374	0.030292482770625146	9.514985305035948	7.146085864008533	1.1200563524897178	0	0	0	-0.00819297957797316	-0.0075242196892448135	-0.0020328085121268436	-5.372433168844879	-4.0699428338126555	-0.6059070346866422
9	4.7671321747275135	4.7671321747275135	4.7671321747275135	0.0902582993945909	0.07864068618953703	0.030292482770624945	9.514985305035987	7.146085864008542	1.1200563524897198	0	0	0	-0.008192981596264406	-0.0075242215873662895	-0.002032808163369591	-5.37243312190086	-4.069942795800776	-0.605907037678969
9.1	4.7671321747275135	4.7671321747275135	4.7671321747275135	0.09025829939457658	0.0786406861895334	0.030292482770622957	9.514985305036369	7.146085864008626	1.1200563524897384	0	0	0	-0.008193001164343381	-0.007524240060728712	-0.002032804992212723	-5.37243260620767	-4.06994237566695	-0.6059070661451091
9.2	4.7671321747275135	4.7671321747275135	4.7671321747275135	0.09025829939458162	0.07864068618953471	0.030292482770623536	9.514985305036236	7.146085864008597	1.1200563524897331	0	0	0	-0.00819299404014087	-0.007524233483305599	-0.002032806715854709	-5.372432800328293	-4.069942530584333	-0.6059070502768316
9.3	4.7671321747275135	4.7671321747275135	4.7671321747275135	0.09025829939458051	0.07864068618953442	0.030292482770623384	9.514985305036266	7.146085864008604	1.1200563524897345	0	0	0	-0.008192995551063063	-0.007524234909155769	-0.002032806475191798	-5.372432763706498	-4.069942500793776	-0.605907052342105
9.4	4.767132174727513	4.767132174727513	4.767132174727513	0.09025829939457089	0.07864068618953199	0.030292482770622128	9.514985305036522	7.146085864008659	1.1200563524897464	0	0	0	-0.008193008831448752	-0.007524247360998896	-0.0020328039784533463	-5.372432412983985	-4.069942216951453	-0.6059070748950179
9.5	4.7671321747275135	4.7671321747275135	4.7671321747275135	0.09025829939457324	0.07864068618953263	0.030292482770622374	9.514985305036458	7.146085864008644	1.1200563524897438	0	0	0	-0.008193005495534667	-0.007524244326994787	-0.002032804916823685	-5.372432504136122	-4.069942288668511	-0.6059070662142014
9.6	4.7671321747275135	4.7671321747275135	4.7671321747275135	0.09025829939457114	0.07864068618953209	0.03029248277062211	9.514985305036515	7.146085864008656	1.1200563524897464	0	0	0	-0.008193008412165742	-0.007524247041276758	-0.0020328043048789156	-5.372432428407273	-4.069942227854593	-0.6059070717178866
9.7	4.7671321747275135	4.7671321747275135	4.7671321747275135	0.09025829939456789	0.07864068618953128	0.030292482770621694	9.514985305036602	7.1460858640086755	1.1200563524897504	0	0	0	-0.008193012911192598	-0.007524251262428189	-0.0020328034496248505	-5.372432310164022	-4.069942132099312	-0.605907079420975
9.8	4.7671321747275135	4.7671321747275135	4.7671321747275135	0.0902582993945719	0.07864068618953236	0.030292482770622145	9.514985305036493	7.146085864008651	1.120056352489746	0	0	0	-0.008193007209664892	-0.007524246057959449	-0.0020328049546701928	-5.372432463169923	-4.069942252794224	-0.6059070655929203
9.9	4.7671321747275135	4.7671321747275135	4.7671321747275135	0.09025829939457118	0.07864068618953216	0.03029248277062206	9.514985305036513	7.146085864008654	1.1200563524897469	0	0	0	-0.008193008239893976	-0.0075242470071700835	-0.0020328047105978215	-5.372432436771131	-4.069942231814274	-0.6059070677818149
10	4.7671321747275135	4.7671321747275135	4.7671321747275135	0.0902582993945688	0.07864068618953153	0.030292482770621753	9.514985305036578	7.146085864008668	1.12005635248975	0	0	0	-0.008193011521420395	-0.00752425008611723	-0.002032804065508197	-5.372432350222112	-4.069942161713548	-0.6059070736061335
10.1	4.7671321747275135	4.7671321747275135	4.7671321747275135	0.09025829939457654	0.07864068618953358	0.030292482770622593	9.51498530503637	7.146085864008622	1.120056352489742	0	0	0	-0.008193000385103774	-0.007524240002771906	-0.002032807190564794	-5.372432647231634	-4.069942394086176	-0.605907044921677
10.2	4.7671321747275135	4.7671321747275135	4.7671321747275135	0.09025829939458041	0.0786406861895346	0.030292482770623012	9.514985305036268	7.1460858640086	1.1200563524897382	0	0	0	-0.0081929948778932	-0.007524234999307225	-0.002032808694099531	-5.372432794331927	-4.069942509564081	-0.6059070311193896
10.3	4.7671321747275135	4.7671321747275135	4.7671321747275135	0.09025829939457201	0.07864068618953236	0.030292482770622076	9.514985305036491	7.146085864008651	1.120056352489747	0	0	0	-0.008193006838881986	-0.007524245897186471	-0.0020328055046755517	-5.372432476458974	-4.069942259382478	-0.6059070603105671
10.4	4.767132174727513	4.767132174727513	4.767132174727513	0.09025829939457997	0.0786406861895345	0.03029248277062285	9.514985305036278	7.146085864008601	1.1200563524897396	0	0	0	-0.00819299515385011	-0.0075242355089945746	-0.0020328092080560745	-5.372432787655947	-4.069942498503968	-0.605907026245148
10.5	4.7671321747275135	4.7671321747275135	4.7671321747275135	0.09025829939459129	0.07864068618953751	0.030292482770624008	9.51498530503598	7.146085864008531	1.1200563524897287	0	0	0	-0.008192978745866553	-0.007524220796432509	-0.0020328141240109517	-5.3724332244857775	-4.069942836986771	-0.6059069810871119
10.6	4.7671321747275135	4.7671321747275135	4.7671321747275135	0.09025829939458305	0.07864068618953533	0.030292482770623165	9.514985305036198	7.146085864008582	1.120056352489737	0	0	0	-0.008192990704429352	-0.00752423152486538	-0.0020328105592003444	-5.372432906556473	-4.069942590530177	-0.6059070138078743
10.7	4.7671321747275135	4.7671321747275135	4.7671321747275135	0.09025829939457677	0.07864068618953365	0.030292482770622443	9.514985305036365	7.14608586400862	1.1200563524897436	0	0	0	-0.008192999548461996	-0.007524239625901736	-0.0020328082627992096	-5.3724326713691735	-4.069942404442008	-0.6059070348156037
10.8	4.7671321747275135	4.7671321747275135	4.7671321747275135	0.0902582993945851	0.07864068618953586	0.030292482770623182	9.514985305036141	7.14608586400857	1.1200563524897367	0	0	0	-0.00819298718016385	-0.0075242287481588396	-0.002032812397324727	-5.372433000487557	-4.069942654649987	-0.605906996753647
10.9	4.7671321747275135	4.7671321747275135	4.7671321747275135	0.09025829939458126	0.07864068618953483	0.03029248277062281	9.514985305036245	7.146085864008595	1.1200563524897402	0	0	0	-0.008192992832832917	-0.007524233769480923	-0.002032810614315877	-5.372432850242539	-4.0699425393108815	-0.6059070131383433
11	4.7671321747275135	4.7671321747275135	4.7671321747275135	0.09025829939457179	0.07864068618953234	0.030292482770621878	9.514985305036497	7.1460858640086515	1.120056352489749	0	0	0	-0.008193006661898237	-0.007524246120100672	-0.002032806363281259	-5.372432482443265	-4.069942255450555	-0.6059070521916397
11.1	4.7671321747275135	4.7671321747275135	4.7671321747275135	0.0902582993945742	0.07864068618953297	0.030292482770622048	9.514985305036433	7.146085864008636	1.1200563524897473	0	0	0	-0.008193002981985775	-0.007524242990401881	-0.0020328077859649166	-5.372432580357663	-4.069942327470142	-0.6059070390574572
11.2	4.7671321747275135	4.7671321747275135	4.7671321747275135	0.09025829939457022	0.0786406861895319	0.03029248277062169	9.514985305036538	7.146085864008661	1.1200563524897507	0	0	0	-0.00819300888470122	-0.007524248176658261	-0.0020328058159560882	-5.372432423427733	-4.069942208291325	-0.6059070571849312
11.3	4.767132174727513	4.767132174727513	4.767132174727513	0.09025829939456742	0.07864068618953116	0.030292482770621416	9.514985305036614	7.14608586400868	1.120056352489753	0	0	0	-0.00819301292129288	-0.007524251788112737	-0.0020328045761696884	-5.372432316094552	-4.069942125307213	-0.6059070685723585
11.4	4.7671321747275135	4.7671321747275135	4.7671321747275135	0.09025829939456981	0.07864068618953178	0.030292482770621597	9.51498530503655	7.146085864008665	1.1200563524897513	0	0	0	-0.00819300921897222	-0.007524248632113563	-0.0020328059792812142	-5.372432414572343	-4.0699421978997865	-0.6059070556248191
11.5	4.7671321747275135	4.7671321747275135	4.7671321747275135	0.09025829939456688	0.07864068618953102	0.030292482770621357	9.514985305036626	7.146085864008683	1.120056352489754	0	0	0	-0.008193013647169413	-0.007524252465819643	-0.002032804403040974	-5.372432296852052	-4.069942109790884	-0.60590707014793
11.6	4.7671321747275135	4.7671321747275135	4.7671321747275135	0.09025829939456743	0.07864068618953111	0.03029248277062137	9.514985305036614	7.146085864008679	1.1200563524897538	0	0	0	-0.008193012677809726	-0.007524251727142785	-0.002032804904462704	-5.372432322622573	-4.069942126796625	-0.6059070654976841
11.7	4.7671321747275135	4.7671321747275135	4.7671321747275135	0.09025829939457222	0.07864068618953235	0.030292482770621725	9.514985305036486	7.1460858640086515	1.1200563524897504	0	0	0	-0.008193005240776952	-0.007524245423156937	-0.0020328077634651108	-5.372432520365148	-4.069942271745451	-0.6059070391123996
11.8	4.7671321747275135	4.7671321747275135	4.7671321747275135	0.09025829939457129	0.07864068618953211	0.030292482770621656	9.514985305036511	7.146085864008657	1.120056352489751	0	0	0	-0.00819300669159962	-0.0075242466561068295	-0.0020328072118933373	-5.372432481811355	-4.069942243414948	-0.6059070442001669
11.9	4.7671321747275135	4.7671321747275135	4.7671321747275135	0.09025829939456932	0.07864068618953159	0.030292482770621472	9.514985305036564	7.146085864008668	1.1200563524897529	0	0	0	-0.008193009571270983	-0.0075242492176937435	-0.002032806277571247	-5.372432405228672	-4.069942184536014	-0.6059070527925554
12	4.7671321747275135	4.7671321747275135	4.7671321747275135	0.09025829939457856	0.07864068618953397	0.03029248277062209	9.514985305036317	7.146085864008614	1.1200563524897467	0	0	0	-0.008192994943441723	-0.007524237024133147	-0.00203281218363994	-5.37243279406802	-4.069942464878645	-0.6059069982413878
12.1	4.7671321747275135	4.7671321747275135	4.7671321747275135	0.09025829939458384	0.07864068618953532	0.030292482770622454	9.514985305036175	7.146085864008582	1.1200563524897431	0	0	0	-0.008192986594600231	-0.007524230032952831	-0.0020328155106039605	-5.372433016011327	-4.0699426256155276	-0.6059069675187974
12.2	4.7671321747275135	4.7671321747275135	4.7671321747275135	0.09025829939457371	0.07864068618953272	0.03029248277062175	9.514985305036445	7.146085864008642	1.12005635248975	0	0	0	-0.008193002560271159	-0.0075242434220625844	-0.0020328091769733626	-5.372432591605012	-4.069942317803748	-0.6059070259996473
12.3	4.7671321747275135	4.7671321747275135	4.7671321747275135	0.09025829939457777	0.0786406861895338	0.030292482770621926	9.514985305036337	7.146085864008618	1.1200563524897482	0	0	0	-0.008192995713143147	-0.007524237981068017	-0.0020328122840551294	-5.372432773538553	-4.069942442898688	-0.6059069972452883
12.4	4.7671321747275135	4.7671321747275135	4.7671321747275135	0.09025829939458713	0.07864068618953622	0.03029248277062247	9.514985305036088	7.146085864008562	1.120056352489743	0	0	0	-0.008192980558583135	-0.007524225556089236	-0.0020328186652833003	-5.372433176311862	-4.069942728555807	-0.6059069382628329
12.5	4.7671321747275135	4.7671321747275135	4.7671321747275135	0.09025829939457908	0.07864068618953413	0.030292482770621982	9.514985305036303	7.14608586400861	1.1200563524897476	0	0	0	-0.008192993522578863	-0.0075242362237202915	-0.0020328132602284448	-5.372432831755859	-4.069942483308194	-0.6059069882134654
12.6	4.7671321747275135	4.7671321747275135	4.7671321747275135	0.09025829939457267	0.07864068618953249	0.03029248277062155	9.514985305036474	7.146085864008648	1.120056352489752	0	0	0	-0.008193003663489637	-0.0075242447296105484	-0.0020328092240023245	-5.372432562187336	-4.069942287758725	-0.6059070254831369
12.7	4.7671321747275135	4.7671321747275135	4.7671321747275135	0.09025829939457615	0.07864068618953338	0.030292482770621718	9.514985305036381	7.1460858640086276	1.1200563524897504	0	0	0	-0.00819299784768951	-0.007524240126608305	-0.0020328118681347076	-5.372432716713566	-4.06994239358487	-0.6059070010117643
12.8	4.7671321747275135	4.7671321747275135	4.7671321747275135	0.09025829939457054	0.07864068618953193	0.030292482770621406	9.51498530503653	7.14608586400866	1.120056352489753	0	0	0	-0.008193006961002933	-0.007524247523700597	-0.0020328079480872	-5.372432474527616	-4.069942223526057	-0.6059070372582441
12.9	4.767132174727513	4.767132174727513	4.767132174727513	0.09025829939456753	0.07864068618953116	0.03029248277062119	9.51498530503661	7.146085864008678	1.1200563524897553	0	0	0	-0.008193011795161752	-0.007524251536554642	-0.00203280596612624	-5.3724323460378764	-4.069942131271231	-0.6059070555686085
13	4.7671321747275135	4.7671321747275135	4.7671321747275135	0.09025829939456895	0.07864068618953153	0.030292482770621222	9.514985305036573	7.14608586400867	1.1200563524897549	0	0	0	-0.008193009411198868	-0.007524249693979131	-0.0020328070949298706	-5.3724324093694396	-4.069942173633624	-0.6059070451145064
13.1	4.7671321747275135	4.7671321747275135	4.7671321747275135	0.09025829939456544	0.0786406861895306	0.03029248277062106	9.514985305036666	7.1460858640086915	1.1200563524897564	0	0	0	-0.008193015194015147	-0.007524254317948597	-0.00203280452917368	-5.372432255708907	-4.069942067328637	-0.6059070688511283
13.2	4.767132174727514	4.767132174727514	4.767132174727514	0.09025829939456625	0.07864068618953085	0.0302924827706211	9.514985305036648	7.146085864008687	1.1200563524897562	0	0	0	-0.008193013722651108	-0.007524253245597535	-0.002032805288993164	-5.372432294782197	-4.069942091983074	-0.605907061804638
13.3	4.7671321747275135	4.7671321747275135	4.7671321747275135	0.09025829939456861	0.07864068618953149	0.030292482770621208	9.514985305036584	7.146085864008672	1.1200563524897553	0	0	0	-0.008193009677387326	-0.0075242501030754255	-0.0020328071790993796	-5.372432402251965	-4.069942164231004	-0.6059070443033742
13.4	4.7671321747275135	4.7671321747275135	4.7671321747275135	0.09025829939456574	0.07864068618953073	0.030292482770621076	9.51498530503666	7.146085864008689	1.1200563524897564	0	0	0	-0.008193014526782763	-0.00752425390341814	-0.002032804947782945	-5.372432273412491	-4.0699420768608805	-0.6059070649586821
13.5	4.7671321747275135	4.7671321747275135	4.7671321747275135	0.09025829939456823	0.07864068618953142	0.03029248277062116	9.514985305036594	7.146085864008674	1.1200563524897558	0	0	0	-0.008193010066702294	-0.007524250570403539	-0.0020328071533616695	-5.372432391874108	-4.069942153487917	-0.6059070445172233
13.6	4.7671321747275135	4.7671321747275135	4.7671321747275135	0.09025829939457426	0.07864068618953307	0.030292482770621406	9.514985305036433	7.146085864008634	1.1200563524897535	0	0	0	-0.008192999479787568	-0.0075242424735785995	-0.0020328122141993698	-5.372432673106697	-4.069942339635819	-0.605906997638843
13.7	4.7671321747275135	4.7671321747275135	4.7671321747275135	0.09025829939457396	0.078640686189533	0.030292482770621392	9.51498530503644	7.146085864008636	1.1200563524897538	0	0	0	-0.008193000041544893	-0.0075242428972390465	-0.0020328119408512145	-5.372432658185563	-4.069942329896016	-0.6059070001715802
13.8	4.767132174727513	4.767132174727513	4.767132174727513	0.09025829939456978	0.07864068618953184	0.0302924827706212	9.51498530503655	7.146085864008662	1.1200563524897553	0	0	0	-0.008193007114822282	-0.007524248440655173	-0.0020328086772337488	-5.3724324702633295	-4.069942202451981	-0.6059070303838484
13.9	4.7671321747275135	4.7671321747275135	4.7671321747275135	0.09025829939457891	0.07864068618953426	0.030292482770621503	9.514985305036307	7.146085864008607	1.1200563524897524	0	0	0	-0.008192990804215167	-0.0075242362807040305	-0.002032816743145115	-5.372432903478845	-4.069942482011846	-0.6059069556270168
14	4.7671321747275135	4.7671321747275135	4.7671321747275135	0.09025829939458534	0.07864068618953599	0.030292482770621725	9.514985305036134	7.146085864008568	1.1200563524897504	0	0	0	-0.008192979395378918	-0.007524227715762016	-0.0020328223342910463	-5.372433206513304	-4.069942678921685	-0.605906903814687
14.1	4.7671321747275135	4.7671321747275135	4.7671321747275135	0.09025829939457461	0.07864068618953311	0.03029248277062135	9.514985305036422	7.146085864008635	1.1200563524897542	0	0	0	-0.008192998452681547	-0.0075242420436862426	-0.002032813014819528	-5.372432700320936	-4.069942349519924	-0.6059069901738301
14.2	4.7671321747275135	4.7671321747275135	4.7671321747275135	0.09025829939457407	0.07864068618953293	0.030292482770621274	9.514985305036436	7.146085864008637	1.1200563524897547	0	0	0	-0.008192999033397659	-0.007524242738455306	-0.002032812936896767	-5.372432684848373	-4.069942333547182	-0.6059069908629492
14.3	4.7671321747275135	4.7671321747275135	4.7671321747275135	0.09025829939457915	0.07864068618953429	0.030292482770621396	9.514985305036303	7.146085864008605	1.1200563524897535	0	0	0	-0.008192989674131988	-0.0075242359273319055	-0.002032817694485364	-5.372432933403551	-4.069942490136411	-0.6059069467477766
14.4	4.7671321747275135	4.7671321747275135	4.7671321747275135	0.0902582993945716	0.0786406861895323	0.03029248277062118	9.514985305036504	7.146085864008652	1.1200563524897555	0	0	0	-0.008193003352879936	-0.007524246013516291	-0.002032810848685289	-5.372432570110574	-4.069942258253065	-0.6059070102097435
14.5	4.7671321747275135	4.7671321747275135	4.7671321747275135	0.09025829939456834	0.07864068618953142	0.03029248277062104	9.514985305036591	7.146085864008673	1.120056352489757	0	0	0	-0.008193009047851418	-0.007524250337202539	-0.0020328080899128624	-5.3724324188368	-4.069942158850662	-0.6059070357692861
14.6	4.7671321747275135	4.7671321747275135	4.7671321747275135	0.09025829939456931	0.07864068618953167	0.03029248277062104	9.514985305036564	7.1460858640086675	1.1200563524897569	0	0	0	-0.008193007115812775	-0.0075242490112185706	-0.002032809130240015	-5.372432470132558	-4.0699421893353165	-0.6059070261134045
14.7	4.7671321747275135	4.7671321747275135	4.7671321747275135	0.09025829939456523	0.07864068618953059	0.030292482770620948	9.514985305036674	7.146085864008692	1.120056352489758	0	0	0	-0.008193014673830957	-0.007524254498716916	-0.002032805284254434	-5.372432269414623	-4.0699420631766765	-0.6059070617767446
14.8	4.7671321747275135	4.7671321747275135	4.7671321747275135	0.09025829939456545	0.07864068618953067	0.030292482770620934	9.514985305036667	7.146085864008689	1.120056352489758	0	0	0	-0.008193014072796056	-0.00752425415726644	-0.0020328056550643673	-5.372432285361644	-4.06994207102676	-0.6059070583275534
14.9	4.7671321747275135	4.7671321747275135	4.7671321747275135	0.09025829939456632	0.07864068618953093	0.030292482770620945	9.51498530503664	7.146085864008684	1.1200563524897578	0	0	0	-0.008193012358007075	-0.0075242529652967734	-0.0020328065643549684	-5.372432330893055	-4.069942098430439	-0.605907049889814
15	4.7671321747275135	4.7671321747275135	4.7671321747275135	0.09025829939456408	0.0786406861895303	0.0302924827706209	9.514985305036703	7.146085864008699	1.1200563524897582	0	0	0	-0.008193016625505397	-0.007524256017797174	-0.002032804360042472	-5.372432217568702	-4.069942028252878	-0.6059070703354428
15.1	4.7671321747275135	4.7671321747275135	4.7671321747275135	0.09025829939456657	0.07864068618953093	0.030292482770620882	9.514985305036637	7.1460858640086835	1.1200563524897584	0	0	0	-0.008193011613659469	-0.007524252596382553	-0.002032807051701329	-5.372432350635135	-4.06994210691195	-0.6059070453520181
15.2	4.7671321747275135	4.7671321747275135	4.7671321747275135	0.0902582993945693	0.07864068618953168	0.030292482770620893	9.514985305036566	7.146085864008667	1.1200563524897582	0	0	0	-0.008193006215921715	-0.007524248863831164	-0.002032809920848281	-5.372432493954052	-4.069942192724116	-0.6059070187260828
15.3	4.7671321747275135	4.7671321747275135	4.7671321747275135	0.0902582993945663	0.07864068618953086	0.03029248277062088	9.514985305036644	7.146085864008685	1.1200563524897584	0	0	0	-0.0081930121329011	-0.0075242529675501645	-0.0020328067837524335	-5.37243233684605	-4.069942098378811	-0.6059070478373063
15.4	4.7671321747275135	4.7671321747275135	4.7671321747275135	0.0902582993945691	0.07864068618953167	0.03029248277062084	9.514985305036571	7.146085864008667	1.1200563524897589	0	0	0	-0.008193006273160145	-0.007524249112612795	-0.0020328100102858615	-5.372432492405975	-4.0699421870045995	-0.6059070178751936
15.5	4.7671321747275135	4.7671321747275135	4.7671321747275135	0.09025829939457683	0.07864068618953379	0.030292482770620802	9.514985305036364	7.146085864008618	1.1200563524897589	0	0	0	-0.008192990639198663	-0.00752423854842102	-0.002032818459155758	-5.372432907481953	-4.069942429877492	-0.6059069394445101
15.6	4.7671321747275135	4.7671321747275135	4.7671321747275135	0.09025829939457798	0.07864068618953413	0.030292482770620802	9.514985305036335	7.146085864008611	1.120056352489759	0	0	0	-0.00819298832680066	-0.007524236970959884	-0.0020328197009077094	-5.372432968877121	-4.069942466143633	-0.6059069279187816
15.7	4.7671321747275135	4.7671321747275135	4.7671321747275135	0.09025829939457031	0.07864068618953202	0.030292482770620813	9.514985305036538	7.1460858640086595	1.120056352489759	0	0	0	-0.008193003713960338	-0.007524247480484266	-0.0020328114458741733	-5.372432560339595	-4.069942224527549	-0.605907004539342
15.8	4.767132174727513	4.767132174727513	4.767132174727513	0.09025829939457614	0.07864068618953361	0.030292482770620726	9.514985305036381	7.146085864008622	1.1200563524897595	0	0	0	-0.008192991512380026	-0.007524239561953788	-0.0020328182081296724	-5.372432884248317	-4.0699424065761916	-0.605906941734674
15.9	4.7671321747275135	4.7671321747275135	4.7671321747275135	0.09025829939458149	0.07864068618953508	0.030292482770620674	9.51498530503624	7.1460858640085885	1.1200563524897602	0	0	0	-0.008192980519326393	-0.007524232311496878	-0.0020328242406867734	-5.372433176088897	-4.0699425732657035	-0.6059068857177793
16	4.767132174727513	4.767132174727513	4.767132174727513	0.09025829939457193	0.07864068618953245	0.030292482770620757	9.514985305036495	7.146085864008648	1.1200563524897595	0	0	0	-0.008193000141881833	-0.0075242453227214205	-0.002032813510313996	-5.372432655146474	-4.069942274135068	-0.6059069853508617
16.1	4.7671321747275135	4.7671321747275135	4.7671321747275135	0.09025829939456981	0.07864068618953185	0.030292482770620747	9.51498530503655	7.146085864008662	1.1200563524897595	0	0	0	-0.008193004240187486	-0.007524248219915493	-0.0020328113543304324	-5.372432546324171	-4.0699422075280225	-0.6059070053532837
16.2	4.7671321747275135	4.7671321747275135	4.7671321747275135	0.09025829939457113	0.07864068618953221	0.03029248277062071	9.514985305036515	7.146085864008654	1.1200563524897598	0	0	0	-0.008193001352950442	-0.007524246422694127	-0.0020328129893067044	-5.37243262296197	-4.069942248846506	-0.6059069901616746
16.3	4.7671321747275135	4.7671321747275135	4.7671321747275135	0.09025829939456591	0.07864068618953081	0.03029248277062079	9.514985305036655	7.146085864008688	1.1200563524897593	0	0	0	-0.008193012282438563	-0.007524253539532497	-0.002032806951032751	-5.372432332818907	-4.069942085228921	-0.6059070462396636
16.4	4.7671321747275135	4.7671321747275135	4.7671321747275135	0.09025829939456545	0.07864068618953067	0.030292482770620775	9.514985305036666	7.14608586400869	1.1200563524897595	0	0	0	-0.008193013065099071	-0.007524254142179029	-0.0020328065588858246	-5.372432312032159	-4.069942071373928	-0.605907049873523
16.5	4.7671321747275135	4.7671321747275135	4.7671321747275135	0.09025829939456548	0.07864068618953068	0.030292482770620768	9.514985305036664	7.146085864008689	1.1200563524897593	0	0	0	-0.008193012942000592	-0.00752425409335191	-0.002032806640805829	-5.372432315296515	-4.069942072496462	-0.6059070491100002
16.6	4.7671321747275135	4.7671321747275135	4.7671321747275135	0.09025829939456355	0.07864068618953012	0.0302924827706208	9.514985305036717	7.146085864008703	1.1200563524897593	0	0	0	-0.008193017035950576	-0.007524256731914605	-0.0020328043660165366	-5.372432206617998	-4.069942011835385	-0.6059070702386288
16.7	4.7671321747275135	4.7671321747275135	4.7671321747275135	0.09025829939456512	0.07864068618953045	0.030292482770620736	9.514985305036676	7.146085864008694	1.1200563524897598	0	0	0	-0.008193013478690291	-0.00752425456348394	-0.0020328063914108224	-5.3724323010377075	-4.0699420616880655	-0.6059070514160976
16.8	4.7671321747275135	4.7671321747275135	4.7671321747275135	0.09025829939456584	0.07864068618953063	0.030292482770620716	9.514985305036655	7.146085864008691	1.1200563524897598	0	0	0	-0.008193011830702654	-0.007524253546411774	-0.002032807325015272	-5.372432344781097	-4.069942085070761	-0.6059070427408656
16.9	4.7671321747275135	4.7671321747275135	4.7671321747275135	0.09025829939456413	0.07864068618953021	0.030292482770620754	9.514985305036701	7.1460858640086995	1.1200563524897593	0	0	0	-0.008193015568526064	-0.00752425590922856	-0.0020328052283705078	-5.3724322455612015	-4.069942030749089	-0.6059070622187891
17	4.7671321747275135	4.7671321747275135	4.7671321747275135	0.09025829939456803	0.07864068618953116	0.030292482770620605	9.514985305036598	7.146085864008679	1.1200563524897609	0	0	0	-0.008193006656993665	-0.007524250553806261	-0.0020328103242185694	-5.372432482093238	-4.069942153871295	-0.6059070148558984
17.1	4.7671321747275135	4.7671321747275135	4.7671321747275135	0.09025829939457213	0.07864068618953211	0.030292482770620455	9.514985305036488	7.146085864008656	1.1200563524897622	0	0	0	-0.008192997455977354	-0.007524244978428479	-0.002032815569700825	-5.372432726312606	-4.069942282050329	-0.6059069661058432
17.2	4.767132174727514	4.767132174727514	4.767132174727514	0.09025829939456921	0.07864068618953143	0.03029248277062057	9.51498530503657	7.146085864008672	1.1200563524897615	0	0	0	-0.008193004076570337	-0.007524248984543906	-0.002032811793963869	-5.372432550584825	-4.0699421899489	-0.6059070011968912
17.3	4.767132174727513	4.767132174727513	4.767132174727513	0.09025829939456934	0.07864068618953146	0.03029248277062052	9.514985305036564	7.146085864008671	1.1200563524897618	0	0	0	-0.008193003352175533	-0.007524248748679995	-0.0020328122692754398	-5.372432569797563	-4.069942195371432	-0.6059069967640235
17.4	4.7671321747275135	4.7671321747275135	4.7671321747275135	0.09025829939457765	0.07864068618953345	0.030292482770620164	9.514985305036344	7.146085864008627	1.120056352489765	0	0	0	-0.0081929838270393	-0.007524237253367921	-0.002032823502645698	-5.372433088022566	-4.069942459650952	-0.6059068923387068
17.5	4.7671321747275135	4.7671321747275135	4.7671321747275135	0.09025829939458029	0.07864068618953407	0.03029248277062005	9.514985305036273	7.146085864008612	1.1200563524897662	0	0	0	-0.008192977657062216	-0.007524233596090957	-0.00203282704536012	-5.372433251784365	-4.069942543732468	-0.6059068594074886
17.6	4.767132174727514	4.767132174727514	4.767132174727514	0.0902582993945706	0.07864068618953175	0.03029248277062045	9.51498530503653	7.146085864008666	1.1200563524897627	0	0	0	-0.008193000163504332	-0.007524246963263505	-0.0020328141314800044	-5.372432654423359	-4.069942236418478	-0.6059069794460675
17.7	4.7671321747275135	4.7671321747275135	4.7671321747275135	0.09025829939457194	0.07864068618953207	0.03029248277062033	9.514985305036495	7.146085864008658	1.1200563524897638	0	0	0	-0.008192996645956135	-0.007524245140647853	-0.0020328162213597662	-5.372432747768436	-4.069942278320856	-0.6059069600004463
17.8	4.7671321747275135	4.7671321747275135	4.7671321747275135	0.09025829939457415	0.0786406861895326	0.03029248277062021	9.514985305036436	7.146085864008645	1.1200563524897647	0	0	0	-0.008192991291329096	-0.0075242420991001235	-0.0020328193315330787	-5.3724328898809235	-4.069942348246716	-0.6059069310802176
17.9	4.7671321747275135	4.7671321747275135	4.7671321747275135	0.09025829939456721	0.07864068618953095	0.030292482770620546	9.51498530503662	7.146085864008683	1.1200563524897613	0	0	0	-0.008193007740827353	-0.007524251640629118	-0.002032809831923911	-5.372432453296512	-4.069942128885035	-0.6059070193988024
18	4.7671321747275135	4.7671321747275135	4.7671321747275135	0.09025829939456628	0.07864068618953068	0.030292482770620577	9.514985305036644	7.14608586400869	1.120056352489761	0	0	0	-0.008193009933106446	-0.007524253021588848	-0.0020328085914240635	-5.372432395105144	-4.069942097136532	-0.6059070309240739
18.1	4.7671321747275135	4.7671321747275135	4.7671321747275135	0.09025829939456587	0.07864068618953057	0.030292482770620594	9.514985305036657	7.146085864008692	1.120056352489761	0	0	0	-0.00819301087629681	-0.007524253595076864	-0.002032808053280359	-5.372432370070239	-4.069942083951961	-0.6059070359253278
18.2	4.7671321747275135	4.7671321747275135	4.7671321747275135	0.09025829939456352	0.07864068618953003	0.030292482770620716	9.514985305036719	7.146085864008705	1.1200563524897598	0	0	0	-0.008193016461474575	-0.007524256795643432	-0.0020328048179428866	-5.3724322218367195	-4.0699420103702755	-0.6059070660072972
18.3	4.7671321747275135	4.7671321747275135	4.7671321747275135	0.09025829939456433	0.07864068618953023	0.030292482770620646	9.5149853050367	7.1460858640087	1.1200563524897607	0	0	0	-0.008193014412586547	-0.007524255705341508	-0.002032806021803735	-5.372432276210685	-4.069942035436498	-0.6059070548080847
18.4	4.7671321747275135	4.7671321747275135	4.7671321747275135	0.090258299394564	0.07864068618953016	0.030292482770620664	9.514985305036706	7.146085864008703	1.1200563524897604	0	0	0	-0.00819301518413536	-0.007524256141189848	-0.0020328055738165667	-5.372432255733486	-4.069942025416184	-0.6059070589738564
18.5	4.767132174727514	4.767132174727514	4.767132174727514	0.09025829939456352	0.07864068618953006	0.030292482770620695	9.514985305036722	7.146085864008705	1.1200563524897602	0	0	0	-0.008193016334458512	-0.007524256834091848	-0.0020328049124183505	-5.372432225202153	-4.0699420094861845	-0.6059070651213025
18.6	4.7671321747275135	4.7671321747275135	4.7671321747275135	0.09025829939456616	0.07864068618953073	0.03029248277062053	9.514985305036651	7.146085864008689	1.1200563524897615	0	0	0	-0.008193009723469351	-0.0075242532851091184	-0.002032808786201069	-5.372432400650116	-4.069942091078056	-0.6059070290868979
18.7	4.7671321747275135	4.7671321747275135	4.7671321747275135	0.09025829939456737	0.07864068618953104	0.030292482770620455	9.514985305036618	7.146085864008681	1.1200563524897622	0	0	0	-0.008193006721591619	-0.007524251662184866	-0.002032810543413035	-5.372432480316877	-4.069942128389473	-0.6059070127418588
18.8	4.767132174727513	4.767132174727513	4.767132174727513	0.09025829939456488	0.0786406861895304	0.0302924827706206	9.514985305036681	7.146085864008695	1.1200563524897609	0	0	0	-0.008193012821203367	-0.0075242549926937035	-0.00203280697765657	-5.372432318438178	-4.069942051820416	-0.6059070459073527
18.9	4.7671321747275135	4.7671321747275135	4.7671321747275135	0.09025829939456975	0.0786406861895316	0.030292482770620237	9.514985305036554	7.146085864008668	1.1200563524897642	0	0	0	-0.008193000356822877	-0.007524248493642772	-0.0020328143047493824	-5.372432649222514	-4.069942201234882	-0.6059069777375076
19	4.7671321747275135	4.7671321747275135	4.7671321747275135	0.09025829939457612	0.07864068618953314	0.030292482770619772	9.514985305036383	7.146085864008633	1.1200563524897684	0	0	0	-0.008192984144624809	-0.00752423995668234	-0.002032823824037848	-5.37243307947058	-4.069942397501287	-0.6059068891772583
19.1	4.7671321747275135	4.7671321747275135	4.7671321747275135	0.0902582993945745	0.07864068618953275	0.030292482770619886	9.514985305036427	7.146085864008643	1.1200563524897673	0	0	0	-0.008192988283414665	-0.007524242125071356	-0.0020328213929285267	-5.372432969633516	-4.069942347649554	-0.6059069117951342
19.2	4.7671321747275135	4.7671321747275135	4.7671321747275135	0.09025829939456938	0.07864068618953152	0.03029248277062023	9.514985305036564	7.14608586400867	1.1200563524897642	0	0	0	-0.008193001082405543	-0.007524249006308057	-0.0020328138922407067	-5.372432629963529	-4.0699421894485655	-0.6059069815669929
19.3	4.7671321747275135	4.7671321747275135	4.7671321747275135	0.09025829939457546	0.07864068618953303	0.030292482770619737	9.5149853050364	7.1460858640086355	1.1200563524897689	0	0	0	-0.008192985276235132	-0.007524240996659326	-0.0020328232033079196	-5.372433049428597	-4.069942373592114	-0.6059068949243605
19.4	4.7671321747275135	4.7671321747275135	4.7671321747275135	0.09025829939457787	0.07864068618953363	0.030292482770619546	9.514985305036335	7.146085864008621	1.1200563524897706	0	0	0	-0.008192979052881006	-0.007524237811112338	-0.002032826866702299	-5.372433214584975	-4.069942446828549	-0.6059068608371775
19.5	4.7671321747275135	4.7671321747275135	4.7671321747275135	0.09025829939456886	0.0786406861895314	0.03029248277062024	9.514985305036575	7.146085864008673	1.1200563524897644	0	0	0	-0.008193002190786964	-0.007524249747997162	-0.002032813257202003	-5.372432600544797	-4.06994217239712	-0.6059069874649838
19.6	4.7671321747275135	4.7671321747275135	4.7671321747275135	0.09025829939456817	0.07864068618953128	0.030292482770620258	9.514985305036594	7.1460858640086755	1.1200563524897642	0	0	0	-0.00819300372460288	-0.007524250690880285	-0.0020328123653092093	-5.372432559837548	-4.069942150720043	-0.6059069957542479
19.7	4.7671321747275135	4.7671321747275135	4.7671321747275135	0.09025829939456775	0.07864068618953118	0.030292482770620282	9.514985305036605	7.146085864008677	1.120056352489764	0	0	0	-0.008193004765379555	-0.007524251260985213	-0.0020328117558244727	-5.372432532216782	-4.069942137613205	-0.60590700142308
19.8	4.7671321747275135	4.7671321747275135	4.7671321747275135	0.0902582993945641	0.07864068618953023	0.03029248277062058	9.514985305036701	7.146085864008699	1.1200563524897613	0	0	0	-0.008193014270894758	-0.007524256081028204	-0.0020328061586823588	-5.37243227995835	-4.069942026799411	-0.6059070535061114
19.9	4.7671321747275135	4.7671321747275135	4.7671321747275135	0.09025829939456428	0.07864068618953024	0.030292482770620542	9.514985305036697	7.1460858640086995	1.1200563524897615	0	0	0	-0.008193013686140666	-0.0075242558529667524	-0.0020328065058115917	-5.372432295475414	-4.069942032042569	-0.6059070502719414
20	4.7671321747275135	4.7671321747275135	4.7671321747275135	0.09025829939456334	0.07864068618953	0.03029248277062063	9.514985305036722	7.146085864008705	1.1200563524897607	0	0	0	-0.008193016208534482	-0.007524257108723712	-0.0020328050198507573	-5.372432228535883	-4.069942003172384	-0.6059070641006008
20.1	4.7671321747275135	4.7671321747275135	4.7671321747275135	0.09025829939456305	0.07864068618952999	0.030292482770620646	9.514985305036731	7.146085864008707	1.1200563524897607	0	0	0	-0.008193016900401938	-0.007524257498698487	-0.002032804612726117	-5.372432210174694	-4.069941994206661	-0.6059070678867855
20.2	4.7671321747275135	4.7671321747275135	4.7671321747275135	0.09025829939456448	0.07864068618953039	0.030292482770620494	9.514985305036694	7.146085864008697	1.120056352489762	0	0	0	-0.00819301293885757	-0.007524255611473036	-0.002032806948353245	-5.372432315305295	-4.069942037594244	-0.6059070461460572
20.3	4.7671321747275135	4.7671321747275135	4.7671321747275135	0.09025829939456415	0.07864068618953031	0.03029248277062053	9.514985305036705	7.1460858640086995	1.1200563524897615	0	0	0	-0.008193013865763835	-0.007524256058128172	-0.002032806402095665	-5.372432290706988	-4.069942027325489	-0.6059070512305227
20.4	4.7671321747275135	4.7671321747275135	4.7671321747275135	0.09025829939456413	0.07864068618953034	0.03029248277062052	9.514985305036703	7.146085864008699	1.1200563524897618	0	0	0	-0.008193013773099325	-0.0075242560872545725	-0.002032806455401495	-5.372432293166157	-4.06994202665585	-0.6059070507301976
20.5	4.7671321747275135	4.7671321747275135	4.7671321747275135	0.09025829939456832	0.07864068618953154	0.030292482770620074	9.514985305036591	7.146085864008671	1.1200563524897658	0	0	0	-0.008193001966016316	-0.0075242505715258316	-0.0020328134125154698	-5.372432606501242	-4.069942153463565	-0.6059069859650752
20.6	4.7671321747275135	4.7671321747275135	4.7671321747275135	0.09025829939457099	0.07864068618953231	0.030292482770619793	9.51498530503652	7.146085864008652	1.1200563524897682	0	0	0	-0.008192994494041015	-0.007524247062474587	-0.002032817815700094	-5.372432804791757	-4.069942234137378	-0.6059069449760243
20.7	4.7671321747275135	4.7671321747275135	4.7671321747275135	0.090258299394567	0.07864068618953117	0.030292482770620213	9.514985305036626	7.146085864008679	1.1200563524897644	0	0	0	-0.00819300565387302	-0.007524252301588393	-0.0020328112395265985	-5.372432508633631	-4.069942113689137	-0.6059070061934669
20.8	4.7671321747275135	4.7671321747275135	4.7671321747275135	0.09025829939457004	0.07864068618953203	0.030292482770619817	9.514985305036543	7.146085864008659	1.1200563524897678	0	0	0	-0.008192996856133426	-0.007524248415215089	-0.0020328164119907707	-5.372432742109415	-4.0699422030377415	-0.6059069580296703
20.9	4.7671321747275135	4.7671321747275135	4.7671321747275135	0.09025829939457794	0.0786406861895343	0.03029248277061889	9.514985305036335	7.146085864008607	1.1200563524897766	0	0	0	-0.008192974460169622	-0.007524238204329327	-0.0020328295947277548	-5.372433336453692	-4.069942437788177	-0.6059068352951672
21	4.7671321747275135	4.7671321747275135	4.7671321747275135	0.09025829939457797	0.0786406861895343	0.030292482770618887	9.514985305036335	7.146085864008606	1.1200563524897766	0	0	0	-0.008192974383362115	-0.007524238158572523	-0.0020328296409141745	-5.37243333849167	-4.069942438840191	-0.6059068348657426
21.1	4.7671321747275135	4.7671321747275135	4.7671321747275135	0.09025829939456928	0.07864068618953184	0.03029248277061988	9.514985305036568	7.146085864008664	1.1200563524897678	0	0	0	-0.008192998894364412	-0.007524249445037459	-0.0020328152062751015	-5.372432688019662	-4.069942179362078	-0.6059069692496819
21.2	4.7671321747275135	4.7671321747275135	4.7671321747275135	0.09025829939457107	0.07864068618953238	0.030292482770619612	9.514985305036518	7.146085864008651	1.12005635248977	0	0	0	-0.008192993330310702	-0.0075242471166924495	-0.00203281846517455	-5.372432835681821	-4.069942232891236	-0.6059069388972398
21.3	4.7671321747275135	4.7671321747275135	4.7671321747275135	0.09025829939457117	0.07864068618953242	0.0302924827706196	9.514985305036518	7.146085864008651	1.12005635248977	0	0	0	-0.008192992997301215	-0.007524247003399708	-0.0020328186586920406	-5.372432844519846	-4.069942235495886	-0.6059069370934047
21.4	4.7671321747275135	4.7671321747275135	4.7671321747275135	0.09025829939456546	0.07864068618953077	0.03029248277062029	9.514985305036667	7.146085864008687	1.1200563524897638	0	0	0	-0.008193009475106532	-0.007524254406099648	-0.002032808968615999	-5.372432407230162	-4.069942065306351	-0.6059070273162884
21.5	4.7671321747275135	4.7671321747275135	4.7671321747275135	0.09025829939456512	0.0786406861895307	0.030292482770620317	9.514985305036676	7.14608586400869	1.1200563524897633	0	0	0	-0.008193010366406402	-0.007524254883990584	-0.002032808436664114	-5.372432383578813	-4.069942054319635	-0.6059070322651143
21.6	4.7671321747275135	4.7671321747275135	4.7671321747275135	0.09025829939456372	0.0786406861895303	0.030292482770620494	9.514985305036713	7.146085864008699	1.1200563524897615	0	0	0	-0.008193014434452552	-0.0075242566858115985	-0.00203280604727903	-5.3724322756201985	-4.069942012895432	-0.605907054513682
21.7	4.7671321747275135	4.7671321747275135	4.7671321747275135	0.09025829939456294	0.07864068618953002	0.030292482770620594	9.514985305036735	7.146085864008704	1.1200563524897609	0	0	0	-0.008193016758935983	-0.0075242577445500235	-0.002032804678035898	-5.372432213933102	-4.069941988554721	-0.6059070672617967
21.8	4.7671321747275135	4.7671321747275135	4.7671321747275135	0.09025829939456366	0.07864068618953018	0.03029248277062049	9.514985305036713	7.1460858640087	1.1200563524897618	0	0	0	-0.008193014609355552	-0.007524256845853519	-0.0020328059342805084	-5.37243227098022	-4.069942009215789	-0.6059070555616102
21.9	4.7671321747275135	4.7671321747275135	4.7671321747275135	0.0902582993945627	0.07864068618952993	0.03029248277062062	9.51498530503674	7.146085864008707	1.1200563524897609	0	0	0	-0.008193017398951296	-0.007524258045909247	-0.0020328042999300314	-5.37243219694817	-4.069941981626174	-0.6059070707815807
22	4.7671321747275135	4.7671321747275135	4.7671321747275135	0.0902582993945636	0.07864068618953016	0.0302924827706205	9.514985305036717	7.146085864008703	1.120056352489762	0	0	0	-0.008193014691699446	-0.0075242569538908335	-0.00203280587520583	-5.3724322687966355	-4.069942006731879	-0.6059070561080182
22.1	4.7671321747275135	4.7671321747275135	4.7671321747275135	0.090258299394566	0.0786406861895308	0.030292482770620174	9.514985305036655	7.146085864008689	1.1200563524897649	0	0	0	-0.008193007526026927	-0.007524253969140166	-0.0020328100589859077	-5.372432458965835	-4.069942075351918	-0.605907017141331
22.2	4.7671321747275135	4.7671321747275135	4.7671321747275135	0.09025829939456613	0.07864068618953081	0.030292482770620157	9.514985305036651	7.146085864008688	1.1200563524897649	0	0	0	-0.00819300716725851	-0.0075242538161227265	-0.002032810269117133	-5.372432468486893	-4.069942078869846	-0.6059070151844045
22.3	4.7671321747275135	4.7671321747275135	4.7671321747275135	0.09025829939456495	0.07864068618953049	0.030292482770620292	9.51498530503668	7.146085864008695	1.1200563524897635	0	0	0	-0.008193010580413497	-0.00752425530850236	-0.002032808263867178	-5.372432377908237	-4.069942044559745	-0.6059070338572596
22.4	4.7671321747275135	4.7671321747275135	4.7671321747275135	0.09025829939457103	0.07864068618953209	0.0302924827706194	9.514985305036518	7.146085864008659	1.120056352489772	0	0	0	-0.008192992452083036	-0.00752424796209236	-0.002032818810839762	-5.372432859024102	-4.069942213455178	-0.6059069356151635
22.5	4.7671321747275135	4.7671321747275135	4.7671321747275135	0.09025829939457652	0.07864068618953352	0.030292482770618603	9.51498530503637	7.146085864008626	1.1200563524897793	0	0	0	-0.008192976015746013	-0.007524241262132685	-0.0020328283805378508	-5.372433295233758	-4.06994236748858	-0.6059068464780628
22.6	4.7671321747275135	4.7671321747275135	4.7671321747275135	0.09025829939457258	0.07864068618953249	0.030292482770619175	9.514985305036477	7.14608586400865	1.1200563524897742	0	0	0	-0.008192987815312514	-0.00752424605902505	-0.0020328215132662856	-5.372432982080469	-4.069942257207051	-0.6059069104439717
22.7	4.7671321747275135	4.7671321747275135	4.7671321747275135	0.09025829939456959	0.07864068618953171	0.03029248277061956	9.514985305036557	7.1460858640086675	1.1200563524897704	0	0	0	-0.008192996376109114	-0.00752424970839599	-0.0020328164963326453	-5.3724327548895925	-4.069942173307322	-0.6059069571664478
22.8	4.7671321747275135	4.7671321747275135	4.7671321747275135	0.0902582993945756	0.07864068618953328	0.030292482770618613	9.514985305036397	7.146085864008631	1.1200563524897789	0	0	0	-0.008192977789677485	-0.00752424240135479	-0.002032827262511329	-5.3724332481731985	-4.069942341297747	-0.6059068568715787
22.9	4.767132174727513	4.767132174727513	4.767132174727513	0.09025829939457565	0.07864068618953328	0.030292482770618603	9.514985305036396	7.146085864008631	1.1200563524897793	0	0	0	-0.008192977607206659	-0.007524242335550823	-0.002032827367431586	-5.372433253016253	-4.069942342810632	-0.6059068558938867
23	4.7671321747275135	4.7671321747275135	4.7671321747275135	0.09025829939456752	0.07864068618953116	0.030292482770619834	9.51498530503661	7.146085864008679	1.1200563524897678	0	0	0	-0.008193002368976358	-0.007524252233402736	-0.002032812990195171	-5.3724325958466626	-4.0699421152569855	-0.6059069898204408
23.1	4.7671321747275135	4.7671321747275135	4.7671321747275135	0.09025829939456721	0.07864068618953107	0.030292482770619855	9.51498530503662	7.146085864008681	1.1200563524897675	0	0	0	-0.008193002956482514	-0.007524252580877309	-0.00203281262335073	-5.372432580259707	-4.0699421072684325	-0.6059069932321983
23.2	4.7671321747275135	4.7671321747275135	4.7671321747275135	0.09025829939456541	0.07864068618953061	0.03029248277062014	9.514985305036669	7.1460858640086915	1.1200563524897653	0	0	0	-0.008193008567283673	-0.007524254793773443	-0.0020328093728104275	-5.372432431349193	-4.069942056393494	-0.6059070235129969
23.3	4.7671321747275135	4.7671321747275135	4.7671321747275135	0.09025829939456337	0.07864068618953009	0.03029248277062046	9.514985305036722	7.146085864008704	1.120056352489762	0	0	0	-0.008193014943262392	-0.007524257315788874	-0.002032805676318176	-5.372432262131646	-4.069941998411852	-0.6059070579478187
23.4	4.7671321747275135	4.7671321747275135	4.7671321747275135	0.09025829939456359	0.07864068618953013	0.03029248277062042	9.514985305036717	7.146085864008702	1.1200563524897627	0	0	0	-0.008193014203508191	-0.00752425706677691	-0.002032806094339761	-5.372432281767017	-4.069942004136666	-0.6059070540516587
23.5	4.7671321747275135	4.7671321747275135	4.7671321747275135	0.09025829939456244	0.07864068618952984	0.030292482770620608	9.514985305036745	7.146085864008708	1.1200563524897607	0	0	0	-0.008193017813552568	-0.007524258455384979	-0.002032804011294976	-5.372432185954742	-4.069941972212239	-0.6059070734581904
23.6	4.7671321747275135	4.7671321747275135	4.7671321747275135	0.09025829939456298	0.07864068618953003	0.030292482770620494	9.514985305036733	7.146085864008704	1.120056352489762	0	0	0	-0.008193016061893613	-0.00752425783278761	-0.002032805008179882	-5.372432232447605	-4.0699419865258095	-0.6059070641684025
23.7	4.7671321747275135	4.7671321747275135	4.7671321747275135	0.0902582993945641	0.07864068618953039	0.03029248277062029	9.514985305036703	7.146085864008696	1.1200563524897638	0	0	0	-0.00819301244526122	-0.007524256491508158	-0.002032807081640851	-5.372432328437666	-4.069942017362024	-0.6059070448488406
23.8	4.767132174727513	4.767132174727513	4.767132174727513	0.09025829939456302	0.07864068618953009	0.030292482770620476	9.514985305036733	7.146085864008703	1.1200563524897622	0	0	0	-0.008193015860564637	-0.007524257764960948	-0.002032805121886074	-5.372432237791621	-4.069941988085044	-0.6059070631086585
23.9	4.7671321747275135	4.7671321747275135	4.7671321747275135	0.09025829939456174	0.07864068618952968	0.030292482770620712	9.514985305036767	7.146085864008713	1.12005635248976	0	0	0	-0.008193020000951312	-0.007524259316403553	-0.0020328027437869975	-5.372432127901649	-4.0699419524170235	-0.6059070852659455
24	4.7671321747275135	4.7671321747275135	4.7671321747275135	0.09025829939456136	0.07864068618952957	0.03029248277062078	9.514985305036777	7.1460858640087155	1.1200563524897593	0	0	0	-0.008193021292492534	-0.007524259802790389	-0.0020328020012898877	-5.372432093623037	-4.069941941234869	-0.6059070921838238
