0	4.7671321747275135	4.7671321747275135	4.7671321747275135	0.09025829939456088	0.07864068618952942	0.03029248277062086	9.514985305036792	7.146085864008718	1.1200563524897587	0	0	0	0	0	0	0	0	0
0.1	4.7671321747275135	4.7671321747275135	4.7671321747275135	0.09025829939456088	0.07864068618952942	0.030292482770620858	9.514985305036792	7.146085864008718	1.1200563524897587	0	0	0	0	0	0	0.0030468027476879132	0.002288844816857286	0.0003582353301389587
0.2	4.7671321747275135	4.7671321747275135	4.7671321747275135	0.0902582993945609	0.07864068618952942	0.030292482770620858	9.514985305036792	7.146085864008718	1.1200563524897587	0	0	0	0	0	0	0.005510778331096455	0.0041422257834768696	0.0006462528266165759
0.3	4.7671321747275135	4.7671321747275135	4.7671321747275135	0.0902582993945609	0.07864068618952942	0.03029248277062086	9.514985305036792	7.146085864008718	1.1200563524897587	0	0	0	0	0	0	0.007502184573706188	0.005642994798217635	0.0008769877946746898
0.4	4.7671321747275135	4.7671321747275135	4.7671321747275135	0.0902582993945609	0.07864068618952944	0.03029248277062086	9.514985305036792	7.146085864008718	1.1200563524897587	0	0	0	0	0	-1190245244371351e-21	0.009111334419114842	0.006858311739454115	0.0010615326751590836
0.5	4.7671321747275135	4.7671321747275135	4.7671321747275135	0.0902582993945609	0.07864068618952944	0.030292482770620858	9.514985305036792	7.146085864008718	1.1200563524897587	0	0	0	0	0	-1446048703013651e-21	0.010411319983744059	0.007842357051035666	0.0012089904220412475
0.6	4.7671321747275135	4.7671321747275135	4.7671321747275135	0.0902582993945609	0.07864068618952944	0.030292482770620858	9.514985305036792	7.146085864008718	1.1200563524897587	0	0	0	0	0	-16561127657650437e-22	0.0114614282963925	0.008639081547030214	0.001326746551456732
0.7	4.7671321747275135	4.7671321747275135	4.7671321747275135	0.09025829939456086	0.0786406861895294	0.030292482770620854	9.514985305036792	7.146085864008718	1.1200563524897587	0	0	0	0	0	-18272233082682425e-22	0.012310034743809572	0.009284396479273645	0.0014207965704353222
0.8	4.7671321747275135	4.7671321747275135	4.7671321747275135	0.09025829939456087	0.07864068618952941	0.030292482770620854	9.514985305036792	7.146085864008718	1.1200563524897587	0	0	0	-10336251464528686e-22	0	-1966139302441553e-21	0.012995452116985587	0.009806806975304323	0.001495847603416637
0.9	4.7671321747275135	4.7671321747275135	4.7671321747275135	0.0902582993945609	0.07864068618952941	0.030292482770620858	9.514985305036792	7.146085864008719	1.1200563524897587	0	0	0	-10893780985565022e-22	0	-20787681575144123e-22	0.013549284003370979	0.01022987568242967	0.0015557500031962647
1	4.767132174727513	4.767132174727513	4.767132174727513	0.09025829939456088	0.07864068618952942	0.030292482770620854	9.51498530503679	7.146085864008718	1.1200563524897587	0	0	0	-1133902236727998e-21	0	-21700197329032535e-22	0.013996773271592093	0.0105724715886012	0.0016035466821134215
1.1	4.7671321747275135	4.7671321747275135	4.7671321747275135	0.09025829939456088	0.07864068618952942	0.030292482770620854	9.51498530503679	7.146085864008719	1.1200563524897587	0	0	0	-11694292857263814e-22	0	-22439128108332635e-22	0.0143582436749486	0.010849823340428822	0.0016416626397847108
1.2	4.7671321747275135	4.7671321747275135	4.7671321747275135	0.09025829939456088	0.07864068618952942	0.030292482770620858	9.51498530503679	7.146085864008719	1.1200563524897587	0	0	0	-11977853153638608e-22	0	-23037745238504476e-22	0.014650418316926402	0.01107449038349064	0.0016720734699177757
1.3	4.7671321747275135	4.7671321747275135	4.7671321747275135	0.09025829939456086	0.0786406861895294	0.030292482770620858	9.51498530503679	7.14608586400872	1.1200563524897587	0	0	0	-12203897192420986e-22	0	-23522286775885615e-22	0.01488638891446823	0.011256331695091345	0.0016963070042745375
1.4	4.7671321747275135	4.7671321747275135	4.7671321747275135	0.09025829939456088	0.07864068618952941	0.030292482770620858	9.51498530503679	7.146085864008719	1.1200563524897587	0	0	0	-12384232771966943e-22	0	-23914822641144557e-22	0.015077148738208436	0.01140364267238258	0.0017156343276059482
1.5	4.7671321747275135	4.7671321747275135	4.7671321747275135	0.0902582993945609	0.07864068618952941	0.030292482770620854	9.51498530503679	7.146085864008718	1.1200563524897587	0	0	0	-12527938055852612e-22	0	-24232585901262664e-22	0.015231245061193176	0.011522890811655436	0.001731030830709453
1.6	4.7671321747275135	4.7671321747275135	4.7671321747275135	0.0902582993945609	0.07864068618952942	0.030292482770620858	9.51498530503679	7.146085864008718	1.1200563524897587	0	0	0	-12642454980903094e-22	0	-24489877523315717e-22	0.01535575877424427	0.01161944534315541	0.001743296262445905
1.7	4.7671321747275135	4.7671321747275135	4.7671321747275135	0.0902582993945609	0.07864068618952942	0.030292482770620865	9.51498530503679	7.146085864008718	1.1200563524897587	0	0	0	-12733766317167176e-22	0	-24698347842778328e-22	0.015456442660955864	0.011697678207269984	0.0017530730793249186
1.8	4.7671321747275135	4.7671321747275135	4.7671321747275135	0.0902582993945609	0.07864068618952942	0.03029248277062086	9.51498530503679	7.146085864008718	1.1200563524897587	0	0	0	-12806375822965624e-22	0	-24866924892802942e-22	0.015537692956291682	0.011760940172025813	0.001760844825294893
1.9	4.7671321747275135	4.7671321747275135	4.7671321747275135	0.0902582993945609	0.07864068618952942	0.03029248277062086	9.51498530503679	7.146085864008718	1.1200563524897587	0	0	0	-12864330040452095e-22	0	-2500368510705239e-21	0.015603482061619113	0.011812262259030292	0.001767045884904931
2	4.7671321747275135	4.7671321747275135	4.7671321747275135	0.09025829939456088	0.0786406861895294	0.030292482770620868	9.51498530503679	7.146085864008718	1.1200563524897587	0	0	0	-1291038583452328e-21	0	-25114269272792123e-22	0.015656573324399632	0.011853761132191337	0.0017719720253207547
2.1	4.7671321747275135	4.7671321747275135	4.7671321747275135	0.09025829939456088	0.07864068618952942	0.030292482770620865	9.514985305036788	7.146085864008719	1.1200563524897587	0	0	0	-1294703184392107e-21	0	-25203799867246965e-22	0.01569947440123099	0.011887359302503776	0.0017758902605858804
2.2	4.767132174727514	4.767132174727514	4.767132174727514	0.09025829939456088	0.07864068618952941	0.030292482770620858	9.51498530503679	7.14608586400872	1.1200563524897587	0	0	0	-1297626010796847e-21	0	-2527644035763787e-21	0.015734218476385734	0.011914619077701801	0.0017790142232217499
2.3	4.7671321747275135	4.7671321747275135	4.7671321747275135	0.09025829939456088	0.07864068618952941	0.030292482770620854	9.51498530503679	7.146085864008719	1.1200563524897587	0	0	0	-1299943435947427e-21	0	-25335113897041657e-22	0.0157622280481106	0.011936637452396962	0.0017814901101271985
2.4	4.7671321747275135	4.7671321747275135	4.7671321747275135	0.09025829939456087	0.07864068618952941	0.030292482770620854	9.51498530503679	7.146085864008718	1.1200563524897587	0	0	0	-1301787052576586e-21	0	-25382645796440066e-22	0.01578487779481303	0.011954474768340563	0.0017834589985976227
2.5	4.7671321747275135	4.7671321747275135	4.7671321747275135	0.0902582993945609	0.07864068618952942	0.030292482770620854	9.51498530503679	7.146085864008718	1.1200563524897587	0	0	0	-13032573691838645e-22	0	-2542123745527383e-21	0.015803235641865376	0.011968957021650963	0.0017850285748672483
2.6	4.7671321747275135	4.7671321747275135	4.7671321747275135	0.09025829939456091	0.07864068618952945	0.030292482770620854	9.51498530503679	7.146085864008718	1.1200563524897587	0	0	0	-1304421213845333e-21	0	-2545239408145939e-21	0.015818029292912525	0.011980649111232951	0.0017862704162498323
2.7	4.7671321747275135	4.7671321747275135	4.7671321747275135	0.0902582993945609	0.07864068618952944	0.030292482770620854	9.514985305036788	7.146085864008718	1.1200563524897587	0	0	0	-13053439603632296e-22	0	-25477588007822655e-22	0.015829970665438276	0.011990103659867881	0.0017872545507649448
2.8	4.767132174727513	4.767132174727513	4.767132174727513	0.09025829939456093	0.0786406861895295	0.030292482770620854	9.514985305036788	7.1460858640087155	1.1200563524897587	0	0	0	-13060812469220922e-22	0	-25498089898649164e-22	0.015839672756691247	0.011997797350706368	0.0017880405317036662
2.9	4.7671321747275135	4.7671321747275135	4.7671321747275135	0.09025829939456101	0.07864068618952968	0.030292482770620858	9.514985305036786	7.146085864008713	1.1200563524897587	0	0	0	-13066654115446847e-22	0	-25514669630534873e-22	0.01584750519773338	0.012004019058465378	0.0017886629489630584
3	4.7671321747275135	4.7671321747275135	4.7671321747275135	0.09025829939456105	0.07864068618952975	0.03029248277062086	9.514985305036786	7.14608586400871	1.1200563524897587	0	0	0	-13071259236910085e-22	0	-25528029962240485e-22	0.01585380566309144	0.01200903270949533	0.0017891533509491343
3.1	4.7671321747275135	4.7671321747275135	4.7671321747275135	0.09025829939456101	0.07864068618952966	0.030292482770620858	9.514985305036786	7.146085864008713	1.1200563524897587	0	0	0	-13074920097639556e-22	0	-2553886864424349e-21	0.015858909253028377	0.01201310025173525	0.0017895430149112391
3.2	4.7671321747275135	4.7671321747275135	4.7671321747275135	0.09025829939456131	0.07864068618953014	0.030292482770620854	9.514985305036777	7.146085864008703	1.1200563524897587	0	0	0	-1307784524627407e-21	0	-25547700170323233e-22	0.01586306075261255	0.012016413737878321	0.0017898541274928817
3.3	4.7671321747275135	4.7671321747275135	4.7671321747275135	0.09025829939456181	0.07864068618953095	0.030292482770620844	9.514985305036765	7.1460858640086835	1.1200563524897587	0	0	0	-13080154996855438e-22	0	-2555483351100991e-21	0.015866407857669903	0.012019089535405234	0.0017900995801135467
3.4	4.7671321747275135	4.7671321747275135	4.7671321747275135	0.09025829939456208	0.07864068618953136	0.030292482770620844	9.514985305036758	7.146085864008674	1.1200563524897587	0	0	0	-13081967441036934e-22	0	-25560570119955724e-22	0.015869095459530403	0.01202124172404489	0.0017902920841864314
3.5	4.7671321747275135	4.7671321747275135	4.7671321747275135	0.09025829939456168	0.07864068618953073	0.030292482770620847	9.514985305036769	7.146085864008689	1.1200563524897587	0	0	0	-13083400670533379e-22	0	-2556521145768595e-21	0.015871268442322933	0.012022984377967129	0.0017904443503898662
3.6	4.7671321747275135	4.7671321747275135	4.7671321747275135	0.0902582993945653	0.07864068618953649	0.030292482770620605	9.514985305036673	7.146085864008556	1.1200563524897607	0	0	0	-13084557725936946e-22	0	-25569032136209774e-22	0.01587304420341327	0.012024410171656067	0.0017905664426330124
3.7	4.7671321747275135	4.7671321747275135	4.7671321747275135	0.09025829939457378	0.07864068618955	0.030292482770620084	9.514985305036447	7.146085864008246	1.1200563524897649	0	0	0	-13085484018828262e-22	0	-2557216113922639e-21	0.01587448120924936	0.012025565599635753	0.0017906630127478707
3.8	4.7671321747275135	4.7671321747275135	4.7671321747275135	0.09025829939458181	0.07864068618956283	0.030292482770619612	9.514985305036232	7.14608586400795	1.1200563524897686	0	0	0	-1308621118368977e-21	0	-2557468299990729e-21	0.015875634257708732	0.012026494161261447	0.001790738481137541
3.9	4.7671321747275135	4.7671321747275135	4.7671321747275135	0.09025829939458409	0.07864068618956647	0.030292482770619494	9.51498530503617	7.146085864007866	1.1200563524897695	0	0	0	-13086770855003918e-22	0	-25576682251423963e-22	0.01587655814666894	0.012027239355888427	0.0017907972682051217
4	4.7671321747275135	4.7671321747275135	4.7671321747275135	0.09025829939457553	0.0786406861895528	0.03029248277062004	9.5149853050364	7.146085864008182	1.120056352489765	0	0	0	-13087195009556438e-22	0	-25578244657167957e-22	0.015877307668397223	0.01202784467777179	0.0017908437948682286
4.1	4.7671321747275135	4.7671321747275135	4.7671321747275135	0.09025829939475725	0.07864068618984076	0.030292482770599784	9.514985305031557	7.146085864001561	1.1200563524899383	0	0	0	-13087843717585917e-22	0	-2558063872161485e-21	0.015877924530140756	0.012028342642698576	0.0017908823227772333
4.2	4.7671321747275135	4.7671321747275135	4.7671321747275135	0.09025829939517656	0.07864068619050532	0.030292482770554126	9.51498530502038	7.146085863986283	1.1200563524903269	0	0	0	-1308880772205981e-21	0	-2558417851739905e-21	0.015878425837570046	0.012028746853045284	0.0017909142526609835
4.3	4.7671321747275135	4.7671321747275135	4.7671321747275135	0.09025829939563773	0.07864068619123635	0.030292482770504368	9.514985305008091	7.146085863969477	1.1200563524907505	0	0	0	-13089780183669918e-22	0	-25587752404483167e-22	0.015878828392055344	0.012029071445814783	0.0017909398102986076
4.4	4.7671321747275135	4.7671321747275135	4.7671321747275135	0.09025829939594512	0.07864068619172367	0.03029248277047179	9.514985304999898	7.146085863958272	1.1200563524910272	0	0	0	-13090454263108036e-22	0	-25590248742829787e-22	0.01587914899496689	0.012029330558009945	0.001790959221469232
4.5	4.7671321747275135	4.7671321747275135	4.7671321747275135	0.09025829939590303	0.07864068619165714	0.03029248277047769	9.51498530500102	7.146085863959802	1.120056352490976	0	0	0	-13090523121065958e-22	0	-25590555892401516e-22	0.015879404447674935	0.012029538326633633	0.001790972711951984
4.6	4.7671321747275135	4.7671321747275135	4.7671321747275135	0.09025829939532316	0.07864068619073825	0.030292482770542414	9.514985305016474	7.146085863980928	1.1200563524904235	0	0	0	-13089691067036909e-22	0	-25587605246378166e-22	0.015879611546492117	0.012029708860370941	0.0017909805448065295
4.7	4.7671321747275135	4.7671321747275135	4.7671321747275135	0.09025829939514252	0.07864068619044899	0.0302924827705449	9.514985305021291	7.146085863987578	1.1200563524904166	0	0	0	-1308938841557386e-21	0	-25586908384943e-19	0.015879783448237157	0.012029849610658214	0.0017909884554299332
4.8	4.7671321747275135	4.7671321747275135	4.7671321747275135	0.09025829939544586	0.07864068619092583	0.030292482770488537	9.51498530501321	7.146085863976615	1.1200563524909166	0	0	0	-13089823011172407e-22	0	-25588978562895845e-22	0.015879924121840295	0.012029963380861599	0.0017909970707277552
4.9	4.7671321747275135	4.7671321747275135	4.7671321747275135	0.09025829939526708	0.0786406861906439	0.03029248277051559	9.514985305017975	7.146085863983097	1.1200563524906795	0	0	0	-13089624694719704e-22	0	-25588178874566424e-22	0.015880036189060098	0.01203005534067763	0.0017910015247794855
5	4.7671321747275135	4.7671321747275135	4.7671321747275135	0.0902582993950446	0.07864068619029005	0.030292482770537282	9.514985305023904	7.146085863991231	1.120056352490497	0	0	0	-13089287890031203e-22	0	-2558706669461107e-21	0.015880126693085455	0.012030130067414043	0.0017910045643031924
5.1	4.7671321747275135	4.7671321747275135	4.7671321747275135	0.09025829939530197	0.07864068619069123	0.03029248277047718	9.514985305017053	7.146085863982008	1.1200563524910363	0	0	0	-1308956372465747e-21	0	-2558871422507432e-21	0.015880201325379553	0.012030190492328162	0.0017910092764654743
5.2	4.7671321747275135	4.7671321747275135	4.7671321747275135	0.09025829939521224	0.07864068619055055	0.0302924827704942	9.514985305019442	7.146085863985242	1.120056352490885	0	0	0	-13089481888825532e-22	0	-25588323077951945e-22	0.015880260719228156	0.012030239314561519	0.0017910113678745432
5.3	4.7671321747275135	4.7671321747275135	4.7671321747275135	0.09025829939496606	0.0786406861901622	0.03029248277053415	9.514985305025998	7.14608586399417	1.1200563524905336	0	0	0	-13089170520222068e-22	0	-25586989610710327e-22	0.01588030826504497	0.012030278985841945	0.0017910120389386822
5.4	4.7671321747275135	4.7671321747275135	4.7671321747275135	0.09025829939518035	0.07864068619049269	0.030292482770473955	9.514985305020296	7.146085863986573	1.1200563524910776	0	0	0	-13089331253582338e-22	0	-25588299499095546e-22	0.0158803478494024	0.012030311078079147	0.0017910147486029666
5.5	4.7671321747275135	4.7671321747275135	4.7671321747275135	0.09025829939515323	0.07864068619045034	0.030292482770479474	9.514985305021016	7.1460858639875475	1.1200563524910285	0	0	0	-13089312841483736e-22	0	-2558821158974139e-21	0.015880379375162068	0.012030337000054948	0.001791015809431953
5.6	4.7671321747275135	4.7671321747275135	4.7671321747275135	0.09025829939490315	0.07864068619005954	0.030292482770533858	9.514985305027675	7.1460858639965315	1.1200563524905423	0	0	0	-13089062642063876e-22	0	-25586819771590172e-22	0.015880404311338952	0.012030358059576012	0.0017910153944311776
5.7	4.7671321747275135	4.7671321747275135	4.7671321747275135	0.0902582993950779	0.07864068619032545	0.030292482770476557	9.514985305023027	7.146085863990417	1.1200563524910632	0	0	0	-13089141042801047e-22	0	-2558785044783235e-21	0.015880425276357312	0.012030375103848443	0.0017910170407844312
5.8	4.7671321747275135	4.7671321747275135	4.7671321747275135	0.09025829939509357	0.07864068619034915	0.030292482770470867	9.514985305022611	7.146085863989874	1.120056352491115	0	0	0	-13089149814746526e-22	0	-25587974971615026e-22	0.015880442032747612	0.01203038886788854	0.0017910176784184531
5.9	4.7671321747275135	4.7671321747275135	4.7671321747275135	0.09025829939485286	0.07864068618997716	0.030292482770535242	9.514985305029017	7.146085863998425	1.120056352490534	0	0	0	-1308897241608981e-21	0	-25586626453953667e-22	0.015880455108259153	0.012030400046791609	0.0017910168179834215
6	4.7671321747275135	4.7671321747275135	4.7671321747275135	0.09025829939499191	0.0786406861901854	0.030292482770483166	9.514985305025322	7.146085863993639	1.1200563524910092	0	0	0	-1308899406414023e-21	0	-25587422034437526e-22	0.015880466173257723	0.012030409098896779	0.0017910178681595826
6.1	4.7671321747275135	4.7671321747275135	4.7671321747275135	0.09025829939503564	0.0786406861902513	0.030292482770467602	9.514985305024158	7.1460858639921225	1.1200563524911509	0	0	0	-13089007105272114e-22	0	-25587685643522855e-22	0.015880475081313926	0.012030416407724422	0.0017910183459434127
6.2	4.7671321747275135	4.7671321747275135	4.7671321747275135	0.09025829939481268	0.07864068618991114	0.03029248277053751	9.51498530503009	7.146085863999943	1.1200563524905165	0	0	0	-1308890024298533e-21	0	-2558644117201077e-21	0.015880481963122396	0.01203042234154415	0.0017910173576184357
6.3	4.7671321747275135	4.7671321747275135	4.7671321747275135	0.09025829939491996	0.07864068619006867	0.030292482770492284	9.514985305027237	7.146085863996321	1.1200563524909304	0	0	0	-1308888540373686e-21	0	-25587037549309168e-22	0.01588048776355761	0.01203042714895913	0.0017910180480471783
6.4	4.7671321747275135	4.7671321747275135	4.7671321747275135	0.09025829939498088	0.07864068619015928	0.030292482770468688	9.514985305025617	7.146085863994238	1.1200563524911462	0	0	0	-1308888965989198e-21	0	-25587383591512543e-22	0.01588049248428938	0.012030431030196138	0.0017910184703443656
6.5	4.7671321747275135	4.7671321747275135	4.7671321747275135	0.09025829939503166	0.07864068619022793	0.03029248277043823	9.51498530502427	7.146085863992661	1.1200563524914273	0	0	0	-13088827844025824e-22	0	-25587646294228963e-22	0.015880496141471266	0.01203043418183266	0.0017910187898499024
6.6	4.7671321747275135	4.7671321747275135	4.7671321747275135	0.09025829939627379	0.07864068619205437	0.03029248276992948	9.514985304991253	7.1460858639506695	1.1200563524960816	0	0	0	-13088721791607053e-22	0	-25594419612165402e-22	0.01588049911235554	0.012030436742252614	0.001791025180866735
6.7	4.7671321747275135	4.7671321747275135	4.7671321747275135	0.09025829939770275	0.07864068619415934	0.030292482769350277	9.514985304953267	7.146085863902275	1.1200563525013794	0	0	0	-1308863619627604e-21	0	-2560222351719799e-21	0.01588050155910786	0.012030438805958426	0.0017910325207497787
6.8	4.7671321747275135	4.7671321747275135	4.7671321747275135	0.09025829939808064	0.07864068619471819	0.030292482769200543	9.51498530494322	7.146085863889427	1.120056352502748	0	0	0	-13088634604471261e-22	0	-2560429835957035e-21	0.015880503610290655	0.012030440466375998	0.001791034489775852
6.9	4.7671321747275135	4.7671321747275135	4.7671321747275135	0.09025829939642606	0.0786406861922824	0.03029248276987351	9.514985304987203	7.1460858639454266	1.1200563524965923	0	0	0	-1308874862578269e-21	0	-2559527793995148e-21	0.015880505339820727	0.012030441815859771	0.0017910260716909358
7	4.767132174727514	4.767132174727514	4.767132174727514	0.09025829939597392	0.07864068619159395	0.030292482770024314	9.51498530499923	7.146085863961255	1.120056352495221	0	0	0	-13088576922832172e-22	0	-25592730370501377e-22	0.015880506151374117	0.0120304429142997	0.001791023702888696
7.1	4.7671321747275135	4.7671321747275135	4.7671321747275135	0.09025829939627569	0.0786406861920201	0.030292482769875125	9.514985304991214	7.146085863951456	1.120056352496592	0	0	0	-13088394315495074e-22	0	-25594311615661067e-22	0.01588050677286498	0.012030443801732986	0.0017910251917854958
7.2	4.7671321747275135	4.7671321747275135	4.7671321747275135	0.09025829939546083	0.07864068619083649	0.030292482770229466	9.514985305012868	7.146085863978669	1.120056352493345	0	0	0	-1308859125954499e-21	0	-2558992850145077e-21	0.01588050806672417	0.012030444520787678	0.0017910210979092342
7.3	4.7671321747275135	4.7671321747275135	4.7671321747275135	0.09025829939536313	0.07864068619068042	0.03029248277025372	9.51498530501547	7.146085863982257	1.120056352493127	0	0	0	-1308850092697246e-21	0	-25589352010257255e-22	0.015880508517024557	0.012030445103913061	0.0017910205626063401
7.4	4.7671321747275135	4.7671321747275135	4.7671321747275135	0.09025829939547708	0.07864068619083772	0.030292482770193353	9.514985305012443	7.146085863978641	1.1200563524936828	0	0	0	-13088406028600586e-22	0	-2558993600972747e-21	0.015880508846174698	0.012030445574945545	0.0017910211111224776
7.5	4.7671321747275135	4.7671321747275135	4.7671321747275135	0.09025829939500812	0.07864068619016731	0.03029248277041139	9.514985305024906	7.146085863994053	1.1200563524916813	0	0	0	-13088607253515553e-22	0	-25587453226869336e-22	0.015880509787460615	0.012030445956943636	0.0017910187895762498
7.6	4.7671321747275135	4.7671321747275135	4.7671321747275135	0.0902582993950191	0.07864068619017431	0.030292482770396163	9.514985305024616	7.146085863993893	1.1200563524918237	0	0	0	-1308853806246731e-21	0	-25587480161485754e-22	0.01588050997731906	0.012030446266471992	0.0017910188149551202
7.7	4.767132174727514	4.767132174727514	4.767132174727514	0.09025829939503653	0.0786406861901965	0.03029248277038482	9.514985305024153	7.146085863993383	1.1200563524919285	0	0	0	-13088510037784666e-22	0	-25587563103106604e-22	0.01588051020640921	0.012030446516516928	0.0017910188921536482
7.8	4.7671321747275135	4.7671321747275135	4.7671321747275135	0.0902582993947906	0.07864068618985062	0.030292482770505808	9.514985305030686	7.146085864001336	1.1200563524908165	0	0	0	-13088657856908064e-22	0	-255862819755675e-20	0.015880510816433626	0.01203044671944633	0.0017910176929779775
7.9	4.7671321747275135	4.7671321747275135	4.7671321747275135	0.09025829939482251	0.07864068618989035	0.03029248277048466	9.514985305029839	7.146085864000421	1.120056352491012	0	0	0	-13088603344628277e-22	0	-255864296246219e-20	0.01588051087280762	0.012030446883732534	0.0017910178301689449
8	4.7671321747275135	4.7671321747275135	4.7671321747275135	0.09025829939479817	0.07864068618985605	0.03029248277049654	9.514985305030486	7.1460858640012095	1.1200563524909029	0	0	0	-1308861739576224e-21	0	-25586302916675787e-22	0.015880511067716655	0.012030447016490186	0.0017910177106025106
8.1	4.7671321747275135	4.7671321747275135	4.7671321747275135	0.09025829939468288	0.07864068618969637	0.030292482770555972	9.514985305033548	7.146085864004879	1.120056352490356	0	0	0	-13088704166316294e-22	0	-2558571152795884e-21	0.01588051141582069	0.012030447124281063	0.0017910171563229004
8.2	4.7671321747275135	4.7671321747275135	4.7671321747275135	0.09025829939470943	0.07864068618973019	0.03029248277053942	9.514985305032845	7.146085864004103	1.120056352490509	0	0	0	-13088665110048383e-22	0	-25585836835070942e-22	0.015880511419841536	0.01203044721147339	0.0017910172725054238
8.3	4.7671321747275135	4.7671321747275135	4.7671321747275135	0.09025829939467306	0.07864068618968093	0.03029248277055922	9.51498530503381	7.1460858640052365	1.1200563524903264	0	0	0	-1308869951309372e-21	0	-2558565455210345e-21	0.015880511592612587	0.012030447281974341	0.0017910171009969864
8.4	4.7671321747275135	4.7671321747275135	4.7671321747275135	0.09025829939462769	0.07864068618961871	0.030292482770583423	9.514985305035013	7.1460858640066665	1.1200563524901037	0	0	0	-13088738797082882e-22	0	-25585424335724022e-22	0.01588051176130501	0.012030447339218948	0.0017910168847200775
8.5	4.7671321747275135	4.7671321747275135	4.7671321747275135	0.09025829939464447	0.07864068618963983	0.030292482770572973	9.51498530503457	7.146085864006181	1.1200563524902003	0	0	0	-13088713875599573e-22	0	-25585502653482126e-22	0.01588051175256147	0.01203044738549456	0.0017910169571434536
8.6	4.7671321747275135	4.7671321747275135	4.7671321747275135	0.09025829939464447	0.07864068618963867	0.030292482770572105	9.51498530503457	7.146085864006208	1.1200563524902085	0	0	0	-13088707742702274e-22	0	-2558549843735713e-21	0.01588051178139093	0.01203044742294619	0.001791016952441019
8.7	4.7671321747275135	4.7671321747275135	4.7671321747275135	0.09025829939546379	0.0786406861906891	0.0302924827700784	9.514985305012825	7.146085863982057	1.1200563524947666	0	0	0	-13087603009538818e-22	0	-2558938793632214e-21	0.015880508960710197	0.01203044745345801	0.001791020590256742
8.8	4.7671321747275135	4.7671321747275135	4.7671321747275135	0.09025829939696244	0.07864068619261277	0.0302924827691771	9.514985304973054	7.146085863937833	1.1200563525030878	0	0	0	-13085594533159992e-22	0	-2559651064683323e-21	0.015880503796451197	0.012030447478121742	0.0017910272527071286
8.9	4.7671321747275135	4.7671321747275135	4.7671321747275135	0.09025829939842109	0.0786406861944863	0.030292482768300752	9.514985304934347	7.146085863894759	1.1200563525111784	0	0	0	-13083646029079577e-22	0	-2560344773686508e-21	0.01588049878199171	0.01203044749789075	0.0017910337415874317
9	4.7671321747275135	4.7671321747275135	4.7671321747275135	0.09025829939912045	0.07864068619538635	0.030292482767881924	9.514985304915788	7.146085863874067	1.1200563525150449	0	0	0	-13082721212811351e-22	0	-25606780374392355e-22	0.015880496410709523	0.012030447513718404	0.0017910368586929047
9.1	4.7671321747275135	4.7671321747275135	4.7671321747275135	0.0902582993983412	0.07864068619438958	0.030292482768353172	9.514985304936467	7.146085863896983	1.1200563525106937	0	0	0	-1308378379986909e-21	0	-2560308972738972e-21	0.01588049917598241	0.012030447526558071	0.0017910334058188013
9.2	4.7671321747275135	4.7671321747275135	4.7671321747275135	0.09025829939622769	0.07864068619167393	0.03029248276962239	9.514985304992553	7.146085863959416	1.1200563524989762	0	0	0	-13086602762481724e-22	0	-2559303457659033e-21	0.015880506477680825	0.012030447537235846	0.0017910239992265256
9.3	4.7671321747275135	4.7671321747275135	4.7671321747275135	0.0902582993959151	0.07864068619124585	0.03029248276979131	9.514985305000854	7.146085863969258	1.1200563524974205	0	0	0	-13086885844444991e-22	0	-25591449487421383e-22	0.015880507206926207	0.012030447545855966	0.001791022516134346
9.4	4.7671321747275135	4.7671321747275135	4.7671321747275135	0.09025829939578399	0.07864068619107112	0.030292482769865393	9.514985305004332	7.1460858639732745	1.1200563524967375	0	0	0	-13087027933015587e-22	0	-25590802464342186e-22	0.01588050757955272	0.012030447552815876	0.0017910219106124594
9.5	4.767132174727514	4.767132174727514	4.767132174727514	0.09025829939512191	0.07864068619023375	0.03029248277027258	9.514985305021904	7.146085863992526	1.1200563524929765	0	0	0	-1308797912631888e-21	0	-25587702012321715e-22	0.015880510052545944	0.01203044755849012	0.0017910190100283807
9.6	4.7671321747275135	4.7671321747275135	4.7671321747275135	0.09025829939512155	0.07864068619022287	0.030292482770265954	9.514985305021911	7.146085863992776	1.120056352493039	0	0	0	-13087929825830907e-22	0	-2558766174619365e-21	0.015880509925681602	0.012030447563054953	0.0017910189721754306
9.7	4.7671321747275135	4.7671321747275135	4.7671321747275135	0.09025829939492196	0.07864068618997545	0.030292482770391888	9.514985305027208	7.146085863998465	1.120056352491875	0	0	0	-13088239949145708e-22	0	-2558674563706451e-21	0.0158805107363865	0.012030447566757268	0.0017910181150287525
9.8	4.7671321747275135	4.7671321747275135	4.7671321747275135	0.09025829939477223	0.07864068618978766	0.030292482770485157	9.51498530503118	7.146085864002781	1.1200563524910132	0	0	0	-13088463389587249e-22	0	-2558605039294972e-21	0.015880511320096373	0.012030447569760943	0.0017910174645175373
9.9	4.7671321747275135	4.7671321747275135	4.7671321747275135	0.09025829939478357	0.07864068618979844	0.030292482770476012	9.51498530503088	7.146085864002534	1.1200563524910983	0	0	0	-13088430938139807e-22	0	-2558609031604341e-21	0.01588051123740375	0.012030447572182152	0.001791017501750672
10	4.7671321747275135	4.7671321747275135	4.7671321747275135	0.0902582993946699	0.07864068618966111	0.03029248277054992	9.514985305033894	7.146085864005691	1.1200563524904148	0	0	0	-13088623846313013e-22	0	-25585581845833167e-22	0.015880511742693337	0.012030447574149419	0.0017910170259979495
10.1	4.7671321747275135	4.7671321747275135	4.7671321747275135	0.09025829939464688	0.0786406861896317	0.030292482770563983	9.514985305034505	7.146085864006366	1.120056352490285	0	0	0	-1308865599161911e-21	0	-25585472963309745e-22	0.015880511827883033	0.0120304475757408	0.0017910169240610313
10.2	4.7671321747275135	4.7671321747275135	4.7671321747275135	0.0902582993946407	0.07864068618962373	0.030292482770567716	9.514985305034669	7.14608586400655	1.1200563524902503	0	0	0	-13088664326129877e-22	0	-25585443465705418e-22	0.015880511851008285	0.012030447577026373	0.0017910168963988214
10.3	4.767132174727514	4.767132174727514	4.767132174727514	0.09025829939459715	0.07864068618957214	0.030292482770596627	9.514985305035825	7.146085864007736	1.120056352489983	0	0	0	-13088742694850102e-22	0	-25585252427102215e-22	0.01588051205693833	0.012030447578071262	0.0017910167176312588
10.4	4.7671321747275135	4.7671321747275135	4.7671321747275135	0.09025829939459662	0.07864068618957079	0.03029248277059667	9.514985305035841	7.146085864007767	1.1200563524899825	0	0	0	-13088741020475903e-22	0	-25585247441622057e-22	0.015880512053389438	0.012030447578915287	0.0017910167129193552
10.5	4.7671321747275135	4.7671321747275135	4.7671321747275135	0.0902582993945848	0.07864068618955707	0.03029248277060464	9.514985305036154	7.146085864008082	1.120056352489909	0	0	0	-13088763327956085e-22	0	-2558519660812134e-21	0.01588051211255994	0.0120304475795985	0.0017910166653257375
10.6	4.7671321747275135	4.7671321747275135	4.7671321747275135	0.09025829939457444	0.07864068618954492	0.0302924827706116	9.514985305036427	7.146085864008361	1.1200563524898446	0	0	0	-13088782556091174e-22	0	-2558515159832358e-21	0.01588051216349448	0.01203044758015263	0.0017910166231864368
10.7	4.7671321747275135	4.7671321747275135	4.7671321747275135	0.0902582993945753	0.07864068618954563	0.03029248277061098	9.514985305036406	7.146085864008345	1.1200563524898504	0	0	0	-13088780255624086e-22	0	-25585154122538792e-22	0.01588051215796586	0.012030447580599967	0.0017910166255192207
10.8	4.7671321747275135	4.7671321747275135	4.7671321747275135	0.09025829939470613	0.07864068618968753	0.03029248277051895	9.514985305032937	7.146085864005083	1.120056352490703	0	0	0	-13088500085304298e-22	0	-2558567937639485e-21	0.015880511423157637	0.012030447580957648	0.0017910171168526682
10.9	4.7671321747275135	4.7671321747275135	4.7671321747275135	0.09025829939576986	0.07864068619084343	0.030292482769771582	9.514985305004732	7.14608586397851	1.1200563524976284	0	0	0	-1308622937541051e-21	0	-25589957835280243e-22	0.015880505464963092	0.012030447581209977	0.001791021119187164
11	4.7671321747275135	4.7671321747275135	4.7671321747275135	0.09025829939750345	0.07864068619272764	0.030292482768553786	9.514985304958769	7.146085863935191	1.1200563525089124	0	0	0	-1308253038820155e-21	0	-25596932135567557e-22	0.015880495758870104	0.012030447581377135	0.0017910276433940782
11.1	4.7671321747275135	4.7671321747275135	4.7671321747275135	0.09025829939943374	0.07864068619482617	0.030292482767197995	9.514985304907587	7.146085863886945	1.120056352521475	0	0	0	-13078413333332392e-22	0	-2560469963931936e-21	0.015880484955793337	0.012030447581487292	0.001791034909619091
11.2	4.7671321747275135	4.7671321747275135	4.7671321747275135	0.09025829940108764	0.07864068619662497	0.03029248276603664	9.514985304863737	7.146085863845591	1.120056352532236	0	0	0	-13074888420458003e-22	0	-2561135770859826e-21	0.015880475706647447	0.012030447581568625	0.001791041138007884
11.3	4.7671321747275135	4.7671321747275135	4.7671321747275135	0.090258299401992	0.07864068619760999	0.03029248276540216	9.514985304839758	7.146085863822945	1.1200563525381149	0	0	0	-13072965859233347e-22	0	-2561500370546682e-21	0.015880470662347095	0.012030447581649301	0.0017910445487061377
11.4	4.7671321747275135	4.7671321747275135	4.7671321747275135	0.09025829940167368	0.07864068619726722	0.030292482765627	9.514985304848198	7.146085863830825	1.1200563525360314	0	0	0	-1307365585931339e-21	0	-2561373499198762e-21	0.015880472473806945	0.0120304475817575	0.0017910433618595332
11.5	4.767132174727514	4.767132174727514	4.767132174727514	0.0902582993996596	0.07864068619508262	0.03029248276704359	9.514985304901598	7.146085863881049	1.1200563525229046	0	0	0	-13077968630353098e-22	0	-25605648930223254e-22	0.01588048379194165	0.01203044758192139	0.001791035797613751
11.6	4.767132174727514	4.767132174727514	4.767132174727514	0.09025829939663298	0.07864068619179071	0.030292482769168974	9.514985304981847	7.146085863956731	1.1200563525032112	0	0	0	-1308441963824741e-21	0	-25593464248971765e-22	0.015880500719408296	0.012030447582118705	0.0017910243992481317
11.7	4.7671321747275135	4.7671321747275135	4.7671321747275135	0.09025829939586558	0.07864068619093521	0.03029248276970019	9.514985305002195	7.146085863976398	1.1200563524982905	0	0	0	-1308598678214585e-21	0	-25590297744434368e-22	0.015880504826932592	0.012030447582209346	0.0017910214370853534
11.8	4.7671321747275135	4.7671321747275135	4.7671321747275135	0.09025829939531434	0.07864068619033811	0.03029248277008799	9.514985305016813	7.146085863990127	1.1200563524946974	0	0	0	-13087168700518804e-22	0	-25588087515088725e-22	0.015880507928839327	0.012030447582278985	0.0017910193694861863
11.9	4.7671321747275135	4.7671321747275135	4.7671321747275135	0.0902582993949211	0.07864068618991345	0.030292482770365253	9.514985305027237	7.146085863999889	1.1200563524921276	0	0	0	-13088016922099535e-22	0	-25586515687615625e-22	0.015880510155303267	0.012030447582333275	0.0017910178990911006
12	4.7671321747275135	4.7671321747275135	4.7671321747275135	0.09025829939483207	0.0786406861898153	0.03029248277042731	9.514985305029596	7.1460858640021465	1.120056352491553	0	0	0	-13088202479037625e-22	0	-25586152432535062e-22	0.015880510641948845	0.01203044758236775	0.001791017559275532
12.1	4.7671321747275135	4.7671321747275135	4.7671321747275135	0.09025829939467164	0.07864068618964613	0.030292482770541803	9.51498530503385	7.146085864006035	1.1200563524904916	0	0	0	-13088561258760168e-22	0	-25585526296651288e-22	0.015880511584590376	0.01203044758239899	0.0017910169735441772
12.2	4.7671321747275135	4.7671321747275135	4.7671321747275135	0.0902582993946389	0.07864068618961045	0.030292482770564833	9.514985305034719	7.146085864006855	1.120056352490278	0	0	0	-13088631168183826e-22	0	-2558539421273586e-21	0.01588051176805467	0.012030447582420221	0.0017910168499823652
12.3	4.7671321747275135	4.7671321747275135	4.7671321747275135	0.09025829939459945	0.07864068618956946	0.03029248277059313	9.514985305035765	7.146085864007798	1.1200563524900158	0	0	0	-13088720945585745e-22	0	-25585242438945067e-22	0.01588051200405753	0.012030447582437823	0.0017910167080015522
12.4	4.7671321747275135	4.7671321747275135	4.7671321747275135	0.090258299394582	0.0786406861895511	0.030292482770605623	9.514985305036227	7.14608586400822	1.1200563524898999	0	0	0	-1308876023678605e-21	0	-2558517448800117e-21	0.015880512107317155	0.012030447582451602	0.0017910166444343669
12.5	4.7671321747275135	4.7671321747275135	4.7671321747275135	0.09025829939457537	0.07864068618954415	0.03029248277061039	9.514985305036403	7.146085864008379	1.1200563524898557	0	0	0	-13088775304476593e-22	0	-2558514874758494e-21	0.01588051214692953	0.012030447582462288	0.0017910166203540148
12.6	4.767132174727513	4.767132174727513	4.767132174727513	0.090258299394567	0.07864068618953564	0.030292482770616438	9.514985305036625	7.146085864008575	1.1200563524897997	0	0	0	-13088794759762718e-22	0	-2558511724579802e-21	0.015880512198111228	0.0120304475824711	0.00179101659088426
12.7	4.7671321747275135	4.7671321747275135	4.7671321747275135	0.09025829939456549	0.07864068618953404	0.030292482770617524	9.514985305036664	7.146085864008612	1.1200563524897897	0	0	0	-13088798121587237e-22	0	-25585111342547927e-22	0.015880512206952694	0.01203044758247824	0.0017910165853611741
12.8	4.7671321747275135	4.7671321747275135	4.7671321747275135	0.0902582993945629	0.07864068618953145	0.0302924827706194	9.514985305036735	7.146085864008672	1.1200563524897722	0	0	0	-13088804306025492e-22	0	-2558510172796331e-21	0.015880512223234423	0.012030447582483964	0.0017910165763665327
12.9	4.7671321747275135	4.7671321747275135	4.7671321747275135	0.09025829939456215	0.07864068618953067	0.03029248277061994	9.514985305036754	7.146085864008689	1.120056352489767	0	0	0	-13088806056753196e-22	0	-25585098877400045e-22	0.01588051222784428	0.012030447582488408	0.0017910165736995324
13	4.767132174727514	4.767132174727514	4.767132174727514	0.09025829939458115	0.07864068618954827	0.0302924827706062	9.514985305036252	7.146085864008286	1.1200563524898948	0	0	0	-130887589006716e-20	0	-255851645696009e-20	0.01588051210357806	0.012030447582491395	0.0017910166351520244
13.1	4.7671321747275135	4.7671321747275135	4.7671321747275135	0.09025829939525576	0.07864068619017396	0.030292482770118534	9.514985305018369	7.146085863993901	1.120056352494421	0	0	0	-13087087026419323e-22	0	-2558749970592173e-21	0.015880507697809715	0.01203044758247004	0.0017910188195945503
13.2	4.7671321747275135	4.7671321747275135	4.7671321747275135	0.09025829939671327	0.07864068619152584	0.030292482769064925	9.514985304979731	7.146085863962821	1.1200563525041993	0	0	0	-13083475084378862e-22	0	-25592545187414293e-22	0.015880498179530876	0.012030447582419713	0.0017910235394755154
13.3	4.7671321747275135	4.7671321747275135	4.7671321747275135	0.09025829939870778	0.0786406861933759	0.030292482767623155	9.514985304926862	7.1460858639202876	1.1200563525175806	0	0	0	-13078532678663544e-22	0	-25599449993124668e-22	0.015880485155198056	0.01203044758234938	0.0017910299986929207
13.4	4.7671321747275135	4.7671321747275135	4.7671321747275135	0.09025829940099334	0.07864068619549613	0.03029248276597102	9.514985304866272	7.146085863871543	1.1200563525329144	0	0	0	-13072869413386693e-22	0	-2560736310209892e-21	0.01588047023126777	0.012030447582268003	0.0017910374011447672
13.5	4.7671321747275135	4.7671321747275135	4.7671321747275135	0.09025829940332405	0.07864068619765852	0.030292482764286283	9.514985304804489	7.14608586382183	1.1200563525485505	0	0	0	-13067094892661635e-22	0	-25615433493383096e-22	0.015880455014196514	0.01203044758218455	0.0017910449507290561
13.6	4.7671321747275135	4.7671321747275135	4.7671321747275135	0.09025829940545402	0.078640686199635	0.030292482762746754	9.514985304748027	7.14608586377639	1.120056352562839	0	0	0	-13061818720601694e-22	0	-2562281014602327e-21	0.015880441110440808	0.012030447582107981	0.0017910518513437888
13.7	4.7671321747275135	4.7671321747275135	4.7671321747275135	0.09025829940713732	0.0786406862011976	0.030292482761530206	9.514985304703403	7.146085863740466	1.12005635257413	0	0	0	-1305765050132019e-21	0	-2562864203906551e-21	0.015880430126457158	0.012030447582047264	0.0017910573068869657
13.8	4.7671321747275135	4.7671321747275135	4.7671321747275135	0.09025829940812805	0.07864068620211827	0.030292482760814424	9.514985304677142	7.146085863719301	1.1200563525807734	0	0	0	-13055199838930457e-22	0	-25632078151555868e-22	0.015880423668702067	0.01203044758201136	0.0017910605212565886
13.9	4.7671321747275135	4.7671321747275135	4.7671321747275135	0.09025829940818025	0.07864068620216899	0.030292482760777194	9.514985304675756	7.146085863718135	1.1200563525811185	0	0	0	-13055076337545807e-22	0	-2563226746254041e-21	0.01588042334363205	0.012030447582009239	0.0017910606983506583
14	4.7671321747275135	4.7671321747275135	4.7671321747275135	0.09025829940704803	0.07864068620112175	0.0302924827615963	9.51498530470577	7.14608586374221	1.120056352573516	0	0	0	-13057889601279575e-22	0	-25628358951065205e-22	0.01588043075770362	0.012030447582049863	0.0017910570420671757
14.1	4.7671321747275135	4.7671321747275135	4.7671321747275135	0.09025829940448549	0.07864068619874852	0.030292482763449535	9.5149853047737	7.146085863796772	1.1200563525563156	0	0	0	-13064249234245081e-22	0	-2561950159617631e-21	0.015880447517373275	0.012030447582142193	0.0017910487563041423
14.2	4.7671321747275135	4.7671321747275135	4.7671321747275135	0.0902582994002467	0.07864068619482127	0.03029248276651467	9.514985304886064	7.146085863887059	1.1200563525278675	0	0	0	-1307476484055565e-21	0	-25604844376919794e-22	0.01588047522909753	0.012030447582295198	0.0017910350449595587
14.3	4.7671321747275135	4.7671321747275135	4.7671321747275135	0.09025829939675793	0.07864068619157563	0.03029248276903469	9.514985304978547	7.1460858639616776	1.1200563525044795	0	0	0	-13083386831359493e-22	0	-25592731103306383e-22	0.015880497948405382	0.012030447582422108	0.0017910237133922377
14.4	4.7671321747275135	4.7671321747275135	4.7671321747275135	0.09025829939591508	0.07864068619077666	0.030292482769640337	9.51498530500089	7.146085863980046	1.1200563524988598	0	0	0	-13085432591181765e-22	0	-2558974918544147e-21	0.015880503336606795	0.012030447582454149	0.001791020923906713
14.5	4.7671321747275135	4.7671321747275135	4.7671321747275135	0.09025829939511809	0.07864068619004298	0.030292482770217496	9.514985305022016	7.1460858639969125	1.1200563524935025	0	0	0	-13087420749725565e-22	0	-25587010957828024e-22	0.01588050857674458	0.012030447582483466	0.0017910183623852207
14.6	4.7671321747275135	4.7671321747275135	4.7671321747275135	0.09025829939486993	0.07864068618981143	0.030292482770396617	9.514985305028596	7.146085864002236	1.1200563524918405	0	0	0	-13088032383114965e-22	0	-25586146817394574e-22	0.01588051018831333	0.012030447582493086	0.001791017554010498
14.7	4.7671321747275135	4.7671321747275135	4.7671321747275135	0.09025829939470692	0.07864068618966245	0.03029248277051484	9.514985305032917	7.146085864005661	1.120056352490743	0	0	0	-13088441483248133e-22	0	-25585590826488937e-22	0.015880511266738423	0.012030447582499664	0.0017910170338993414
14.8	4.7671321747275135	4.7671321747275135	4.7671321747275135	0.0902582993946312	0.07864068618959304	0.03029248277056976	9.514985305034925	7.146085864007256	1.1200563524902332	0	0	0	-13088631180033775e-22	0	-25585331663689468e-22	0.015880511766765235	0.012030447582502794	0.0017910167914610543
14.9	4.7671321747275135	4.7671321747275135	4.7671321747275135	0.09025829939459991	0.07864068618956452	0.03029248277059246	9.514985305035752	7.146085864007912	1.1200563524900222	0	0	0	-13088709878188377e-22	0	-25585225260179083e-22	0.015880511974233992	0.012030447582504308	0.00179101669192408
15	4.7671321747275135	4.7671321747275135	4.7671321747275135	0.09025829939457733	0.07864068618954416	0.03029248277060889	9.514985305036351	7.14608586400838	1.12005635248987	0	0	0	-13088767249582358e-22	0	-2558514926034729e-21	0.015880512125516166	0.01203044758250552	0.0017910166208288092
15.1	4.7671321747275135	4.7671321747275135	4.7671321747275135	0.09025829939457121	0.07864068618953857	0.030292482770613343	9.514985305036515	7.1460858640085085	1.1200563524898284	0	0	0	-13088782681214461e-22	0	-2558512837353104e-21	0.015880512166197718	0.012030447582505939	0.0017910166012899058
15.2	4.7671321747275135	4.7671321747275135	4.7671321747275135	0.0902582993945649	0.07864068618953297	0.030292482770617933	9.514985305036681	7.146085864008636	1.1200563524897857	0	0	0	-1308879882849225e-21	0	-25585107545233e-19	0.015880512208789343	0.012030447582506276	0.0017910165818056105
15.3	4.7671321747275135	4.7671321747275135	4.7671321747275135	0.09025829939456335	0.07864068618953159	0.03029248277061906	9.51498530503672	7.14608586400867	1.1200563524897753	0	0	0	-13088802742269213e-22	0	-2558510232711055e-21	0.015880512219109136	0.012030447582506583	0.0017910165769241435
15.4	4.7671321747275135	4.7671321747275135	4.7671321747275135	0.0902582993945619	0.07864068618953034	0.030292482770620112	9.514985305036761	7.1460858640086995	1.1200563524897655	0	0	0	-130888064675059e-20	0	-2558509761044552e-21	0.01588051222893703	0.012030447582506876	0.0017910165725119579
15.5	4.7671321747275135	4.7671321747275135	4.7671321747275135	0.0902582993945614	0.07864068618952993	0.030292482770620438	9.514985305036774	7.1460858640087075	1.1200563524897622	0	0	0	-13088807640915113e-22	0	-2558509609060298e-21	0.01588051223203226	0.012030447582506931	0.0017910165710903465
15.6	4.767132174727513	4.767132174727513	4.767132174727513	0.09025829939462045	0.07864068618958846	0.030292482770568747	9.514985305035209	7.146085864007362	1.1200563524902425	0	0	0	-1308862840308526e-21	0	-25585305669754087e-22	0.015880511758768538	0.01203044758250463	0.0017910167671449022
15.7	4.7671321747275135	4.7671321747275135	4.7671321747275135	0.09025829939532506	0.0786406861902868	0.03029248276995219	9.514985305016555	7.146085863991306	1.1200563524959701	0	0	0	-1308649041081799e-21	0	-25587806370466384e-22	0.015880506113584186	0.012030447582477575	0.0017910191064692041
15.8	4.7671321747275135	4.7671321747275135	4.7671321747275135	0.09025829939668488	0.07864068619163457	0.030292482768762296	9.514985304980554	7.146085863960321	1.120056352507024	0	0	0	-13082364423133845e-22	0	-2559263263004303e-21	0.01588049521927654	0.01203044758242539	0.0017910236212782564
15.9	4.7671321747275135	4.7671321747275135	4.7671321747275135	0.09025829939852292	0.07864068619345642	0.030292482767153944	9.514985304931892	7.146085863918437	1.1200563525219651	0	0	0	-13076787486251819e-22	0	-25599156550172765e-22	0.01588048049387568	0.012030447582354865	0.0017910297241935844
16	4.7671321747275135	4.7671321747275135	4.7671321747275135	0.09025829940066225	0.07864068619557701	0.030292482765281972	9.514985304875253	7.146085863869685	1.1200563525393552	0	0	0	-13070296646390901e-22	0	-2560675023254433e-21	0.015880463355411666	0.012030447582272789	0.001791036827836714
16.1	4.7671321747275135	4.7671321747275135	4.7671321747275135	0.09025829940292583	0.07864068619782098	0.030292482763301234	9.514985304815326	7.146085863818095	1.1200563525577554	0	0	0	-13063428949770087e-22	0	-25614785778846455e-22	0.01588044522191456	0.012030447582185947	0.00179104434482917
16.2	4.7671321747275135	4.7671321747275135	4.7671321747275135	0.09025829940513673	0.07864068620001302	0.030292482761366594	9.514985304756792	7.146085863767699	1.1200563525757274	0	0	0	-13056721442608372e-22	0	-2562263529076789e-21	0.01588042751141443	0.012030447582101126	0.0017910516877924782
16.3	4.7671321747275135	4.7671321747275135	4.7671321747275135	0.09025829940711794	0.07864068620197776	0.030292482759632908	9.514985304704338	7.14608586372253	1.1200563525918328	0	0	0	-13050711171124747e-22	0	-25629670869997357e-22	0.015880411641941358	0.012030447582025112	0.0017910582693481639
16.4	4.7671321747275135	4.7671321747275135	4.7671321747275135	0.09025829940869252	0.07864068620353984	0.030292482758255027	9.51498530466265	7.146085863686617	1.1200563526046325	0	0	0	-1304593518153821e-21	0	-2563526461822361e-21	0.01588039903152539	0.012030447581964693	0.0017910635021177528
16.5	4.7671321747275135	4.7671321747275135	4.7671321747275135	0.09025829940968347	0.07864068620452395	0.030292482757387804	9.514985304636413	7.146085863663991	1.1200563526126885	0	0	0	-13042930520067745e-22	0	-25638788637135382e-22	0.015880391098196604	0.012030447581926656	0.00179106679872277
16.6	4.7671321747275135	4.7671321747275135	4.7671321747275135	0.09025829940991383	0.07864068620475473	0.0302924827571861	9.514985304630313	7.146085863658687	1.1200563526145622	0	0	0	-13042234232932357e-22	0	-2563961502842141e-21	0.015880389259985063	0.012030447581917784	0.001791067571784741
16.7	4.7671321747275135	4.7671321747275135	4.7671321747275135	0.09025829940920661	0.07864068620405683	0.03029248275780477	9.514985304649036	7.146085863674731	1.1200563526088148	0	0	0	-13044383366351029e-22	0	-2563711589377043e-21	0.015880394934920838	0.012030447581944872	0.0017910652339251914
16.8	4.7671321747275135	4.7671321747275135	4.7671321747275135	0.09025829940738485	0.07864068620225491	0.030292482759398658	9.514985304697266	7.146085863716158	1.1200563525940077	0	0	0	-13049914966542758e-22	0	-2563066333487118e-21	0.01588040954103399	0.012030447582014702	0.0017910591977656463
16.9	4.7671321747275135	4.7671321747275135	4.7671321747275135	0.09025829940427156	0.07864068619917362	0.030292482762122635	9.514985304779687	7.146085863786998	1.1200563525687026	0	0	0	-13059366079726538e-22	0	-25619629453412403e-22	0.015880434496354588	0.01203044758213406	0.0017910488759276316
17	4.7671321747275135	4.7671321747275135	4.7671321747275135	0.09025829939968977	0.07864068619463761	0.030292482766131553	9.514985304900987	7.146085863891281	1.1200563525314606	0	0	0	-13073273752121367e-22	0	-25603386351082834e-22	0.015880471218912697	0.012030447582309735	0.0017910336810326721
17.1	4.7671321747275135	4.7671321747275135	4.7671321747275135	0.09025829939695744	0.07864068619189901	0.030292482768524552	9.514985304973326	7.146085863954243	1.1200563525092322	0	0	0	-1308153345542901e-21	0	-25593579577520203e-22	0.015880493024615097	0.012030447582415851	0.0017910245071149572
17.2	4.7671321747275135	4.7671321747275135	4.7671321747275135	0.09025829939681132	0.07864068619171345	0.03029248276865514	9.514985304977197	7.1460858639585085	1.1200563525080216	0	0	0	-13081935115490452e-22	0	-25592915043669227e-22	0.015880494080713497	0.01203044758242318	0.0017910238854659277
17.3	4.7671321747275135	4.7671321747275135	4.7671321747275135	0.09025829939570955	0.0786406861906437	0.030292482769617532	9.514985305006366	7.146085863983101	1.12005635249908	0	0	0	-13085299903733145e-22	0	-25589084399626063e-22	0.015880502967543297	0.012030447582464712	0.0017910203020226946
17.4	4.7671321747275135	4.7671321747275135	4.7671321747275135	0.09025829939532155	0.0786406861902543	0.030292482769957673	9.514985305016642	7.146085863992054	1.1200563524959206	0	0	0	-13086473738172632e-22	0	-25587689975655284e-22	0.015880506066460638	0.012030447582479587	0.0017910189975847313
17.5	4.7671321747275135	4.7671321747275135	4.7671321747275135	0.0902582993952263	0.07864068619015674	0.030292482770041308	9.514985305019165	7.146085863994298	1.120056352495144	0	0	0	-1308675992513169e-21	0	-2558734065771757e-21	0.015880506821778745	0.012030447582483212	0.0017910186708095003
17.6	4.7671321747275135	4.7671321747275135	4.7671321747275135	0.09025829939485139	0.0786406861898024	0.03029248277036795	9.514985305029091	7.146085864002443	1.1200563524921088	0	0	0	-1308791381375229e-21	0	-2558607172718856e-21	0.015880509870365007	0.012030447582497156	0.001791017483766171
17.7	4.7671321747275135	4.7671321747275135	4.7671321747275135	0.0902582993948186	0.07864068618976675	0.03029248277039701	9.514985305029962	7.146085864003263	1.1200563524918388	0	0	0	-13088010914399797e-22	0	-25585944096756035e-22	0.015880510126428344	0.012030447582498814	0.0017910173643722943
17.8	4.7671321747275135	4.7671321747275135	4.7671321747275135	0.09025829939471253	0.0786406861896688	0.03029248277048917	9.51498530503277	7.146085864005516	1.1200563524909823	0	0	0	-13088339202734551e-22	0	-25585593306025314e-22	0.01588051099400408	0.012030447582502544	0.0017910170362189742
17.9	4.767132174727514	4.767132174727514	4.767132174727514	0.09025829939464802	0.07864068618960839	0.030292482770545342	9.514985305034477	7.1460858640069045	1.1200563524904605	0	0	0	-1308853831895039e-21	0	-2558537699569672e-21	0.015880511520132697	0.012030447582504728	0.0017910168338676296
18	4.7671321747275135	4.7671321747275135	4.7671321747275135	0.09025829939464253	0.07864068618960236	0.030292482770550244	9.514985305034624	7.146085864007042	1.120056352490415	0	0	0	-13088554670006467e-22	0	-25585355424756676e-22	0.015880511563250595	0.01203044758250497	0.0017910168136887124
18.1	4.7671321747275135	4.7671321747275135	4.7671321747275135	0.09025829939459708	0.07864068618956173	0.030292482770589553	9.514985305035827	7.1460858640079765	1.1200563524900498	0	0	0	-13088696286868332e-22	0	-25585209937735486e-22	0.01588051193763855	0.012030447582506577	0.0017910166775902913
18.2	4.7671321747275135	4.7671321747275135	4.7671321747275135	0.09025829939459011	0.07864068618955494	0.030292482770595663	9.514985305036014	7.146085864008132	1.1200563524899927	0	0	0	-13088717732704981e-22	0	-25585185746431457e-22	0.01588051199428451	0.012030447582506543	0.0017910166549600223
18.3	4.7671321747275135	4.7671321747275135	4.7671321747275135	0.09025829939458116	0.07864068618954706	0.030292482770603375	9.51498530503625	7.146085864008313	1.1200563524899212	0	0	0	-13088745609007756e-22	0	-25585157474686e-19	0.01588051206798826	0.012030447582506846	0.0017910166285127324
18.4	4.767132174727514	4.767132174727514	4.767132174727514	0.09025829939457108	0.07864068618953816	0.03029248277061212	9.514985305036516	7.146085864008518	1.12005635248984	0	0	0	-13088777257668652e-22	0	-2558512562315677e-21	0.015880512151671664	0.01203044758250722	0.001791016598716731
18.5	4.7671321747275135	4.7671321747275135	4.7671321747275135	0.09025829939457065	0.0786406861895376	0.030292482770612576	9.514985305036529	7.146085864008532	1.1200563524898357	0	0	0	-13088778754628162e-22	0	-25585123573687617e-22	0.015880512155617227	0.012030447582507028	0.0017910165967995233
18.6	4.767132174727514	4.767132174727514	4.767132174727514	0.09025829939474564	0.07864068618967683	0.030292482770465597	9.514985305031896	7.1460858640053315	1.1200563524912026	0	0	0	-13088234033571448e-22	0	-25585625079405166e-22	0.015880510714229953	0.012030447582501495	0.0017910170659421504
18.7	4.7671321747275135	4.7671321747275135	4.7671321747275135	0.09025829939598075	0.07864068619066085	0.030292482769427836	9.514985304999188	7.146085863982707	1.120056352500854	0	0	0	-13084389268167047e-22	0	-2558916960733283e-21	0.01588050054069827	0.012030447582463504	0.001791020381735553
18.8	4.7671321747275135	4.7671321747275135	4.7671321747275135	0.09025829939799317	0.07864068619226448	0.03029248276773692	9.514985304945895	7.146085863945839	1.1200563525165803	0	0	0	-1307812498431421e-21	0	-25594946027935237e-22	0.01588048396497287	0.012030447582401717	0.0017910257853937831
18.9	4.767132174727514	4.767132174727514	4.767132174727514	0.09025829940030648	0.0786406861941083	0.03029248276579312	9.514985304884634	7.1460858639034495	1.120056352534658	0	0	0	-13070924270525113e-22	0	-25601587492633513e-22	0.0158804649114247	0.012030447582330753	0.0017910319982733394
19	4.7671321747275135	4.7671321747275135	4.7671321747275135	0.09025829940244424	0.07864068619581281	0.0302924827639967	9.514985304828024	7.146085863864262	1.1200563525513652	0	0	0	-13064270215311928e-22	0	-25607727152848812e-22	0.0158804473044247	0.012030447582265218	0.001791037741730719
19.1	4.7671321747275135	4.7671321747275135	4.7671321747275135	0.09025829940393006	0.07864068619699852	0.030292482762747933	9.514985304788677	7.146085863837001	1.120056352562979	0	0	0	-1305964590718684e-21	0	-25611998160002265e-22	0.015880435068343815	0.01203044758221973	0.0017910417371224206
19.2	4.7671321747275135	4.7671321747275135	4.7671321747275135	0.09025829940428749	0.07864068619728601	0.030292482762447094	9.514985304779211	7.146085863830392	1.1200563525657767	0	0	0	-13058534434662015e-22	0	-25613033665515024e-22	0.015880432127552985	0.012030447582208902	0.0017910427058049421
19.3	4.7671321747275135	4.7671321747275135	4.7671321747275135	0.0902582994030401	0.07864068619629577	0.030292482763494458	9.514985304812244	7.146085863853158	1.1200563525560356	0	0	0	-13062418886249638e-22	0	-2560946682080822e-21	0.01588044240642316	0.012030447582247345	0.001791039369134782
19.4	4.7671321747275135	4.7671321747275135	4.7671321747275135	0.0902582993997115	0.07864068619364836	0.030292482766290287	9.51498530490039	7.146085863914023	1.1200563525300333	0	0	0	-13072782350461875e-22	0	-25599930777302998e-22	0.01588046982932528	0.012030447582349679	0.0017910304484684376
19.5	4.7671321747275135	4.7671321747275135	4.7671321747275135	0.09025829939660879	0.07864068619116663	0.030292482768899245	9.514985304982556	7.146085863971079	1.1200563525057698	0	0	0	-1308243725690563e-21	0	-25590991469107098e-22	0.01588049537604001	0.012030447582445388	0.00179102208602932
19.6	4.7671321747275135	4.7671321747275135	4.7671321747275135	0.09025829939596838	0.07864068619063758	0.030292482769441156	9.514985304999513	7.146085863983242	1.1200563525007308	0	0	0	-1308442363864014e-21	0	-25589085813155306e-22	0.015880500630451325	0.012030447582465588	0.0017910203033489902
19.7	4.7671321747275135	4.7671321747275135	4.7671321747275135	0.09025829939518815	0.07864068619002322	0.03029248277009513	9.514985305020176	7.146085863997367	1.1200563524946485	0	0	0	-13086854644128441e-22	0	-25586872898146794e-22	0.015880507063717117	0.012030447582489353	0.0017910182332371084
19.8	4.7671321747275135	4.7671321747275135	4.7671321747275135	0.09025829939491961	0.07864068618980821	0.030292482770320994	9.514985305027288	7.14608586400231	1.1200563524925475	0	0	0	-13087690352030294e-22	0	-2558609851730526e-21	0.015880509274972098	0.012030447582497873	0.0017910175088285741
19.9	4.767132174727514	4.767132174727514	4.767132174727514	0.09025829939476573	0.07864068618968777	0.03029248277044981	9.514985305031363	7.146085864005078	1.1200563524913494	0	0	0	-13088169982637156e-22	0	-25585664619858686e-22	0.015880510544298565	0.012030447582502542	0.0017910171029313696
20	4.7671321747275135	4.7671321747275135	4.7671321747275135	0.09025829939465445	0.07864068618960131	0.030292482770542844	9.514985305034308	7.146085864007066	1.120056352490484	0	0	0	-13088517104496968e-22	0	-25585353164552183e-22	0.015880511463003906	0.012030447582505793	0.0017910168115747177
20.1	4.7671321747275135	4.7671321747275135	4.7671321747275135	0.09025829939462697	0.07864068618957956	0.030292482770565905	9.514985305035037	7.146085864007566	1.1200563524902698	0	0	0	-13088602684079477e-22	0	-25585274834722484e-22	0.01588051168946715	0.012030447582506555	0.001791016738299564
20.2	4.7671321747275135	4.7671321747275135	4.7671321747275135	0.09025829939458736	0.07864068618954953	0.030292482770598837	9.514985305036086	7.146085864008256	1.1200563524899634	0	0	0	-13088726382510503e-22	0	-25585166627789063e-22	0.015880512016916	0.012030447582507669	0.0017910166370754248
20.3	4.7671321747275135	4.7671321747275135	4.7671321747275135	0.09025829939457873	0.07864068618954277	0.030292482770606054	9.514985305036314	7.146085864008412	1.1200563524898963	0	0	0	-13088753281652419e-22	0	-25585142333522285e-22	0.01588051208810459	0.012030447582507939	0.0017910166143489366
20.4	4.7671321747275135	4.7671321747275135	4.7671321747275135	0.0902582993945691	0.07864068618953554	0.030292482770614058	9.51498530503657	7.146085864008578	1.120056352489822	0	0	0	-13088783459706921e-22	0	-2558511633501434e-21	0.015880512167999346	0.012030447582508128	0.0017910165900280924
20.5	4.7671321747275135	4.7671321747275135	4.7671321747275135	0.09025829939456541	0.07864068618953281	0.030292482770617097	9.514985305036667	7.146085864008641	1.1200563524897935	0	0	0	-13088794897233046e-22	0	-2558510634466848e-21	0.015880512198276745	0.012030447582508113	0.0017910165806824837
20.6	4.7671321747275135	4.7671321747275135	4.7671321747275135	0.09025829939456356	0.07864068618953142	0.030292482770618627	9.514985305036719	7.146085864008673	1.1200563524897795	0	0	0	-13088800675539412e-22	0	-2558510138531744e-21	0.015880512213574904	0.012030447582508123	0.0017910165760432512
20.7	4.7671321747275135	4.7671321747275135	4.7671321747275135	0.09025829939456208	0.07864068618953032	0.030292482770619866	9.514985305036758	7.146085864008697	1.120056352489768	0	0	0	-13088805361633319e-22	0	-25585097412335556e-22	0.01588051222598163	0.0120304475825082	0.0017910165723266144
20.8	4.7671321747275135	4.7671321747275135	4.7671321747275135	0.09025829939456173	0.07864068618953005	0.030292482770620154	9.514985305036767	7.146085864008704	1.1200563524897653	0	0	0	-13088806438297254e-22	0	-2558509647789272e-21	0.015880512228831384	0.012030447582508132	0.001791016571452401
20.9	4.7671321747275135	4.7671321747275135	4.7671321747275135	0.09025829939493829	0.07864068618978773	0.030292482770314075	9.51498530502679	7.146085864002779	1.1200563524926135	0	0	0	-1308766299444129e-21	0	-25586008146571643e-22	0.015880509199939705	0.01203044758249794	0.0017910174242901534
21	4.7671321747275135	4.7671321747275135	4.7671321747275135	0.09025829939637015	0.07864068619076768	0.030292482769150215	9.514985304988866	7.14608586398025	1.1200563525034453	0	0	0	-13083315024262064e-22	0	-25589475069476816e-22	0.015880497682517276	0.01203044758245989	0.0017910206674889035
21.1	4.7671321747275135	4.7671321747275135	4.7671321747275135	0.09025829939861174	0.07864068619230186	0.03029248276732815	9.514985304929493	7.146085863944979	1.1200563525204017	0	0	0	-13076508209036837e-22	0	-25594902874563045e-22	0.015880479651818484	0.012030447582400476	0.0017910257450320514
21.2	4.7671321747275135	4.7671321747275135	4.7671321747275135	0.09025829940138631	0.07864068619420095	0.030292482765072824	9.514985304856001	7.146085863901318	1.1200563525413907	0	0	0	-13068082971918263e-22	0	-2560162164729128e-21	0.01588045733406142	0.012030447582327016	0.0017910320302353413
21.3	4.7671321747275135	4.7671321747275135	4.7671321747275135	0.09025829940441707	0.07864068619627558	0.030292482762609197	9.514985304775726	7.146085863853623	1.120056352564318	0	0	0	-13058879736059004e-22	0	-256089614731225e-20	0.01588043295546417	0.012030447582246816	0.0017910388964145203
21.4	4.7671321747275135	4.7671321747275135	4.7671321747275135	0.09025829940742726	0.07864068619833638	0.030292482760162196	9.514985304695992	7.146085863806244	1.1200563525870904	0	0	0	-13049738924611721e-22	0	-2561625243751763e-21	0.01588040874224482	0.012030447582167186	0.0017910457168853328
21.5	4.7671321747275135	4.7671321747275135	4.7671321747275135	0.09025829941014014	0.07864068620019404	0.030292482757956783	9.514985304624137	7.146085863763535	1.1200563526076148	0	0	0	-13041500960729075e-22	0	-2562282462593764e-21	0.015880386920621457	0.012030447582095441	0.0017910518649635252
21.6	4.7671321747275135	4.7671321747275135	4.7671321747275135	0.09025829941227893	0.07864068620165919	0.030292482756217893	9.514985304567489	7.1460858637298506	1.1200563526237972	0	0	0	-13035006267563719e-22	0	-25628008123843482e-22	0.015880369716812167	0.012030447582038894	0.0017910567139648428
21.7	4.7671321747275135	4.7671321747275135	4.7671321747275135	0.09025829941356685	0.07864068620254243	0.030292482755170477	9.514985304533376	7.146085863709545	1.120056352633545	0	0	0	-13031095268268324e-22	0	-2563113301669611e-21	0.01588035935703504	0.01203044758200485	0.0017910596372050316
21.8	4.7671321747275135	4.7671321747275135	4.7671321747275135	0.09025829941372715	0.07864068620265448	0.030292482755039478	9.514985304529128	7.146085863706969	1.1200563526347638	0	0	0	-13030608385995537e-22	0	-25631529389956475e-22	0.015880358067508166	0.012030447582000628	0.001791060007999837
21.9	4.7671321747275135	4.7671321747275135	4.7671321747275135	0.09025829941248306	0.07864068620180593	0.030292482756049847	9.514985304562083	7.146085863726476	1.1200563526253609	0	0	0	-1303438604389803e-21	0	-25628527329085535e-22	0.015880368074449622	0.012030447582033536	0.0017910571996650048
22	4.7671321747275135	4.7671321747275135	4.7671321747275135	0.09025829940955783	0.07864068619980745	0.030292482758426525	9.514985304639563	7.146085863772422	1.1200563526032423	0	0	0	-13043268665128456e-22	0	-2562145691954425e-21	0.015880391604077507	0.012030447582110882	0.0017910505855162808
22.1	4.7671321747275135	4.7671321747275135	4.7671321747275135	0.09025829940467467	0.0786406861964697	0.030292482762394463	9.514985304768906	7.146085863849159	1.1200563525663152	0	0	0	-13058096672839478e-22	0	-2560964824679356e-21	0.0158804308826099	0.012030447582239985	0.0017910395388694104
22.2	4.7671321747275135	4.7671321747275135	4.7671321747275135	0.09025829939872315	0.07864068619239445	0.030292482767232752	9.514985304926546	7.14608586394285	1.1200563525212885	0	0	0	-13076169441992294e-22	0	-25595230428154346e-22	0.01588047875575447	0.0120304475823975	0.0017910260514476543
22.3	4.7671321747275135	4.7671321747275135	4.7671321747275135	0.09025829939699982	0.07864068619118617	0.03029248276864246	9.514985304972189	7.146085863970629	1.1200563525081706	0	0	0	-13081405149890956e-22	0	-2559095563114928e-21	0.015880492622438905	0.012030447582443872	0.0017910220525081768
22.4	4.7671321747275135	4.7671321747275135	4.7671321747275135	0.0902582993961167	0.07864068619057897	0.030292482769361057	9.51498530499558	7.146085863984588	1.120056352501483	0	0	0	-13084086603045891e-22	0	-2558880745946014e-21	0.01588049972516362	0.012030447582467182	0.0017910200429603776
22.5	4.767132174727513	4.767132174727513	4.767132174727513	0.09025829939525408	0.07864068618999465	0.03029248277006038	9.514985305018428	7.146085863998022	1.1200563524949747	0	0	0	-13086705595806187e-22	0	-25586740147007687e-22	0.015880506663144788	0.012030447582489846	0.0017910181090537568
22.6	4.7671321747275135	4.7671321747275135	4.7671321747275135	0.09025829939509114	0.07864068618988017	0.030292482770193786	9.514985305022744	7.1460858640006535	1.1200563524937333	0	0	0	-13087200910558904e-22	0	-2558633516837333e-21	0.015880507974965468	0.012030447582494296	0.0017910177302089079
22.7	4.7671321747275135	4.7671321747275135	4.7671321747275135	0.09025829939478393	0.07864068618967701	0.03029248277044119	9.51498530503088	7.146085864005324	1.1200563524914307	0	0	0	-13088132593890983e-22	0	-25585616379092785e-22	0.015880510443471274	0.012030447582502072	0.0017910170578038574
22.8	4.7671321747275135	4.7671321747275135	4.7671321747275135	0.0902582993947089	0.07864068618962587	0.030292482770502137	9.514985305032868	7.1460858640064995	1.1200563524908633	0	0	0	-13088360557454088e-22	0	-25585435459405907e-22	0.01588051104734809	0.012030447582504	0.0017910168885592655
22.9	4.767132174727513	4.767132174727513	4.767132174727513	0.09025829939464147	0.07864068618958177	0.030292482770556264	9.514985305034651	7.146085864007514	1.1200563524903595	0	0	0	-13088564900386406e-22	0	-2558527946755041e-21	0.015880511588795762	0.012030447582505592	0.001791016742633665
23	4.7671321747275135	4.7671321747275135	4.7671321747275135	0.09025829939460149	0.07864068618955555	0.030292482770588405	9.514985305035712	7.146085864008118	1.1200563524900604	0	0	0	-13088686119783997e-22	0	-2558518674458212e-21	0.01588051190998695	0.012030447582506492	0.0017910166558941002
23.1	4.7671321747275135	4.7671321747275135	4.7671321747275135	0.09025829939459092	0.07864068618954852	0.03029248277059693	9.514985305035992	7.1460858640082785	1.1200563524899814	0	0	0	-13088718207841587e-22	0	-25585161881815124e-22	0.01588051199500274	0.012030447582506853	0.0017910166326357217
23.2	4.7671321747275135	4.7671321747275135	4.7671321747275135	0.09025829939457314	0.07864068618953722	0.030292482770611088	9.514985305036463	7.1460858640085405	1.1200563524898495	0	0	0	-130887719775284e-20	0	-25585121857885633e-22	0.015880512137499542	0.012030447582507302	0.0017910165951945693
23.3	4.7671321747275135	4.7671321747275135	4.7671321747275135	0.09025829939456986	0.07864068618953504	0.03029248277061376	9.514985305036548	7.14608586400859	1.1200563524898248	0	0	0	-13088782049617996e-22	0	-25585114084238574e-22	0.015880512164185272	0.012030447582507096	0.0017910165879225623
23.4	4.7671321747275135	4.7671321747275135	4.7671321747275135	0.0902582993945651	0.07864068618953209	0.030292482770617506	9.514985305036674	7.146085864008658	1.12005635248979	0	0	0	-13088796338401838e-22	0	-255851036128696e-20	0.015880512202056676	0.012030447582507289	0.0017910165781269416
23.5	4.7671321747275135	4.7671321747275135	4.7671321747275135	0.09025829939456334	0.07864068618953092	0.030292482770618932	9.514985305036724	7.146085864008684	1.1200563524897766	0	0	0	-13088801757424844e-22	0	-2558509958489256e-21	0.015880512216417425	0.012030447582507651	0.0017910165743588577
23.6	4.7671321747275135	4.7671321747275135	4.7671321747275135	0.09025829939456248	0.07864068618953039	0.030292482770619602	9.514985305036747	7.146085864008697	1.1200563524897704	0	0	0	-13088804287837185e-22	0	-2558509772949134e-21	0.0158805122231236	0.012030447582507885	0.0017910165726231831
23.7	4.7671321747275135	4.7671321747275135	4.7671321747275135	0.09025829939456463	0.07864068618953157	0.03029248277061801	9.514985305036689	7.146085864008669	1.1200563524897853	0	0	0	-13088798255281846e-22	0	-2558510184553748e-21	0.015880512207127703	0.012030447582507903	0.0017910165764736324
23.8	4.7671321747275135	4.7671321747275135	4.7671321747275135	0.09025829939457009	0.07864068618953463	0.03029248277061393	9.514985305036545	7.146085864008599	1.1200563524898233	0	0	0	-1308878269640877e-21	0	-25585112629495796e-22	0.01588051216587586	0.01203044758250779	0.0017910165865616852
23.9	4.7671321747275135	4.7671321747275135	4.7671321747275135	0.09025829939457351	0.07864068618953657	0.030292482770611334	9.514985305036454	7.146085864008555	1.1200563524898475	0	0	0	-13088772820151842e-22	0	-25585119499943487e-22	0.01588051213969131	0.012030447582507637	0.0017910165929887882
24	4.7671321747275135	4.7671321747275135	4.7671321747275135	0.09025829939456968	0.07864068618953442	0.030292482770614224	9.514985305036555	7.146085864008604	1.1200563524898204	0	0	0	-13088783835444953e-22	0	-25585111875457765e-22	0.015880512168897295	0.01203044758250754	0.0017910165858563882
