0	4.7671321747275135	4.7671321747275135	4.7671321747275135	0.09109212816953825	37.49070983924196	16.3348353614207	9.60288709991514	3406.4275571215885	603.9485751874613	0	0	0	0	0	0	0	0	0
0.1	4.7671321747275135	4.7671321747275135	4.7671321747275135	0.09109212816953825	37.49070983924196	16.3348353614207	9.60288709991514	3406.4275571215885	603.9485751874613	0	0	0	0.00032811825440548487	0.13559186252564	0.05893467871621004	0.003966565242282128	1.4097209789221758	0.24965521994719972
0.2	4.7671321747275135	4.7671321747275135	4.7671321747275135	0.09109212816953825	37.49070983924196	16.3348353614207	9.60288709991514	3406.4275571215885	603.9485751874613	0	0	0	0.00044349368282859737	0.1851715424453287	0.0799900349743482	0.011187610407167965	3.996738807275694	0.7056152955896086
0.3	4.7671321747275135	4.7671321747275135	4.7671321747275135	0.09109212816953825	37.49070983924196	16.3348353614207	9.60288709991514	3406.4275571215885	603.9485751874613	0	0	0	0.00048406662886053646	0.2048401517708977	0.0877848623122894	0.01844445198932656	6.636878792720977	1.1667017952938143
0.4	4.7671321747275135	4.7671321747275135	4.7671321747275135	0.09109212816953825	37.49070983924196	16.3348353614207	9.60288709991514	3406.4275571215885	603.9485751874613	0	0	0	0.000498332116623173	0.21381681332742278	0.09088628667073784	0.024816422034030738	9.003911826393278	1.5750399343009827
0.5	4.7671321747275135	4.7671321747275135	4.7671321747275135	0.09109212816953827	37.49070983924196	16.3348353614207	9.60288709991514	3406.4275571215885	603.9485751874613	0	0	0	0.000503347146924929	0.2187385626500503	0.09228608798339796	0.030150425437619845	11.03423099144464	1.9203426889604376
0.6	4.7671321747275135	4.7671321747275135	4.7671321747275135	0.09109212816953825	37.49070983924196	16.3348353614207	9.60288709991514	3406.4275571215885	603.9485751874613	0	0	0	0.0005051114233515947	0.22194018446374425	0.09303655725107934	0.03453088909870368	12.746060817512676	2.207088107679448
0.7	4.7671321747275135	4.7671321747275135	4.7671321747275135	0.09109212816953825	37.49070983924195	16.3348353614207	9.60288709991514	3406.4275571215885	603.9485751874613	0	0	0	0.0005057310097529273	0.22427663497863665	0.09351316429939019	0.03809950392794617	14.179085683586411	2.4434360777895145
0.8	4.7671321747275135	4.7671321747275135	4.7671321747275135	0.09109212816953825	37.49070983924195	16.334835361420698	9.60288709991514	3406.4275571215885	603.9485751874613	0	0	0	0.0005059490076837108	0.2260906002768763	0.09385547842708994	0.040996763098464534	15.374874124180891	2.6376343048803226
0.9	4.7671321747275135	4.7671321747275135	4.7671321747275135	0.09109212816953825	37.49070983924195	16.334835361420698	9.60288709991514	3406.4275571215885	603.9485751874613	0	0	0	0.0005060257726591451	0.22754007362254305	0.09411896778981797	0.04334553365479941	16.37110826092267	2.7969894439908365
1	4.7671321747275135	4.7671321747275135	4.7671321747275135	0.09109212816953825	37.49070983924195	16.334835361420698	9.60288709991514	3406.4275571215885	603.9485751874613	0	0	0	0.0005060526480283201	0.22871287071436203	0.09432871138806735	0.04524838049465974	17.200286537120064	2.9276743692133866
1.1	4.7671321747275135	4.7671321747275135	4.7671321747275135	0.09109212816953825	37.49070983924195	16.334835361420698	9.60288709991514	3406.4275571215885	603.9485751874613	0	0	0	0.0005060619223420053	0.22966676376852385	0.09449822003958747	0.04678930519043839	17.889889396381747	3.0348057235158463
1.2	4.7671321747275135	4.7671321747275135	4.7671321747275135	0.09109212816953824	37.49070983924196	16.334835361420698	9.60288709991514	3406.4275571215885	603.9485751874613	0	0	0	0.0005060653951743001	0.23044486597226746	0.09463626111862301	0.0480376718499447	18.463300034624858	3.1226574380378755
1.3	4.7671321747275135	4.7671321747275135	4.7671321747275135	0.09109212816953825	37.49070983924195	16.334835361420698	9.60288709991514	3406.4275571215885	603.9485751874613	0	0	0	0.0005060665241739714	0.23107945790690373	0.09474883043363423	0.04904793142470699	18.939546491310402	3.1946321727648668
1.4	4.7671321747275135	4.7671321747275135	4.7671321747275135	0.09109212816953824	37.490709839241966	16.3348353614207	9.60288709991514	3406.4275571215885	603.9485751874613	0	0	0	0.0005060670435099217	0.23159795532776342	0.09484089687950988	0.049866652784827284	19.335285903346204	3.253667239318255
1.5	4.7671321747275135	4.7671321747275135	4.7671321747275135	0.09109212816953824	37.490709839241966	16.334835361420698	9.60288709991514	3406.427557121588	603.9485751874613	0	0	0	0.0005060671967653383	0.23202092656578202	0.0949160828387805	0.05052894100312927	19.663596376288687	3.302013933775791
1.6	4.7671321747275135	4.7671321747275135	4.7671321747275135	0.09109212816953824	37.49070983924195	16.3348353614207	9.60288709991514	3406.427557121588	603.9485751874613	0	0	0	0.0005060673063927344	0.23236668677401376	0.09497762841922121	0.051065825415389086	19.93624182511867	3.3416767111540016
1.7	4.7671321747275135	4.7671321747275135	4.7671321747275135	0.09109212816953825	37.49070983924196	16.3348353614207	9.60288709991514	3406.4275571215876	603.9485751874613	0	0	0	0.0005060673312360796	0.23264877789326324	0.0950279051507459	0.05150011895010491	20.162248723993063	3.374156180505431
1.8	4.7671321747275135	4.7671321747275135	4.7671321747275135	0.09109212816953824	37.49070983924196	16.3348353614207	9.60288709991514	3406.427557121588	603.9485751874613	0	0	0	0.0005060673580643964	0.23287929059322565	0.09506904566018104	0.05185201742147476	20.34973968405202	3.4007902082049273
1.9	4.7671321747275135	4.7671321747275135	4.7671321747275135	0.09109212816953824	37.49070983924197	16.334835361420705	9.60288709991514	3406.427557121588	603.9485751874613	0	0	0	0.0005060673641091191	0.23306754956081116	0.09510268848126184	0.05213698397833806	20.505159216311938	3.42261926550328
2	4.7671321747275135	4.7671321747275135	4.7671321747275135	0.09109212816953824	37.490709839241966	16.334835361420705	9.60288709991514	3406.427557121588	603.9485751874613	0	0	0	0.0005060673690471922	0.23322113814474374	0.09513017243222505	0.052367461380897706	20.633841061267493	3.4404912018048175
2.1	4.7671321747275135	4.7671321747275135	4.7671321747275135	0.09109212816953824	37.49070983924197	16.334835361420705	9.60288709991514	3406.4275571215885	603.9485751874613	0	0	0	0.000506067373158047	0.23334679956826557	0.09515268728202651	0.052554470571081854	20.740585747877976	3.455162455854322
2.2	4.7671321747275135	4.7671321747275135	4.7671321747275135	0.09109212816953824	37.49070983924197	16.33483536142071	9.60288709991514	3406.427557121588	603.9485751874613	0	0	0	0.0005060673724348452	0.23344926739228444	0.09517107004857157	0.0527056356310017	20.828873115908166	3.46716774199111
2.3	4.7671321747275135	4.7671321747275135	4.7671321747275135	0.09109212816953824	37.49070983924196	16.334835361420705	9.60288709991514	3406.427557121588	603.9485751874613	0	0	0	0.0005060673751617796	0.23353295791251613	0.0951861032739356	0.052828043989011184	20.901962930081908	3.4770059315630446
2.4	4.7671321747275135	4.7671321747275135	4.7671321747275135	0.09109212816953824	37.49070983924195	16.334835361420698	9.60288709991514	3406.427557121588	603.9485751874613	0	0	0	0.0005060673751039024	0.2336014347217811	0.09519841808332495	0.05292737066866521	20.962540855294044	3.4850819195621803
2.5	4.7671321747275135	4.7671321747275135	4.7671321747275135	0.09109212816953824	37.49070983924195	16.334835361420694	9.60288709991514	3406.427557121588	603.9485751874614	0	0	0	0.0005060673737796915	0.23365723137654554	0.09520846491061184	0.05300758860945527	21.01256796656995	3.4916850076085897
2.6	4.7671321747275135	4.7671321747275135	4.7671321747275135	0.09109212816953824	37.49070983924195	16.33483536142069	9.602887099915138	3406.427557121588	603.9485751874614	0	0	0	0.0005060673757590698	0.23370281216790673	0.09521668224842862	0.05307255739394643	21.053952989382935	3.49709650622612
2.7	4.767132174727514	4.767132174727514	4.767132174727514	0.09109212816953828	37.49070983924196	16.334835361420694	9.60288709991514	3406.4275571215885	603.9485751874614	0	0	0	0.0005060673744053715	0.23374014059190049	0.09522341899974626	0.05312532910048245	21.0882512210601	3.501542190739188
2.8	4.7671321747275135	4.7671321747275135	4.7671321747275135	0.09109212816953831	37.490709839241944	16.334835361420687	9.602887099915137	3406.4275571215885	603.9485751874614	0	0	0	0.0005060673714847007	0.23377055172745634	0.09522891368555839	0.053167940133595444	21.116548460381008	3.505176190885879
2.9	4.7671321747275135	4.7671321747275135	4.7671321747275135	0.0910921281695383	37.49070983924195	16.33483536142069	9.602887099915138	3406.4275571215885	603.9485751874614	0	0	0	0.0005060673727592569	0.2337953455284926	0.09523339897712808	0.053202369752758334	21.139900181988324	3.5081483244851817
3	4.7671321747275135	4.7671321747275135	4.7671321747275135	0.09109212816953835	37.49070983924194	16.33483536142069	9.602887099915137	3406.4275571215885	603.9485751874614	0	0	0	0.0005060673712009157	0.23381568600686822	0.09523708211115166	0.05323039243429136	21.159267077869867	3.5105939549255054
3.1	4.7671321747275135	4.7671321747275135	4.7671321747275135	0.0910921281695385	37.4907098392419	16.334835361420684	9.602887099915135	3406.4275571215894	603.9485751874614	0	0	0	0.000506067360876163	0.23383228772152698	0.09524009057718892	0.053253074337271694	21.17526205291461	3.512597009446509
3.2	4.7671321747275135	4.7671321747275135	4.7671321747275135	0.09109212816953861	37.49070983924187	16.334835361420673	9.602887099915131	3406.4275571215903	603.9485751874615	0	0	0	0.0005060673543915261	0.23384578972852116	0.09524254030663644	0.05327134940417218	21.188425025529988	3.514231231558951
3.3	4.7671321747275135	4.7671321747275135	4.7671321747275135	0.09109212816953847	37.490709839241894	16.334835361420687	9.602887099915135	3406.427557121589	603.9485751874614	0	0	0	0.000506067362846375	0.23385682922225978	0.09524454674032619	0.05328615043035418	21.199295382769904	3.5155702838001144
3.4	4.7671321747275135	4.7671321747275135	4.7671321747275135	0.0910921281695391	37.49070983924182	16.334835361420637	9.602887099915119	3406.4275571215912	603.9485751874619	0	0	0	0.0005060673253152948	0.2338658674125707	0.09524618635908859	0.05329822034474932	21.208316516100336	3.516673840567094
3.5	4.7671321747275135	4.7671321747275135	4.7671321747275135	0.09109212816954032	37.49070983924167	16.334835361420545	9.602887099915085	3406.4275571215944	603.9485751874627	0	0	0	0.0005060672502406283	0.23387320712206905	0.0952475146345685	0.05330798094260828	21.215755775815232	3.517576924483171
3.6	4.7671321747275135	4.7671321747275135	4.7671321747275135	0.09109212816954113	37.490709839241546	16.334835361420485	9.602887099915064	3406.427557121597	603.9485751874631	0	0	0	0.0005060672004418901	0.23387917619089324	0.09524859719989417	0.05331583158857683	21.221864672567648	3.5183125791053627
3.7	4.7671321747275135	4.7671321747275135	4.7671321747275135	0.0910921281695405	37.49070983924163	16.334835361420534	9.602887099915081	3406.4275571215944	603.9485751874628	0	0	0	0.0005060672387385954	0.23388410245918187	0.09524949968819393	0.053322171647300694	21.22689471701066	3.518913847990691
3.8	4.767132174727514	4.767132174727514	4.767132174727514	0.09109212816954583	37.49070983924085	16.33483536142017	9.60288709991494	3406.427557121613	603.9485751874663	0	0	0	0.0005060669085942947	0.23388784321691158	0.09525014874774676	0.053327367976513315	21.23108233442235	3.5194114801997927
3.9	4.7671321747275135	4.7671321747275135	4.7671321747275135	0.09109212816956434	37.49070983923814	16.334835361418882	9.602887099914446	3406.4275571216754	603.9485751874786	0	0	0	0.0005060657551349473	0.23389014766240904	0.0952504518248068	0.05333161088869925	21.23456102598406	3.5198222235979557
4	4.7671321747275135	4.7671321747275135	4.7671321747275135	0.09109212816958404	37.49070983923527	16.334835361417504	9.60288709991392	3406.427557121742	603.9485751874919	0	0	0	0.0005060645304949745	0.23389177562916688	0.09525062450392048	0.05333503255160277	21.23742142007743	3.5201575565760876
4.1	4.7671321747275135	4.7671321747275135	4.7671321747275135	0.09109212816959243	37.490709839234036	16.334835361416914	9.602887099913694	3406.427557121771	603.9485751874975	0	0	0	0.0005060640073381025	0.2338935047696914	0.0952508877234629	0.053337765158977576	21.239754007525615	3.5204289483873996
4.2	4.7671321747275135	4.7671321747275135	4.7671321747275135	0.09109212816957715	37.49070983923627	16.334835361417966	9.602887099914101	3406.4275571217195	603.9485751874874	0	0	0	0.0005060649583280586	0.23389611273648878	0.09525146242180918	0.05333994090457741	21.241649279151783	3.520647868285105
4.3	4.7671321747275135	4.7671321747275135	4.7671321747275135	0.09109212816955395	37.49070983923966	16.3348353614196	9.602887099914721	3406.427557121641	603.9485751874716	0	0	0	0.0005060664025005893	0.23389881229390164	0.09525210432878091	0.05334170713497061	21.243212924300703	3.5208274575300713
4.4	4.7671321747275135	4.7671321747275135	4.7671321747275135	0.09109212816954934	37.49070983924036	16.334835361419966	9.602887099914842	3406.427557121624	603.9485751874682	0	0	0	0.0005060666893428668	0.23390022366246144	0.09525239252526671	0.05334315992575945	21.244518889980974	3.52097665643503
4.5	4.7671321747275135	4.7671321747275135	4.7671321747275135	0.09109212816954342	37.49070983924121	16.33483536142036	9.602887099915002	3406.4275571216044	603.9485751874646	0	0	0	0.0005060670577182587	0.2339015339596475	0.0952526705434051	0.05334433288536031	21.245591621778857	3.521098485968972
4.6	4.7671321747275135	4.7671321747275135	4.7671321747275135	0.09109212816954118	37.490709839241546	16.334835361420517	9.602887099915058	3406.427557121597	603.9485751874631	0	0	0	0.0005060671969172015	0.2339024522760232	0.09525285344950657	0.05334528744478559	21.246479246105434	3.521198725632684
4.7	4.7671321747275135	4.7671321747275135	4.7671321747275135	0.09109212816954008	37.490709839241696	16.33483536142059	9.60288709991509	3406.4275571215935	603.9485751874623	0	0	0	0.0005060672648761884	0.23390316624044044	0.09525299166930468	0.05334606069149093	21.247210589962826	3.521280847311798
4.8	4.7671321747275135	4.7671321747275135	4.7671321747275135	0.09109212816953906	37.49070983924184	16.334835361420648	9.602887099915119	3406.4275571215903	603.9485751874616	0	0	0	0.0005060673285661784	0.23390376042823346	0.09525310749305264	0.05334668753999174	21.247813418914852	3.5213481662313444
4.9	4.7671321747275135	4.7671321747275135	4.7671321747275135	0.09109212816953885	37.49070983924187	16.33483536142066	9.602887099915124	3406.42755712159	603.9485751874618	0	0	0	0.0005060673415668863	0.23390420682331434	0.0952531910550713	0.05334719545284665	21.248310201481587	3.521403336841475
5	4.7671321747275135	4.7671321747275135	4.7671321747275135	0.09109212816953852	37.49070983924192	16.33483536142068	9.602887099915133	3406.4275571215885	603.9485751874614	0	0	0	0.0005060673632389054	0.23390458493829666	0.09525326295637115	0.05334760683505494	21.248719265647946	3.521448524441997
5.1	4.7671321747275135	4.7671321747275135	4.7671321747275135	0.09109212816953843	37.490709839241944	16.334835361420694	9.602887099915135	3406.427557121588	603.9485751874615	0	0	0	0.0005060673686569112	0.2339048806607898	0.09525331807049112	0.05334794017616826	21.249056266293707	3.5214855554579634
5.2	4.7671321747275135	4.7671321747275135	4.7671321747275135	0.09109212816953834	37.49070983924195	16.334835361420694	9.602887099915138	3406.427557121588	603.9485751874614	0	0	0	0.0005060673734200402	0.2339051230693466	0.09525336331261659	0.05334820995655096	21.249333558725354	3.521515867301926
5.3	4.7671321747275135	4.7671321747275135	4.7671321747275135	0.0910921281695383	37.49070983924194	16.33483536142069	9.602887099915138	3406.427557121588	603.9485751874614	0	0	0	0.0005060673760465742	0.2339053199042382	0.09525339994984684	0.05334842868243518	21.249562019625372	3.5215407167918027
5.4	4.7671321747275135	4.7671321747275135	4.7671321747275135	0.09109212816953828	37.490709839241944	16.33483536142069	9.60288709991514	3406.427557121588	603.9485751874614	0	0	0	0.0005060673768300735	0.233905479055925	0.09525342945987778	0.053348605575688456	21.24974986302019	3.5215610451338093
5.5	4.7671321747275135	4.7671321747275135	4.7671321747275135	0.09109212816953827	37.490709839241944	16.334835361420694	9.60288709991514	3406.427557121588	603.9485751874613	0	0	0	0.000506067377947866	0.2339056098631506	0.09525345377775149	0.0533487490143771	21.249904602406488	3.521577711226165
5.6	4.7671321747275135	4.7671321747275135	4.7671321747275135	0.09109212816953827	37.49070983924193	16.334835361420694	9.60288709991514	3406.4275571215876	603.9485751874613	0	0	0	0.0005060673781655998	0.23390571580420783	0.09525347341771544	0.05334886506123374	21.250031836625304	3.5215913486976174
5.7	4.7671321747275135	4.7671321747275135	4.7671321747275135	0.09109212816953924	37.490709839241006	16.334835361420595	9.602887099915113	3406.4275571216094	603.9485751874622	0	0	0	0.0005060673528028888	0.23390576801605623	0.09525348057090473	0.05334895977778653	21.25013744634458	3.5216026122682265
5.8	4.7671321747275135	4.7671321747275135	4.7671321747275135	0.09109212816954579	37.49070983923481	16.334835361419923	9.602887099914938	3406.4275571217518	603.9485751874686	0	0	0	0.0005060671828420824	0.23390560955036768	0.09525343431620358	0.05334904031216649	21.25022929057059	3.521612343350309
5.9	4.7671321747275135	4.7671321747275135	4.7671321747275135	0.09109212816955677	37.49070983922443	16.33483536141879	9.602887099914645	3406.42755712199	603.9485751874792	0	0	0	0.0005060668980816212	0.23390528264088525	0.09525334544084804	0.05334910820983222	21.250308686523834	3.521620695184775
6	4.7671321747275135	4.7671321747275135	4.7671321747275135	0.09109212816957014	37.49070983921178	16.33483536141741	9.602887099914287	3406.427557122281	603.948575187492	0	0	0	0.0005060665512869611	0.23390486038515654	0.09525323273496565	0.053349164319384426	21.250376089454658	3.52162773179476
6.1	4.767132174727513	4.767132174727513	4.767132174727513	0.09109212816958387	37.49070983919879	16.334835361415994	9.602887099913922	3406.4275571225794	603.9485751875053	0	0	0	0.0005060661952235579	0.23390441588072922	0.09525311498868388	0.053349209489423836	21.250431954613408	3.521633517203402
6.2	4.7671321747275135	4.7671321747275135	4.7671321747275135	0.09109212816959593	37.490709839187396	16.33483536141475	9.6028870999136	3406.4275571228413	603.9485751875169	0	0	0	0.0005060658826568676	0.23390402222515094	0.0952530109921303	0.05334924456855114	21.250476737250423	3.521638115433837
6.3	4.7671321747275135	4.7671321747275135	4.7671321747275135	0.09109212816960426	37.49070983917951	16.334835361413894	9.602887099913376	3406.4275571230232	603.948575187525	0	0	0	0.000506065666352346	0.2339037525159693	0.09525293953543236	0.05334927040536704	21.250510892616045	3.5216415905092004
6.4	4.7671321747275135	4.7671321747275135	4.7671321747275135	0.09109212816960685	37.49070983917706	16.334835361413628	9.602887099913305	3406.4275571230796	603.9485751875275	0	0	0	0.000506065599075449	0.233903679850732	0.0952529194087176	0.053349287848472274	21.25053487596062	3.521644006452631
6.5	4.7671321747275135	4.7671321747275135	4.7671321747275135	0.09109212816960167	37.49070983918197	16.334835361414164	9.602887099913444	3406.4275571229664	603.9485751875225	0	0	0	0.0005060657335916323	0.23390387732698667	0.09525296940211356	0.05334929774646753	21.250549142534496	3.5216454272872646
6.6	4.7671321747275135	4.7671321747275135	4.7671321747275135	0.09109212816958667	37.49070983919616	16.334835361415713	9.602887099913845	3406.427557122641	603.948575187508	0	0	0	0.0005060661226663522	0.23390441804228093	0.09525310830574772	0.05334930094795352	21.25055414758801	3.521645917036238
6.7	4.7671321747275135	4.7671321747275135	4.7671321747275135	0.09109212816956103	37.49070983922044	16.33483536141836	9.60288709991453	3406.427557122083	603.9485751874832	0	0	0	0.0005060667885208413	0.23390533293191756	0.09525334405926254	0.05334929890832312	21.250551140641242	3.521645620743414
6.8	4.7671321747275135	4.7671321747275135	4.7671321747275135	0.0910921281695481	37.49070983923265	16.33483536141969	9.602887099914875	3406.427557121802	603.9485751874709	0	0	0	0.0005060671238953914	0.23390578785970983	0.0952534617035566	0.05334930443015484	21.25055670355385	3.521646234469749
6.9	4.767132174727513	4.767132174727513	4.767132174727513	0.09109212816954383	37.490709839236665	16.334835361420126	9.602887099914991	3406.4275571217095	603.9485751874668	0	0	0	0.0005060672341878116	0.23390594226549086	0.09525350128030269	0.05334931319001627	21.250566229330122	3.521647259597325
7	4.7671321747275135	4.7671321747275135	4.7671321747275135	0.09109212816954047	37.49070983923987	16.33483536142047	9.602887099915081	3406.427557121636	603.9485751874636	0	0	0	0.0005060673216339376	0.23390607106674668	0.09525353384483888	0.05334932034407278	21.250574034066968	3.5216480986596803
7.1	4.7671321747275135	4.7671321747275135	4.7671321747275135	0.09109212816953959	37.490709839240715	16.334835361420563	9.602887099915103	3406.4275571216162	603.9485751874627	0	0	0	0.0005060673447620556	0.2339061086045893	0.09525354310017754	0.05334932740038128	21.25058199013922	3.5216489455387663
7.2	4.7671321747275135	4.7671321747275135	4.7671321747275135	0.09109212816953877	37.49070983924147	16.334835361420648	9.602887099915124	3406.427557121599	603.9485751874619	0	0	0	0.0005060673655531016	0.23390614396450937	0.09525355172184645	0.05334933306498272	21.250588437406964	3.5216496299344198
7.3	4.7671321747275135	4.7671321747275135	4.7671321747275135	0.09109212816953854	37.490709839241674	16.33483536142067	9.602887099915133	3406.427557121595	603.9485751874615	0	0	0	0.0005060673712295624	0.23390615640694107	0.09525355459280534	0.053349337946110895	21.250594111873898	3.5216502286165317
7.4	4.7671321747275135	4.7671321747275135	4.7671321747275135	0.09109212816953839	37.49070983924184	16.334835361420684	9.602887099915135	3406.42755712159	603.9485751874614	0	0	0	0.0005060673756024493	0.23390616665661085	0.09525355692853509	0.053349341905991436	21.2505987788337	3.5216507190935564
7.5	4.7671321747275135	4.7671321747275135	4.7671321747275135	0.09109212816953832	37.490709839241894	16.334835361420687	9.602887099915137	3406.427557121589	603.9485751874613	0	0	0	0.0005060673771054641	0.23390617194809052	0.09525355805987204	0.05334934516676626	21.250602686767888	3.5216511278776927
7.6	4.7671321747275135	4.7671321747275135	4.7671321747275135	0.09109212816953827	37.49070983924192	16.334835361420694	9.602887099915138	3406.4275571215885	603.9485751874613	0	0	0	0.0005060673779673821	0.23390617581255915	0.09525355886309615	0.05334934781578508	21.250605909730403	3.5216514636116063
7.7	4.7671321747275135	4.7671321747275135	4.7671321747275135	0.09109212816953825	37.49070983924194	16.334835361420698	9.60288709991514	3406.427557121588	603.9485751874613	0	0	0	0.0005060673783710144	0.23390617852210693	0.09525355940664343	0.053349349970013414	21.250608571059143	3.521651739688462
7.8	4.767132174727514	4.767132174727514	4.767132174727514	0.09109212816953828	37.490709839241944	16.334835361420698	9.60288709991514	3406.427557121588	603.9485751874613	0	0	0	0.0005060673785360427	0.2339061804946145	0.09525355978983031	0.05334935171717247	21.25061076280501	3.5216519661171364
7.9	4.7671321747275135	4.7671321747275135	4.7671321747275135	0.09109212816953827	37.490709839241944	16.334835361420698	9.60288709991514	3406.4275571215876	603.9485751874613	0	0	0	0.0005060673786429482	0.23390618206979252	0.09525356009355473	0.05334935313415699	21.250612566802694	3.5216521517581203
8	4.7671321747275135	4.7671321747275135	4.7671321747275135	0.09109212816953827	37.49070983924195	16.3348353614207	9.60288709991514	3406.4275571215876	603.9485751874613	0	0	0	0.0005060673786748499	0.23390618326912857	0.09525356032005397	0.05334935428169845	21.250614050154052	3.5216523037951215
8.1	4.7671321747275135	4.7671321747275135	4.7671321747275135	0.09109212816956314	37.49070983923738	16.334835361422275	9.602887099914478	3406.4275571216976	603.9485751874469	0	0	0	0.0005060673201189811	0.23390608148698716	0.09525353564335835	0.05334935671164459	21.250617548103495	3.5216526523457143
8.2	4.7671321747275135	4.7671321747275135	4.7671321747275135	0.0910921281696366	37.490709839223896	16.33483536142693	9.602887099912516	3406.4275571220223	603.9485751874042	0	0	0	0.0005060671471980139	0.23390577892360503	0.09525346239984113	0.053349361879509644	21.250625261508777	3.5216534140365825
8.3	4.7671321747275135	4.7671321747275135	4.7671321747275135	0.09109212816974759	37.4907098392035	16.33483536143396	9.602887099909559	3406.427557122513	603.94857518734	0	0	0	0.0005060668858471502	0.23390532112171364	0.09525335160527727	0.05334936913864288	21.25063620299079	3.5216544919061348
8.4	4.7671321747275135	4.7671321747275135	4.7671321747275135	0.09109212816988504	37.49070983917823	16.334835361442668	9.60288709990589	3406.427557123121	603.9485751872603	0	0	0	0.0005060665622079288	0.23390475398600014	0.09525321436301133	0.05334937783710374	21.250649377139293	3.521655788203047
8.5	4.7671321747275135	4.7671321747275135	4.7671321747275135	0.09109212817003787	37.49070983915013	16.334835361452345	9.602887099901814	3406.4275571237968	603.9485751871719	0	0	0	0.0005060662024218877	0.23390412342115174	0.09525306177638791	0.05334938732295164	21.25066378854404	3.521657205175996
8.6	4.767132174727514	4.767132174727514	4.767132174727514	0.09109212817019492	37.49070983912124	16.33483536146229	9.602887099897625	3406.427557124493	603.9485751870809	0	0	0	0.0005060658326305658	0.23390347533185565	0.09525290494875154	0.053349396944246015	21.250678441794776	3.521658645073657
8.7	4.7671321747275135	4.7671321747275135	4.7671321747275135	0.09109212817034514	37.490709839093576	16.334835361471796	9.602887099893618	3406.4275571251583	603.9485751869939	0	0	0	0.0005060654789755013	0.23390285562279903	0.09525275498344682	0.053349406049046255	21.250692341481262	3.5216600101447053
8.8	4.7671321747275135	4.7671321747275135	4.7671321747275135	0.09109212817047738	37.490709839069176	16.33483536148016	9.602887099890088	3406.4275571257444	603.9485751869173	0	0	0	0.0005060651675982326	0.23390231019866908	0.09525262298381824	0.053349413985411806	21.25070449219324	3.5216612026378167
8.9	4.7671321747275135	4.7671321747275135	4.7671321747275135	0.09109212817058057	37.4907098390501	16.33483536148668	9.602887099887338	3406.4275571262033	603.9485751868577	0	0	0	0.0005060649246402983	0.23390188496415293	0.09525252005321044	0.05334942010140211	21.250713898520466	3.5216621248016686
9	4.7671321747275135	4.7671321747275135	4.7671321747275135	0.09109212817064359	37.49070983903836	16.334835361490644	9.602887099885656	3406.427557126485	603.9485751868214	0	0	0	0.0005060647762432369	0.23390162582393795	0.09525245729496795	0.053349423745076556	21.250719565052698	3.521662678884934
9.1	4.7671321747275135	4.7671321747275135	4.7671321747275135	0.09109212817065535	37.490709839036	16.334835361491358	9.602887099885342	3406.427557126542	603.9485751868149	0	0	0	0.0005060647485485866	0.23390157868271116	0.09525244581243535	0.053349424264494585	21.250720496379678	3.521662767136292
9.2	4.7671321747275135	4.7671321747275135	4.7671321747275135	0.09109212817060475	37.49070983904506	16.334835361488114	9.602887099886692	3406.4275571263233	603.9485751868446	0	0	0	0.0005060648676978861	0.2339017894451598	0.09525249670895716	0.053349421007715614	21.250715697091163	3.521662291804416
9.3	4.7671321747275135	4.7671321747275135	4.7671321747275135	0.09109212817048067	37.49070983906756	16.334835361480206	9.602887099890001	3406.4275571257817	603.948575186917	0	0	0	0.0005060651598326737	0.2339023040159711	0.095252621087878	0.053349413322799084	21.250704171776906	3.521661155137983
9.4	4.7671321747275135	4.7671321747275135	4.7671321747275135	0.09109212817027201	37.49070983910555	16.334835361466933	9.602887099895566	3406.427557124867	603.9485751870383	0	0	0	0.0005060656510944879	0.23390316829983218	0.09525283005254241	0.05334940055780439	21.25068492502666	3.5216592593856677
9.5	4.7671321747275135	4.7671321747275135	4.7671321747275135	0.09109212816996769	37.49070983916106	16.334835361447585	9.60288709990368	3406.4275571235307	603.9485751872153	0	0	0	0.0005060663676248671	0.23390442820143031	0.09525313470629496	0.05334938206079098	21.25065696143017	3.5216565067961474
9.6	4.7671321747275135	4.7671321747275135	4.7671321747275135	0.09109212816972642	37.490709839207405	16.334835361432635	9.602887099910118	3406.4275571224184	603.948575187352	0	0	0	0.0005060669356580567	0.23390540872006746	0.09525337278975149	0.05334936767969527	21.250635447845887	3.5216543843547106
9.7	4.7671321747275135	4.7671321747275135	4.7671321747275135	0.0910921281697178	37.49070983921357	16.33483536143284	9.60288709991035	3406.427557122276	603.94857518735	0	0	0	0.0005060669559423678	0.233905408419714	0.0952533746592168	0.0533493677682842	21.2506359995654	3.5216544300171932
9.8	4.767132174727514	4.767132174727514	4.767132174727514	0.09109212816965863	37.49070983922329	16.3348353614289	9.602887099911928	3406.427557122041	603.9485751873863	0	0	0	0.0005060670953242936	0.2339056624007691	0.09525343559348291	0.053349364560050856	21.25063070203667	3.5216539187527256
9.9	4.767132174727513	4.767132174727513	4.767132174727513	0.09109212816960496	37.49070983923275	16.33483536142543	9.602887099913358	3406.4275571218122	603.9485751874178	0	0	0	0.0005060672215950286	0.2339058874161058	0.09525348983812018	0.05334936160549861	21.250625982455254	3.521653460050396
10	4.7671321747275135	4.7671321747275135	4.7671321747275135	0.09109212816960734	37.490709839233865	16.33483536142584	9.602887099913296	3406.4275571217877	603.948575187414	0	0	0	0.0005060672160213449	0.23390586581569672	0.09525348524776288	0.053349362088184214	21.250626774501296	3.521653536966089
10.1	4.7671321747275135	4.7671321747275135	4.7671321747275135	0.09109212816957274	37.49070983923792	16.334835361423266	9.60288709991422	3406.427557121687	603.9485751874375	0	0	0	0.0005060672975168318	0.23390602699415466	0.09525352325896749	0.05334936018520636	21.250623377780325	3.521653214195414
10.2	4.7671321747275135	4.7671321747275135	4.7671321747275135	0.09109212816956411	37.49070983923961	16.334835361422737	9.60288709991445	3406.4275571216467	603.9485751874424	0	0	0	0.0005060673179202784	0.23390606199552397	0.09525353176642462	0.05334935986037001	21.250622792056337	3.5216531588117888
10.3	4.7671321747275135	4.7671321747275135	4.7671321747275135	0.0910921281695624	37.490709839240054	16.334835361422655	9.602887099914495	3406.4275571216367	603.9485751874432	0	0	0	0.0005060673219406124	0.23390606807723632	0.09525353328886002	0.05334935993040333	21.25062282360328	3.5216531636996797
10.4	4.7671321747275135	4.7671321747275135	4.7671321747275135	0.09109212816954909	37.49070983924116	16.334835361421586	9.60288709991485	3406.427557121608	603.9485751874531	0	0	0	0.0005060673531780748	0.2339061336020989	0.09525354856392106	0.05334935924107098	21.250621480304595	3.5216530381626407
10.5	4.7671321747275135	4.7671321747275135	4.7671321747275135	0.09109212816954854	37.490709839241504	16.334835361421582	9.602887099914867	3406.4275571216003	603.948575187453	0	0	0	0.0005060673545102359	0.23390613415446118	0.09525354879183925	0.05334935932192363	21.250621582718164	3.521653048783673
10.6	4.7671321747275135	4.7671321747275135	4.7671321747275135	0.09109212816954523	37.490709839241674	16.33483536142131	9.602887099914954	3406.427557121596	603.9485751874555	0	0	0	0.000506067362261645	0.2339061512837184	0.09525355274624751	0.05334935920931721	21.25062128936682	3.521653022666407
10.7	4.767132174727513	4.767132174727513	4.767132174727513	0.09109212816954207	37.490709839241866	16.334835361421046	9.602887099915039	3406.4275571215903	603.9485751874579	0	0	0	0.0005060673697013298	0.23390616743677609	0.09525355648720553	0.05334935908728198	21.250621001596294	3.5216529966522185
10.8	4.7671321747275135	4.7671321747275135	4.7671321747275135	0.09109212816954221	37.49070983924196	16.334835361421074	9.602887099915034	3406.4275571215894	603.9485751874578	0	0	0	0.0005060673693802096	0.23390616600604008	0.0952535561868723	0.053349359157595186	21.250621097991036	3.521653006409331
10.9	4.767132174727514	4.767132174727514	4.767132174727514	0.09109212816954027	37.49070983924196	16.334835361420886	9.602887099915087	3406.427557121589	603.9485751874595	0	0	0	0.0005060673740169898	0.2339061770866542	0.09525355870992706	0.05334935908394328	21.250620899765007	3.521652988822696
11	4.7671321747275135	4.7671321747275135	4.7671321747275135	0.09109212816953974	37.49070983924202	16.334835361420843	9.602887099915101	3406.427557121587	603.9485751874599	0	0	0	0.0005060673752386203	0.23390617967605054	0.09525355931204965	0.05334935909190798	21.25062088453343	3.5216529879493157
11.1	4.7671321747275135	4.7671321747275135	4.7671321747275135	0.09109212816953965	37.490709839242044	16.33483536142084	9.602887099915103	3406.4275571215862	603.9485751874599	0	0	0	0.0005060673754426668	0.2339061800515351	0.09525355940172231	0.05334935911923277	21.250620911666832	3.5216529909532612
11.2	4.7671321747275135	4.7671321747275135	4.7671321747275135	0.09109212816955588	37.490709839244445	16.334835361422723	9.602887099914671	3406.4275571215353	603.9485751874427	0	0	0	0.0005060673363528421	0.23390607219551252	0.0952535353940022	0.0533493601884733	21.25062338441956	3.5216532159060923
11.3	4.7671321747275135	4.7671321747275135	4.7671321747275135	0.09109212816961391	37.49070983925281	16.334835361429416	9.602887099913122	3406.427557121359	603.9485751873813	0	0	0	0.0005060671966247505	0.23390568803301626	0.0952534498379121	0.05334936393692526	21.250632111288123	3.5216540089285338
11.4	4.7671321747275135	4.7671321747275135	4.7671321747275135	0.09109212816969012	37.49070983926374	16.3348353614382	9.60288709991109	3406.427557121128	603.9485751873007	0	0	0	0.0005060670131166074	0.23390518396401153	0.09525333756244664	0.05334936884880486	21.250643549978783	3.5216550483213225
11.5	4.7671321747275135	4.7671321747275135	4.7671321747275135	0.09109212816975935	37.49070983927359	16.334835361446164	9.602887099909244	3406.4275571209205	603.9485751872276	0	0	0	0.0005060668464587452	0.23390472672896823	0.09525323570052306	0.05334937330771314	21.25065392394677	3.5216559910991667
11.6	4.7671321747275135	4.7671321747275135	4.7671321747275135	0.0910921281697964	37.49070983927874	16.334835361450402	9.602887099908259	3406.427557120812	603.9485751871887	0	0	0	0.0005060667572814963	0.2339044830683563	0.09525318138505863	0.053349375697251095	21.25065945664734	3.521656494276776
11.7	4.7671321747275135	4.7671321747275135	4.7671321747275135	0.09109212816977608	37.49070983927556	16.33483536144801	9.602887099908799	3406.42755712088	603.9485751872107	0	0	0	0.0005060668062151929	0.2339046197226457	0.09525321174897058	0.05334937440101978	21.25065637153573	3.5216562148688584
11.8	4.7671321747275135	4.7671321747275135	4.7671321747275135	0.09109212816967345	37.490709839260454	16.334835361436117	9.602887099911538	3406.4275571211997	603.9485751873199	0	0	0	0.0005060670532455814	0.23390530162562728	0.09525336352395113	0.05334936781981155	21.250640932996692	3.521654813596938
11.9	4.767132174727513	4.767132174727513	4.767132174727513	0.09109212816960091	37.490709839251274	16.334835361427977	9.60288709991347	3406.427557121391	603.9485751873946	0	0	0	0.0005060672278878748	0.23390577144049532	0.09525346849605691	0.05334936316806552	21.250630298609888	3.5216538446015497
12	4.7671321747275135	4.7671321747275135	4.7671321747275135	0.09109212816959288	37.490709839251636	16.33483536142732	9.602887099913685	3406.427557121381	603.9485751874005	0	0	0	0.0005060672472751933	0.23390581233178068	0.0952534780121627	0.05334936265597716	21.250629379540918	3.5216537573556277
12.1	4.7671321747275135	4.7671321747275135	4.7671321747275135	0.09109212816956393	37.49070983924651	16.334835361423814	9.602887099914454	3406.4275571214907	603.9485751874328	0	0	0	0.0005060673168983492	0.2339060114864126	0.09525352211089448	0.05334936080309245	21.250624872486245	3.5216533504490957
12.2	4.7671321747275135	4.7671321747275135	4.7671321747275135	0.09109212816955536	37.490709839245504	16.33483536142287	9.602887099914685	3406.4275571215117	603.9485751874414	0	0	0	0.000506067337552104	0.2339060664181748	0.09525353440502589	0.053349360255511964	21.250623632449035	3.5216532373019023
12.3	4.7671321747275135	4.7671321747275135	4.7671321747275135	0.09109212816955098	37.49070983924477	16.334835361422343	9.6028870999148	3406.4275571215267	603.9485751874462	0	0	0	0.0005060673480860548	0.23390609622185995	0.09525354101488509	0.05334935997721041	21.250622960664945	3.5216531765853887
12.4	4.7671321747275135	4.7671321747275135	4.7671321747275135	0.09109212816954396	37.49070983924327	16.33483536142144	9.602887099914987	3406.42755712156	603.9485751874545	0	0	0	0.0005060673650169595	0.2339061467349891	0.0952535521342838	0.05334935952779206	21.250621818873018	3.5216530741366077
12.5	4.7671321747275135	4.7671321747275135	4.7671321747275135	0.0910921281695432	37.49070983924326	16.33483536142136	9.602887099915009	3406.42755712156	603.9485751874553	0	0	0	0.0005060673669051996	0.2339061512101411	0.09525355315425986	0.053349359479167434	21.250621719879305	3.521653064951341
12.6	4.7671321747275135	4.7671321747275135	4.7671321747275135	0.09109212816954067	37.49070983924259	16.33483536142102	9.602887099915076	3406.4275571215744	603.9485751874583	0	0	0	0.0005060673729610507	0.233906170299366	0.09525355732560604	0.05334935931905984	21.250621289149535	3.5216530266010255
12.7	4.7671321747275135	4.7671321747275135	4.7671321747275135	0.09109212816953977	37.49070983924241	16.33483536142091	9.602887099915101	3406.4275571215776	603.9485751874595	0	0	0	0.0005060673750413876	0.23390617648179607	0.09525355868724	0.05334935926471652	21.250621150631925	3.5216530141785873
12.8	4.7671321747275135	4.7671321747275135	4.7671321747275135	0.09109212816953942	37.49070983924233	16.33483536142087	9.60288709991511	3406.4275571215794	603.9485751874598	0	0	0	0.0005060673758532926	0.23390617896325763	0.09525355923171533	0.05334935924398471	21.2506210956873	3.521653009277425
12.9	4.7671321747275135	4.7671321747275135	4.7671321747275135	0.09109212816953877	37.490709839242115	16.33483536142077	9.602887099915126	3406.427557121584	603.9485751874607	0	0	0	0.0005060673774713432	0.2339061842999953	0.09525356039120134	0.05334935920157789	21.250620975775334	3.5216529986697758
13	4.7671321747275135	4.7671321747275135	4.7671321747275135	0.09109212816953871	37.49070983924209	16.33483536142076	9.602887099915128	3406.4275571215844	603.9485751874607	0	0	0	0.0005060673776597085	0.23390618480465575	0.09525356050401669	0.05334935919715885	21.25062096521256	3.5216529977147353
13.1	4.7671321747275135	4.7671321747275135	4.7671321747275135	0.0910921281695385	37.49070983924202	16.334835361420733	9.602887099915133	3406.4275571215862	603.948575187461	0	0	0	0.0005060673781821395	0.233906186614585	0.09525356089485859	0.053349359183713786	21.25062092489331	3.521652994174022
13.2	4.7671321747275135	4.7671321747275135	4.7671321747275135	0.09109212816953839	37.490709839242015	16.334835361420726	9.602887099915137	3406.4275571215862	603.9485751874612	0	0	0	0.0005060673783905809	0.23390618730414864	0.09525356104458978	0.05334935917855008	21.250620909848802	3.521652992848756
13.3	4.7671321747275135	4.7671321747275135	4.7671321747275135	0.09109212816953836	37.49070983924201	16.33483536142072	9.602887099915138	3406.4275571215867	603.9485751874611	0	0	0	0.0005060673784534353	0.2339061875105881	0.09525356108945071	0.05334935917719529	21.250620905650873	3.5216529924817657
13.4	4.7671321747275135	4.7671321747275135	4.7671321747275135	0.09109212816955391	37.490709839251885	16.334835361423533	9.602887099914723	3406.427557121365	603.9485751874353	0	0	0	0.0005060673476595575	0.2339060662849538	0.09525353528461304	0.05334935999876902	21.25062365529669	3.5216532310088575
13.5	4.7671321747275135	4.7671321747275135	4.7671321747275135	0.09109212816960213	37.49070983928251	16.334835361432255	9.602887099913437	3406.4275571206786	603.948575187355	0	0	0	0.0005060672520596744	0.23390569011141185	0.09525345520611095	0.0533493625487468	21.250632186765973	3.521653971125872
13.6	4.7671321747275135	4.7671321747275135	4.7671321747275135	0.09109212816967088	37.49070983932618	16.334835361444696	9.602887099911603	3406.4275571196977	603.9485751872409	0	0	0	0.0005060671156559312	0.23390515350583554	0.09525334097259436	0.0533493661869689	21.250644356562297	3.5216550268970686
13.7	4.7671321747275135	4.7671321747275135	4.7671321747275135	0.09109212816974784	37.490709839375	16.334835361458605	9.60288709990955	3406.4275571186026	603.948575187113	0	0	0	0.0005060669630728386	0.233904553432446	0.0952532132239224	0.05334937025667639	21.250657965663812	3.5216562075696856
13.8	4.7671321747275135	4.7671321747275135	4.7671321747275135	0.09109212816982051	37.49070983942108	16.334835361471736	9.602887099907612	3406.4275571175694	603.9485751869923	0	0	0	0.0005060668189349072	0.23390398685546474	0.09525309259995414	0.0533493741011103	21.250670815048675	3.521657322390962
13.9	4.7671321747275135	4.7671321747275135	4.7671321747275135	0.09109212816987652	37.490709839456514	16.334835361481836	9.602887099906118	3406.427557116774	603.9485751868996	0	0	0	0.0005060667078666472	0.23390355073911293	0.09525299974054867	0.05334937706351167	21.250680705695014	3.521658180608135
14	4.7671321747275135	4.7671321747275135	4.7671321747275135	0.09109212816990343	37.49070983947342	16.334835361486665	9.602887099905402	3406.427557116395	603.9485751868551	0	0	0	0.0005060666544925693	0.23390334204761187	0.09525295528556507	0.05334937848712159	21.250685438580984	3.5216585914684435
14.1	4.7671321747275135	4.7671321747275135	4.7671321747275135	0.09109212816988885	37.49070983946389	16.334835361483968	9.602887099905791	3406.427557116609	603.94857518688	0	0	0	0.0005060666834371839	0.23390345774518292	0.09525297987486246	0.05334937771518108	21.250682814684733	3.5216583642191255
14.2	4.7671321747275135	4.7671321747275135	4.7671321747275135	0.09109212816982032	37.49070983942002	16.334835361471505	9.602887099907617	3406.427557117593	603.9485751869946	0	0	0	0.0005060668193250014	0.2339039947960473	0.0952530941482999	0.05334937409093122	21.250670634984406	3.521657308107419
14.3	4.767132174727513	4.767132174727513	4.767132174727513	0.0910921281696861	37.49070983933434	16.334835361447134	9.602887099911198	3406.4275571195153	603.9485751872185	0	0	0	0.0005060670855122275	0.23390504510183813	0.09525331766962207	0.05334936699144023	21.25064681527542	3.521655242326131
14.4	4.7671321747275135	4.7671321747275135	4.7671321747275135	0.09109212816959751	37.49070983927915	16.334835361431328	9.602887099913561	3406.427557120753	603.9485751873638	0	0	0	0.0005060672612011498	0.23390572913938157	0.09525346344597561	0.05334936230564817	21.250631302657077	3.5216538950811884
14.5	4.7671321747275135	4.7671321747275135	4.7671321747275135	0.09109212816957285	37.49070983926448	16.334835361427068	9.602887099914216	3406.427557121082	603.9485751874029	0	0	0	0.0005060673100877763	0.23390591473573147	0.09525350310490989	0.05334936100181951	21.25062709401589	3.5216535285710857
14.6	4.7671321747275135	4.7671321747275135	4.7671321747275135	0.09109212816955155	37.49070983925056	16.33483536142314	9.602887099914787	3406.427557121395	603.948575187439	0	0	0	0.0005060673523759143	0.233906083653274	0.09525353900800997	0.053349359873972296	21.25062326307689	3.5216531967548086
14.7	4.7671321747275135	4.7671321747275135	4.7671321747275135	0.09109212816954587	37.490709839247074	16.334835361422133	9.602887099914936	3406.427557121472	603.9485751874481	0	0	0	0.0005060673636329511	0.23390612712726766	0.09525354828075515	0.05334935957375612	21.250622277226025	3.521653111061187
14.8	4.7671321747275135	4.7671321747275135	4.7671321747275135	0.0910921281695413	37.490709839244	16.334835361421277	9.602887099915058	3406.4275571215417	603.948575187456	0	0	0	0.0005060673726727864	0.2339061639478665	0.09525355609150819	0.05334935933266971	21.25062144213812	3.5216530388750678
14.9	4.7671321747275135	4.7671321747275135	4.7671321747275135	0.09109212816953988	37.49070983924307	16.334835361421014	9.602887099915097	3406.427557121562	603.9485751874583	0	0	0	0.0005060673755023534	0.2339061751700872	0.09525355847848949	0.05334935925721502	21.250621187652204	3.5216530168167695
15	4.767132174727514	4.767132174727514	4.767132174727514	0.09109212816953897	37.49070983924245	16.334835361420843	9.602887099915122	3406.4275571215767	603.9485751874602	0	0	0	0.0005060673773053306	0.2339061826234305	0.09525356005723684	0.053349359209139795	21.2506210186191	3.5216530022271293
15.1	4.7671321747275135	4.7671321747275135	4.7671321747275135	0.09109212816953857	37.4907098392422	16.334835361420776	9.602887099915131	3406.4275571215817	603.9485751874607	0	0	0	0.0005060673780377223	0.23390618561540155	0.09525356069170862	0.05334935918961845	21.250620950774124	3.5216529963642733
15.2	4.7671321747275135	4.7671321747275135	4.7671321747275135	0.0910921281695384	37.49070983924208	16.334835361420737	9.602887099915137	3406.427557121585	603.9485751874611	0	0	0	0.0005060673783847724	0.23390618706495034	0.09525356099847873	0.05334935918037065	21.250620917909455	3.521652993530529
15.3	4.7671321747275135	4.7671321747275135	4.7671321747275135	0.09109212816953832	37.49070983924201	16.33483536142071	9.602887099915138	3406.4275571215867	603.9485751874612	0	0	0	0.0005060673785736162	0.23390618785950604	0.09525356116651953	0.053349359175342344	21.250620899898628	3.5216529919790194
15.4	4.7671321747275135	4.7671321747275135	4.7671321747275135	0.0910921281695383	37.49070983924199	16.334835361420705	9.602887099915138	3406.4275571215867	603.9485751874612	0	0	0	0.0005060673786399212	0.23390618813790573	0.09525356122539765	0.05334935917357976	21.2506208935939	3.5216529914358747
15.5	4.7671321747275135	4.7671321747275135	4.7671321747275135	0.09109212816953827	37.490709839241966	16.3348353614207	9.60288709991514	3406.4275571215867	603.9485751874613	0	0	0	0.0005060673786877059	0.23390618834506402	0.09525356126907078	0.05334935917230635	21.250620888904674	3.5216529910328216
15.6	4.7671321747275135	4.7671321747275135	4.7671321747275135	0.09109212816953827	37.49070983924196	16.334835361420698	9.60288709991514	3406.427557121587	603.9485751874613	0	0	0	0.0005060673787009629	0.2339061884011586	0.09525356128092188	0.053349359171954235	21.250620887640224	3.5216529909237697
15.7	4.7671321747275135	4.7671321747275135	4.7671321747275135	0.09109212816955878	37.490709839254706	16.334835361418214	9.602887099914595	3406.427557121293	603.9485751874852	0	0	0	0.0005060673601261659	0.23390610037759535	0.0952535428752614	0.053349359667370054	21.2506228847834	3.5216531610556765
15.8	4.7671321747275135	4.7671321747275135	4.7671321747275135	0.09109212816962686	37.49070983929706	16.334835361409958	9.602887099912778	3406.4275571203157	603.9485751875644	0	0	0	0.0005060672984156012	0.23390580796496896	0.09525348173152984	0.053349361313267	21.25062951924183	3.5216537262339562
15.9	4.7671321747275135	4.7671321747275135	4.7671321747275135	0.09109212816973215	37.490709839362545	16.334835361397197	9.602887099909967	3406.427557118805	603.9485751876869	0	0	0	0.0005060672029880372	0.23390535581944472	0.09525338718690624	0.05334936385843536	21.250639777825338	3.5216546001509976
16	4.767132174727513	4.767132174727513	4.767132174727513	0.09109212816986376	37.490709839444406	16.33483536138124	9.602887099906457	3406.4275571169164	603.9485751878401	0	0	0	0.0005060670837179473	0.23390479075664933	0.09525326903011273	0.05334936703951129	21.25065259834837	3.5216556923253775
16.1	4.7671321747275135	4.7671321747275135	4.7671321747275135	0.09109212817001078	37.49070983953585	16.334835361363414	9.602887099902537	3406.427557114807	603.9485751880114	0	0	0	0.0005060669504798051	0.23390415959220934	0.09525313704987151	0.053349370593130926	21.25066691862539	3.5216569122756742
16.2	4.7671321747275135	4.7671321747275135	4.7671321747275135	0.0910921281701623	37.49070983963012	16.334835361345032	9.602887099898494	3406.4275571126323	603.948575188188	0	0	0	0.0005060668131480838	0.23390350914175148	0.09525300103490468	0.0533493742559304	21.250681676470844	3.521658169520466
16.3	4.767132174727513	4.767132174727513	4.767132174727513	0.09109212817030744	37.49070983972042	16.334835361327414	9.602887099894621	3406.4275571105486	603.948575188357	0	0	0	0.000506066681597257	0.2339028862209024	0.09525287077393438	0.05334937776454588	21.250695809699188	3.5216593735783324
16.4	4.7671321747275135	4.7671321747275135	4.7671321747275135	0.09109212817043534	37.49070983979998	16.334835361311885	9.60288709989121	3406.4275571087137	603.9485751885062	0	0	0	0.0005060665657017982	0.23390233764528873	0.0952527560556828	0.053349380855613505	21.250708256124884	3.5216604339678503
16.5	4.7671321747275135	4.7671321747275135	4.7671321747275135	0.09109212817053505	37.49070983986203	16.334835361299756	9.60288709988855	3406.4275571072817	603.9485751886227	0	0	0	0.0005060664753361808	0.23390191023053714	0.09525266666887207	0.05334938326576943	21.250717953562383	3.5216612602075976
16.6	4.7671321747275135	4.7671321747275135	4.7671321747275135	0.09109212817059568	37.49070983989979	16.33483536129235	9.602887099886933	3406.42755710641	603.9485751886939	0	0	0	0.0005060664203748782	0.23390165079227426	0.0952526124022243	0.05334938473164976	21.250723839826144	3.5216617618161536
16.7	4.7671321747275135	4.7671321747275135	4.7671321747275135	0.09109212817060637	37.49070983990648	16.334835361290985	9.602887099886647	3406.427557106256	603.948575188707	0	0	0	0.000506066410692364	0.23390160614612676	0.09525260304446169	0.05334938498989069	21.250724852730613	3.5216618483120965
16.8	4.7671321747275135	4.7671321747275135	4.7671321747275135	0.09109212817055622	37.490709839875336	16.33483536129698	9.602887099887985	3406.4275571069743	603.9485751886493	0	0	0	0.0005060664561631114	0.2339018231077213	0.09525264838430636	0.05334938377712834	21.250719930090256	3.521661429214004
16.9	4.7671321747275135	4.7671321747275135	4.7671321747275135	0.09109212817043429	37.49070983979958	16.33483536131165	9.602887099891237	3406.4275571087214	603.9485751885085	0	0	0	0.0005060665666615943	0.23390234849268457	0.09525275821048046	0.05334938082999888	21.250708009719524	3.521660414040454
17	4.7671321747275135	4.7671321747275135	4.7671321747275135	0.09109212817022971	37.49070983967242	16.334835361336324	9.602887099896694	3406.427557111655	603.9485751882715	0	0	0	0.0005060667520622857	0.23390322911664319	0.09525294231170614	0.053349375885138425	21.250688029432876	3.5216587123100265
17.1	4.7671321747275135	4.7671321747275135	4.7671321747275135	0.09109212816993162	37.4907098394871	16.33483536137232	9.602887099904645	3406.42755711593	603.948575187926	0	0	0	0.0005060670222396594	0.23390451179522379	0.09525321047670555	0.05334936867918313	21.250658927044757	3.521656233541298
17.2	4.7671321747275135	4.7671321747275135	4.7671321747275135	0.09109212816971472	37.49070983935179	16.334835361399378	9.602887099910433	3406.427557119053	603.9485751876663	0	0	0	0.000506067218782819	0.23390542892653965	0.0952534025042509	0.05334936343714303	21.250638119232207	3.52165445857023
17.3	4.7671321747275135	4.7671321747275135	4.7671321747275135	0.09109212816970987	37.49070983934793	16.334835361401467	9.602887099910562	3406.4275571191442	603.9485751876464	0	0	0	0.000506067223149715	0.23390542230656022	0.09525340161063778	0.05334936332067724	21.250638270733962	3.5216544668735548
17.4	4.767132174727514	4.767132174727514	4.767132174727514	0.09109212816964561	37.49070983930819	16.334835361408743	9.602887099912278	3406.4275571200606	603.9485751875765	0	0	0	0.0005060672813892589	0.23390570776490122	0.09525346113005491	0.05334936176736355	21.250631793605994	3.5216539166951533
17.5	4.7671321747275135	4.7671321747275135	4.7671321747275135	0.09109212816960102	37.49070983928058	16.3348353614141	9.602887099913465	3406.4275571206977	603.9485751875247	0	0	0	0.0005060673218053007	0.2339058997708714	0.0952535012691392	0.05334936068942587	21.250627437219837	3.5216535456717253
17.6	4.7671321747275135	4.7671321747275135	4.7671321747275135	0.09109212816960247	37.49070983928133	16.334835361414363	9.602887099913428	3406.427557120681	603.9485751875222	0	0	0	0.000506067320499616	0.23390588534158954	0.09525349839943854	0.05334936072425661	21.250627764994082	3.521653572210689
17.7	4.7671321747275135	4.7671321747275135	4.7671321747275135	0.09109212816956892	37.49070983926075	16.334835361417678	9.602887099914321	3406.4275571211547	603.9485751874903	0	0	0	0.0005060673509183953	0.2339060436084948	0.095253531240117	0.05334935991295497	21.250624173451342	3.521653268627659
17.8	4.7671321747275135	4.7671321747275135	4.7671321747275135	0.09109212816956246	37.49070983925676	16.33483536141852	9.602887099914494	3406.4275571212474	603.9485751874823	0	0	0	0.0005060673567769101	0.2339060698233631	0.09525353674906527	0.053349359756705565	21.250623578743657	3.521653217708437
17.9	4.7671321747275135	4.7671321747275135	4.7671321747275135	0.09109212816955958	37.490709839254976	16.334835361418854	9.60288709991457	3406.427557121288	603.9485751874792	0	0	0	0.0005060673593936147	0.23390608254074507	0.09525353940253763	0.05334935968691653	21.25062329018887	3.521653193180695
18	4.7671321747275135	4.7671321747275135	4.7671321747275135	0.09109212816954797	37.49070983924789	16.334835361419877	9.602887099914879	3406.4275571214507	603.9485751874691	0	0	0	0.0005060673699054723	0.2339061396783568	0.09525355121890872	0.05334935940655274	21.250621993462378	3.52165308394507
18.1	4.7671321747275135	4.7671321747275135	4.7671321747275135	0.0910921281695477	37.49070983924775	16.334835361419984	9.602887099914888	3406.4275571214544	603.9485751874682	0	0	0	0.0005060673701221062	0.23390613916146366	0.09525355113825099	0.05334935940077733	21.250622005261157	3.5216530846927725
18.2	4.7671321747275135	4.7671321747275135	4.7671321747275135	0.09109212816954414	37.49070983924556	16.334835361420257	9.602887099914984	3406.4275571215053	603.9485751874656	0	0	0	0.000506067373377531	0.2339061577557666	0.09525355496976999	0.05334935931395171	21.250621583229535	3.5216530492716034
18.3	4.7671321747275135	4.7671321747275135	4.7671321747275135	0.09109212816954172	37.49070983924409	16.334835361420453	9.602887099915048	3406.427557121539	603.9485751874637	0	0	0	0.0005060673755763001	0.23390616991919552	0.09525355748198816	0.05334935925530496	21.250621307173745	3.5216530260479724
18.4	4.7671321747275135	4.7671321747275135	4.7671321747275135	0.09109212816954182	37.49070983924415	16.334835361420467	9.602887099915046	3406.4275571215376	603.9485751874635	0	0	0	0.0005060673755070965	0.2339061690248874	0.09525355730506106	0.053349359257147816	21.250621327490727	3.521653027684592
18.5	4.7671321747275135	4.7671321747275135	4.7671321747275135	0.09109212816953993	37.490709839243	16.33483536142059	9.602887099915096	3406.427557121564	603.9485751874622	0	0	0	0.0005060673771911275	0.23390617921686746	0.09525355939669478	0.05334935921223222	21.250621096143497	3.5216530083466853
18.6	4.7671321747275135	4.7671321747275135	4.7671321747275135	0.09109212816953957	37.490709839242804	16.334835361420627	9.602887099915105	3406.427557121568	603.948575187462	0	0	0	0.000506067377506684	0.2339061808569655	0.09525355973698098	0.0533493592038143	21.250621058925024	3.5216530052003634
18.7	4.7671321747275135	4.7671321747275135	4.7671321747275135	0.09109212816953942	37.4907098392427	16.33483536142064	9.602887099915108	3406.427557121571	603.948575187462	0	0	0	0.0005060673776571534	0.23390618171480645	0.09525355991376208	0.05334935919980098	21.250621039454877	3.5216530035656635
18.8	4.7671321747275135	4.7671321747275135	4.7671321747275135	0.09109212816956133	37.49070983925715	16.33483536141994	9.602887099914524	3406.4275571212406	603.948575187469	0	0	0	0.000506067357529966	0.23390604401387913	0.09525353187309629	0.05334935973661952	21.25062416572314	3.5216532628243806
18.9	4.7671321747275135	4.7671321747275135	4.7671321747275135	0.09109212816962667	37.49070983930017	16.334835361417824	9.602887099912781	3406.4275571202556	603.948575187491	0	0	0	0.00050606729756285	0.23390563461632002	0.09525344849495834	0.05334936133601631	21.250633460377486	3.521654033722184
19	4.7671321747275135	4.7671321747275135	4.7671321747275135	0.09109212816971	37.49070983935505	16.334835361415106	9.60288709991056	3406.4275571190005	603.9485751875189	0	0	0	0.0005060672210648653	0.23390511272056805	0.09525334220100189	0.053349363376310674	21.250645309094157	3.5216550164947673
19.1	4.7671321747275135	4.7671321747275135	4.7671321747275135	0.09109212816978547	37.49070983940472	16.334835361412626	9.602887099908546	3406.4275571178637	603.9485751875444	0	0	0	0.0005060671517906607	0.23390464056058421	0.09525324603117703	0.05334936522393762	21.250656028633433	3.5216559056611887
19.2	4.7671321747275135	4.7671321747275135	4.7671321747275135	0.09109212816982717	37.49070983943215	16.334835361411223	9.602887099907434	3406.427557117236	603.9485751875588	0	0	0	0.0005060671134948846	0.23390438037032957	0.09525319302543386	0.05334936624533217	21.250661935755577	3.521656395740506
19.3	4.7671321747275135	4.7671321747275135	4.7671321747275135	0.09109212816980927	37.49070983942029	16.334835361411724	9.602887099907914	3406.4275571175076	603.9485751875535	0	0	0	0.0005060671299321857	0.23390449438376515	0.0952532162237225	0.05334936580692931	21.250659347220868	3.521656181251777
19.4	4.7671321747275135	4.7671321747275135	4.7671321747275135	0.09109212816970585	37.490709839352085	16.334835361414974	9.602887099910673	3406.427557119068	603.94857518752	0	0	0	0.0005060672248572122	0.23390514483485192	0.09525334866599304	0.05334936327516406	21.250644579789565	3.52165495671406
19.5	4.767132174727513	4.767132174727513	4.767132174727513	0.0910921281696099	37.49070983928918	16.334835361418367	9.60288709991323	3406.427557120507	603.9485751874852	0	0	0	0.0005060673129311571	0.23390573933544584	0.09525346982438737	0.053349360926126195	21.250631082917163	3.5216538365153336
19.6	4.7671321747275135	4.7671321747275135	4.7671321747275135	0.09109212816959714	37.49070983928127	16.33483536141927	9.60288709991357	3406.4275571206895	603.9485751874764	0	0	0	0.0005060673246298436	0.23390580756480178	0.09525348386082873	0.05334936061410944	21.250629534270562	3.521653706750512
19.7	4.7671321747275135	4.7671321747275135	4.7671321747275135	0.09109212816956759	37.49070983926155	16.334835361419994	9.602887099914357	3406.42755712114	603.9485751874686	0	0	0	0.0005060673517698525	0.23390599846249677	0.09525352267137041	0.053349359890253675	21.250625200089345	3.521653347909342
19.8	4.7671321747275135	4.7671321747275135	4.7671321747275135	0.09109212816955599	37.490709839253945	16.334835361420396	9.602887099914666	3406.427557121314	603.9485751874646	0	0	0	0.0005060673624143037	0.23390607043002104	0.09525353733674502	0.05334935960635551	21.250623566217325	3.521653212317067
19.9	4.7671321747275135	4.7671321747275135	4.7671321747275135	0.09109212816955196	37.490709839251295	16.334835361420524	9.602887099914774	3406.427557121374	603.9485751874633	0	0	0	0.0005060673661019269	0.23390609557325898	0.09525354245782049	0.0533493595080039	21.25062299538649	3.521653164968654
20	4.7671321747275135	4.7671321747275135	4.7671321747275135	0.09109212816954414	37.49070983924597	16.33483536142063	9.602887099914982	3406.4275571214957	603.948575187462	0	0	0	0.0005060673733140959	0.23390614842428226	0.09525355317784606	0.05334935931564853	21.2506217953787	3.52165306584917
20.1	4.7671321747275135	4.7671321747275135	4.7671321747275135	0.0910921281695431	37.49070983924531	16.334835361420687	9.60288709991501	3406.4275571215107	603.9485751874614	0	0	0	0.0005060673742826931	0.23390615457302896	0.09525355443568216	0.05334935928981729	21.25062165579775	3.521653054220108
20.2	4.7671321747275135	4.7671321747275135	4.7671321747275135	0.09109212816954067	37.49070983924363	16.334835361420694	9.602887099915074	3406.427557121549	603.9485751874613	0	0	0	0.0005060673765009951	0.23390617150540532	0.095253557862584	0.05334935923065133	21.250621271319066	3.5216530225337412
20.3	4.7671321747275135	4.7671321747275135	4.7671321747275135	0.09109212816953971	37.49070983924298	16.334835361420712	9.602887099915101	3406.427557121564	603.9485751874612	0	0	0	0.0005060673773823195	0.233906177978978	0.09525355917541557	0.05334935920714187	21.25062112433289	3.5216530103946178
20.4	4.7671321747275135	4.7671321747275135	4.7671321747275135	0.09109212816953939	37.49070983924276	16.334835361420723	9.60288709991511	3406.427557121569	603.9485751874612	0	0	0	0.0005060673776813551	0.2339061801885339	0.09525355962336376	0.05334935919916354	21.250621074163355	3.521653006252332
20.5	4.7671321747275135	4.7671321747275135	4.7671321747275135	0.09109212816953872	37.4907098392423	16.334835361420712	9.602887099915128	3406.4275571215794	603.9485751874612	0	0	0	0.0005060673782754885	0.2339061849133359	0.09525356057765363	0.05334935918331495	21.250620966871256	3.5216529974286326
20.6	4.7671321747275135	4.7671321747275135	4.7671321747275135	0.09109212816953864	37.49070983924224	16.334835361420705	9.60288709991513	3406.4275571215812	603.9485751874613	0	0	0	0.0005060673783556334	0.2339061854669716	0.09525356069041348	0.053349359181174894	21.25062095429829	3.521652996386709
20.7	4.7671321747275135	4.7671321747275135	4.7671321747275135	0.09109212816953845	37.4907098392421	16.334835361420705	9.602887099915137	3406.4275571215844	603.9485751874613	0	0	0	0.0005060673785369891	0.2339061869677649	0.09525356099285277	0.05334935917633899	21.250620920216292	3.521652993590278
20.8	4.7671321747275135	4.7671321747275135	4.7671321747275135	0.09109212816953838	37.490709839242044	16.334835361420712	9.602887099915138	3406.427557121586	603.9485751874612	0	0	0	0.0005060673786099632	0.23390618754969558	0.09525356111020794	0.053349359174393846	21.250620907003697	3.521652992504718
20.9	4.7671321747275135	4.7671321747275135	4.7671321747275135	0.09109212816953835	37.49070983924203	16.334835361420712	9.602887099915138	3406.4275571215862	603.9485751874612	0	0	0	0.0005060673786342182	0.2339061877437841	0.09525356114935261	0.05334935917374805	21.250620902598175	3.52165299214239
21	4.7671321747275135	4.7671321747275135	4.7671321747275135	0.09109212816955571	37.49070983925662	16.334835361424144	9.602887099914675	3406.427557121257	603.9485751874296	0	0	0	0.000506067364915826	0.23390606077997467	0.09525353567388961	0.05334935953963498	21.25062378615305	3.5216532277242187
21.1	4.7671321747275135	4.7671321747275135	4.7671321747275135	0.09109212816960732	37.490709839299974	16.334835361434337	9.602887099913296	3406.4275571202793	603.9485751873359	0	0	0	0.0005060673241211567	0.23390568334494988	0.09525345993993682	0.053349360627677395	21.250632358312536	3.5216539280664767
21.2	4.7671321747275135	4.7671321747275135	4.7671321747275135	0.09109212816968101	37.49070983936185	16.334835361448878	9.602887099911333	3406.427557118885	603.9485751872024	0	0	0	0.0005060672658950248	0.23390514473169222	0.09525335186398465	0.053349362180636815	21.25064459108738	3.5216549274881324
21.3	4.7671321747275135	4.7671321747275135	4.7671321747275135	0.09109212816976435	37.49070983943182	16.334835361465323	9.60288709990911	3406.4275571173075	603.9485751870512	0	0	0	0.0005060672000232749	0.23390453553782883	0.0952532296243081	0.05334936393751332	21.250658426857704	3.5216560578873315
21.4	4.7671321747275135	4.7671321747275135	4.7671321747275135	0.09109212816984498	37.49070983949948	16.33483536148123	9.602887099906958	3406.4275571157827	603.9485751869054	0	0	0	0.0005060671362917516	0.233903946360987	0.09525311139918222	0.05334936563730703	21.25067180800366	3.521657151162219
21.5	4.7671321747275135	4.7671321747275135	4.7671321747275135	0.09109212816991052	37.490709839554405	16.334835361494136	9.60288709990521	3406.427557114545	603.9485751867867	0	0	0	0.0005060670844862998	0.23390346779879387	0.095253015366882	0.05334936701901801	21.25068267690537	3.5216580392109393
21.6	4.7671321747275135	4.7671321747275135	4.7671321747275135	0.0910921281699486	37.490709839586195	16.334835361501607	9.602887099904194	3406.427557113828	603.948575186718	0	0	0	0.0005060670543927643	0.23390319044887675	0.09525295970568248	0.05334936782164637	21.25068897594299	3.5216585539316374
21.7	4.7671321747275135	4.7671321747275135	4.7671321747275135	0.09109212816994683	37.49070983958443	16.3348353615012	9.602887099904242	3406.427557113868	603.9485751867218	0	0	0	0.0005060670557969896	0.23390320490886277	0.0952529625938587	0.053349367784192206	21.25068864749664	3.5216585272224585
21.8	4.7671321747275135	4.7671321747275135	4.7671321747275135	0.09109212816989283	37.490709839538695	16.33483536149046	9.602887099905683	3406.427557114899	603.9485751868206	0	0	0	0.0005060670984848204	0.2339036017763792	0.09525304220968564	0.05334936664565561	21.250679633946483	3.521657790981549
21.9	4.7671321747275135	4.7671321747275135	4.7671321747275135	0.09109212816977419	37.490709839438594	16.334835361466936	9.602887099908845	3406.4275571171556	603.9485751870367	0	0	0	0.0005060671922421016	0.2339044716490532	0.09525321673143837	0.05334936414503665	21.250659877672632	3.5216561771070523
22	4.7671321747275135	4.7671321747275135	4.7671321747275135	0.09109212816962994	37.49070983931762	16.334835361438504	9.602887099912694	3406.4275571198827	603.9485751872978	0	0	0	0.0005060673062589722	0.2339055253554537	0.09525342817282412	0.053349361104071215	21.250635946327254	3.521654221825052
22.1	4.7671321747275135	4.7671321747275135	4.7671321747275135	0.09109212816958517	37.490709839281664	16.334835361430027	9.602887099913888	3406.4275571206927	603.9485751873756	0	0	0	0.0005060673416348192	0.23390584371228396	0.0952534921332863	0.05334936016055645	21.250628716151013	3.521653630364938
22.2	4.7671321747275135	4.7671321747275135	4.7671321747275135	0.09109212816955863	37.49070983925922	16.33483536142475	9.602887099914598	3406.427557121199	603.948575187424	0	0	0	0.0005060673626235253	0.23390603870033883	0.09525353125132743	0.05334935960076442	21.25062428763925	3.521653268623809
22.3	4.7671321747275135	4.7671321747275135	4.7671321747275135	0.09109212816954788	37.49070983925027	16.334835361422652	9.602887099914883	3406.4275571214	603.9485751874435	0	0	0	0.0005060673711132742	0.23390611683961063	0.09525354693405735	0.05334935937433212	21.250622512979906	3.5216531235992004
22.4	4.767132174727514	4.767132174727514	4.767132174727514	0.09109212816954282	37.49070983924593	16.334835361421632	9.60288709991502	3406.427557121498	603.9485751874528	0	0	0	0.0005060673751144902	0.23390615434635723	0.09525355445556129	0.05334935926761613	21.2506216611291	3.5216530540442057
22.5	4.7671321747275135	4.7671321747275135	4.7671321747275135	0.09109212816954024	37.49070983924371	16.334835361421106	9.602887099915087	3406.427557121548	603.9485751874574	0	0	0	0.0005060673771486901	0.23390617349479828	0.09525355829479301	0.05334935921336065	21.250621226228464	3.5216530185408197
22.6	4.7671321747275135	4.7671321747275135	4.7671321747275135	0.09109212816953928	37.49070983924288	16.334835361420918	9.602887099915113	3406.4275571215667	603.9485751874594	0	0	0	0.0005060673779084497	0.23390618066361835	0.0952535597319836	0.05334935919309587	21.250621063409394	3.5216530052502875
22.7	4.7671321747275135	4.7671321747275135	4.7671321747275135	0.0910921281695387	37.490709839242335	16.33483536142079	9.60288709991513	3406.4275571215794	603.9485751874605	0	0	0	0.0005060673783907915	0.23390618530437404	0.09525356066159944	0.053349359180233286	21.250620958003342	3.5216529966534282
22.8	4.7671321747275135	4.7671321747275135	4.7671321747275135	0.09109212816953852	37.49070983924217	16.334835361420748	9.602887099915133	3406.427557121583	603.948575187461	0	0	0	0.0005060673785371647	0.23390618669220078	0.09525356093979623	0.05334935917633241	21.25062092648043	3.5216529940808794
22.9	4.7671321747275135	4.7671321747275135	4.7671321747275135	0.09109212816953834	37.49070983924203	16.33483536142072	9.602887099915138	3406.4275571215862	603.9485751874612	0	0	0	0.0005060673786497142	0.233906187797552	0.0952535611609831	0.053349359173333055	21.250620901375243	3.5216529920356234
23	4.7671321747275135	4.7671321747275135	4.7671321747275135	0.09109212816953831	37.490709839242	16.334835361420716	9.602887099915138	3406.4275571215867	603.9485751874612	0	0	0	0.0005060673786803076	0.23390618809033045	0.09525356121961252	0.053349359172519165	21.250620894726673	3.5216529914933954
23.1	4.7671321747275135	4.7671321747275135	4.7671321747275135	0.09109212816953828	37.49070983924197	16.334835361420705	9.60288709991514	3406.427557121587	603.9485751874612	0	0	0	0.0005060673787045306	0.2339061883329917	0.09525356126815995	0.05334935917187408	21.25062088921599	3.521652991044458
23.2	4.7671321747275135	4.7671321747275135	4.7671321747275135	0.09109212816953825	37.490709839241966	16.33483536142071	9.60288709991514	3406.4275571215876	603.9485751874613	0	0	0	0.000506067378711405	0.23390618840040472	0.09525356128167117	0.05334935917169107	21.2506208876851	3.5216529909195278
23.3	4.7671321747275135	4.7671321747275135	4.7671321747275135	0.09109212816953792	37.49070983924225	16.334835361420765	9.602887099915149	3406.427557121581	603.9485751874607	0	0	0	0.0005060673786019296	0.23390618721990916	0.0952535610470645	0.05334935917461165	21.250620914501294	3.5216529930889164
23.4	4.7671321747275135	4.7671321747275135	4.7671321747275135	0.09109212816953625	37.49070983924371	16.33483536142107	9.602887099915193	3406.4275571215476	603.9485751874579	0	0	0	0.0005060673780414829	0.23390618119358397	0.09525355984920769	0.05334935918955891	21.25062105139364	3.521653004166046
23.5	4.767132174727513	4.767132174727513	4.767132174727513	0.0910921281695338	37.49070983924587	16.334835361421522	9.60288709991526	3406.427557121498	603.9485751874537	0	0	0	0.0005060673772111134	0.23390617226934077	0.09525355807528768	0.05334935921170439	21.250621254113938	3.5216530205703975
23.6	4.767132174727514	4.767132174727514	4.767132174727514	0.09109212816953124	37.49070983924814	16.334835361421998	9.602887099915328	3406.4275571214466	603.9485751874493	0	0	0	0.0005060673763398572	0.23390616291082547	0.09525355621500667	0.053349359234940025	21.250621466698785	3.5216530377734125
23.7	4.7671321747275135	4.7671321747275135	4.7671321747275135	0.09109212816952923	37.49070983924991	16.33483536142237	9.602887099915382	3406.427557121406	603.9485751874457	0	0	0	0.0005060673756567503	0.2339061555816839	0.09525355475806675	0.0533493592531577	21.250621633184792	3.521653051246529
23.8	4.7671321747275135	4.7671321747275135	4.7671321747275135	0.09109212816952846	37.49070983925059	16.334835361422517	9.602887099915401	3406.4275571213907	603.9485751874444	0	0	0	0.000506067375390829	0.23390615274556203	0.09525355419417013	0.05334935926024937	21.250621697608555	3.5216530564611883
23.9	4.7671321747275135	4.7671321747275135	4.7671321747275135	0.09109212816952957	37.490709839249604	16.33483536142231	9.602887099915375	3406.427557121413	603.9485751874463	0	0	0	0.0005060673757711295	0.23390615686610577	0.09525355501301891	0.053349359250106906	21.25062160400669	3.521653048888829
24	4.7671321747275135	4.7671321747275135	4.7671321747275135	0.09109212816953327	37.490709839246335	16.334835361421625	9.602887099915273	3406.427557121488	603.9485751874528	0	0	0	0.000506067377026688	0.23390617040696107	0.0952535577043153	0.053349359216622254	21.25062129641579	3.5216530240008925
