0	4.7671321747275135	4.7671321747275135	4.7671321747275135	0.09109212816953825	37.49070983924196	16.3348353614207	9.60288709991514	3406.4275571215885	603.9485751874613	0	0	0	0	0	0	0	0	0
0.1	4.7671321747275135	4.7671321747275135	4.7671321747275135	0.09109212816953825	37.49070983924196	16.3348353614207	9.60288709991514	3406.4275571215885	603.9485751874613	0	0	0	59.00136158156444	32.73609365966494	11.64866035814627	713.2700479940809	167.71170135689303	24.28967880937033
0.2	4.7671321747275135	4.7671321747275135	4.7671321747275135	0.09109212816953825	37.49070983924196	16.3348353614207	9.60288709991514	3406.4275571215885	603.9485751874613	0	0	0	79.74861824061271	157.9158887321891	56.11310655537779	2011.7303322232742	1706.6067941264723	246.9419846410755
0.3	4.7671321747275135	4.7671321747275135	4.7671321747275135	0.09109212816953825	37.49070983924196	16.3348353614207	9.60288709991514	3406.427557121589	603.9485751874613	0	0	0	87.04368897167016	335.87585799555535	119.09297063869157	3316.66087764904	5664.987149939653	818.5660520684032
0.4	4.767132174727514	4.767132174727514	4.767132174727514	0.09109212816953827	37.49070983924196	16.3348353614207	9.60288709991514	3406.4275571215885	603.9485751874613	0	0	0	89.60904595724834	522.6921565455664	184.83871743918854	4462.453657230028	12072.921620721976	1741.4029555803318
0.5	4.7671321747275135	4.7671321747275135	4.7671321747275135	0.09109212816953825	37.49070983924196	16.3348353614207	9.60288709991514	3406.4275571215885	603.9485751874613	0	0	0	90.51096780038951	695.5016715884678	245.21486239816272	5421.60173471167	20385.41237195053	2934.425495409841
0.6	4.767132174727514	4.767132174727514	4.767132174727514	0.09109212816953827	37.49070983924196	16.3348353614207	9.60288709991514	3406.4275571215885	603.9485751874613	0	0	0	90.82829825638606	846.1181007629324	297.38722197003017	6209.288605679459	29909.72958831302	4295.933683425053
0.7	4.7671321747275135	4.7671321747275135	4.7671321747275135	0.09109212816953825	37.49070983924196	16.3348353614207	9.60288709991514	3406.4275571215885	603.9485751874613	0	0	0	90.93978233973144	973.6194973787764	341.134627527854	6850.9925419358715	40017.05818537786	5734.430443364567
0.8	4.7671321747275135	4.7671321747275135	4.7671321747275135	0.09109212816953825	37.49070983924196	16.3348353614207	9.60288709991514	3406.4275571215885	603.9485751874613	0	0	0	90.97896101218902	1079.999012172282	377.26890615508046	7371.97273221564	50212.4446659718	7178.6344704262865
0.9	4.7671321747275135	4.7671321747275135	4.7671321747275135	0.09109212816953825	37.49070983924195	16.3348353614207	9.60288709991514	3406.4275571215885	603.9485751874613	0	0	0	90.9927442107973	1168.1195042152867	406.89271965051637	7794.318995627214	60139.09572988015	8577.854739224444
1	4.767132174727514	4.767132174727514	4.767132174727514	0.09109212816953825	37.49070983924196	16.3348353614207	9.60288709991514	3406.4275571215885	603.9485751874613	0	0	0	90.99758060538745	1240.8538172115568	431.09017764579545	8136.480105412968	69558.74487380407	9898.889086428975
1.1	4.7671321747275135	4.7671321747275135	4.7671321747275135	0.09109212816953824	37.49070983924196	16.3348353614207	9.602887099915138	3406.427557121588	603.9485751874613	0	0	0	90.99927120693629	1300.7765343604128	450.8190958449924	8413.58109128766	78325.9069717004	11122.080925100803
1.2	4.7671321747275135	4.7671321747275135	4.7671321747275135	0.09109212816953824	37.49070983924195	16.3348353614207	9.60288709991514	3406.4275571215885	603.9485751874613	0	0	0	90.99987847686243	1350.1039713810785	466.8938556375174	8638.005026850336	86362.65174711055	12237.523388708121
1.3	4.7671321747275135	4.7671321747275135	4.7671321747275135	0.09109212816953827	37.49070983924196	16.3348353614207	9.60288709991514	3406.4275571215885	603.9485751874613	0	0	0	91.000096738094	1390.6868533863571	479.98595935997054	8819.745257907847	93642.29289349676	13242.598793191679
1.4	4.7671321747275135	4.7671321747275135	4.7671321747275135	0.09109212816953825	37.490709839241966	16.3348353614207	9.60288709991514	3406.427557121588	603.9485751874613	0	0	0	91.00017185208182	1424.0570736478624	490.6445426013111	8966.874634870064	100172.37920878471	14139.459511010617
1.5	4.7671321747275135	4.7671321747275135	4.7671321747275135	0.09109212816953824	37.49070983924196	16.3348353614207	9.60288709991514	3406.427557121588	603.9485751874613	0	0	0	91.00020128771315	1451.5039930779744	499.3267306090304	9086.060171674508	105981.72045466803	14933.160586621198
1.6	4.767132174727514	4.767132174727514	4.767132174727514	0.09109212816953825	37.490709839241966	16.334835361420705	9.60288709991514	3406.427557121588	603.9485751874614	0	0	0	91.00021132791184	1474.0601495552332	506.3936555227646	9182.528028403165	111115.47065642431	15630.89834795304
1.7	4.7671321747275135	4.7671321747275135	4.7671321747275135	0.09109212816953825	37.49070983924196	16.334835361420705	9.60288709991514	3406.427557121588	603.9485751874613	0	0	0	91.00021534622225	1492.607246689103	512.1508164765829	9260.678933494153	115625.21040102562	16240.65209986055
1.8	4.7671321747275135	4.7671321747275135	4.7671321747275135	0.09109212816953825	37.49070983924196	16.334835361420705	9.60288709991514	3406.427557121588	603.9485751874613	0	0	0	91.00021681368702	1507.8433313193339	516.8367463934981	9323.926099614959	119567.0575936162	16770.86788328099
1.9	4.7671321747275135	4.7671321747275135	4.7671321747275135	0.09109212816953825	37.49070983924196	16.3348353614207	9.60288709991514	3406.427557121588	603.9485751874613	0	0	0	91.0002174519756	1520.3706770503427	520.6555423080456	9375.178476311215	122997.40792391835	17229.929516188902
2	4.767132174727514	4.767132174727514	4.767132174727514	0.09109212816953827	37.490709839241966	16.3348353614207	9.60288709991514	3406.427557121588	603.9485751874613	0	0	0	91.00021766682855	1530.6544322121842	523.7625442107627	9416.634528669822	125970.6671958774	17625.78699032623
2.1	4.7671321747275135	4.7671321747275135	4.7671321747275135	0.09109212816953824	37.49070983924196	16.3348353614207	9.60288709991514	3406.427557121588	603.9485751874613	0	0	0	91.00021782063368	1539.112485609034	526.296484962615	9450.251997101937	128539.6899702986	17966.11661813872
2.2	4.7671321747275135	4.7671321747275135	4.7671321747275135	0.09109212816953824	37.490709839241966	16.334835361420712	9.60288709991514	3406.427557121588	603.9485751874613	0	0	0	91.00021783918059	1546.0522547325256	528.3577491971706	9477.4356031802	130751.5679395939	18257.65529932024
2.3	4.7671321747275135	4.7671321747275135	4.7671321747275135	0.09109212816953825	37.49070983924195	16.334835361420705	9.60288709991514	3406.427557121588	603.9485751874613	0	0	0	91.00021789462004	1551.7546953436402	530.0376636998916	9499.460297206138	132651.438307236	18506.833746174445
2.4	4.7671321747275135	4.7671321747275135	4.7671321747275135	0.0910921281695383	37.490709839241966	16.334835361420716	9.60288709991514	3406.427557121588	603.9485751874613	0	0	0	91.00021789590141	1556.4411990529538	531.407295111493	9517.311523755401	134279.4070493488	18719.30990257509
2.5	4.7671321747275135	4.7671321747275135	4.7671321747275135	0.0910921281695383	37.49070983924198	16.33483536142072	9.602887099915138	3406.427557121588	603.9485751874613	0	0	0	91.00021789038395	1560.2817622450484	532.5205087385872	9531.730806894271	135669.92780804273	18899.895018693493
2.6	4.7671321747275135	4.7671321747275135	4.7671321747275135	0.0910921281695383	37.49070983924198	16.334835361420712	9.602887099915138	3406.4275571215876	603.9485751874611	0	0	0	91.00021791577977	1563.4401830760862	533.4291097552235	9543.430553898459	136856.70645204905	19053.289083712934
2.7	4.7671321747275135	4.7671321747275135	4.7671321747275135	0.09109212816953838	37.49070983924202	16.334835361420723	9.602887099915138	3406.427557121587	603.9485751874611	0	0	0	91.00021789409001	1566.0348844742111	534.1699367253067	9552.912470896188	137867.3733024184	19183.30115741706
2.8	4.7671321747275135	4.7671321747275135	4.7671321747275135	0.09109212816953842	37.490709839242044	16.334835361420733	9.602887099915137	3406.4275571215867	603.948575187461	0	0	0	91.00021787686698	1568.1589220705769	534.771644694663	9560.564350428382	138725.26357866105	19293.122671484587
2.9	4.7671321747275135	4.7671321747275135	4.7671321747275135	0.09109212816953836	37.490709839242015	16.33483536142072	9.60288709991514	3406.4275571215867	603.9485751874612	0	0	0	91.00021790572089	1569.9041782679326	535.2625139720606	9566.768797775392	139453.49643504678	19385.914104887655
3	4.7671321747275135	4.7671321747275135	4.7671321747275135	0.0910921281695385	37.49070983924217	16.334835361420744	9.602887099915137	3406.4275571215835	603.948575187461	0	0	0	91.00021786271687	1571.3402322828651	535.663654632138	9571.80884556969	140071.2676183411	19464.27581973123
3.1	4.7671321747275135	4.7671321747275135	4.7671321747275135	0.09109212816953866	37.490709839242356	16.334835361420772	9.60288709991513	3406.427557121579	603.9485751874606	0	0	0	91.0002178005045	1572.515495115308	535.9895340664544	9575.876466283022	140593.21129768746	19530.16875246864
3.2	4.7671321747275135	4.7671321747275135	4.7671321747275135	0.09109212816953861	37.4907098392423	16.33483536142076	9.602887099915131	3406.42755712158	603.9485751874606	0	0	0	91.00021781883218	1573.477702884403	536.2544289314877	9579.161174977598	141033.7078168264	19585.51950526055
3.3	4.7671321747275135	4.7671321747275135	4.7671321747275135	0.0910921281695387	37.490709839242356	16.334835361420787	9.602887099915128	3406.4275571215794	603.9485751874605	0	0	0	91.00021780288117	1574.2707250112007	536.4713971776939	9581.835806691246	141406.3325660208	19632.141702786823
3.4	4.7671321747275135	4.7671321747275135	4.7671321747275135	0.0910921281695394	37.49070983924297	16.334835361420936	9.602887099915108	3406.4275571215658	603.948575187459	0	0	0	91.00021757797418	1574.9215399065583	536.6482836055715	9584.00248988695	141720.53402871502	19671.27952346785
3.5	4.7671321747275135	4.7671321747275135	4.7671321747275135	0.09109212816953996	37.490709839243415	16.334835361421046	9.602887099915096	3406.4275571215553	603.948575187458	0	0	0	91.00021740806699	1575.4532355318552	536.791789294045	9585.74817973258	141984.49531612036	19704.006840003087
3.6	4.767132174727513	4.767132174727513	4.767132174727513	0.09109212816953946	37.49070983924299	16.334835361420946	9.602887099915108	3406.427557121565	603.9485751874589	0	0	0	91.00021756433061	1575.8889276554999	536.908624809471	9587.159965490877	142206.40133569742	19731.39784113093
3.7	4.7671321747275135	4.7671321747275135	4.7671321747275135	0.09109212816954095	37.49070983924442	16.33483536142128	9.602887099915069	3406.427557121532	603.9485751874558	0	0	0	91.00021709999707	1576.248335341064	537.0044644274867	9588.311511116639	142393.56406489326	19754.40747137224
3.8	4.7671321747275135	4.7671321747275135	4.7671321747275135	0.09109212816954525	37.49070983924841	16.33483536142222	9.602887099914955	3406.427557121442	603.9485751874473	0	0	0	91.00021575461732	1576.5429028480753	537.0825235081504	9589.243599904068	142550.71316546743	19773.644119070064
3.9	4.7671321747275135	4.7671321747275135	4.7671321747275135	0.09109212816954838	37.490709839251316	16.334835361422897	9.602887099914872	3406.4275571213766	603.9485751874411	0	0	0	91.00021476957913	1576.7832781400534	537.1458065756158	9589.993782256144	142682.1506886124	19789.660790319133
4	4.7671321747275135	4.7671321747275135	4.7671321747275135	0.09109212816954643	37.49070983924946	16.334835361422467	9.602887099914922	3406.4275571214184	603.9485751874452	0	0	0	91.0002153862703	1576.980109180517	537.1973181540366	9590.59960857584	142792.1786855207	19803.01049121419
4.1	4.7671321747275135	4.7671321747275135	4.7671321747275135	0.09109212816955677	37.49070983926063	16.334835361425046	9.602887099914646	3406.427557121166	603.9485751874213	0	0	0	91.00021212187725	1577.1421020920986	537.2394753160684	9591.09472958002	142884.79095208156	19814.204830705115
4.2	4.7671321747275135	4.7671321747275135	4.7671321747275135	0.09109212816959864	37.490709839303754	16.33483536143506	9.602887099913533	3406.4275571201924	603.9485751873292	0	0	0	91.00019895516392	1577.273685338022	537.273454907131	9591.496756272394	142962.45728290197	19823.5549484181
4.3	4.7671321747275135	4.7671321747275135	4.7671321747275135	0.09109212816964021	37.49070983934635	16.33483536144496	9.602887099912422	3406.4275571192306	603.9485751872381	0	0	0	91.00018586683812	1577.3807128006258	537.3009067516325	9591.820387351583	143027.21870832605	19831.317656331168
4.4	4.7671321747275135	4.7671321747275135	4.7671321747275135	0.09109212816964886	37.49070983935496	16.334835361446967	9.602887099912191	3406.4275571190365	603.9485751872197	0	0	0	91.00018314462409	1577.4690933470038	537.3234977481749	9592.08037108219	143081.1180842671	19837.750045870405
4.5	4.7671321747275135	4.7671321747275135	4.7671321747275135	0.09109212816959775	37.49070983930234	16.33483536143474	9.602887099913554	3406.4275571202247	603.9485751873322	0	0	0	91.00019922573149	1577.5444094611273	537.34279583051	9592.291361134907	143126.18952396107	19843.10803943543
4.6	4.7671321747275135	4.7671321747275135	4.7671321747275135	0.09109212816958488	37.49070983929193	16.334835361432273	9.6028870999139	3406.4275571204594	603.9485751873548	0	0	0	91.00020327943125	1577.6047794802648	537.3581173699876	9592.463594567784	143163.99463646984	19847.58592833136
4.7	4.7671321747275135	4.7671321747275135	4.7671321747275135	0.091092128169599	37.490709839309	16.334835361436195	9.602887099913524	3406.4275571200737	603.9485751873187	0	0	0	91.00019884652973	1577.653018409288	537.3702325086468	9592.602953245627	143195.52937190386	19851.306298392923
4.8	4.7671321747275135	4.7671321747275135	4.7671321747275135	0.09109212816957313	37.4907098392804	16.334835361429587	9.602887099914211	3406.4275571207195	603.9485751873796	0	0	0	91.00020697952677	1577.694779041241	537.3807784541609	9592.715483780315	143221.78417424398	19854.39148119836
4.9	4.7671321747275135	4.7671321747275135	4.7671321747275135	0.09109212816956809	37.490709839276775	16.33483536142871	9.602887099914346	3406.4275571208013	603.9485751873876	0	0	0	91.00020856282035	1577.7279155478004	537.3890591391449	9592.806944533786	143243.72871675252	19856.96057698459
5	4.7671321747275135	4.7671321747275135	4.7671321747275135	0.09109212816957621	37.49070983928738	16.334835361431132	9.60288709991413	3406.427557120561	603.9485751873651	0	0	0	91.00020600574935	1577.754332869683	537.3955911801277	9592.880928305176	143262.00308316614	19859.091736796516
5.1	4.7671321747275135	4.7671321747275135	4.7671321747275135	0.09109212816955883	37.490709839266565	16.33483536142635	9.602887099914593	3406.4275571210314	603.9485751874092	0	0	0	91.00021147847252	1577.7777000501198	537.4014230705912	9592.940663366346	143277.19036416372	19860.856091649934
5.2	4.7671321747275135	4.7671321747275135	4.7671321747275135	0.09109212816955735	37.49070983926618	16.33483536142624	9.60288709991463	3406.4275571210396	603.9485751874103	0	0	0	91.00021193094156	1577.795833496581	537.4058870885086	9592.989232195487	143289.87271956197	19862.32411056918
5.3	4.7671321747275135	4.7671321747275135	4.7671321747275135	0.0910921281695618	37.490709839272476	16.334835361427675	9.602887099914511	3406.4275571208977	603.948575187397	0	0	0	91.00021052297011	1577.8103005245573	537.4094124306521	9593.028508395664	143300.41767135548	19863.54013071741
5.4	4.7671321747275135	4.7671321747275135	4.7671321747275135	0.09109212816955045	37.49070983925779	16.33483536142432	9.602887099914815	3406.4275571212293	603.9485751874279	0	0	0	91.00021410335057	1577.823420265978	537.4126523436395	9593.060216642343	143309.1665136158	19864.545296822347
5.5	4.7671321747275135	4.7671321747275135	4.7671321747275135	0.09109212816955055	37.4907098392588	16.33483536142452	9.602887099914813	3406.427557121207	603.9485751874261	0	0	0	91.00021408589566	1577.8333067512224	537.4150507890338	9593.08600893306	143316.467802976	19865.381190469965
5.6	4.7671321747275135	4.7671321747275135	4.7671321747275135	0.09109212816955288	37.4907098392623	16.33483536142531	9.60288709991475	3406.427557121127	603.9485751874189	0	0	0	91.00021336021237	1577.8412384490302	537.4169577435783	9593.106858904617	143322.52951941284	19866.072632621406
5.7	4.7671321747275135	4.7671321747275135	4.7671321747275135	0.09109212816954558	37.490709839252226	16.334835361423025	9.602887099914943	3406.4275571213557	603.9485751874398	0	0	0	91.00021564467859	1577.8486290219162	537.4187654887518	9593.123689543454	143327.55083882622	19866.643361894352
5.8	4.7671321747275135	4.7671321747275135	4.7671321747275135	0.09109212816954614	37.490709839253654	16.334835361423334	9.602887099914929	3406.427557121323	603.948575187437	0	0	0	91.00021546830826	1577.853994867598	537.4200485923574	9593.137386857848	143331.7399085402	19867.117850527637
5.9	4.7671321747275135	4.7671321747275135	4.7671321747275135	0.0910921281695472	37.49070983925543	16.334835361423725	9.602887099914902	3406.427557121283	603.9485751874333	0	0	0	91.0002151333503	1577.858356119843	537.4210844767997	9593.148454459159	143335.21251327876	19867.50978893472
6	4.7671321747275135	4.7671321747275135	4.7671321747275135	0.09109212816954268	37.490709839248666	16.334835361422215	9.602887099915023	3406.427557121436	603.9485751874473	0	0	0	91.00021655640356	1577.8625308147296	537.4220967454909	9593.157387912279	143338.08496359686	19867.832883192612
6.1	4.7671321747275135	4.7671321747275135	4.7671321747275135	0.09109212816954333	37.49070983925006	16.334835361422524	9.602887099915005	3406.4275571214043	603.9485751874444	0	0	0	91.00021635657852	1577.8654271698776	537.4227794700541	9593.164662321236	143340.48113180394	19868.101488188324
6.2	4.7671321747275135	4.7671321747275135	4.7671321747275135	0.09109212816954372	37.49070983925077	16.334835361422687	9.602887099914994	3406.427557121388	603.9485751874429	0	0	0	91.00021623518717	1577.8678383122735	537.4233461575456	9593.170536648871	143342.4642547648	19868.32302669201
6.3	4.7671321747275135	4.7671321747275135	4.7671321747275135	0.0910921281695461	37.49070983925533	16.33483536142367	9.602887099914932	3406.4275571212843	603.9485751874338	0	0	0	91.00021550989955	1577.8694710554544	537.4237189495119	9593.175325601433	143344.12021150667	19868.507385158257
6.4	4.7671321747275135	4.7671321747275135	4.7671321747275135	0.09109212816956523	37.49070983928889	16.334835361431086	9.602887099914422	3406.4275571205253	603.9485751873655	0	0	0	91.00020957927904	1577.8683857936223	537.423373133686	9593.179355827575	143345.54974621235	19868.665946955265
6.5	4.7671321747275135	4.7671321747275135	4.7671321747275135	0.09109212816958548	37.49070983932414	16.33483536143888	9.60288709991388	3406.427557119727	603.9485751872936	0	0	0	91.00020330388263	1577.8668673317068	537.42291926222	9593.18264222061	143346.74377320323	19868.797937212137
6.6	4.7671321747275135	4.7671321747275135	4.7671321747275135	0.09109212816958935	37.490709839330705	16.334835361440337	9.602887099913778	3406.427557119579	603.9485751872802	0	0	0	91.00020210320072	1577.867447755798	537.4230344376037	9593.185183822521	143347.68738921682	19868.901940301075
6.7	4.7671321747275135	4.7671321747275135	4.7671321747275135	0.09109212816956438	37.49070983928712	16.334835361430702	9.602887099914442	3406.427557120565	603.948575187369	0	0	0	91.0002098407701	1577.8719180924536	537.424198333454	9593.187018799636	143348.38170027864	19868.978277700135
6.8	4.767132174727514	4.767132174727514	4.767132174727514	0.09109212816955838	37.49070983927832	16.334835361428716	9.602887099914604	3406.4275571207645	603.9485751873874	0	0	0	91.00021171531084	1577.8732865497445	537.4245465560537	9593.188629859478	143349.0108799841	19869.047124092544
6.9	4.7671321747275135	4.7671321747275135	4.7671321747275135	0.09109212816956172	37.49070983928534	16.334835361430244	9.602887099914513	3406.4275571206053	603.9485751873731	0	0	0	91.0002106883765	1577.8732531905807	537.4245212246938	9593.189999221539	143349.55683977882	19869.106684128496
7	4.7671321747275135	4.7671321747275135	4.7671321747275135	0.09109212816955005	37.49070983926377	16.3348353614255	9.602887099914826	3406.4275571210933	603.948575187417	0	0	0	91.00021430310281	1577.8755850143962	537.4251196142054	9593.190990468534	143349.9559742969	19869.15017666858
7.1	4.7671321747275135	4.7671321747275135	4.7671321747275135	0.09109212816954906	37.49070983926293	16.3348353614253	9.60288709991485	3406.427557121113	603.9485751874188	0	0	0	91.00021461190015	1577.876011369428	537.4252230969983	9593.191863975113	143350.32018932037	19869.189654592985
7.2	4.7671321747275135	4.7671321747275135	4.7671321747275135	0.09109212816954985	37.490709839264795	16.334835361425704	9.602887099914833	3406.4275571210705	603.948575187415	0	0	0	91.00021437407025	1577.8761636603424	537.4252535213097	9593.192582615577	143350.6253809938	19869.222649129824
7.3	4.7671321747275135	4.7671321747275135	4.7671321747275135	0.09109212816954378	37.49070983925291	16.334835361423103	9.602887099914994	3406.4275571213398	603.948575187439	0	0	0	91.00021624708218	1577.8774862462358	537.4255888157915	9593.193110508017	143350.85121704888	19869.247044957003
7.4	4.7671321747275135	4.7671321747275135	4.7671321747275135	0.09109212816954407	37.49070983925405	16.334835361423348	9.602887099914986	3406.4275571213147	603.9485751874366	0	0	0	91.0002161566885	1577.8775799906437	537.4256086674372	9593.19358091569	143351.06040402676	19869.269509040805
7.5	4.7671321747275135	4.7671321747275135	4.7671321747275135	0.0910921281695437	37.49070983925339	16.334835361423202	9.602887099914996	3406.427557121329	603.9485751874381	0	0	0	91.00021626973731	1577.877817913333	537.4256645608164	9593.193956047795	143351.22942691643	19869.287628551698
7.6	4.767132174727513	4.767132174727513	4.767132174727513	0.09109212816954093	37.49070983924769	16.334835361421952	9.602887099915069	3406.4275571214575	603.9485751874497	0	0	0	91.0002171214539	1577.8784882434888	537.4258321853903	9593.19424030053	143351.35872294163	19869.301472650553
7.7	4.7671321747275135	4.7671321747275135	4.7671321747275135	0.09109212816954135	37.4907098392489	16.3348353614222	9.60288709991506	3406.4275571214303	603.9485751874474	0	0	0	91.0002169916856	1577.8784875228368	537.4258296562965	9593.194492134342	143351.47795224484	19869.31416106463
7.8	4.7671321747275135	4.7671321747275135	4.7671321747275135	0.09109212816954063	37.490709839247316	16.334835361421852	9.602887099915078	3406.4275571214657	603.9485751874506	0	0	0	91.00021721295646	1577.8787370233488	537.4258899218986	9593.194687037942	143351.57070450822	19869.324027525214
7.9	4.7671321747275135	4.7671321747275135	4.7671321747275135	0.09109212816953963	37.49070983924509	16.334835361421376	9.602887099915105	3406.427557121516	603.9485751874549	0	0	0	91.00021753093768	1577.8790263111707	537.4259610838548	9593.194841592624	143351.6455993998	19869.331973445765
8	4.7671321747275135	4.7671321747275135	4.7671321747275135	0.09109212816953996	37.49070983924587	16.334835361421547	9.602887099915096	3406.4275571214985	603.9485751874533	0	0	0	91.00021744434322	1577.8790127161542	537.425956381648	9593.194975713894	143351.71304969984	19869.33908942187
8.1	4.7671321747275135	4.7671321747275135	4.7671321747275135	0.09109212816953931	37.490709839244424	16.334835361421238	9.60288709991511	3406.4275571215317	603.9485751874563	0	0	0	91.00021763210567	1577.8792098416031	537.4260040493989	9593.195077365155	143351.76401903247	19869.344471508935
8.2	4.7671321747275135	4.7671321747275135	4.7671321747275135	0.09109212816953902	37.49070983924369	16.33483536142107	9.602887099915119	3406.427557121548	603.9485751874578	0	0	0	91.00021773129185	1577.8793207777674	537.4260307980697	9593.195161288242	143351.80734053667	19869.3490257236
8.3	4.7671321747275135	4.7671321747275135	4.7671321747275135	0.09109212816953918	37.49070983924407	16.334835361421153	9.602887099915115	3406.42755712154	603.948575187457	0	0	0	91.0002176882802	1577.8793154060475	537.426028741535	9593.195232387458	143351.84522033957	19869.352989136463
8.4	4.7671321747275135	4.7671321747275135	4.7671321747275135	0.09109212816953971	37.490709839245326	16.334835361421415	9.602887099915103	3406.427557121511	603.9485751874547	0	0	0	91.00021755791641	1577.8792133149311	537.4260036396375	9593.195292558952	143351.87870568628	19869.35646885926
8.5	4.7671321747275135	4.7671321747275135	4.7671321747275135	0.09109212816954859	37.49070983926622	16.334835361425796	9.602887099914865	3406.427557121038	603.9485751874142	0	0	0	91.00021521575937	1577.8770623516434	537.4254811739147	9593.195401245339	143351.9530674288	19869.363962970387
8.6	4.767132174727514	4.767132174727514	4.767132174727514	0.0910921281695621	37.49070983929797	16.33483536143246	9.602887099914506	3406.427557120319	603.9485751873528	0	0	0	91.00021164528135	1577.873779736159	537.4246837850275	9593.195533810842	143352.0483795248	19869.373505668937
8.7	4.7671321747275135	4.7671321747275135	4.7671321747275135	0.09109212816957339	37.49070983932452	16.334835361438035	9.602887099914202	3406.4275571197168	603.9485751873013	0	0	0	91.00020865152842	1577.8710357952514	537.4240169606838	9593.195643582956	143352.1276816661	19869.381441441357
8.8	4.7671321747275135	4.7671321747275135	4.7671321747275135	0.0910921281695757	37.49070983932984	16.33483536143915	9.60288709991414	3406.4275571195967	603.9485751872911	0	0	0	91.00020803954662	1577.8705008556954	537.4238861885923	9593.195683889186	143352.15401354467	19869.384114774093
8.9	4.7671321747275135	4.7671321747275135	4.7671321747275135	0.09109212816956219	37.490709839297864	16.33483536143244	9.6028870999145	3406.427557120321	603.9485751873531	0	0	0	91.00021161438202	1577.8738452442642	537.4246969564607	9593.195608057033	143352.09041485243	19869.377870153603
9	4.7671321747275135	4.7671321747275135	4.7671321747275135	0.09109212816954973	37.49070983926921	16.334835361426418	9.602887099914833	3406.42755712097	603.9485751874084	0	0	0	91.00021491216712	1577.8768125381207	537.4254201740395	9593.195536151752	143352.0333709135	19869.372228345102
9.1	4.7671321747275135	4.7671321747275135	4.7671321747275135	0.09109212816954985	37.49070983927051	16.334835361426684	9.602887099914833	3406.427557120941	603.9485751874059	0	0	0	91.00021488384205	1577.876646813493	537.425384626313	9593.195549887227	143352.0452341229	19869.37338638596
9.2	4.767132174727514	4.767132174727514	4.767132174727514	0.09109212816954483	37.49070983925816	16.334835361424094	9.602887099914964	3406.4275571212206	603.9485751874298	0	0	0	91.00021621068447	1577.877956644462	537.4256998661609	9593.19552500608	143352.02236838915	19869.371167222605
9.3	4.767132174727513	4.767132174727513	4.767132174727513	0.09109212816954247	37.490709839252744	16.33483536142295	9.602887099915028	3406.4275571213425	603.9485751874403	0	0	0	91.00021683082176	1577.8785220132968	537.4258375152973	9593.19551698885	143352.01513462298	19869.37046227741
9.4	4.7671321747275135	4.7671321747275135	4.7671321747275135	0.09109212816954249	37.49070983925304	16.334835361423007	9.602887099915028	3406.427557121336	603.9485751874398	0	0	0	91.00021682887417	1577.8784863907795	537.4258300719713	9593.19552392788	143352.02047793882	19869.37099169617
9.5	4.7671321747275135	4.7671321747275135	4.7671321747275135	0.0910921281695402	37.49070983924704	16.334835361421753	9.602887099915089	3406.427557121472	603.9485751874514	0	0	0	91.00021743674955	1577.8791353828756	537.425984673291	9593.19551329893	143352.00957181552	19869.36994739414
9.6	4.7671321747275135	4.7671321747275135	4.7671321747275135	0.09109212816953988	37.490709839246485	16.334835361421625	9.602887099915096	3406.4275571214853	603.9485751874525	0	0	0	91.0002175115264	1577.8791921122768	537.4259989414586	9593.195515827103	143352.0113764569	19869.37012775567
9.7	4.7671321747275135	4.7671321747275135	4.7671321747275135	0.09109212816953953	37.49070983924563	16.334835361421447	9.602887099915106	3406.427557121504	603.9485751874541	0	0	0	91.00021759717839	1577.8792854094042	537.4260211176423	9593.19551719886	143352.0118058001	19869.37017921768
9.8	4.7671321747275135	4.7671321747275135	4.7671321747275135	0.09109212816953889	37.49070983924375	16.334835361421067	9.602887099915122	3406.4275571215467	603.9485751874578	0	0	0	91.00021778021006	1577.8794926189205	537.4260701057228	9593.195515284307	143352.00921944622	19869.369938518783
9.9	4.7671321747275135	4.7671321747275135	4.7671321747275135	0.09109212816953892	37.49070983924384	16.33483536142109	9.602887099915122	3406.427557121545	603.9485751874577	0	0	0	91.00021777852396	1577.879482761149	537.4260680225824	9593.195517728469	143352.0111639059	19869.370130426032
10	4.7671321747275135	4.7671321747275135	4.7671321747275135	0.09109212816953863	37.49070983924302	16.334835361420918	9.602887099915128	3406.427557121563	603.9485751874591	0	0	0	91.00021785265953	1577.8795745081743	537.426089477459	9593.195517693146	143352.01050847286	19869.370074602364
10.1	4.7671321747275135	4.7671321747275135	4.7671321747275135	0.0910921281695385	37.49070983924267	16.33483536142085	9.602887099915133	3406.4275571215717	603.9485751874598	0	0	0	91.00021788704541	1577.879614340723	537.4260988770756	9593.195518351458	143352.0107770277	19869.370104679423
10.2	4.7671321747275135	4.7671321747275135	4.7671321747275135	0.09109212816953852	37.490709839242676	16.33483536142086	9.602887099915133	3406.4275571215717	603.9485751874597	0	0	0	91.00021788697475	1577.8796126577072	537.4260985369204	9593.19551962662	143352.01177523422	19869.370203491148
10.3	4.767132174727514	4.767132174727514	4.767132174727514	0.09109212816953838	37.490709839242285	16.334835361420776	9.602887099915138	3406.4275571215803	603.9485751874606	0	0	0	91.0002179208655	1577.879657798612	537.426109001456	9593.19551975491	143352.0115465275	19869.370185749838
10.4	4.7671321747275135	4.7671321747275135	4.7671321747275135	0.09109212816953835	37.490709839242264	16.33483536142077	9.602887099915137	3406.427557121581	603.9485751874606	0	0	0	91.00021792500787	1577.879662135943	537.426110040801	9593.195520480385	143352.01210015206	19869.37024078894
10.5	4.7671321747275135	4.7671321747275135	4.7671321747275135	0.09109212816953835	37.4907098392422	16.334835361420755	9.602887099915138	3406.427557121582	603.9485751874608	0	0	0	91.00021792982973	1577.8796689219048	537.4261116066593	9593.195521027743	143352.0124823414	19869.370279370472
10.6	4.7671321747275135	4.7671321747275135	4.7671321747275135	0.09109212816954117	37.49070983925298	16.334835361422996	9.602887099915062	3406.427557121338	603.9485751874402	0	0	0	91.00021722328827	1577.8785763763283	537.4258624935583	9593.195540423676	143352.03763293754	19869.37262013744
10.7	4.7671321747275135	4.7671321747275135	4.7671321747275135	0.09109212816954845	37.49070983928067	16.334835361428745	9.602887099914868	3406.4275571207095	603.9485751873871	0	0	0	91.00021540284786	1577.8757652518022	537.4252214260757	9593.195589425632	143352.10157026668	19869.37856713472
10.8	4.7671321747275135	4.7671321747275135	4.7671321747275135	0.09109212816955771	37.490709839315706	16.334835361436028	9.602887099914623	3406.427557119915	603.9485751873198	0	0	0	91.00021309809368	1577.8722085948514	537.4244102809711	9593.195651256106	143352.18229986075	19869.38607559942
10.9	4.7671321747275135	4.7671321747275135	4.7671321747275135	0.09109212816956636	37.49070983934849	16.334835361442842	9.602887099914392	3406.427557119171	603.9485751872568	0	0	0	91.00021093911072	1577.8688802223833	537.4236511107214	9593.195709124268	143352.2578098289	19869.393099148365
11	4.7671321747275135	4.7671321747275135	4.7671321747275135	0.09109212816957189	37.49070983936945	16.334835361447197	9.602887099914245	3406.427557118696	603.9485751872166	0	0	0	91.00020955598387	1577.8667539513071	537.4231659678034	9593.195746239282	143352.3060882803	19869.3975913984
11.1	4.7671321747275135	4.7671321747275135	4.7671321747275135	0.09109212816957181	37.49070983936898	16.334835361447105	9.602887099914248	3406.4275571187063	603.9485751872174	0	0	0	91.00020957879815	1577.8668035985324	537.423176904694	9593.195745810312	143352.30512332416	19869.397505966346
11.2	4.7671321747275135	4.7671321747275135	4.7671321747275135	0.09109212816956354	37.49070983933752	16.334835361440568	9.602887099914469	3406.4275571194203	603.9485751872778	0	0	0	91.00021163763849	1577.870002980968	537.4239059738699	9593.195691046523	143352.2329030696	19869.390796469044
11.3	4.7671321747275135	4.7671321747275135	4.7671321747275135	0.09109212816954886	37.490709839281784	16.33483536142898	9.60288709991486	3406.4275571206845	603.9485751873848	0	0	0	91.00021530530772	1577.8756634485055	537.4251969175256	9593.195593353468	143352.10501214303	19869.37890470118
11.4	4.7671321747275135	4.7671321747275135	4.7671321747275135	0.09109212816954455	37.49070983926623	16.33483536142574	9.602887099914975	3406.4275571210374	603.9485751874148	0	0	0	91.00021637999046	1577.877222921101	537.425555270059	9593.195564795189	143352.0698516694	19869.37561046231
11.5	4.7671321747275135	4.7671321747275135	4.7671321747275135	0.09109212816954218	37.4907098392572	16.334835361423863	9.602887099915039	3406.427557121243	603.9485751874322	0	0	0	91.00021697563906	1577.8781397673288	537.4257644190476	9593.195548993544	143352.04919604055	19869.37368959011
11.6	4.7671321747275135	4.7671321747275135	4.7671321747275135	0.09109212816953999	37.490709839248915	16.334835361422154	9.602887099915096	3406.42755712143	603.9485751874478	0	0	0	91.0002175095032	1577.8789842216477	537.4259564435687	9593.19553482433	143352.0301615012	19869.371925118045
11.7	4.7671321747275135	4.7671321747275135	4.7671321747275135	0.09109212816953956	37.490709839247366	16.334835361421842	9.602887099915105	3406.427557121465	603.9485751874507	0	0	0	91.00021761588356	1577.879138737388	537.4259919480731	9593.19553204347	143352.02672098982	19869.371602913267
11.8	4.7671321747275135	4.7671321747275135	4.7671321747275135	0.09109212816953881	37.49070983924421	16.334835361421177	9.602887099915124	3406.427557121536	603.9485751874568	0	0	0	91.00021781009441	1577.8794646267952	537.4260655545181	9593.195526908863	143352.01939152827	19869.370928243796
11.9	4.7671321747275135	4.7671321747275135	4.7671321747275135	0.09109212816953866	37.49070983924351	16.334835361421025	9.602887099915131	3406.4275571215526	603.9485751874582	0	0	0	91.00021785664954	1577.8795370150954	537.4260820528914	9593.195525703293	143352.0177896696	19869.370779539313
12	4.767132174727513	4.767132174727513	4.767132174727513	0.09109212816953846	37.49070983924279	16.334835361420875	9.602887099915135	3406.427557121569	603.9485751874596	0	0	0	91.00021789978557	1577.8796115192756	537.4260988253526	9593.195524582557	143352.01613302386	19869.37062765735
12.1	4.7671321747275135	4.7671321747275135	4.7671321747275135	0.09109212816953838	37.4907098392424	16.334835361420797	9.602887099915138	3406.4275571215776	603.9485751874604	0	0	0	91.00021792422208	1577.8796532783233	537.4261082373046	9593.195523955172	143352.0152120799	19869.37054314432
12.2	4.7671321747275135	4.7671321747275135	4.7671321747275135	0.09109212816953832	37.49070983924229	16.334835361420772	9.60288709991514	3406.4275571215803	603.9485751874606	0	0	0	91.00021793104975	1577.879664664551	537.4261108114862	9593.195523792774	143352.01497414193	19869.37052130254
12.3	4.767132174727513	4.767132174727513	4.767132174727513	0.09109212816953827	37.4907098392421	16.33483536142073	9.60288709991514	3406.427557121585	603.948575187461	0	0	0	91.00021794190128	1577.879684576498	537.4261152623268	9593.195523519202	143352.0145397941	19869.370481822356
12.4	4.7671321747275135	4.7671321747275135	4.7671321747275135	0.0910921281695383	37.49070983924208	16.33483536142073	9.60288709991514	3406.427557121586	603.9485751874611	0	0	0	91.00021794396099	1577.8796880123693	537.4261160335221	9593.195523476945	143352.0144753698	19869.370475971577
12.5	4.7671321747275135	4.7671321747275135	4.7671321747275135	0.09109212816953828	37.490709839242015	16.33483536142072	9.60288709991514	3406.427557121587	603.9485751874612	0	0	0	91.00021794686457	1577.879693569527	537.4261172730353	9593.19552341004	143352.0143606229	19869.370465574426
12.6	4.7671321747275135	4.7671321747275135	4.7671321747275135	0.09109212816953825	37.49070983924198	16.33483536142071	9.60288709991514	3406.427557121588	603.9485751874613	0	0	0	91.00021794795425	1577.8796955633775	537.4261177222346	9593.195523389697	143352.01432448582	19869.370462293307
12.7	4.7671321747275135	4.7671321747275135	4.7671321747275135	0.09109212816953824	37.490709839242015	16.334835361420712	9.60288709991514	3406.4275571215876	603.9485751874613	0	0	0	91.00021794642055	1577.8796920378902	537.4261169537237	9593.195523437596	143352.01441170587	19869.370470091384
12.8	4.7671321747275135	4.7671321747275135	4.7671321747275135	0.09109212816953728	37.490709839250485	16.334835361422446	9.602887099915167	3406.427557121395	603.9485751874453	0	0	0	91.00021750029117	1577.878708673917	537.425901426404	9593.195535341742	143352.03668866286	19869.37245994504
12.9	4.7671321747275135	4.7671321747275135	4.7671321747275135	0.09109212816953491	37.49070983927105	16.33483536142665	9.60288709991523	3406.4275571209273	603.9485751874062	0	0	0	91.00021641652349	1577.8763202885468	537.4253779452326	9593.195564250971	143352.09078483912	19869.377292049296
13	4.7671321747275135	4.7671321747275135	4.7671321747275135	0.09109212816953163	37.490709839299775	16.33483536143252	9.602887099915318	3406.427557120274	603.9485751873518	0	0	0	91.00021490267491	1577.872984649423	537.4246468350836	9593.195604629718	143352.16633299878	19869.38404043478
13.1	4.7671321747275135	4.7671321747275135	4.7671321747275135	0.09109212816952787	37.490709839332716	16.334835361439254	9.602887099915417	3406.4275571195253	603.9485751872893	0	0	0	91.00021316630281	1577.8691595241899	537.4238084208322	9593.195650942413	143352.252965906	19869.391779132122
13.2	4.7671321747275135	4.7671321747275135	4.7671321747275135	0.09109212816952406	37.49070983936594	16.334835361446046	9.602887099915522	3406.4275571187704	603.9485751872263	0	0	0	91.00021141496461	1577.8653026804905	537.4229630273527	9593.195697653491	143352.34031632496	19869.399582171955
13.3	4.7671321747275135	4.7671321747275135	4.7671321747275135	0.09109212816952067	37.49070983939549	16.334835361452093	9.60288709991561	3406.427557118099	603.9485751871701	0	0	0	91.0002098562177	1577.8618718859686	537.4222109795197	9593.195739227385	143352.41801701978	19869.406523584916
13.4	4.7671321747275135	4.7671321747275135	4.7671321747275135	0.09109212816951814	37.490709839417434	16.33483536145658	9.60288709991568	3406.4275571176	603.9485751871287	0	0	0	91.00020869761946	1577.859324908268	537.4216526022079	9593.195770128528	143352.4757007546	19869.411677401633
13.5	4.7671321747275135	4.7671321747275135	4.7671321747275135	0.09109212816951696	37.490709839427836	16.33483536145871	9.602887099915712	3406.4275571173634	603.9485751871089	0	0	0	91.00020814672729	1577.8581195150323	537.4213882202923	9593.19578482135	143352.50300029365	19869.414117652737
13.6	4.7671321747275135	4.7671321747275135	4.7671321747275135	0.09109212816951755	37.49070983942274	16.33483536145767	9.602887099915696	3406.4275571174794	603.9485751871185	0	0	0	91.00020841109858	1577.858713473905	537.4215181586471	9593.195777770283	143352.489548401	19869.412918368867
13.7	4.7671321747275135	4.7671321747275135	4.7671321747275135	0.09109212816952034	37.49070983939822	16.334835361452658	9.602887099915622	3406.427557118037	603.9485751871649	0	0	0	91.00020969829076	1577.86156455253	537.4221427421471	9593.195743439766	143352.42497784083	19869.407153580647
13.8	4.7671321747275135	4.7671321747275135	4.7671321747275135	0.0910921281695258	37.49070983935033	16.33483536144287	9.602887099915476	3406.427557119125	603.9485751872556	0	0	0	91.00021221586118	1577.867130518551	537.423362295667	9593.195676294228	143352.2989213773	19869.395897318715
13.9	4.7671321747275135	4.7671321747275135	4.7671321747275135	0.09109212816953315	37.49070983928624	16.33483536142977	9.602887099915279	3406.4275571205817	603.9485751873772	0	0	0	91.00021559174563	1577.8745735037078	537.424993566754	9593.195586257147	143352.13035630807	19869.380841066708
14	4.7671321747275135	4.7671321747275135	4.7671321747275135	0.09109212816953588	37.49070983926264	16.33483536142493	9.602887099915208	3406.427557121118	603.9485751874221	0	0	0	91.0002168589554	1577.8772963755937	537.4255918791463	9593.19555246088	143352.06869655132	19869.375319189297
14.1	4.7671321747275135	4.7671321747275135	4.7671321747275135	0.09109212816953714	37.49070983925152	16.334835361422652	9.602887099915172	3406.4275571213707	603.9485751874431	0	0	0	91.00021744713831	1577.8785861519489	537.425874701162	9593.19553677505	143352.0394875582	19869.372708901497
14.2	4.7671321747275135	4.7671321747275135	4.7671321747275135	0.09109212816953777	37.49070983924612	16.33483536142155	9.602887099915156	3406.4275571214935	603.9485751874535	0	0	0	91.00021773148441	1577.8792115954423	537.4260118066837	9593.1955291921	143352.0253235497	19869.37144350415
14.3	4.7671321747275135	4.7671321747275135	4.7671321747275135	0.091092128169538	37.490709839244026	16.334835361421124	9.602887099915149	3406.427557121541	603.9485751874574	0	0	0	91.00021784206803	1577.879456221179	537.4260653989833	9593.195526243759	143352.01978384392	19869.370948886077
14.4	4.7671321747275135	4.7671321747275135	4.7671321747275135	0.09109212816953814	37.490709839242804	16.334835361420875	9.602887099915145	3406.427557121569	603.9485751874597	0	0	0	91.00021790549914	1577.879598969057	537.4260966209646	9593.195524553114	143352.01655132227	19869.370660753677
14.5	4.7671321747275135	4.7671321747275135	4.7671321747275135	0.0910921281695382	37.490709839242406	16.33483536142079	9.602887099915144	3406.427557121578	603.9485751874605	0	0	0	91.00021792643851	1577.8796456517093	537.4261068425176	9593.195523995393	143352.01549448984	19869.37056647132
14.6	4.7671321747275135	4.7671321747275135	4.7671321747275135	0.09109212816953821	37.49070983924213	16.334835361420733	9.602887099915144	3406.4275571215844	603.9485751874611	0	0	0	91.00021794047218	1577.8796779309216	537.4261138880224	9593.19552362175	143352.01476366006	19869.370501491045
14.7	4.7671321747275135	4.7671321747275135	4.7671321747275135	0.09109212816953821	37.49070983924205	16.334835361420712	9.602887099915142	3406.4275571215862	603.9485751874611	0	0	0	91.00021794455263	1577.8796870948638	537.4261158912667	9593.195523513434	143352.01455649265	19869.37048303576
14.8	4.7671321747275135	4.7671321747275135	4.7671321747275135	0.09109212816953824	37.49070983924199	16.334835361420705	9.60288709991514	3406.427557121587	603.9485751874612	0	0	0	91.00021794757541	1577.8796942029496	537.4261174373966	9593.195523433322	143352.0143958113	19869.37046877113
14.9	4.7671321747275135	4.7671321747275135	4.7671321747275135	0.09109212816953824	37.49070983924198	16.334835361420705	9.60288709991514	3406.4275571215876	603.9485751874613	0	0	0	91.00021794841781	1577.879696123594	537.4261178567958	9593.195523411538	143352.01435252957	19869.370464906155
15	4.7671321747275135	4.7671321747275135	4.7671321747275135	0.09109212816953824	37.49070983924195	16.334835361420705	9.60288709991514	3406.4275571215876	603.9485751874613	0	0	0	91.00021794903627	1577.8796975933715	537.4261181759445	9593.195523395583	143352.01431939626	19869.370461965187
15.1	4.7671321747275135	4.7671321747275135	4.7671321747275135	0.09109212816953824	37.490709839241944	16.334835361420712	9.60288709991514	3406.4275571215876	603.9485751874613	0	0	0	91.00021794922189	1577.879698019588	537.4261182683522	9593.195523391203	143352.01430990678	19869.370461116796
15.2	4.7671321747275135	4.7671321747275135	4.7671321747275135	0.09109212816953334	37.490709839239855	16.33483536142636	9.60288709991527	3406.427557121643	603.9485751874082	0	0	0	91.0002178412812	1577.8794103917526	537.4260558588252	9593.19552627036	143352.0208274845	19869.371037456305
15.3	4.7671321747275135	4.7671321747275135	4.7671321747275135	0.09109212816950728	37.490709839228685	16.334835361456484	9.602887099915966	3406.427557121937	603.9485751871259	0	0	0	91.0002172659564	1577.877877531579	537.4257232546876	9593.195541615238	143352.05556132665	19869.37410896718
15.4	4.7671321747275135	4.7671321747275135	4.7671321747275135	0.09109212816946291	37.49070983920966	16.334835361507757	9.602887099917151	3406.427557122438	603.948575186645	0	0	0	91.00021628661898	1577.875268433952	537.4251571214334	9593.195567735664	143352.11468209914	19869.379337053368
15.5	4.7671321747275135	4.7671321747275135	4.7671321747275135	0.09109212816940496	37.49070983918478	16.33483536157471	9.602887099918696	3406.4275571230924	603.9485751860171	0	0	0	91.00021500775458	1577.871861642854	537.4244178947698	9593.19560184487	143352.19187813494	19869.386163607618
15.6	4.7671321747275135	4.7671321747275135	4.7671321747275135	0.09109212816933816	37.490709839156075	16.33483536165188	9.602887099920476	3406.4275571238477	603.9485751852935	0	0	0	91.00021353384874	1577.8679357022668	537.4235660104043	9593.195641156086	143352.28083776703	19869.39403052268
15.7	4.7671321747275135	4.7671321747275135	4.7671321747275135	0.09109212816926726	37.49070983912557	16.33483536173379	9.602887099922368	3406.42755712465	603.9485751845255	0	0	0	91.00021196938708	1577.8637691561735	537.422661904044	9593.19568288254	143352.37524932847	19869.402379691295
15.8	4.7671321747275135	4.7671321747275135	4.7671321747275135	0.091092128169197	37.490709839095274	16.334835361814978	9.602887099924244	3406.427557125446	603.948575183764	0	0	0	91.00021041885518	1577.8596405485557	537.4217660113965	9593.195724237456	143352.46880115222	19869.410653006205
15.9	4.7671321747275135	4.7671321747275135	4.7671321747275135	0.0910921281691321	37.4907098390672	16.334835361889965	9.602887099925974	3406.4275571261837	603.9485751830608	0	0	0	91.00020898673863	1577.855828423396	537.4209387681688	9593.195762434065	143352.5551815713	19869.418292360166
16	4.7671321747275135	4.7671321747275135	4.7671321747275135	0.0910921281690773	37.490709839043376	16.334835361953292	9.602887099927436	3406.42755712681	603.948575182467	0	0	0	91.00020777752302	1577.852611324677	537.420240610068	9593.195794685596	143352.6280789188	19869.424739645918
16.1	4.7671321747275135	4.7671321747275135	4.7671321747275135	0.09109212816903733	37.490709839025804	16.33483536199948	9.602887099928504	3406.4275571272706	603.948575182034	0	0	0	91.00020689569395	1577.8502677963804	537.4197319728019	9593.195818205273	143352.68118152753	19869.429436756207
16.2	4.7671321747275135	4.7671321747275135	4.7671321747275135	0.09109212816901695	37.49070983901652	16.334835362023064	9.602887099929047	3406.427557127513	603.9485751818129	0	0	0	91.00020644573699	1577.8490763824889	537.4194732920774	9593.195830206327	143352.7081777307	19869.431825583775
16.3	4.7671321747275135	4.7671321747275135	4.7671321747275135	0.09109212816902088	37.49070983901753	16.334835362018573	9.602887099928944	3406.4275571274843	603.9485751818551	0	0	0	91.00020653213774	1577.8493156269847	537.4195250036022	9593.195827901985	143352.70275586122	19869.43134802137
16.4	4.7671321747275135	4.7671321747275135	4.7671321747275135	0.09109212816905383	37.49070983903084	16.334835361980538	9.602887099928065	3406.4275571271314	603.9485751822116	0	0	0	91.00020725938178	1577.8512640738502	537.4199475430831	9593.19580850548	143352.6586042521	19869.427445961737
16.5	4.7671321747275135	4.7671321747275135	4.7671321747275135	0.09109212816912055	37.490709839058496	16.334835361903487	9.602887099926283	3406.4275571264006	603.9485751829342	0	0	0	91.00020873195471	1577.8552002670676	537.4208013462277	9593.195769230033	143352.56941123636	19869.41956129762
16.6	4.7671321747275135	4.7671321747275135	4.7671321747275135	0.0910921281692258	37.49070983910249	16.334835361781952	9.602887099923477	3406.427557125239	603.9485751840739	0	0	0	91.00021105434212	1577.8614027506194	537.4221468487432	9593.19570728887	143352.428865147	19869.407135921763
16.7	4.7671321747275135	4.7671321747275135	4.7671321747275135	0.09109212816937429	37.49070983916485	16.334835361610462	9.602887099919515	3406.427557123594	603.9485751856819	0	0	0	91.00021433102374	1577.870150052459	537.4240444828691	9593.195619895385	143352.23065468026	19869.38961175895
16.8	4.7671321747275135	4.7671321747275135	4.7671321747275135	0.09109212816945261	37.49070983920962	16.3348353615195	9.602887099917426	3406.427557122452	603.9485751865351	0	0	0	91.0002160594392	1577.8745986778993	537.4250132496117	9593.195573795507	143352.1298625779	19869.380666045345
16.9	4.7671321747275135	4.7671321747275135	4.7671321747275135	0.09109212816944204	37.49070983922083	16.33483536153105	9.602887099917709	3406.4275571222097	603.948575186427	0	0	0	91.00021582586851	1577.873757702912	537.4248356474639	9593.195580024032	143352.148934596	19869.38230693447
17	4.7671321747275135	4.7671321747275135	4.7671321747275135	0.09109212816947976	37.4907098392293	16.33483536148777	9.602887099916703	3406.4275571219614	603.9485751868328	0	0	0	91.00021665847382	1577.8760849741693	537.4253381854987	9593.195557817266	143352.09619212954	19869.377665719017
17.1	4.7671321747275135	4.7671321747275135	4.7671321747275135	0.09109212816949945	37.49070983923942	16.334835361465	9.602887099916178	3406.427557121701	603.9485751870462	0	0	0	91.00021709297467	1577.8772141632212	537.4255838478222	9593.19554622887	143352.07060748152	19869.375397167947
17.2	4.7671321747275135	4.7671321747275135	4.7671321747275135	0.09109212816949487	37.490709839244126	16.334835361470077	9.6028870999163	3406.427557121599	603.9485751869987	0	0	0	91.00021699133731	1577.8768462305195	537.4255061932163	9593.19554893976	143352.07895170356	19869.37611462169
17.3	4.7671321747275135	4.7671321747275135	4.7671321747275135	0.09109212816951656	37.49070983924309	16.334835361445396	9.602887099915721	3406.427557121592	603.9485751872298	0	0	0	91.00021747020631	1577.878270878415	537.4258119852942	9593.195536167532	143352.04665912117	19869.373290192907
17.4	4.7671321747275135	4.7671321747275135	4.7671321747275135	0.09109212816952007	37.490709839246236	16.33483536144135	9.602887099915627	3406.4275571215144	603.9485751872678	0	0	0	91.00021754717476	1577.8784478332466	537.4258510230196	9593.195534114446	143352.0426516223	19869.372929792247
17.5	4.767132174727514	4.767132174727514	4.767132174727514	0.09109212816951984	37.490709839247636	16.334835361441584	9.602887099915632	3406.427557121483	603.9485751872656	0	0	0	91.00021754186584	1577.8784107467986	537.4258434935965	9593.195534255727	143352.04349384882	19869.372999407697
17.6	4.7671321747275135	4.7671321747275135	4.7671321747275135	0.0910921281695297	37.49070983924485	16.334835361430393	9.60288709991537	3406.427557121533	603.9485751873704	0	0	0	91.00021776025744	1577.87909635142	537.4259899251102	9593.19552843054	143352.02795104473	19869.37164677986
17.7	4.7671321747275135	4.7671321747275135	4.7671321747275135	0.09109212816952963	37.49070983924644	16.33483536143046	9.602887099915371	3406.427557121496	603.9485751873698	0	0	0	91.00021775852572	1577.8790646041375	537.4259836494988	9593.195528476455	143352.02867259298	19869.371704809953
17.8	4.7671321747275135	4.7671321747275135	4.7671321747275135	0.09109212816953116	37.49070983924589	16.334835361428727	9.602887099915332	3406.427557121506	603.9485751873862	0	0	0	91.00021779234308	1577.8791730024614	537.4260067598801	9593.19552757461	143352.0262150088	19869.37149133399
17.9	4.7671321747275135	4.7671321747275135	4.7671321747275135	0.09109212816953466	37.49070983924427	16.33483536142479	9.602887099915238	3406.4275571215394	603.948575187423	0	0	0	91.00021786930631	1577.879425241435	537.4260604294075	9593.195525521971	143352.02049569637	19869.3709955552
18	4.7671321747275135	4.7671321747275135	4.7671321747275135	0.09109212816953426	37.49070983924516	16.334835361425267	9.602887099915248	3406.4275571215194	603.9485751874186	0	0	0	91.00021785991507	1577.8793823115918	537.4260515159568	9593.195525772237	143352.02146950533	19869.371077913336
18.1	4.7671321747275135	4.7671321747275135	4.7671321747275135	0.09109212816953575	37.49070983924396	16.33483536142355	9.60288709991521	3406.427557121544	603.9485751874345	0	0	0	91.00021789354157	1577.8795009451999	537.4260766020577	9593.19552487547	143352.01877924692	19869.370846130183
18.2	4.7671321747275135	4.7671321747275135	4.7671321747275135	0.09109212816953663	37.4907098392435	16.33483536142254	9.602887099915186	3406.4275571215535	603.948575187444	0	0	0	91.00021791332571	1577.8795666202714	537.4260905653415	9593.195524347582	143352.01729003698	19869.3707171357
18.3	4.7671321747275135	4.7671321747275135	4.7671321747275135	0.09109212816953641	37.49070983924393	16.33483536142277	9.602887099915192	3406.427557121544	603.948575187442	0	0	0	91.0002179088414	1577.879546338097	537.4260863571944	9593.195524466788	143352.0177500321	19869.37075603494
18.4	4.7671321747275135	4.7671321747275135	4.7671321747275135	0.09109212816953405	37.49070983924759	16.334835361425462	9.602887099915254	3406.4275571214635	603.9485751874166	0	0	0	91.0002178564925	1577.87932872339	537.4260409026575	9593.195525863015	143352.02268679516	19869.37117609408
18.5	4.7671321747275135	4.7671321747275135	4.7671321747275135	0.09109212816951001	37.4907098392819	16.334835361452825	9.602887099915895	3406.4275571207086	603.9485751871609	0	0	0	91.00021732357551	1577.8771701761098	537.425589220826	9593.195540076562	143352.0716521505	19869.375349946746
18.6	4.7671321747275135	4.7671321747275135	4.7671321747275135	0.09109212816947443	37.4907098393323	16.33483536149329	9.602887099916844	3406.4275571196	603.9485751867828	0	0	0	91.00021653548842	1577.8739846637725	537.4249225458707	9593.195561095721	143352.1439132027	19869.381510460422
18.7	4.7671321747275135	4.7671321747275135	4.7671321747275135	0.09109212816944341	37.490709839376	16.33483536152858	9.602887099917671	3406.4275571186386	603.9485751864529	0	0	0	91.00021584800432	1577.871210735143	537.4243419318819	9593.19557943167	143352.2068374997	19869.386875704604
18.8	4.7671321747275135	4.7671321747275135	4.7671321747275135	0.09109212816943299	37.49070983939024	16.33483536154044	9.60288709991795	3406.4275571183252	603.948575186342	0	0	0	91.00021561689611	1577.8702869389872	537.4241484329505	9593.195585595584	143352.2277925893	19869.388663748792
18.9	4.7671321747275135	4.7671321747275135	4.7671321747275135	0.0910921281694592	37.490709839352256	16.334835361510596	9.60288709991725	3406.4275571191624	603.948575186621	0	0	0	91.0002161979369	1577.8726518240696	537.4246431031664	9593.195570098644	143352.17414601965	19869.384092662487
19	4.7671321747275135	4.7671321747275135	4.7671321747275135	0.09109212816950402	37.49070983929019	16.334835361459646	9.602887099916055	3406.4275571205267	603.9485751870972	0	0	0	91.00021719095956	1577.8766368651754	537.4254775697211	9593.195543613761	143352.08374965366	19869.376381725688
19.1	4.7671321747275135	4.7671321747275135	4.7671321747275135	0.09109212816950744	37.49070983929084	16.334835361455838	9.602887099915963	3406.4275571205076	603.948575187133	0	0	0	91.00021726741119	1577.876836107448	537.4255210363461	9593.195541574838	143352.07923552062	19869.375980271365
19.2	4.7671321747275135	4.7671321747275135	4.7671321747275135	0.09109212816951548	37.49070983927888	16.33483536144668	9.602887099915748	3406.4275571207713	603.9485751872186	0	0	0	91.00021744546089	1577.8775677949566	537.4256739697504	9593.195536826135	143352.0626372793	19869.374567030216
19.3	4.7671321747275135	4.7671321747275135	4.7671321747275135	0.09109212816952664	37.49070983926182	16.334835361434	9.602887099915453	3406.427557121147	603.9485751873369	0	0	0	91.00021769208605	1577.8785893275406	537.4258873633567	9593.195530248893	143352.0394635136	19869.3725950541
19.4	4.7671321747275135	4.7671321747275135	4.7671321747275135	0.09109212816952639	37.4907098392641	16.334835361434386	9.60288709991546	3406.4275571210956	603.9485751873334	0	0	0	91.00021768568955	1577.878525073681	537.4258745392235	9593.195530420202	143352.04092308134	19869.37271359697
19.5	4.7671321747275135	4.7671321747275135	4.7671321747275135	0.09109212816953195	37.49070983925371	16.334835361427963	9.60288709991531	3406.427557121326	603.9485751873934	0	0	0	91.00021780943955	1577.8790754456209	537.4259889090639	9593.19552711975	143352.02843573628	19869.37165666059
19.6	4.7671321747275135	4.7671321747275135	4.7671321747275135	0.0910921281695339	37.49070983925077	16.334835361425757	9.602887099915257	3406.4275571213916	603.948575187414	0	0	0	91.00021785273867	1577.8792532477416	537.4260260572736	9593.19552596542	143352.02440226675	19869.37131340949
19.7	4.7671321747275135	4.7671321747275135	4.7671321747275135	0.09109212816953403	37.49070983925093	16.33483536142564	9.602887099915252	3406.427557121388	603.9485751874151	0	0	0	91.00021785541183	1577.8792569917678	537.4260269479502	9593.195525894507	143352.02431768464	19869.37130521749
19.8	4.7671321747275135	4.7671321747275135	4.7671321747275135	0.09109212816953635	37.49070983924603	16.334835361422922	9.60288709991519	3406.427557121497	603.9485751874404	0	0	0	91.00021790715012	1577.879499098724	537.426077094065	9593.195524514249	143352.0188240007	19869.370841785607
19.9	4.7671321747275135	4.7671321747275135	4.7671321747275135	0.09109212816953657	37.490709839245945	16.33483536142272	9.602887099915186	3406.427557121499	603.9485751874424	0	0	0	91.0002179113772	1577.8795120652348	537.4260798645377	9593.195524401255	143352.01853014738	19869.370816185616
20	4.7671321747275135	4.7671321747275135	4.7671321747275135	0.09109212816953702	37.490709839244936	16.334835361422197	9.602887099915174	3406.427557121521	603.9485751874474	0	0	0	91.00021792135915	1577.8795600029248	537.4260897752995	9593.19552413517	143352.01744247676	19869.37072455351
20.1	4.7671321747275135	4.7671321747275135	4.7671321747275135	0.09109212816953763	37.49070983924354	16.33483536142147	9.602887099915158	3406.427557121552	603.9485751874543	0	0	0	91.00021793507541	1577.8796263125928	537.4261034927513	9593.195523769211	143352.01593785753	19869.37059774851
20.2	4.7671321747275135	4.7671321747275135	4.7671321747275135	0.09109212816953757	37.490709839243706	16.334835361421483	9.60288709991516	3406.427557121548	603.948575187454	0	0	0	91.00021793472038	1577.8796221479217	537.4261026753813	9593.195523778135	143352.01603249967	19869.370605310378
20.3	4.7671321747275135	4.7671321747275135	4.7671321747275135	0.0910921281695379	37.49070983924288	16.334835361421113	9.602887099915149	3406.4275571215667	603.9485751874574	0	0	0	91.00021794162625	1577.87965800855	537.426110050498	9593.195523593675	143352.01521860866	19869.37053715132
20.4	4.7671321747275135	4.7671321747275135	4.7671321747275135	0.09109212816953802	37.49070983924266	16.334835361420996	9.602887099915147	3406.427557121571	603.9485751874586	0	0	0	91.0002179440204	1577.8796695247452	537.4261124293786	9593.195523529583	143352.0149572687	19869.370515139854
20.5	4.7671321747275135	4.7671321747275135	4.7671321747275135	0.09109212816953804	37.490709839242676	16.334835361420993	9.602887099915147	3406.4275571215717	603.9485751874587	0	0	0	91.00021794417017	1577.8796697943417	537.4261124911997	9593.195523525526	143352.01495110948	19869.370514550497
20.6	4.7671321747275135	4.7671321747275135	4.7671321747275135	0.09109212816953374	37.490709839258884	16.334835361427054	9.602887099915261	3406.4275571212065	603.9485751874022	0	0	0	91.00021783896356	1577.879051593822	537.4259862558906	9593.195526331787	143352.02898402553	19869.37168150803
20.7	4.7671321747275135	4.7671321747275135	4.7671321747275135	0.09109212816951612	37.49070983932503	16.334835361451855	9.602887099915732	3406.427557119717	603.9485751871711	0	0	0	91.00021740828481	1577.8765257467921	537.4254704275816	9593.195537818796	143352.08632008245	19869.376449910054
20.8	4.767132174727513	4.767132174727513	4.767132174727513	0.0910921281694911	37.49070983941893	16.33483536148709	9.602887099916398	3406.4275571176017	603.9485751868428	0	0	0	91.00021679631595	1577.8729384408084	537.424737807775	9593.195554141006	143352.16775099188	19869.38322235304
20.9	4.767132174727513	4.767132174727513	4.767132174727513	0.09109212816946534	37.4907098395155	16.33483536152335	9.602887099917085	3406.4275571154267	603.9485751865051	0	0	0	91.00021616641587	1577.8692481934536	537.423984139565	9593.195570941421	143352.25151859602	19869.39018936183
21	4.7671321747275135	4.7671321747275135	4.7671321747275135	0.09109212816944552	37.49070983958962	16.334835361551225	9.602887099917613	3406.427557113758	603.9485751862454	0	0	0	91.00021568194336	1577.8664135223084	537.4234051660459	9593.19558386304	143352.31586473712	19869.39554146126
21.1	4.7671321747275135	4.7671321747275135	4.7671321747275135	0.09109212816943833	37.49070983961619	16.33483536156131	9.602887099917805	3406.4275571131598	603.9485751861514	0	0	0	91.0002155062573	1577.8653929449545	537.4231966303113	9593.195588548868	143352.3390312573	19869.397469176172
21.2	4.7671321747275135	4.7671321747275135	4.7671321747275135	0.09109212816945048	37.490709839570094	16.334835361544197	9.602887099917483	3406.4275571141975	603.9485751863109	0	0	0	91.00021580271655	1577.8671449789733	537.4235542754558	9593.195580641905	143352.2992599987	19869.394163031393
21.3	4.7671321747275135	4.7671321747275135	4.7671321747275135	0.09109212816948857	37.490709839426266	16.33483536149049	9.602887099916465	3406.427557117437	603.948575186811	0	0	0	91.0002167343932	1577.8726264347165	537.4246734962201	9593.195555792805	143352.1748315582	19869.38381677203
21.4	4.7671321747275135	4.7671321747275135	4.7671321747275135	0.09109212816951726	37.49070983932067	16.334835361450285	9.602887099915701	3406.4275571198145	603.9485751871857	0	0	0	91.00021743553597	1577.876688633115	537.4255036545698	9593.19553709183	143352.0826222967	19869.376142729932
21.5	4.7671321747275135	4.7671321747275135	4.7671321747275135	0.0910921281695229	37.49070983930209	16.334835361442554	9.60288709991555	3406.4275571202315	603.9485751872576	0	0	0	91.0002175733941	1577.8774355189892	537.4256568959266	9593.195533414464	143352.06567029256	19869.374726205813
21.6	4.7671321747275135	4.7671321747275135	4.7671321747275135	0.09109212816953169	37.49070983926765	16.334835361430045	9.602887099915318	3406.427557121008	603.9485751873741	0	0	0	91.00021778861658	1577.8787311197204	537.4259210961769	9593.195527674581	143352.03625923346	19869.372283826164
21.7	4.7671321747275135	4.7671321747275135	4.7671321747275135	0.09109212816953419	37.49070983925858	16.33483536142657	9.60288709991525	3406.427557121212	603.9485751874065	0	0	0	91.00021784946992	1577.879080964936	537.4259926241333	9593.195526051526	143352.02831802316	19869.371622591352
21.8	4.7671321747275135	4.7671321747275135	4.7671321747275135	0.091092128169536	37.49070983925123	16.334835361423952	9.602887099915202	3406.427557121378	603.9485751874308	0	0	0	91.00021789420144	1577.879354948558	537.4260484420229	9593.195524858585	143352.02209819565	19869.371106570128
21.9	4.7671321747275135	4.7671321747275135	4.7671321747275135	0.09109212816953717	37.49070983924654	16.334835361422275	9.602887099915169	3406.427557121484	603.9485751874465	0	0	0	91.00021792279293	1577.8795302778726	537.4260841670404	9593.195524096247	143352.01811773295	19869.37077634575
22	4.7671321747275135	4.7671321747275135	4.7671321747275135	0.09109212816953748	37.49070983924537	16.334835361421845	9.60288709991516	3406.4275571215107	603.9485751874506	0	0	0	91.00021793022282	1577.8795745367938	537.4260931996408	9593.195523898128	143352.01711294375	19869.370692870772
22.1	4.7671321747275135	4.7671321747275135	4.7671321747275135	0.09109212816953792	37.490709839243344	16.334835361421167	9.602887099915147	3406.427557121556	603.9485751874568	0	0	0	91.00021794164216	1577.8796481971162	537.4261081593336	9593.195523593442	143352.0154408211	19869.370554563648
22.2	4.7671321747275135	4.7671321747275135	4.7671321747275135	0.09109212816953803	37.490709839242975	16.334835361421025	9.602887099915147	3406.4275571215644	603.9485751874581	0	0	0	91.00021794398364	1577.8796623218184	537.4261110422802	9593.195523531012	143352.0151202683	19869.37052793166
22.3	4.7671321747275135	4.7671321747275135	4.7671321747275135	0.09109212816953816	37.49070983924243	16.33483536142085	9.602887099915142	3406.4275571215767	603.9485751874598	0	0	0	91.00021794687547	1577.8796815648427	537.4261149433147	9593.195523453935	143352.0146835495	19869.37049189564
22.4	4.7671321747275135	4.7671321747275135	4.7671321747275135	0.0910921281695382	37.49070983924222	16.334835361420787	9.602887099915144	3406.4275571215817	603.9485751874604	0	0	0	91.00021794798272	1577.879688793729	537.4261164106284	9593.195523423927	143352.01451953084	19869.370478363915
22.5	4.7671321747275135	4.7671321747275135	4.7671321747275135	0.09109212816953821	37.49070983924212	16.334835361420755	9.602887099915144	3406.427557121584	603.9485751874606	0	0	0	91.00021794851534	1577.8796923454734	537.4261171302475	9593.195523409377	143352.01443900712	19869.370471732913
22.6	4.7671321747275135	4.7671321747275135	4.7671321747275135	0.09109212816953823	37.49070983924203	16.334835361420726	9.602887099915142	3406.4275571215853	603.948575187461	0	0	0	91.00021794901556	1577.8796957778738	537.426117820096	9593.195523396014	143352.01436114238	19869.370465321786
22.7	4.7671321747275135	4.7671321747275135	4.7671321747275135	0.09109212816953824	37.49070983924202	16.334835361420726	9.602887099915142	3406.427557121586	603.9485751874611	0	0	0	91.0002179491162	1577.8796964410908	537.4261179508825	9593.195523393462	143352.01434612263	19869.370464065
22.8	4.7671321747275135	4.7671321747275135	4.7671321747275135	0.09109212816953598	37.49070983925904	16.334835361425334	9.602887099915202	3406.4275571212006	603.9485751874183	0	0	0	91.0002178902246	1577.8792646890515	537.4260299918265	9593.195524964434	143352.02414884334	19869.371277395752
22.9	4.7671321747275135	4.7671321747275135	4.7671321747275135	0.09109212816952583	37.49070983933476	16.33483536144585	9.602887099915472	3406.4275571194858	603.9485751872278	0	0	0	91.00021762821504	1577.8773443113853	537.4256387554295	9593.195531952671	143352.06774964707	19869.37489505033
23	4.767132174727513	4.767132174727513	4.767132174727513	0.09109212816950968	37.49070983945539	16.334835361478536	9.602887099915902	3406.4275571167536	603.9485751869241	0	0	0	91.00021721070146	1577.8742845480115	537.4250153883448	9593.195543088254	143352.13721928746	19869.380659151648
23.1	4.7671321747275135	4.7671321747275135	4.7671321747275135	0.09109212816948985	37.4907098396037	16.334835361518728	9.602887099916433	3406.427557113396	603.9485751865508	0	0	0	91.00021669731775	1577.8705227356868	537.4242489854446	9593.195556780714	143352.2226283563	19869.38774586491
23.2	4.7671321747275135	4.7671321747275135	4.7671321747275135	0.09109212816946859	37.49070983976243	16.334835361561744	9.602887099917	3406.427557109801	603.9485751861511	0	0	0	91.00021614769777	1577.8664962111673	537.4234286415999	9593.195571439572	143352.31404744546	19869.39533135528
23.3	4.7671321747275135	4.7671321747275135	4.7671321747275135	0.09109212816944824	37.49070983991436	16.334835361602927	9.602887099917544	3406.427557106361	603.9485751857685	0	0	0	91.00021562147542	1577.8626423112096	537.4226434516834	9593.195585474354	143352.40154714667	19869.40259178795
23.4	4.7671321747275135	4.7671321747275135	4.7671321747275135	0.09109212816943109	37.49070984004222	16.3348353616376	9.602887099918	3406.427557103466	603.9485751854463	0	0	0	91.00021517828453	1577.8593983725698	537.421982510566	9593.195597294582	143352.4751980518	19869.408703328096
23.5	4.7671321747275135	4.7671321747275135	4.7671321747275135	0.09109212816941947	37.49070984012878	16.334835361661096	9.602887099918311	3406.427557101506	603.948575185228	0	0	0	91.000214877759	1577.8572017320041	537.4215349131198	9593.19560530978	143352.5250707527	19869.412842140897
23.6	4.7671321747275135	4.7671321747275135	4.7671321747275135	0.09109212816941568	37.49070984015678	16.334835361668738	9.602887099918414	3406.4275571008716	603.948575185157	0	0	0	91.00021477953268	1577.8564897262693	537.4213897542165	9593.195607929474	143352.54123584102	19869.414184391535
23.7	4.7671321747275135	4.7671321747275135	4.7671321747275135	0.09109212816942203	37.49070984010899	16.334835361655863	9.602887099918243	3406.4275571019543	603.9485751852767	0	0	0	91.00021494323947	1577.857699692121	537.421636128728	9593.19560356319	143352.51376390876	19869.411906245194
23.8	4.767132174727513	4.767132174727513	4.767132174727513	0.09109212816944079	37.490709839968176	16.334835361617795	9.602887099917744	3406.427557105144	603.9485751856303	0	0	0	91.00021542851323	1577.8612689663162	537.4223631315257	9593.195590620451	143352.43272554767	19869.405183867046
23.9	4.7671321747275135	4.7671321747275135	4.7671321747275135	0.09109212816947429	37.49070983971706	16.334835361549867	9.602887099916849	3406.4275571108305	603.9485751862613	0	0	0	91.00021629498781	1577.8676348856106	537.4236598574818	9593.195567510777	143352.28819134954	19869.393193422282
24	4.7671321747275135	4.7671321747275135	4.7671321747275135	0.09109212816951372	37.49070983942219	16.334835361469995	9.602887099915797	3406.427557117508	603.9485751870034	0	0	0	91.00021731492028	1577.8751134846273	537.4251834242752	9593.195540308185	143352.1183950834	19869.37910544005
