0	4.7671321747275135	4.7671321747275135	4.7671321747275135	0.09109212816953825	37.49070983924196	16.3348353614207	9.60288709991514	3406.4275571215885	603.9485751874613	0	0	0	0	0	0	0	0	0
0.1	4.7671321747275135	4.7671321747275135	4.7671321747275135	0.09109212816953825	37.49070983924196	16.3348353614207	9.60288709991514	3406.4275571215885	603.9485751874613	0	0	0	0	0	0	-5059375044535122e-21	-0.001800661827072242	-0.0003186182089288507
0.2	4.7671321747275135	4.7671321747275135	4.7671321747275135	0.09109212816953825	37.49070983924196	16.3348353614207	9.60288709991514	3406.4275571215885	603.9485751874613	0	0	0	0	-2597480792611843e-21	0	-915617306094142e-20	-0.0032831671798063417	-0.000578354386499009
0.3	4.7671321747275135	4.7671321747275135	4.7671321747275135	0.09109212816953827	37.490709839241966	16.3348353614207	9.60288709991514	3406.4275571215885	603.9485751874613	0	0	0	0	-42908184599528526e-22	0	-12473530440125259e-21	-0.004513299813145349	-0.0007907860426682941
0.4	4.7671321747275135	4.7671321747275135	4.7671321747275135	0.09109212816953824	37.49070983924196	16.3348353614207	9.60288709991514	3406.4275571215885	603.9485751874613	0	0	0	0	-5785997484258892e-21	-10118781933543749e-22	-15159884291899312e-21	-0.005537059257854159	-0.0009647771493012108
0.5	4.7671321747275135	4.7671321747275135	4.7671321747275135	0.09109212816953824	37.49070983924196	16.3348353614207	9.60288709991514	3406.4275571215885	603.9485751874613	0	0	0	0	-70466363275249145e-22	-12329405719742382e-22	-1733493143332864e-20	-0.006389721897763233	-0.001107346050214889
0.6	4.7671321747275135	4.7671321747275135	4.7671321747275135	0.09109212816953824	37.49070983924195	16.334835361420698	9.60288709991514	3406.4275571215885	603.9485751874613	0	0	0	0	-8089427803347645e-21	-14160752864981846e-22	-19096308447021564e-21	-0.007100001914045745	-0.0012242128023570347
0.7	4.767132174727513	4.767132174727513	4.767132174727513	0.09109212816953824	37.49070983924195	16.334835361420698	9.60288709991514	3406.4275571215885	603.9485751874613	0	0	0	0	-8945767749811832e-21	-15666982418436101e-22	-20522720333360188e-21	-0.007691498467669002	-0.0013200200003127538
0.8	4.7671321747275135	4.7671321747275135	4.7671321747275135	0.09109212816953825	37.49070983924195	16.334835361420698	9.60288709991514	3406.4275571215885	603.9485751874613	0	0	0	0	-964658055551283e-20	-16901591199893622e-22	-2167733852771898e-20	-0.008183717049132582	-0.0013985336166021877
0.9	4.7671321747275135	4.7671321747275135	4.7671321747275135	0.09109212816953825	37.49070983924196	16.3348353614207	9.60288709991514	3406.4275571215885	603.9485751874613	0	0	0	0	-1021962562205013e-20	-17912680921904242e-22	-22612817171361926e-21	-0.008593371364885622	-0.0014629247345424995
1	4.7671321747275135	4.7671321747275135	4.7671321747275135	0.09109212816953825	37.49070983924196	16.3348353614207	9.60288709991514	3406.4275571215885	603.9485751874613	0	0	0	0	-1068750731690059e-20	-18739506703528542e-22	-23369733130126827e-21	-0.008933855594034602	-0.0015156733802503969
1.1	4.7671321747275135	4.7671321747275135	4.7671321747275135	0.09109212816953825	37.49070983924196	16.3348353614207	9.60288709991514	3406.4275571215885	603.9485751874613	0	0	0	0	-11069937204036925e-21	-1941634148812879e-21	-2398320855345893e-20	-0.009217026699724646	-0.0015589448136491297
1.2	4.7671321747275135	4.7671321747275135	4.7671321747275135	0.09109212816953825	37.49070983924196	16.3348353614207	9.60288709991514	3406.4275571215885	603.9485751874613	0	0	0	0	-11381999617129206e-21	-19969476349291775e-22	-24479457878319865e-21	-0.009452128346380973	-0.0015943830419035657
1.3	4.767132174727514	4.767132174727514	4.767132174727514	0.09109212816953825	37.49070983924196	16.3348353614207	9.60288709991514	3406.4275571215885	603.9485751874613	0	0	0	0	-11637050614996985e-21	-20422214412771185e-22	-2488167263076084e-20	-0.009647488639743752	-0.0016234531663542112
1.4	4.7671321747275135	4.7671321747275135	4.7671321747275135	0.09109212816953825	37.49070983924195	16.3348353614207	9.60288709991514	3406.4275571215885	603.9485751874613	0	0	0	0	-11845243518976432e-21	-20792312966240837e-22	-25207182611079498e-21	-0.009809596353159433	-0.0016472688600707895
1.5	4.7671321747275135	4.7671321747275135	4.7671321747275135	0.09109212816953824	37.49070983924195	16.334835361420698	9.60288709991514	3406.4275571215885	603.9485751874613	0	0	0	0	-12015223211517023e-21	-21094911453542383e-22	-25470692412362332e-21	-0.009944085659851718	-0.0016667842348315931
1.6	4.7671321747275135	4.7671321747275135	4.7671321747275135	0.09109212816953824	37.49070983924196	16.334835361420698	9.60288709991514	3406.4275571215885	603.9485751874613	0	0	0	0	-12154190140242343e-21	-2134263928276343e-21	-25684328509848403e-21	-0.010055729124909962	-0.0016827951206600802
1.7	4.7671321747275135	4.7671321747275135	4.7671321747275135	0.09109212816953824	37.49070983924196	16.3348353614207	9.60288709991514	3406.427557121588	603.9485751874613	0	0	0	0	-12267486578271596e-21	-21544889605826562e-22	-2585698359553053e-20	-0.010148177037355183	-0.0016958958727423827
1.8	4.767132174727513	4.767132174727513	4.767132174727513	0.09109212816953824	37.49070983924196	16.3348353614207	9.60288709991514	3406.427557121588	603.9485751874613	0	0	0	0	-1236015285002154e-20	-217105286485118e-20	-25997031116594038e-21	-0.010224892995810739	-0.0017066480365560963
1.9	4.7671321747275135	4.7671321747275135	4.7671321747275135	0.09109212816953828	37.49070983924195	16.3348353614207	9.60288709991514	3406.4275571215876	603.9485751874613	0	0	0	0	-12435826916358852e-21	-21845972804702618e-22	-26110422638798242e-21	-0.010288453500364763	-0.0017154589571579293
2	4.7671321747275135	4.7671321747275135	4.7671321747275135	0.09109212816953828	37.49070983924195	16.3348353614207	9.60288709991514	3406.427557121588	603.9485751874613	0	0	0	0	-12497509337129689e-21	-21956521492454866e-22	-26202038638616613e-21	-0.010341021626081867	-0.0017226662844623077
2.1	4.7671321747275135	4.7671321747275135	4.7671321747275135	0.09109212816953827	37.490709839241944	16.3348353614207	9.602887099915142	3406.4275571215885	603.9485751874614	0	0	0	0	-12548014724338694e-21	-2204714846615276e-21	-26276440451089728e-21	-0.010384638059885539	-0.0017285869581030588
2.2	4.7671321747275135	4.7671321747275135	4.7671321747275135	0.09109212816953824	37.490709839241916	16.334835361420698	9.602887099915142	3406.427557121589	603.9485751874613	0	0	0	0	-12589244242548455e-21	-22121223665386913e-22	-26336653697532587e-21	-0.01042072971335365	-0.00173343648502052
2.3	4.7671321747275135	4.7671321747275135	4.7671321747275135	0.09109212816953825	37.49070983924192	16.334835361420698	9.602887099915142	3406.4275571215885	603.9485751874614	0	0	0	0	-12622828142704725e-21	-2218163930937961e-21	-2638526517581586e-20	-0.010450535172231639	-0.0017374004644451003
2.4	4.7671321747275135	4.7671321747275135	4.7671321747275135	0.09109212816953824	37.49070983924192	16.334835361420698	9.602887099915142	3406.4275571215885	603.9485751874614	0	0	0	0	-12650333661443277e-21	-22231176869636824e-22	-26424753879064064e-21	-0.010475248867466728	-0.0017406572988698911
2.5	4.767132174727513	4.767132174727513	4.767132174727513	0.09109212816953818	37.49070983924189	16.334835361420687	9.602887099915142	3406.427557121589	603.9485751874614	0	0	0	0	-1267282171345692e-20	-22271724962423126e-22	-26456763599994114e-21	-0.010495705200713188	-0.0017433283477334748
2.6	4.7671321747275135	4.7671321747275135	4.7671321747275135	0.09109212816953814	37.49070983924187	16.334835361420684	9.602887099915144	3406.4275571215894	603.9485751874616	0	0	0	0	-12691123375387749e-21	-2230476496553938e-21	-2648257867109912e-20	-0.01051257150923836	-0.0017455095512788892
2.7	4.7671321747275135	4.7671321747275135	4.7671321747275135	0.09109212816953818	37.49070983924191	16.33483536142069	9.602887099915144	3406.427557121589	603.9485751874615	0	0	0	0	-12706068311420165e-21	-2233177568365779e-21	-26503481568874977e-21	-0.010526513738527669	-0.0017472966805740359
2.8	4.7671321747275135	4.7671321747275135	4.7671321747275135	0.09109212816953803	37.4907098392418	16.334835361420676	9.602887099915147	3406.4275571215912	603.9485751874615	0	0	0	0	-12718338707440974e-21	-2235397536183254e-21	-26520499932801283e-21	-0.010538081730904918	-0.0017487676519227322
2.9	4.7671321747275135	4.7671321747275135	4.7671321747275135	0.09109212816953773	37.4907098392416	16.334835361420645	9.602887099915153	3406.427557121596	603.9485751874619	0	0	0	0	-12728347275418187e-21	-22372103291211884e-22	-2653425211765923e-20	-0.01054762581944255	-0.0017499707666137497
3	4.7671321747275135	4.7671321747275135	4.7671321747275135	0.09109212816953761	37.490709839241525	16.334835361420634	9.602887099915158	3406.427557121598	603.9485751874619	0	0	0	0	-12736480165888509e-21	-2238685097685927e-21	-26545327513137037e-21	-0.01055547922292639	-0.0017509520143876433
3.1	4.7671321747275135	4.7671321747275135	4.7671321747275135	0.09109212816953781	37.49070983924165	16.33483536142065	9.602887099915153	3406.427557121595	603.9485751874616	0	0	0	0	-12743125240449284e-21	-2239891312017516e-21	-26554312412074658e-21	-0.010561973674059784	-0.0017517571624834068
3.2	4.7671321747275135	4.7671321747275135	4.7671321747275135	0.09109212816953632	37.49070983924043	16.33483536142049	9.602887099915192	3406.4275571216226	603.948575187463	0	0	0	0	-12748634217240034e-21	-2240892241510132e-21	-26561639930308897e-21	-0.010567363414585779	-0.0017524206876940466
3.3	4.7671321747275135	4.7671321747275135	4.7671321747275135	0.09109212816953383	37.49070983923841	16.33483536142023	9.602887099915257	3406.4275571216685	603.9485751874654	0	0	0	0	-12753162372174367e-21	-22417158153025567e-22	-26567560774387936e-21	-0.010571805344177324	-0.0017529632596825753
3.4	4.7671321747275135	4.7671321747275135	4.7671321747275135	0.09109212816953222	37.490709839237134	16.334835361420062	9.6028870999153	3406.427557121697	603.948575187467	0	0	0	0	-12756825145271552e-21	-22423827158933906e-22	-26572320438145093e-21	-0.010575452451316868	-0.0017534050727833232
3.5	4.7671321747275135	4.7671321747275135	4.7671321747275135	0.09109212816953342	37.490709839238114	16.3348353614202	9.602887099915268	3406.4275571216754	603.9485751874658	0	0	0	0	-1275973797655085e-20	-2242913625781233e-21	-26576164415413665e-21	-0.010578457724486864	-0.001753766321330621
3.6	4.767132174727514	4.767132174727514	4.767132174727514	0.09109212816952318	37.490709839228906	16.3348353614188	9.602887099915542	3406.4275571218836	603.9485751874786	0	0	0	0	-1276248569884296e-20	-22434150874273825e-22	-26579311415251453e-21	-0.01058094898831501	-0.0017540643639192496
3.7	4.7671321747275135	4.7671321747275135	4.7671321747275135	0.09109212816948335	37.49070983919393	16.334835361413617	9.602887099916604	3406.4275571226763	603.9485751875256	0	0	0	0	-12765688866198104e-21	-224400034802874e-20	-26581868495703948e-21	-0.010582988198791436	-0.001754307645398292
3.8	4.7671321747275135	4.7671321747275135	4.7671321747275135	0.09109212816943942	37.490709839155485	16.334835361407947	9.602887099917778	3406.427557123547	603.9485751875773	0	0	0	0	-12768639840438011e-21	-22445398490883556e-22	-2658392646181281e-20	-0.0105846548127946	-0.001754505330844975
3.9	4.7671321747275135	4.7671321747275135	4.7671321747275135	0.09109212816941803	37.49070983913691	16.334835361405226	9.602887099918348	3406.427557123968	603.948575187602	0	0	0	0	-12770595879592207e-21	-22448976131361915e-22	-26585576766875962e-21	-0.01058602937860201	-0.0017546666898986781
4	4.7671321747275135	4.7671321747275135	4.7671321747275135	0.09109212816944588	37.490709839161504	16.33483536140889	9.602887099917606	3406.427557123411	603.9485751875686	0	0	0	0	-12770814241690216e-21	-2244937662702211e-21	-26586910864191343e-21	-0.010587192444491175	-0.0017548009921987799
4.1	4.7671321747275135	4.7671321747275135	4.7671321747275135	0.09109212816949731	37.49070983920605	16.334835361415397	9.602887099916234	3406.427557122401	603.9485751875095	0	0	0	0	-12770148938504252e-21	-2244816479575216e-21	-26588005792741466e-21	-0.010588179322237696	-0.0017549136223906651
4.2	4.7671321747275135	4.7671321747275135	4.7671321747275135	0.09109212816949888	37.490709839205955	16.334835361415166	9.602887099916193	3406.4275571224034	603.9485751875116	0	0	0	0	-12770859991432469e-21	-22449475784825834e-22	-26588892697289852e-21	-0.010588964079961577	-0.0017550037653148434
4.3	4.7671321747275135	4.7671321747275135	4.7671321747275135	0.09109212816950972	37.49070983921571	16.334835361416648	9.602887099915906	3406.427557122182	603.9485751874981	0	0	0	0	-12771113375849155e-21	-224499418085251e-20	-26589609879166123e-21	-0.010589617550813129	-0.0017550780723311174
4.4	4.7671321747275135	4.7671321747275135	4.7671321747275135	0.09109212816952306	37.49070983922761	16.334835361418442	9.602887099915549	3406.4275571219123	603.9485751874818	0	0	0	0	-12771184419485347e-21	-22450074232985016e-22	-2659019193652106e-20	-0.010590159965931056	-0.0017551392799087077
4.5	4.7671321747275135	4.7671321747275135	4.7671321747275135	0.09109212816952213	37.490709839226184	16.334835361418147	9.602887099915572	3406.4275571219446	603.9485751874845	0	0	0	0	-1277162070774927e-20	-22450878528429218e-22	-26590662488882886e-21	-0.010590597601819334	-0.0017551886971551097
4.6	4.7671321747275135	4.7671321747275135	4.7671321747275135	0.09109212816952961	37.49070983923349	16.334835361419334	9.602887099915371	3406.4275571217786	603.9485751874736	0	0	0	0	-12771695939972322e-21	-22451016265908958e-22	-26591043535240635e-21	-0.01059096450935303	-0.0017552296533221126
4.7	4.7671321747275135	4.7671321747275135	4.7671321747275135	0.09109212816953212	37.49070983923571	16.334835361419664	9.602887099915304	3406.4275571217286	603.9485751874706	0	0	0	0	-12771881741520882e-21	-2245135918002809e-21	-26591352539238294e-21	-0.010591264172235096	-0.0017552630244109968
4.8	4.7671321747275135	4.7671321747275135	4.7671321747275135	0.09109212816953208	37.49070983923553	16.334835361419618	9.602887099915305	3406.4275571217327	603.9485751874711	0	0	0	0	-12772100885952404e-21	-2245176355485784e-21	-26591602230333832e-21	-0.010591508995417876	-0.001755290191087516
4.9	4.7671321747275135	4.7671321747275135	4.7671321747275135	0.09109212816953544	37.490709839239	16.3348353614202	9.602887099915216	3406.4275571216544	603.9485751874656	0	0	0	0	-12772161194990557e-21	-22451874200292788e-22	-26591804729632185e-21	-0.010591713524976136	-0.0017553126725810585
5	4.7671321747275135	4.7671321747275135	4.7671321747275135	0.09109212816953571	37.490709839239145	16.33483536142021	9.60288709991521	3406.427557121651	603.9485751874656	0	0	0	0	-12772298498486332e-21	-2245212797812992e-21	-26591968707514662e-21	-0.010591879893400425	-0.001755330932866605
5.1	4.7671321747275135	4.7671321747275135	4.7671321747275135	0.09109212816953623	37.49070983923966	16.334835361420303	9.602887099915195	3406.427557121639	603.9485751874648	0	0	0	0	-12772397694465585e-21	-22452311124789174e-22	-26592101265498427e-21	-0.010592016956650166	-0.0017553458879105424
5.2	4.7671321747275135	4.7671321747275135	4.7671321747275135	0.09109212816953724	37.49070983924081	16.33483536142049	9.602887099915169	3406.4275571216126	603.948575187463	0	0	0	0	-12772456423841177e-21	-22452419466303615e-22	-26592208852126903e-21	-0.010592130479712242	-0.001755358197285524
5.3	4.7671321747275135	4.7671321747275135	4.7671321747275135	0.09109212816953721	37.490709839240715	16.334835361420467	9.602887099915169	3406.427557121616	603.9485751874633	0	0	0	0	-12772537235698012e-21	-22452569088548306e-22	-26592295852489522e-21	-0.010592223054299629	-0.0017553682092755023
5.4	4.7671321747275135	4.7671321747275135	4.7671321747275135	0.09109212816953766	37.49070983924123	16.334835361420566	9.602887099915156	3406.427557121604	603.9485751874623	0	0	0	0	-12772584185872913e-21	-22452655820959513e-22	-265923662723829e-19	-0.010592299641476543	-0.0017553764380786366
5.5	4.767132174727514	4.767132174727514	4.767132174727514	0.09109212816953785	37.49070983924147	16.334835361420616	9.602887099915153	3406.4275571215994	603.9485751874621	0	0	0	0	-12772628695992158e-21	-22452738234993923e-22	-26592423396896775e-21	-0.010592362602904424	-0.0017553831760290276
5.6	4.7671321747275135	4.7671321747275135	4.7671321747275135	0.09109212816953781	37.490709839241426	16.33483536142061	9.602887099915153	3406.4275571216	603.9485751874621	0	0	0	0	-12772672110441054e-21	-22452818739084476e-22	-26592469558829826e-21	-0.010592414154728315	-0.001755388671619035
5.7	4.7671321747275135	4.7671321747275135	4.7671321747275135	0.09109212816953459	37.49070983923669	16.334835361419703	9.60288709991524	3406.4275571217067	603.9485751874705	0	0	0	0	-12772840338374069e-21	-22453133142551934e-22	-26592507054851573e-21	-0.010592453658125495	-0.0017553929545179457
5.8	4.7671321747275135	4.7671321747275135	4.7671321747275135	0.09109212816951648	37.49070983921058	16.33483536141471	9.602887099915723	3406.427557122298	603.9485751875163	0	0	0	0	-12773609797784038e-21	-224545733165446e-20	-2659253767182017e-20	-0.010592472066895878	-0.001755395396891549
5.9	4.7671321747275135	4.7671321747275135	4.7671321747275135	0.09109212816948999	37.49070983917243	16.334835361407425	9.60288709991643	3406.4275571231624	603.9485751875834	0	0	0	0	-12774715995721349e-21	-2245664401222358e-21	-26592562373232433e-21	-0.010592476376567087	-0.001755396564318595
6	4.7671321747275135	4.7671321747275135	4.7671321747275135	0.09109212816946356	37.490709839134404	16.334835361400163	9.602887099917135	3406.427557124024	603.9485751876501	0	0	0	0	-12775814557920388e-21	-2245870043555977e-21	-26592582075486015e-21	-0.010592475350126732	-0.001755397155351507
6.1	4.7671321747275135	4.7671321747275135	4.7671321747275135	0.09109212816944562	37.49070983910866	16.334835361395253	9.602887099917613	3406.4275571246076	603.9485751876952	0	0	0	0	-1277656111011554e-20	-22460097792524063e-22	-2659259769497855e-20	-0.010592477750562417	-0.0017553978685427088
6.2	4.7671321747275135	4.7671321747275135	4.7671321747275135	0.0910921281694446	37.49070983910737	16.334835361395008	9.60288709991764	3406.427557124637	603.9485751876973	0	0	0	0	-127766112780412e-19	-2246019128908736e-21	-265926101481077e-19	-0.010592492340861754	-0.0017553994024446231
6.3	4.7671321747275135	4.7671321747275135	4.7671321747275135	0.09109212816946896	37.490709839142674	16.33483536140176	9.60288709991699	3406.4275571238372	603.9485751876354	0	0	0	0	-12775620687431752e-21	-2245833613122054e-21	-26592620351271104e-21	-0.010592527884012352	-0.0017554024556096744
6.4	4.7671321747275135	4.7671321747275135	4.7671321747275135	0.09109212816950947	37.49070983920083	16.334835361412864	9.602887099915911	3406.4275571225194	603.9485751875333	0	0	0	0	-12773976878530189e-21	-2245525874421557e-21	-26592629033560736e-21	-0.01059257633172706	-0.0017554064392018612
6.5	4.7671321747275135	4.7671321747275135	4.7671321747275135	0.09109212816951816	37.49070983921214	16.334835361414974	9.602887099915678	3406.4275571222634	603.9485751875139	0	0	0	0	-12773654127026731e-21	-22454656753236916e-22	-26592636113486537e-21	-0.010592592809911766	-0.0017554079320652683
6.6	4.767132174727514	4.767132174727514	4.767132174727514	0.09109212816952506	37.49070983922212	16.334835361416886	9.602887099915492	3406.4275571220373	603.9485751874964	0	0	0	0	-12773377032139008e-21	-22454137791709794e-22	-26592641839677885e-21	-0.010592606614413785	-0.0017554091776831445
6.7	4.767132174727513	4.767132174727513	4.767132174727513	0.09109212816953192	37.49070983923233	16.334835361418836	9.602887099915309	3406.4275571218054	603.9485751874784	0	0	0	0	-12773094191887173e-21	-2245360771977393e-21	-26592646484576767e-21	-0.010592619220881793	-0.0017554102957004535
6.8	4.7671321747275135	4.7671321747275135	4.7671321747275135	0.09109212816953283	37.49070983923346	16.334835361419046	9.602887099915286	3406.4275571217795	603.9485751874764	0	0	0	0	-1277306467420637e-20	-22453552798709974e-22	-2659265023996182e-20	-0.010592624959310544	-0.0017554108597245383
6.9	4.7671321747275135	4.7671321747275135	4.7671321747275135	0.09109212816953584	37.490709839238164	16.334835361419962	9.602887099915206	3406.4275571216735	603.9485751874681	0	0	0	0	-12772937242045381e-21	-2245331342534584e-21	-26592653283355616e-21	-0.01059263202324738	-0.0017554115015922275
7	4.7671321747275135	4.7671321747275135	4.7671321747275135	0.0910921281695366	37.49070983923923	16.334835361420172	9.602887099915186	3406.427557121649	603.9485751874661	0	0	0	0	-12772909317522549e-21	-2245326111559696e-21	-2659265574823362e-20	-0.01059263608147164	-0.0017554118942368169
7.1	4.767132174727513	4.767132174727513	4.767132174727513	0.09109212816953714	37.49070983924011	16.334835361420343	9.602887099915172	3406.4275571216285	603.9485751874645	0	0	0	0	-12772886777610562e-21	-22453218742788626e-22	-2659265774172766e-20	-0.010592639403433845	-0.0017554122149632625
7.2	4.7671321747275135	4.7671321747275135	4.7671321747275135	0.09109212816953774	37.49070983924107	16.334835361420527	9.602887099915156	3406.4275571216076	603.9485751874629	0	0	0	0	-12772862193585093e-21	-22453172500421954e-22	-2659265935880948e-20	-0.010592642273485926	-0.0017554124885517629
7.3	4.7671321747275135	4.7671321747275135	4.7671321747275135	0.09109212816953782	37.49070983924118	16.33483536142055	9.602887099915153	3406.4275571216053	603.9485751874627	0	0	0	0	-12772860586987132e-21	-2245316949969078e-21	-26592660666244655e-21	-0.010592644205879857	-0.001755412680029034
7.4	4.7671321747275135	4.7671321747275135	4.7671321747275135	0.09109212816953804	37.49070983924161	16.334835361420634	9.602887099915147	3406.427557121596	603.948575187462	0	0	0	0	-12772850077812345e-21	-2245314968782142e-21	-2659266172574249e-20	-0.010592646002900883	-0.0017554128529258788
7.5	4.7671321747275135	4.7671321747275135	4.7671321747275135	0.0910921281695381	37.49070983924169	16.334835361420645	9.602887099915145	3406.4275571215935	603.9485751874618	0	0	0	0	-12772848190466162e-21	-22453146134292957e-22	-26592662583891605e-21	-0.010592647325621853	-0.0017554129827693603
7.6	4.7671321747275135	4.7671321747275135	4.7671321747275135	0.09109212816953816	37.49070983924177	16.334835361420662	9.602887099915144	3406.4275571215917	603.9485751874616	0	0	0	0	-1277284680705908e-20	-2245314351881233e-21	-26592663277899942e-21	-0.010592648406974069	-0.0017554130886731814
7.7	4.767132174727514	4.767132174727514	4.767132174727514	0.09109212816953821	37.490709839241866	16.33483536142068	9.602887099915144	3406.42755712159	603.9485751874614	0	0	0	0	-12772845024021665e-21	-2245314014917301e-21	-265926638408717e-19	-0.010592649310860063	-0.001755413176626544
7.8	4.7671321747275135	4.7671321747275135	4.7671321747275135	0.0910921281695382	37.49070983924188	16.33483536142068	9.602887099915142	3406.4275571215894	603.9485751874615	0	0	0	0	-127728452601375e-19	-2245314059160934e-21	-26592664296054073e-21	-0.01059265001349732	-0.001755413245570997
7.9	4.7671321747275135	4.7671321747275135	4.7671321747275135	0.0910921281695355	37.490709839236345	16.334835361419305	9.602887099915215	3406.4275571217145	603.9485751874741	0	0	0	0	-12772954940895128e-21	-2245334815980232e-21	-26592664665064753e-21	-0.010592648101841797	-0.0017554131104251694
8	4.767132174727514	4.767132174727514	4.767132174727514	0.09109212816951967	37.49070983920394	16.334835361411237	9.602887099915637	3406.427557122447	603.9485751875487	0	0	0	0	-1277359684459536e-20	-22454562959719863e-22	-26592664963285253e-21	-0.010592633985616391	-0.0017554120333439223
8.1	4.7671321747275135	4.7671321747275135	4.7671321747275135	0.09109212816949379	37.49070983915098	16.334835361398063	9.602887099916327	3406.427557123644	603.9485751876705	0	0	0	0	-12774645425928447e-21	-2245654738999233e-21	-2659266519988011e-20	-0.010592610532145235	-0.0017554102353871837
8.2	4.7671321747275135	4.7671321747275135	4.7671321747275135	0.09109212816946262	37.49070983908724	16.334835361382193	9.602887099917158	3406.4275571250846	603.9485751878171	0	0	0	0	-12775907606667524e-21	-22458936043421226e-22	-26592665383760103e-21	-0.010592582143719274	-0.0017554080557826604
8.3	4.767132174727514	4.767132174727514	4.767132174727514	0.09109212816943094	37.49070983902248	16.33483536136607	9.602887099918004	3406.427557126549	603.9485751879661	0	0	0	0	-12777190308585735e-21	-22461363512808065e-22	-2659266552383604e-20	-0.010592553222629456	-0.001755405833758059
8.4	4.7671321747275135	4.7671321747275135	4.7671321747275135	0.0910921281694035	37.490709838966445	16.33483536135212	9.602887099918735	3406.4275571278154	603.9485751880949	0	0	0	0	-1277830045345622e-20	-2246346439095436e-21	-2659266562901871e-20	-0.010592528171166717	-0.0017554039085410863
8.5	4.7671321747275135	4.7671321747275135	4.7671321747275135	0.09109212816938507	37.490709838928886	16.334835361342762	9.602887099919226	3406.427557128664	603.9485751881814	0	0	0	0	-12779044963052117e-21	-22464873270661625e-22	-26592665708218912e-21	-0.010592511391622006	-0.0017554026193594497
8.6	4.7671321747275135	4.7671321747275135	4.7671321747275135	0.09109212816938042	37.49070983891958	16.33483536134043	9.602887099919352	3406.427557128874	603.9485751882029	0	0	0	0	-12779230759146569e-21	-2246522474473137e-21	-26592665770347444e-21	-0.010592507286286267	-0.0017554023054408556
8.7	4.7671321747275135	4.7671321747275135	4.7671321747275135	0.09109212816939433	37.49070983894826	16.334835361347555	9.602887099918979	3406.4275571282255	603.9485751881369	0	0	0	0	-12778664763512715e-21	-22464153405965115e-22	-265926658243151e-19	-0.010592520257450439	-0.001755403306013011
8.8	4.7671321747275135	4.7671321747275135	4.7671321747275135	0.09109212816943152	37.49070983902471	16.334835361366554	9.602887099917988	3406.4275571264975	603.9485751879614	0	0	0	0	-12777153897923701e-21	-2246129384716437e-21	-2659266587903268e-20	-0.010592554707405472	-0.0017554059603036225
8.9	4.7671321747275135	4.7671321747275135	4.7671321747275135	0.0910921281694911	37.49070983914683	16.334835361396934	9.6028870999164	3406.427557123737	603.9485751876807	0	0	0	0	-12774737883500188e-21	-22456721372467657e-22	-26592665941684876e-21	-0.01059260974288646	-0.001755410199651452
9	4.7671321747275135	4.7671321747275135	4.7671321747275135	0.09109212816951727	37.49070983919911	16.334835361410033	9.6028870999157	3406.4275571225558	603.9485751875596	0	0	0	0	-1277369407238548e-20	-2245474686849095e-21	-26592665997437472e-21	-0.010592633564031183	-0.0017554120345888561
9.1	4.7671321747275135	4.7671321747275135	4.7671321747275135	0.09109212816952751	37.49070983921975	16.334835361415184	9.602887099915426	3406.42755712209	603.9485751875121	0	0	0	0	-12773283590153123e-21	-22453970275740737e-22	-26592666042545137e-21	-0.010592642968384906	-0.001755412759867281
9.2	4.7671321747275135	4.7671321747275135	4.7671321747275135	0.09109212816953384	37.490709839232764	16.334835361418424	9.602887099915257	3406.427557121796	603.9485751874823	0	0	0	0	-12773026273486079e-21	-22453483237105852e-22	-26592666079107603e-21	-0.01059264887731199	-0.001755413216049929
9.3	4.7671321747275135	4.7671321747275135	4.7671321747275135	0.0910921281695358	37.490709839236736	16.33483536141942	9.602887099915204	3406.427557121706	603.9485751874731	0	0	0	0	-12772947162365877e-21	-22453333547996453e-22	-26592666108682788e-21	-0.010592650723632729	-0.0017554133591364887
9.4	4.7671321747275135	4.7671321747275135	4.7671321747275135	0.09109212816953731	37.49070983923994	16.334835361420208	9.602887099915163	3406.427557121633	603.9485751874657	0	0	0	0	-12772884751942078e-21	-22453215354820628e-22	-26592666132657622e-21	-0.010592652181725958	-0.001755413472254653
9.5	4.7671321747275135	4.7671321747275135	4.7671321747275135	0.09109212816953773	37.490709839240786	16.334835361420417	9.602887099915156	3406.4275571216135	603.9485751874638	0	0	0	0	-12772868208414134e-21	-22453184044707057e-22	-26592666152051658e-21	-0.010592652589854855	-0.0017554135043111902
9.6	4.7671321747275135	4.7671321747275135	4.7671321747275135	0.09109212816953804	37.490709839241504	16.334835361420595	9.602887099915145	3406.4275571215976	603.9485751874622	0	0	0	0	-12772854230430262e-21	-2245315756115299e-21	-2659266616776889e-20	-0.010592652933935536	-0.0017554135313436628
9.7	4.7671321747275135	4.7671321747275135	4.7671321747275135	0.09109212816953816	37.490709839241696	16.33483536142065	9.602887099915145	3406.427557121593	603.9485751874618	0	0	0	0	-12772850405991e-18	-2245315031953752e-21	-26592666180486865e-21	-0.010592653042423605	-0.0017554135401147623
9.8	4.7671321747275135	4.7671321747275135	4.7671321747275135	0.0910921281695382	37.490709839241845	16.33483536142068	9.602887099915144	3406.4275571215894	603.9485751874614	0	0	0	0	-12772847526496094e-21	-22453144862146264e-22	-26592666190790313e-21	-0.01059265312556969	-0.0017554135468599782
9.9	4.7671321747275135	4.7671321747275135	4.7671321747275135	0.09109212816953823	37.490709839241894	16.334835361420684	9.602887099915142	3406.427557121588	603.9485751874615	0	0	0	0	-12772846596008685e-21	-2245314309947406e-21	-26592666199132063e-21	-0.010592653161226984	-0.0017554135498791556
10	4.7671321747275135	4.7671321747275135	4.7671321747275135	0.09109212816953825	37.49070983924192	16.334835361420698	9.602887099915142	3406.4275571215885	603.9485751874615	0	0	0	0	-12772846034047592e-21	-2245314203402085e-21	-265926662058862e-19	-0.010592653185902242	-0.0017554135520010958
10.1	4.7671321747275135	4.7671321747275135	4.7671321747275135	0.09109212816953824	37.49070983924194	16.334835361420698	9.60288709991514	3406.4275571215876	603.9485751874614	0	0	0	0	-12772845806212116e-21	-22453141601948604e-22	-26592666211357445e-21	-0.010592653200848495	-0.0017554135533309903
10.2	4.7671321747275135	4.7671321747275135	4.7671321747275135	0.09109212816953415	37.490709839240736	16.334835361421664	9.602887099915248	3406.4275571216162	603.9485751874522	0	0	0	0	-1277286553666889e-20	-2245317905412163e-21	-26592666215760072e-21	-0.010592652760192327	-0.001755413519442497
10.3	4.7671321747275135	4.7671321747275135	4.7671321747275135	0.09109212816945711	37.49070983921798	16.33483536143988	9.602887099917302	3406.4275571221547	603.94857518728	0	0	0	0	-12773238692924878e-21	-22453887371792146e-22	-2659266621885762e-20	-0.010592644281277954	-0.0017554128647526025
10.4	4.7671321747275135	4.7671321747275135	4.7671321747275135	0.0910921281692977	37.49070983917085	16.334835361477587	9.602887099921556	3406.4275571232706	603.9485751869237	0	0	0	0	-12774011010712495e-21	-2245535336796773e-21	-2659266622067628e-20	-0.010592626724233067	-0.0017554115089588329
10.5	4.7671321747275135	4.7671321747275135	4.7671321747275135	0.09109212816907578	37.49070983910525	16.334835361530068	9.602887099927473	3406.4275571248236	603.9485751864273	0	0	0	0	-12775085904250153e-21	-22457393703632173e-22	-265926662214104e-19	-0.010592602285515992	-0.001755409621692068
10.6	4.7671321747275135	4.7671321747275135	4.7671321747275135	0.09109212816881132	37.49070983902705	16.334835361592617	9.602887099934529	3406.4275571266753	603.9485751858361	0	0	0	0	-12776366787756274e-21	-22459825039769266e-22	-2659266622125437e-20	-0.010592573161585052	-0.001755407372583189
10.7	4.7671321747275135	4.7671321747275135	4.7671321747275135	0.09109212816852426	37.49070983894214	16.334835361660524	9.602887099942185	3406.4275571286857	603.9485751851942	0	0	0	0	-12777757075449274e-21	-22462464037362805e-22	-26592666220402548e-21	-0.010592541548898568	-0.0017554049312630765
10.8	4.7671321747275135	4.7671321747275135	4.7671321747275135	0.09109212816823449	37.4907098388564	16.33483536172907	9.602887099949912	3406.4275571307157	603.948575184546	0	0	0	0	-12779160181547572e-21	-2246512735739657e-21	-26592666219049307e-21	-0.01059250964391486	-0.001755402467362611
10.9	4.7671321747275135	4.7671321747275135	4.7671321747275135	0.091092128167962	37.490709838775715	16.334835361793555	9.602887099957181	3406.427557132626	603.9485751839366	0	0	0	0	-12780479520269588e-21	-22467631660854362e-22	-26592666217389014e-21	-0.010592479643092255	-0.0017554001505126738
11	4.7671321747275135	4.7671321747275135	4.7671321747275135	0.09109212816772665	37.49070983870596	16.33483536184926	9.602887099963459	3406.4275571342773	603.9485751834098	0	0	0	0	-12781618505833735e-21	-2246979360871997e-21	-26592666215616036e-21	-0.010592453742889071	-0.0017553981503441445
11.1	4.7671321747275135	4.7671321747275135	4.7671321747275135	0.0910921281675484	37.49070983865303	16.334835361891486	9.602887099968212	3406.4275571355306	603.9485751830107	0	0	0	0	-12782480552458438e-21	-22471429861977186e-22	-2659266621392475e-20	-0.010592434139763636	-0.0017553966364879045
11.2	4.7671321747275135	4.7671321747275135	4.7671321747275135	0.09109212816744718	37.49070983862281	16.334835361915513	9.602887099970912	3406.427557136246	603.9485751827837	0	0	0	0	-12782969074362106e-21	-22472357081609792e-22	-2659266621250952e-20	-0.010592423030174266	-0.0017553957785748343
11.3	4.7671321747275135	4.7671321747275135	4.7671321747275135	0.09109212816744292	37.49070983862117	16.334835361916628	9.602887099971028	3406.4275571362846	603.948575182773	0	0	0	0	-12782987485763165e-21	-22472391928601596e-22	-2659266621156471e-20	-0.010592422610579287	-0.0017553957462358143
11.4	4.7671321747275135	4.7671321747275135	4.7671321747275135	0.09109212816755553	37.490709838654	16.334835361890125	9.602887099968024	3406.4275571355074	603.9485751830235	0	0	0	0	-1278243920088003e-20	-22471351063936384e-22	-26592666211284695e-21	-0.010592435077437023	-0.0017553967091017253
11.5	4.7671321747275135	4.7671321747275135	4.7671321747275135	0.09109212816780496	37.49070983872718	16.334835361831292	9.602887099961372	3406.4275571337744	603.9485751835797	0	0	0	0	-12781227633931117e-21	-22469051148597937e-22	-26592666211863846e-21	-0.010592462627205795	-0.0017553988368034477
11.6	4.7671321747275135	4.7671321747275135	4.7671321747275135	0.09109212816821112	37.49070983884659	16.334835361735422	9.602887099950538	3406.4275571309477	603.9485751844859	0	0	0	0	-12779256199134848e-21	-2246530884357006e-21	-26592666213496522e-21	-0.010592507456343924	-0.0017554022989718628
11.7	4.7671321747275135	4.7671321747275135	4.7671321747275135	0.09109212816879397	37.49070983901814	16.3348353615978	9.602887099934994	3406.4275571268868	603.9485751857869	0	0	0	0	-12776428310709642e-21	-22459940809836533e-22	-26592666216377108e-21	-0.01059257176130973	-0.0017554072652378506
11.8	4.7671321747275135	4.7671321747275135	4.7671321747275135	0.09109212816918992	37.49070983913985	16.3348353615028	9.602887099924432	3406.427557124006	603.9485751866849	0	0	0	0	-12774540204758603e-21	-2245635815635722e-21	-26592666219823983e-21	-0.0105926146980865	-0.0017554105799289065
11.9	4.7671321747275135	4.7671321747275135	4.7671321747275135	0.09109212816917373	37.49070983914377	16.334835361504116	9.602887099924866	3406.427557123916	603.9485751866725	0	0	0	0	-12774673720308759e-21	-2245661400117804e-21	-26592666222648086e-21	-0.010592611665976913	-0.0017554103435875035
12	4.7671321747275135	4.7671321747275135	4.7671321747275135	0.09109212816930004	37.49070983917823	16.334835361475086	9.602887099921494	3406.427557123099	603.9485751869471	0	0	0	0	-12774042611983945e-21	-22455415224412288e-22	-26592666224922234e-21	-0.010592626019082924	-0.0017554114528643562
12.1	4.7671321747275135	4.7671321747275135	4.7671321747275135	0.09109212816939632	37.49070983920629	16.334835361452384	9.602887099918926	3406.427557122434	603.9485751871616	0	0	0	0	-12773575532052091e-21	-2245452856313473e-21	-26592666226767936e-21	-0.01059263664205294	-0.001755412273346151
12.2	4.7671321747275135	4.7671321747275135	4.7671321747275135	0.09109212816938356	37.49070983920569	16.334835361454438	9.602887099919267	3406.427557122449	603.9485751871423	0	0	0	0	-12773659520475582e-21	-22454688921100886e-22	-26592666228266164e-21	-0.010592634734358652	-0.0017554121251900708
12.3	4.7671321747275135	4.7671321747275135	4.7671321747275135	0.09109212816945945	37.49070983922349	16.334835361437882	9.602887099917242	3406.427557122026	603.9485751872987	0	0	0	0	-12773260215933392e-21	-2245392962556841e-21	-26592666229473633e-21	-0.010592643815288925	-0.0017554128277808227
12.4	4.7671321747275135	4.7671321747275135	4.7671321747275135	0.09109212816947689	37.49070983922887	16.334835361433676	9.602887099916778	3406.427557121899	603.9485751873385	0	0	0	0	-12773178858767044e-21	-22453775302291243e-22	-265926662304568e-19	-0.010592645666538308	-0.0017554129706757102
12.5	4.7671321747275135	4.7671321747275135	4.7671321747275135	0.09109212816947705	37.49070983922951	16.334835361433452	9.602887099916774	3406.4275571218845	603.9485751873407	0	0	0	0	-12773182682882979e-21	-22453782747919215e-22	-26592666231252477e-21	-0.010592645580683721	-0.0017554129638952334
12.6	4.7671321747275135	4.7671321747275135	4.7671321747275135	0.09109212816951022	37.490709839236324	16.33483536142651	9.602887099915888	3406.427557121722	603.9485751874064	0	0	0	0	-12773000735035843e-21	-22453436489430766e-22	-26592666231895318e-21	-0.01059264971864029	-0.001755413284312979
12.7	4.7671321747275135	4.7671321747275135	4.7671321747275135	0.09109212816951114	37.49070983923705	16.334835361426123	9.602887099915865	3406.4275571217054	603.94857518741	0	0	0	0	-12773000570852667e-21	-22453436343998864e-22	-265926662324184e-19	-0.01059264972312345	-0.0017554132845187483
12.8	4.7671321747275135	4.7671321747275135	4.7671321747275135	0.09109212816951696	37.490709839238185	16.334835361424926	9.602887099915709	3406.4275571216785	603.9485751874214	0	0	0	0	-12772967889257866e-21	-22453374127274134e-22	-265926662328407e-19	-0.010592650466820647	-0.001755413342136237
12.9	4.7671321747275135	4.7671321747275135	4.7671321747275135	0.09109212816952737	37.49070983924011	16.334835361422833	9.602887099915431	3406.427557121632	603.9485751874412	0	0	0	0	-12772909280551395e-21	-2245326252927462e-21	-26592666233182503e-21	-0.01059265179992804	-0.0017554134454267013
13	4.7671321747275135	4.7671321747275135	4.7671321747275135	0.09109212816952651	37.49070983924015	16.334835361422943	9.602887099915451	3406.4275571216313	603.9485751874402	0	0	0	0	-12772916381034571e-21	-224532761142795e-20	-26592666233459445e-21	-0.010592651638890836	-0.0017554134328982571
13.1	4.7671321747275135	4.7671321747275135	4.7671321747275135	0.09109212816953145	37.49070983924091	16.334835361422	9.602887099915321	3406.427557121613	603.948575187449	0	0	0	0	-12772886714604107e-21	-22453219572709386e-22	-26592666233683143e-21	-0.010592652313755927	-0.0017554134852393445
13.2	4.767132174727514	4.767132174727514	4.767132174727514	0.09109212816953371	37.490709839241354	16.334835361421547	9.602887099915261	3406.4275571216026	603.9485751874533	0	0	0	0	-12772873861077122e-21	-22453195096276458e-22	-2659266623386452e-20	-0.010592652606285348	-0.001755413507909962
13.3	4.7671321747275135	4.7671321747275135	4.7671321747275135	0.09109212816953341	37.49070983924138	16.334835361421593	9.602887099915268	3406.4275571216012	603.9485751874529	0	0	0	0	-12772876332247153e-21	-2245319982415322e-21	-26592666234011202e-21	-0.010592652550322873	-0.0017554135035579266
13.4	4.7671321747275135	4.7671321747275135	4.7671321747275135	0.09109212816951533	37.49070983923992	16.334835361424595	9.602887099915748	3406.4275571216367	603.9485751874244	0	0	0	0	-1277299931962562e-20	-22453434601922113e-22	-26592666234131752e-21	-0.01059264975415501	-0.0017554132863724695
13.5	4.767132174727514	4.767132174727514	4.767132174727514	0.09109212816940306	37.490709839230334	16.33483536144349	9.602887099918746	3406.42755712187	603.9485751872455	0	0	0	0	-12773757139140473e-21	-22454881103703882e-22	-26592666234236855e-21	-0.010592632523824952	-0.0017554119481644481
13.6	4.7671321747275135	4.7671321747275135	4.7671321747275135	0.09109212816924295	37.490709839216585	16.334835361470457	9.602887099923015	3406.4275571222033	603.9485751869902	0	0	0	0	-12774836490039563e-21	-22456941307420517e-22	-2659266623432642e-20	-0.010592607982830654	-0.0017554100421910842
13.7	4.7671321747275135	4.7671321747275135	4.7671321747275135	0.09109212816909637	37.49070983920394	16.334835361495177	9.602887099926924	3406.427557122511	603.948575186756	0	0	0	0	-1277582356132863e-20	-22458825348401143e-22	-265926662343992e-19	-0.010592585539964222	-0.0017554082991915886
13.8	4.7671321747275135	4.7671321747275135	4.7671321747275135	0.09109212816902468	37.49070983919762	16.334835361507327	9.602887099928838	3406.4275571226635	603.9485751866412	0	0	0	0	-12776304542013418e-21	-2245974336197488e-21	-26592666234453964e-21	-0.010592574604017758	-0.001755407449905174
13.9	4.7671321747275135	4.7671321747275135	4.7671321747275135	0.0910921281690892	37.4907098392029	16.334835361496566	9.602887099927116	3406.4275571225357	603.9485751867429	0	0	0	0	-12775865621099673e-21	-22458905483470844e-22	-2659266623448947e-20	-0.010592584583783364	-0.0017554082250710503
14	4.767132174727513	4.767132174727513	4.767132174727513	0.09109212816932322	37.4907098392228	16.334835361457216	9.602887099920874	3406.427557122053	603.9485751871155	0	0	0	0	-12774284889193226e-21	-224558882029913e-20	-26592666234506347e-21	-0.010592620524809644	-0.001755411016496767
14.1	4.7671321747275135	4.7671321747275135	4.7671321747275135	0.09109212816940908	37.49070983923167	16.334835361442096	9.602887099918586	3406.427557121838	603.9485751872585	0	0	0	0	-12773730849860834e-21	-22454831241955495e-22	-26592666234527947e-21	-0.010592633122080218	-0.0017554119943369842
14.2	4.7671321747275135	4.7671321747275135	4.7671321747275135	0.09109212816941878	37.490709839233425	16.334835361440064	9.602887099918325	3406.4275571217963	603.9485751872778	0	0	0	0	-1277368022741663e-20	-22454734953167776e-22	-26592666234549817e-21	-0.010592634273161716	-0.0017554120834182782
14.3	4.7671321747275135	4.7671321747275135	4.7671321747275135	0.09109212816948567	37.490709839238235	16.3348353614292	9.602887099916542	3406.4275571216785	603.9485751873806	0	0	0	0	-12773213812701005e-21	-22453844339411352e-22	-26592666234562858e-21	-0.010592644877982066	-0.0017554129073711223
14.4	4.7671321747275135	4.7671321747275135	4.7671321747275135	0.09109212816949488	37.49070983923938	16.334835361427466	9.602887099916298	3406.427557121651	603.948575187397	0	0	0	0	-12773158847721697e-21	-2245373957716005e-21	-26592666234575415e-21	-0.0105926461277634	-0.0017554130042924737
14.5	4.767132174727514	4.767132174727514	4.767132174727514	0.09109212816950897	37.49070983924028	16.334835361425235	9.602887099915922	3406.4275571216285	603.9485751874181	0	0	0	0	-12773058464705138e-21	-2245354785138156e-21	-265926662345861e-19	-0.010592648410169572	-0.001755413181669695
14.6	4.7671321747275135	4.7671321747275135	4.7671321747275135	0.09109212816952329	37.49070983924118	16.334835361422975	9.60288709991554	3406.4275571216062	603.9485751874395	0	0	0	0	-12772956284774018e-21	-2245335268830459e-21	-2659266623459494e-20	-0.01059265073342699	-0.0017554133622267117
14.7	4.7671321747275135	4.7671321747275135	4.7671321747275135	0.09109212816952399	37.49070983924135	16.334835361422794	9.602887099915522	3406.4275571216017	603.9485751874411	0	0	0	0	-12772953514568978e-21	-2245334744574451e-21	-2659266623460227e-20	-0.010592650796433173	-0.001755413367077937
14.8	4.7671321747275135	4.7671321747275135	4.7671321747275135	0.09109212816953145	37.490709839241674	16.334835361421696	9.602887099915323	3406.427557121594	603.9485751874515	0	0	0	0	-12772897068184554e-21	-22453239571436503e-22	-26592666234607863e-21	-0.01059265207984381	-0.0017554134668796516
14.9	4.7671321747275135	4.7671321747275135	4.7671321747275135	0.0910921281695334	37.4907098392418	16.3348353614214	9.60288709991527	3406.4275571215912	603.9485751874545	0	0	0	0	-12772883668313879e-21	-2245321398205005e-21	-2659266623461349e-20	-0.010592652384522757	-0.0017554134905543954
15	4.7671321747275135	4.7671321747275135	4.7671321747275135	0.09109212816953427	37.490709839241845	16.33483536142127	9.602887099915248	3406.42755712159	603.9485751874557	0	0	0	0	-12772877196622762e-21	-22453201617425808e-22	-2659266623461825e-20	-0.010592652531674969	-0.0017554135019942135
15.1	4.7671321747275135	4.7671321747275135	4.7671321747275135	0.09109212816953645	37.49070983924191	16.33483536142095	9.602887099915188	3406.4275571215876	603.9485751874588	0	0	0	0	-12772859898956078e-21	-22453168549586146e-22	-26592666234621043e-21	-0.010592652924970565	-0.0017554135325877959
15.2	4.7671321747275135	4.7671321747275135	4.7671321747275135	0.09109212816953662	37.490709839241944	16.334835361420925	9.602887099915185	3406.427557121587	603.948575187459	0	0	0	0	-12772859095198303e-21	-22453167019496944e-22	-2659266623462297e-20	-0.010592652943251731	-0.001755413534003712
15.3	4.7671321747275135	4.7671321747275135	4.7671321747275135	0.09109212816953734	37.49070983924196	16.334835361420822	9.602887099915165	3406.427557121587	603.9485751874602	0	0	0	0	-12772853044117132e-21	-22453155447228206e-22	-26592666234625793e-21	-0.010592653080836397	-0.0017554135447103607
15.4	4.7671321747275135	4.7671321747275135	4.7671321747275135	0.09109212816953768	37.49070983924195	16.334835361420772	9.602887099915156	3406.427557121587	603.9485751874606	0	0	0	0	-12772850275137065e-21	-22453150153192635e-22	-2659266623462767e-20	-0.010592653143797162	-0.0017554135496081363
15.5	4.7671321747275135	4.7671321747275135	4.7671321747275135	0.09109212816953773	37.49070983924195	16.33483536142076	9.602887099915154	3406.427557121587	603.9485751874607	0	0	0	0	-12772849973580732e-21	-2245314957750281e-21	-26592666234628883e-21	-0.010592653150656748	-0.0017554135501406643
15.6	4.7671321747275135	4.7671321747275135	4.7671321747275135	0.09109212816951387	37.490709839241866	16.334835361422773	9.602887099915792	3406.427557121589	603.9485751874416	0	0	0	0	-1277304534988186e-20	-22453523511581146e-22	-2659266623463206e-20	-0.010592648708537775	-0.00175541320418757
15.7	4.7671321747275135	4.7671321747275135	4.7671321747275135	0.09109212816941785	37.49070983924158	16.334835361430887	9.602887099918354	3406.427557121596	603.9485751873641	0	0	0	0	-12773831466565977e-21	-22455028065597907e-22	-26592666234640128e-21	-0.010592630835205024	-0.0017554118122162898
15.8	4.7671321747275135	4.7671321747275135	4.7671321747275135	0.09109212816927671	37.49070983924114	16.33483536144282	9.602887099922118	3406.4275571216062	603.94857518725	0	0	0	0	-1277498680925412e-20	-22457239279834557e-22	-26592666234651153e-21	-0.010592604567061589	-0.0017554097664625719
15.9	4.7671321747275135	4.7671321747275135	4.7671321747275135	0.09109212816912114	37.49070983924065	16.334835361455983	9.602887099926267	3406.427557121617	603.9485751871242	0	0	0	0	-12776259755464179e-21	-22459675570637034e-22	-2659266623466299e-20	-0.010592575625055537	-0.0017554075124742617
16	4.7671321747275135	4.7671321747275135	4.7671321747275135	0.09109212816898186	37.490709839240225	16.334835361467782	9.60288709992998	3406.427557121627	603.9485751870116	0	0	0	0	-12777398682714043e-21	-22461855354351284e-22	-26592666234673504e-21	-0.010592549730134937	-0.0017554054957992047
16.1	4.7671321747275135	4.7671321747275135	4.7671321747275135	0.09109212816888962	37.49070983923994	16.334835361475623	9.602887099932442	3406.4275571216335	603.9485751869365	0	0	0	0	-12778151968521609e-21	-2246329704732325e-21	-26592666234680565e-21	-0.010592532603247854	-0.001755404161985247
16.2	4.7671321747275135	4.7671321747275135	4.7671321747275135	0.09109212816887509	37.4907098392399	16.334835361476905	9.602887099932829	3406.427557121635	603.9485751869242	0	0	0	0	-12778267990404757e-21	-2246351906589887e-21	-26592666234682022e-21	-0.010592529965342358	-0.001755403956580234
16.3	4.7671321747275135	4.7671321747275135	4.7671321747275135	0.09109212816896901	37.490709839240196	16.334835361469043	9.60288709993032	3406.4275571216285	603.9485751869994	0	0	0	0	-12777495125881384e-21	-2246203982642408e-21	-26592666234675747e-21	-0.010592547537366517	-0.0017554053251320114
16.4	4.7671321747275135	4.7671321747275135	4.7671321747275135	0.09109212816920209	37.49070983924092	16.334835361449446	9.602887099924105	3406.4275571216117	603.9485751871866	0	0	0	0	-12775581752469377e-21	-22458377745244826e-22	-26592666234659593e-21	-0.010592591040268395	-0.0017554087131884252
16.5	4.7671321747275135	4.7671321747275135	4.7671321747275135	0.09109212816940612	37.49070983924151	16.334835361432	9.602887099918663	3406.427557121598	603.9485751873533	0	0	0	0	-12773921379353254e-21	-2245520007044428e-21	-26592666234645654e-21	-0.010592628790920069	-0.0017554116530836092
16.6	4.7671321747275135	4.7671321747275135	4.7671321747275135	0.09109212816945403	37.49070983924161	16.334835361427608	9.602887099917385	3406.427557121596	603.9485751873951	0	0	0	0	-12773546086390113e-21	-22454482004522873e-22	-26592666234642398e-21	-0.010592637323696622	-0.0017554123174161231
16.7	4.7671321747275135	4.7671321747275135	4.7671321747275135	0.09109212816950328	37.490709839241816	16.334835361423572	9.602887099916073	3406.4275571215912	603.9485751874338	0	0	0	0	-12773136170509094e-21	-22453697384814428e-22	-26592666234638474e-21	-0.010592646643630278	-0.0017554130433253803
16.8	4.7671321747275135	4.7671321747275135	4.7671321747275135	0.09109212816951848	37.490709839241866	16.33483536142225	9.602887099915668	3406.42755712159	603.9485751874463	0	0	0	0	-1277301325137295e-20	-2245346214619292e-21	-26592666234638125e-21	-0.010592649438350848	-0.001755413260961719
16.9	4.767132174727513	4.767132174727513	4.767132174727513	0.09109212816952861	37.49070983924191	16.33483536142145	9.602887099915398	3406.4275571215885	603.948575187454	0	0	0	0	-12772927780321212e-21	-2245329853217467e-21	-26592666234637136e-21	-0.010592651381637447	-0.0017554134123331725
17	4.7671321747275135	4.7671321747275135	4.7671321747275135	0.0910921281695336	37.49070983924193	16.33483536142105	9.602887099915263	3406.427557121588	603.9485751874579	0	0	0	0	-12772885578767242e-21	-22453217749121337e-22	-26592666234637055e-21	-0.010592652341140742	-0.001755413487071648
17.1	4.7671321747275135	4.7671321747275135	4.7671321747275135	0.09109212816953552	37.49070983924194	16.3348353614209	9.602887099915211	3406.4275571215885	603.9485751874593	0	0	0	0	-12772869441047079e-21	-2245318685686846e-21	-26592666234637302e-21	-0.010592652708051733	-0.0017554135156523226
17.2	4.7671321747275135	4.7671321747275135	4.7671321747275135	0.09109212816953713	37.49070983924195	16.33483536142078	9.60288709991517	3406.4275571215885	603.9485751874605	0	0	0	0	-12772855519840935e-21	-22453160203239533e-22	-2659266623463773e-20	-0.010592653024567853	-0.0017554135403114084
17.3	4.7671321747275135	4.7671321747275135	4.7671321747275135	0.09109212816953753	37.49070983924195	16.334835361420748	9.60288709991516	3406.427557121588	603.9485751874607	0	0	0	0	-12772852182537888e-21	-22453153814878847e-22	-2659266623463821e-20	-0.010592653100446783	-0.0017554135462217219
17.4	4.7671321747275135	4.7671321747275135	4.7671321747275135	0.09109212816953798	37.49070983924195	16.33483536142072	9.602887099915149	3406.4275571215876	603.948575187461	0	0	0	0	-12772848221086775e-21	-224531462293292e-20	-26592666234637417e-21	-0.01059265319051504	-0.0017554135532398868
17.5	4.7671321747275135	4.7671321747275135	4.7671321747275135	0.0910921281695381	37.490709839241944	16.33483536142071	9.602887099915145	3406.427557121588	603.9485751874611	0	0	0	0	-12772847231649416e-21	-22453144335117355e-22	-26592666234636055e-21	-0.01059265321301116	-0.0017554135549925154
17.6	4.7671321747275135	4.7671321747275135	4.7671321747275135	0.09109212816953818	37.490709839241944	16.334835361420705	9.602887099915144	3406.427557121588	603.9485751874611	0	0	0	0	-12772846343010874e-21	-2245314263323357e-21	-26592666234635906e-21	-0.010592653233215798	-0.0017554135565670656
17.7	4.7671321747275135	4.7671321747275135	4.7671321747275135	0.09109212816953824	37.490709839241944	16.33483536142071	9.602887099915142	3406.4275571215876	603.9485751874612	0	0	0	0	-12772846004737127e-21	-22453141985400788e-22	-26592666234635906e-21	-0.010592653240906982	-0.0017554135571663724
17.8	4.7671321747275135	4.7671321747275135	4.7671321747275135	0.09109212816953786	37.490709839242285	16.334835361421195	9.602887099915149	3406.427557121581	603.9485751874566	0	0	0	0	-12772857649053783e-21	-22453164293186344e-22	-26592666234636018e-21	-0.010592652976162256	-0.0017554135365275675
17.9	4.7671321747275135	4.7671321747275135	4.7671321747275135	0.09109212816952622	37.49070983925259	16.334835361436316	9.602887099915462	3406.4275571213625	603.9485751873151	0	0	0	0	-1277322068407152e-20	-22453859780073432e-22	-26592666234636984e-21	-0.010592644722201302	-0.0017554128930750213
18	4.7671321747275135	4.7671321747275135	4.7671321747275135	0.09109212816950103	37.490709839274864	16.334835361469047	9.602887099916131	3406.4275571208914	603.948575187009	0	0	0	0	-12774006444892703e-21	-22455365106367583e-22	-26592666234638898e-21	-0.010592626857149488	-0.0017554115003729394
18.1	4.7671321747275135	4.7671321747275135	4.7671321747275135	0.09109212816946599	37.49070983930585	16.334835361514592	9.60288709991707	3406.427557120235	603.948575186583	0	0	0	0	-12775099916681957e-21	-2245745993113716e-21	-26592666234641486e-21	-0.01059260199598317	-0.001755409562276975
18.2	4.7671321747275135	4.7671321747275135	4.7671321747275135	0.09109212816942475	37.49070983934227	16.334835361568167	9.602887099918169	3406.427557119465	603.9485751860818	0	0	0	0	-12776386084603897e-21	-22459923913450484e-22	-26592666234644485e-21	-0.010592572753678718	-0.0017554072826427814
18.3	4.7671321747275135	4.7671321747275135	4.7671321747275135	0.091092128169381	37.49070983938086	16.33483536162499	9.602887099919336	3406.427557118648	603.9485751855502	0	0	0	0	-12777749933823142e-21	-22462536712375912e-22	-26592666234647636e-21	-0.010592541745212493	-0.0017554048653260117
18.4	4.767132174727514	4.767132174727514	4.767132174727514	0.09109212816933847	37.490709839418344	16.334835361680266	9.602887099920473	3406.4275571178564	603.9485751850333	0	0	0	0	-1277907644950432e-20	-2246507798698178e-21	-2659266623465068e-20	-0.01059251158556086	-0.0017554025141823192
18.5	4.7671321747275135	4.7671321747275135	4.7671321747275135	0.09109212816930079	37.49070983945145	16.334835361729212	9.602887099921476	3406.427557117156	603.9485751845755	0	0	0	0	-12780250616812042e-21	-22467327396336424e-22	-2659266623465333e-20	-0.01059248488970019	-0.0017554004330673572
18.6	4.7671321747275135	4.7671321747275135	4.7671321747275135	0.09109212816927167	37.4907098394769	16.33483536176704	9.602887099922256	3406.427557116618	603.9485751842217	0	0	0	0	-12781157420910932e-21	-22469064599508193e-22	-26592666234655358e-21	-0.01059246427260684	-0.001755398825836779
18.7	4.7671321747275135	4.7671321747275135	4.7671321747275135	0.0910921281692548	37.49070983949144	16.33483536178896	9.602887099922706	3406.427557116311	603.9485751840166	0	0	0	0	-12781681846965608e-21	-22470069255565424e-22	-2659266623465647e-20	-0.010592452349257176	-0.0017553978963462378
18.8	4.7671321747275135	4.7671321747275135	4.7671321747275135	0.09109212816925387	37.49070983949178	16.334835361790187	9.60288709992273	3406.427557116305	603.9485751840052	0	0	0	0	-12781708880140692e-21	-22470121023576464e-22	-2659266623465641e-20	-0.010592451734627565	-0.0017553978484513867
18.9	4.7671321747275135	4.7671321747275135	4.7671321747275135	0.09109212816927253	37.49070983947466	16.334835361765933	9.602887099922235	3406.427557116668	603.9485751842321	0	0	0	0	-12781123505600803e-21	-22468999562609652e-22	-26592666234654924e-21	-0.01059246504369437	-0.001755398886007879
19	4.7671321747275135	4.7671321747275135	4.7671321747275135	0.09109212816931452	37.4907098394368	16.334835361711402	9.602887099921114	3406.4275571174708	603.9485751847423	0	0	0	0	-12779810708510563e-21	-22466484531733327e-22	-26592666234651746e-21	-0.010592494891433954	-0.001755401212871368
19.1	4.7671321747275135	4.7671321747275135	4.7671321747275135	0.09109212816938345	37.490709839374944	16.33483536162182	9.602887099919274	3406.427557118781	603.9485751855802	0	0	0	0	-12777655474034587e-21	-22462355590015832e-22	-26592666234646603e-21	-0.010592543892822685	-0.001755405032897507
19.2	4.7671321747275135	4.7671321747275135	4.7671321747275135	0.09109212816947186	37.49070983929686	16.33483536150697	9.602887099916916	3406.4275571204334	603.9485751866547	0	0	0	0	-12774898248992768e-21	-2245707342282669e-21	-26592666234640162e-21	-0.010592606581069938	-0.0017554099198676633
19.3	4.7671321747275135	4.7671321747275135	4.7671321747275135	0.09109212816949956	37.490709839279276	16.334835361470994	9.602887099916176	3406.427557120793	603.9485751869913	0	0	0	0	-12774068578927703e-21	-22455484273018795e-22	-26592666234638864e-21	-0.010592625444481337	-0.0017554113901189282
19.4	4.7671321747275135	4.7671321747275135	4.7671321747275135	0.09109212816950842	37.4907098392738	16.334835361459493	9.60288709991594	3406.427557120904	603.9485751870988	0	0	0	0	-12773803957815747e-21	-22454977423868683e-22	-26592666234638942e-21	-0.010592631460918722	-0.0017554118590462646
19.5	4.7671321747275135	4.7671321747275135	4.7671321747275135	0.09109212816952562	37.49070983925581	16.334835361437147	9.60288709991548	3406.42755712129	603.9485751873078	0	0	0	0	-12773253752299046e-21	-22453923245392964e-22	-26592666234638268e-21	-0.010592643970372255	-0.0017554128343555712
19.6	4.7671321747275135	4.7671321747275135	4.7671321747275135	0.09109212816952814	37.49070983925481	16.3348353614339	9.602887099915412	3406.4275571213084	603.9485751873381	0	0	0	0	-12773181911600922e-21	-22453785669160904e-22	-2659266623463877e-20	-0.010592645603749685	-0.001755412961638595
19.7	4.7671321747275135	4.7671321747275135	4.7671321747275135	0.09109212816953322	37.49070983924839	16.334835361427263	9.602887099915277	3406.4275571214475	603.9485751874001	0	0	0	0	-12773012980217171e-21	-2245346195511978e-21	-26592666234638427e-21	-0.01059264944456165	-0.0017554132611342192
19.8	4.7671321747275135	4.7671321747275135	4.7671321747275135	0.09109212816953528	37.490709839246215	16.33483536142461	9.60288709991522	3406.4275571214944	603.948575187425	0	0	0	0	-12772947481607035e-21	-22453336459936047e-22	-265926662346382e-19	-0.010592650933735737	-0.0017554133772406041
19.9	4.7671321747275135	4.7671321747275135	4.7671321747275135	0.09109212816953602	37.4907098392454	16.334835361423664	9.6028870999152	3406.427557121512	603.9485751874337	0	0	0	0	-12772923942810216e-21	-2245329135809168e-21	-26592666234637607e-21	-0.010592651468913031	-0.0017554134189683576
20	4.7671321747275135	4.7671321747275135	4.7671321747275135	0.0910921281695373	37.49070983924346	16.33483536142197	9.602887099915165	3406.427557121555	603.9485751874496	0	0	0	0	-127728792817672e-19	-22453205764373553e-22	-26592666234637522e-21	-0.010592652484322618	-0.0017554134981585916
20.1	4.7671321747275135	4.7671321747275135	4.7671321747275135	0.09109212816953749	37.49070983924331	16.334835361421728	9.602887099915161	3406.427557121558	603.9485751874518	0	0	0	0	-1277287360596866e-20	-2245319489153852e-21	-26592666234638278e-21	-0.010592652613368588	-0.0017554135082179778
20.2	4.7671321747275135	4.7671321747275135	4.7671321747275135	0.09109212816953788	37.49070983924262	16.334835361421202	9.60288709991515	3406.427557121573	603.9485751874566	0	0	0	0	-12772859274380591e-21	-22453167421212764e-22	-2659266623463769e-20	-0.010592652939208637	-0.001755413533633334
20.3	4.7671321747275135	4.7671321747275135	4.7671321747275135	0.09109212816953802	37.49070983924239	16.33483536142101	9.602887099915145	3406.427557121578	603.9485751874583	0	0	0	0	-12772854109346358e-21	-22453157522095067e-22	-265926662346379e-19	-0.010592653056639319	-0.0017554135427919801
20.4	4.7671321747275135	4.7671321747275135	4.7671321747275135	0.09109212816953807	37.49070983924229	16.334835361420932	9.602887099915144	3406.427557121581	603.948575187459	0	0	0	0	-1277285201127382e-20	-2245315350075316e-21	-26592666234638112e-21	-0.010592653104340698	-0.0017554135465125752
20.5	4.7671321747275135	4.7671321747275135	4.7671321747275135	0.09109212816953818	37.49070983924211	16.3348353614208	9.60288709991514	3406.4275571215844	603.9485751874603	0	0	0	0	-12772848400852537e-21	-22453146579816553e-22	-26592666234637732e-21	-0.010592653186425969	-0.0017554135529158476
20.6	4.7671321747275135	4.7671321747275135	4.7671321747275135	0.0910921281695382	37.49070983924209	16.334835361420776	9.60288709991514	3406.427557121585	603.9485751874605	0	0	0	0	-12772847950445173e-21	-22453145716877365e-22	-2659266623463743e-20	-0.010592653196665225	-0.00175541355371428
20.7	4.767132174727514	4.767132174727514	4.767132174727514	0.0910921281695361	37.49070983924747	16.334835361423025	9.602887099915195	3406.4275571214644	603.9485751874397	0	0	0	0	-12772921382746328e-21	-22453286537483858e-22	-26592666234637438e-21	-0.010592651527128455	-0.0017554134234280352
20.8	4.7671321747275135	4.7671321747275135	4.7671321747275135	0.09109212816951993	37.490709839289174	16.33483536144056	9.602887099915627	3406.4275571205267	603.9485751872761	0	0	0	0	-12773493048915407e-21	-2245438281451057e-21	-26592666234638573e-21	-0.01059263852987758	-0.0017554124091600945
20.9	4.7671321747275135	4.7671321747275135	4.7671321747275135	0.09109212816949237	37.49070983936026	16.33483536147046	9.602887099916364	3406.4275571189296	603.9485751869973	0	0	0	0	-12774467638877944e-21	-22456251772482386e-22	-26592666234640602e-21	-0.010592616371856859	-0.0017554106800130769
21	4.7671321747275135	4.7671321747275135	4.7671321747275135	0.09109212816945894	37.49070983944647	16.334835361506734	9.602887099917254	3406.427557116991	603.948575186659	0	0	0	0	-12775649966772365e-21	-22458519105449202e-22	-26592666234643086e-21	-0.010592589490760713	-0.001755408582292269
21.1	4.767132174727513	4.767132174727513	4.767132174727513	0.09109212816942512	37.490709839533565	16.3348353615434	9.602887099918156	3406.427557115034	603.9485751863172	0	0	0	0	-12776844846737112e-21	-2246081050746093e-21	-2659266623464558e-20	-0.010592562324283575	-0.0017554064623029576
21.2	4.7671321747275135	4.7671321747275135	4.7671321747275135	0.09109212816939645	37.4907098396073	16.33483536157448	9.60288709991892	3406.4275571133776	603.9485751860273	0	0	0	0	-1277785709291062e-20	-22462751672567452e-22	-26592666234647653e-21	-0.010592539310119869	-0.001755404666350429
21.3	4.7671321747275135	4.7671321747275135	4.7671321747275135	0.09109212816937846	37.490709839653434	16.334835361593978	9.602887099919402	3406.4275571123408	603.9485751858455	0	0	0	0	-12778491519431322e-21	-22463968294818695e-22	-26592666234648873e-21	-0.010592524885964025	-0.0017554035407399689
21.4	4.7671321747275135	4.7671321747275135	4.7671321747275135	0.09109212816937665	37.49070983965771	16.33483536159592	9.602887099919451	3406.4275571122453	603.9485751858274	0	0	0	0	-12778552940437658e-21	-22464086068264537e-22	-26592666234648788e-21	-0.010592523489510466	-0.0017554034317768645
21.5	4.7671321747275135	4.7671321747275135	4.7671321747275135	0.09109212816939655	37.4907098396059	16.334835361574317	9.60288709991892	3406.4275571134094	603.9485751860287	0	0	0	0	-1277784617006806e-20	-2246273068695489e-21	-26592666234646972e-21	-0.010592539558453622	-0.0017554046857664015
21.6	4.7671321747275135	4.7671321747275135	4.7671321747275135	0.09109212816944363	37.490709839483735	16.33483536152318	9.602887099917663	3406.427557116155	603.9485751865055	0	0	0	0	-12776176022460968e-21	-22459527844939667e-22	-26592666234642984e-21	-0.010592577530487916	-0.001755407649013867
21.7	4.7671321747275135	4.7671321747275135	4.7671321747275135	0.09109212816950132	37.49070983933534	16.33483536146063	9.602887099916124	3406.42755711949	603.9485751870887	0	0	0	0	-12774138774883297e-21	-2245562105461461e-21	-2659266623463846e-20	-0.010592623848815284	-0.0017554112635490338
21.8	4.7671321747275135	4.7671321747275135	4.7671321747275135	0.09109212816951832	37.49070983929409	16.33483536144237	9.602887099915671	3406.4275571204153	603.9485751872592	0	0	0	0	-12773555555050388e-21	-22454502705750856e-22	-2659266623463769e-20	-0.010592637108759313	-0.001755412298236619
21.9	4.7671321747275135	4.7671321747275135	4.7671321747275135	0.09109212816952922	37.49070983926571	16.334835361430542	9.60288709991538	3406.4275571210537	603.9485751873694	0	0	0	0	-12773168504040282e-21	-22453760452990225e-22	-26592666234636374e-21	-0.010592645908648115	-0.0017554129849638284
22	4.7671321747275135	4.7671321747275135	4.7671321747275135	0.09109212816953391	37.49070983925364	16.334835361425448	9.602887099915257	3406.4275571213243	603.9485751874168	0	0	0	0	-12773002635408155e-21	-22453442370134816e-22	-2659266623463505e-20	-0.010592649679794106	-0.0017554132792515966
22.1	4.7671321747275135	4.7671321747275135	4.7671321747275135	0.09109212816953598	37.49070983924811	16.334835361423167	9.602887099915199	3406.4275571214494	603.9485751874382	0	0	0	0	-12772927560230895e-21	-22453298395120537e-22	-26592666234634846e-21	-0.01059265138668282	-0.001755413412456311
22.2	4.7671321747275135	4.7671321747275135	4.7671321747275135	0.0910921281695373	37.49070983924461	16.334835361421753	9.602887099915167	3406.427557121527	603.9485751874513	0	0	0	0	-12772880943527587e-21	-2245320899365323e-21	-2659266623463419e-20	-0.010592652446547534	-0.0017554134951702088
22.3	4.7671321747275135	4.7671321747275135	4.7671321747275135	0.09109212816953771	37.490709839243536	16.334835361421312	9.602887099915154	3406.4275571215517	603.9485751874554	0	0	0	0	-12772866549879615e-21	-2245318139022008e-21	-2659266623463385e-20	-0.010592652773797964	-0.0017554135207089035
22.4	4.7671321747275135	4.7671321747275135	4.7671321747275135	0.09109212816953803	37.490709839242584	16.334835361420943	9.602887099915147	3406.4275571215735	603.9485751874589	0	0	0	0	-12772853813789466e-21	-2245315696333362e-21	-2659266623463364e-20	-0.01059265306336182	-0.0017554135433084617
22.5	4.7671321747275135	4.7671321747275135	4.7671321747275135	0.09109212816953811	37.49070983924234	16.334835361420847	9.602887099915144	3406.427557121579	603.9485751874598	0	0	0	0	-12772850635178643e-21	-2245315086729744e-21	-2659266623463317e-20	-0.010592653135629435	-0.0017554135489483928
22.6	4.7671321747275135	4.7671321747275135	4.7671321747275135	0.0910921281695382	37.4907098392421	16.334835361420755	9.602887099915142	3406.427557121584	603.9485751874607	0	0	0	0	-12772847588333303e-21	-22453145023735087e-22	-26592666234633745e-21	-0.010592653204901301	-0.0017554135543549562
22.7	4.7671321747275135	4.7671321747275135	4.7671321747275135	0.09109212816953823	37.490709839242044	16.33483536142073	9.60288709991514	3406.4275571215862	603.948575187461	0	0	0	0	-12772846752115433e-21	-22453143419984394e-22	-26592666234634216e-21	-0.010592653223913806	-0.0017554135558387463
22.8	4.767132174727514	4.767132174727514	4.767132174727514	0.09109212816953824	37.490709839241994	16.334835361420716	9.60288709991514	3406.427557121587	603.9485751874611	0	0	0	0	-12772846108804992e-21	-2245314218607075e-21	-26592666234634626e-21	-0.01059265323854057	-0.0017554135569803901
22.9	4.7671321747275135	4.7671321747275135	4.7671321747275135	0.09109212816953824	37.490709839241966	16.334835361420712	9.60288709991514	3406.4275571215876	603.9485751874613	0	0	0	0	-12772845872602836e-21	-22453141732992266e-22	-26592666234634822e-21	-0.010592653243911303	-0.0017554135573995754
23	4.7671321747275135	4.7671321747275135	4.7671321747275135	0.09109212816953796	37.49070983924221	16.33483536142101	9.602887099915149	3406.427557121582	603.9485751874586	0	0	0	0	-12772849439205719e-21	-22453148574815216e-22	-2659266623463511e-20	-0.01059265316282268	-0.0017554135510695818
23.1	4.7671321747275135	4.7671321747275135	4.7671321747275135	0.09109212816953362	37.4907098392462	16.334835361425785	9.602887099915263	3406.4275571214957	603.9485751874138	0	0	0	0	-12772907818882968e-21	-22453260563876637e-22	-26592666234635486e-21	-0.010592651835522241	-0.001755413447457726
23.2	4.7671321747275135	4.7671321747275135	4.7671321747275135	0.09109212816952528	37.49070983925389	16.334835361434976	9.602887099915487	3406.427557121331	603.9485751873278	0	0	0	0	-12773020088961613e-21	-22453475930146444e-22	-26592666234635855e-21	-0.010592649282987534	-0.0017554132482016072
23.3	4.7671321747275135	4.7671321747275135	4.7671321747275135	0.09109212816951459	37.4907098392637	16.334835361446736	9.602887099915774	3406.4275571211197	603.9485751872178	0	0	0	0	-12773163794358159e-21	-22453751598273936e-22	-265926662346362e-19	-0.010592646015749793	-0.0017554129931543969
23.4	4.767132174727514	4.767132174727514	4.767132174727514	0.09109212816950325	37.490709839274125	16.334835361459234	9.602887099916078	3406.4275571208964	603.9485751871008	0	0	0	0	-12773316479989108e-21	-224540444929084e-20	-2659266623463648e-20	-0.010592642544340272	-0.0017554127221692671
23.5	4.7671321747275135	4.7671321747275135	4.7671321747275135	0.09109212816949289	37.4907098392836	16.334835361470635	9.602887099916353	3406.427557120692	603.9485751869942	0	0	0	0	-12773455690770972e-21	-2245431153869913e-21	-2659266623463667e-20	-0.010592639379290215	-0.0017554124750993887
23.6	4.7671321747275135	4.7671321747275135	4.7671321747275135	0.0910921281694852	37.49070983929061	16.3348353614791	9.60288709991656	3406.427557120542	603.9485751869149	0	0	0	0	-12773558971620253e-21	-22454509660295417e-22	-26592666234636736e-21	-0.010592637031130872	-0.001755412291797934
23.7	4.7671321747275135	4.7671321747275135	4.7671321747275135	0.09109212816948183	37.49070983929359	16.334835361482796	9.60288709991665	3406.427557120478	603.9485751868804	0	0	0	0	-1277360386745346e-20	-2245459578234657e-21	-26592666234636662e-21	-0.010592636010393489	-0.001755412212118074
23.8	4.7671321747275135	4.7671321747275135	4.7671321747275135	0.09109212816948448	37.490709839291	16.334835361479886	9.602887099916579	3406.427557120534	603.9485751869075	0	0	0	0	-12773567923187098e-21	-22454526829501863e-22	-2659266623463641e-20	-0.01059263682760931	-0.0017554122759129804
23.9	4.7671321747275135	4.7671321747275135	4.7671321747275135	0.09109212816949479	37.490709839281315	16.33483536146853	9.602887099916304	3406.4275571207427	603.9485751870137	0	0	0	0	-12773428683737674e-21	-22454259726410607e-22	-26592666234635957e-21	-0.01059263999330959	-0.0017554125230358248
24	4.7671321747275135	4.7671321747275135	4.7671321747275135	0.09109212816951445	37.490709839263	16.334835361446903	9.60288709991578	3406.4275571211374	603.9485751872161	0	0	0	0	-12773163694021692e-21	-2245375139772208e-21	-2659266623463527e-20	-0.01059264601802557	-0.0017554129933397785
