0	4.7671321747275135	4.7671321747275135	4.7671321747275135	0.09109212816953825	37.49070983924196	16.3348353614207	9.60288709991514	3406.4275571215885	603.9485751874613	0	0	0	0	0	0	0	0	0
0.1	4.7671321747275135	4.7671321747275135	4.7671321747275135	0.09109212816953825	37.49070983924196	16.3348353614207	9.60288709991514	3406.4275571215885	603.9485751874613	0	0	0	0	14.000199712553696	0.0032140379359502317	0	145.8590473260162	0.0067023730483940225
0.2	4.7671321747275135	4.7671321747275135	4.7671321747275135	0.09109212816953825	37.49070983924196	16.3348353614207	9.60288709991514	3406.4275571215885	603.9485751874613	0	0	0	0	18.923300550168456	0.015473404290534131	0	411.3879361702618	0.06811339283594735
0.3	4.7671321747275135	4.7671321747275135	4.7671321747275135	0.09109212816953827	37.49070983924196	16.3348353614207	9.60288709991514	3406.4275571215885	603.9485751874613	0	0	0	0	20.65480596320613	0.03281118102919123	0	678.2417032324897	0.2256554817371944
0.4	4.7671321747275135	4.7671321747275135	4.7671321747275135	0.09109212816953825	37.49070983924196	16.3348353614207	9.60288709991514	3406.4275571215885	603.9485751874613	0	0	0	0	21.264332862286608	0.05086861316746677	0	912.5649714001022	0.47970344000860776
0.5	4.7671321747275135	4.7671321747275135	4.7671321747275135	0.09109212816953825	37.49070983924196	16.3348353614207	9.60288709991514	3406.4275571215885	603.9485751874613	0	0	0	0	21.47956273639172	0.06740096236543251	0	1108.7358506270748	0.8076650143928541
0.6	4.7671321747275135	4.7671321747275135	4.7671321747275135	0.09109212816953825	37.49070983924195	16.3348353614207	9.60288709991514	3406.4275571215885	603.9485751874613	0	0	0	0	21.556452381482384	0.0816348707697516	0	1269.8623539034575	1.1813214206756328
0.7	4.7671321747275135	4.7671321747275135	4.7671321747275135	0.09109212816953825	37.49070983924196	16.334835361420698	9.60288709991514	3406.4275571215885	603.9485751874613	0	0	0	0	21.584703773090812	0.09352164330837491	0	1401.1565043777414	1.5753775300348776
0.8	4.7671321747275135	4.7671321747275135	4.7671321747275135	0.09109212816953825	37.49070983924195	16.334835361420698	9.60288709991514	3406.4275571215885	603.9485751874613	0	0	0	0	21.595900149730298	0.10329686875161612	0	1507.7825441210673	1.9702094416022131
0.9	4.7671321747275135	4.7671321747275135	4.7671321747275135	0.09109212816953824	37.490709839241944	16.334835361420694	9.60288709991514	3406.4275571215885	603.9485751874613	0	0	0	0	21.601078989929704	0.11127428055850648	0	1594.2545876978477	2.351944256356058
1	4.7671321747275135	4.7671321747275135	4.7671321747275135	0.09109212816953825	37.49070983924195	16.334835361420698	9.60288709991514	3406.4275571215885	603.9485751874613	0	0	0	0	21.604078030142208	0.1177598220056759	0	1664.339912671401	2.7115761949063804
1.1	4.7671321747275135	4.7671321747275135	4.7671321747275135	0.09109212816953824	37.49070983924195	16.334835361420698	9.60288709991514	3406.4275571215885	603.9485751874613	0	0	0	0	21.606232946119526	0.1230228029607653	0	1721.1317817889565	3.043820280907642
1.2	4.7671321747275135	4.7671321747275135	4.7671321747275135	0.09109212816953824	37.49070983924196	16.3348353614207	9.60288709991514	3406.4275571215885	603.9485751874613	0	0	0	0	21.608004799163464	0.12729106927579933	0	1767.1610079159852	3.3460975260004004
1.3	4.7671321747275135	4.7671321747275135	4.7671321747275135	0.09109212816953824	37.49070983924196	16.3348353614207	9.60288709991514	3406.427557121588	603.9485751874613	0	0	0	0	21.609537708214372	0.13074999977058016	0	1804.4523152457791	3.617875322873145
1.4	4.7671321747275135	4.7671321747275135	4.7671321747275135	0.09109212816953827	37.49070983924195	16.334835361420698	9.60288709991514	3406.427557121588	603.9485751874613	0	0	0	0	21.610891618173525	0.1335537366221594	0	1834.6779727992594	3.8597965476655567
1.5	4.7671321747275135	4.7671321747275135	4.7671321747275135	0.09109212816953824	37.49070983924196	16.334835361420698	9.60288709991514	3406.4275571215885	603.9485751874614	0	0	0	0	21.612089476907528	0.13582605411633927	0	1859.175215016921	4.073416554529066
1.6	4.7671321747275135	4.7671321747275135	4.7671321747275135	0.09109212816953824	37.49070983924196	16.334835361420698	9.60288709991514	3406.427557121588	603.9485751874614	0	0	0	0	21.613144927111353	0.13766744025822958	0	1879.0279351418558	4.260756909764436
1.7	4.7671321747275135	4.7671321747275135	4.7671321747275135	0.09109212816953823	37.49070983924196	16.334835361420698	9.60288709991514	3406.4275571215876	603.9485751874614	0	0	0	0	21.614070664987715	0.13916034116188963	0	1895.12486813411	4.4240973305676965
1.8	4.7671321747275135	4.7671321747275135	4.7671321747275135	0.09109212816953824	37.490709839241966	16.334835361420698	9.60288709991514	3406.4275571215885	603.9485751874614	0	0	0	0	21.61487805406296	0.14037019355090025	0	1908.1710782855723	4.565794068171006
1.9	4.7671321747275135	4.7671321747275135	4.7671321747275135	0.09109212816953824	37.49070983924195	16.334835361420698	9.60288709991514	3406.427557121588	603.9485751874614	0	0	0	0	21.615579047433695	0.1413509905105059	0	1918.748348236543	4.688183743043283
2	4.7671321747275135	4.7671321747275135	4.7671321747275135	0.09109212816953824	37.490709839241944	16.334835361420698	9.60288709991514	3406.427557121588	603.9485751874613	0	0	0	0	21.61618492127253	0.14214652413363496	0	1927.328510770798	4.793495220068516
2.1	4.767132174727513	4.767132174727513	4.767132174727513	0.09109212816953824	37.49070983924195	16.334835361420698	9.60288709991514	3406.427557121588	603.9485751874613	0	0	0	0	21.616706489884386	0.142790711168445	0	1934.2770410817423	4.883776735793982
2.2	4.7671321747275135	4.7671321747275135	4.7671321747275135	0.09109212816953824	37.49070983924196	16.3348353614207	9.60288709991514	3406.427557121588	603.9485751874613	0	0	0	0	21.617154182930154	0.14331407822436001	0	1939.9228958484928	4.960993668088394
2.3	4.7671321747275135	4.7671321747275135	4.7671321747275135	0.09109212816953825	37.49070983924196	16.3348353614207	9.60288709991514	3406.427557121588	603.9485751874613	0	0	0	0	21.617536969641304	0.14373784190983738	0	1944.4947370045975	5.026798355641562
2.4	4.7671321747275135	4.7671321747275135	4.7671321747275135	0.09109212816953825	37.49070983924196	16.3348353614207	9.60288709991514	3406.427557121588	603.9485751874613	0	0	0	0	21.617863473873303	0.1440813810788863	0	1948.2014349088054	5.082756806802095
2.5	4.7671321747275135	4.7671321747275135	4.7671321747275135	0.09109212816953825	37.49070983924195	16.334835361420698	9.60288709991514	3406.4275571215885	603.9485751874613	0	0	0	0	21.618141494775532	0.1443607183911566	0	1951.2157011014647	5.130284780286493
2.6	4.7671321747275135	4.7671321747275135	4.7671321747275135	0.09109212816953827	37.49070983924195	16.334835361420694	9.60288709991514	3406.4275571215885	603.9485751874613	0	0	0	0	21.61837731134418	0.1445867357221701	0	1953.6548531386804	5.170497624350319
2.7	4.7671321747275135	4.7671321747275135	4.7671321747275135	0.09109212816953825	37.490709839241944	16.334835361420694	9.602887099915138	3406.4275571215885	603.9485751874613	0	0	0	0	21.618577037126183	0.1447698935391788	0	1955.6316665302677	5.2044750657694
2.8	4.7671321747275135	4.7671321747275135	4.7671321747275135	0.09109212816953831	37.49070983924194	16.33483536142069	9.602887099915138	3406.4275571215885	603.9485751874613	0	0	0	0	21.61874618135474	0.14491909115660595	0	1957.2421019836686	5.233197607811729
2.9	4.7671321747275135	4.7671321747275135	4.7671321747275135	0.09109212816953839	37.49070983924191	16.334835361420673	9.602887099915137	3406.4275571215894	603.9485751874615	0	0	0	0	21.618888832291898	0.14503991876352612	0	1958.546446648912	5.257378731474267
3	4.7671321747275135	4.7671321747275135	4.7671321747275135	0.09109212816953842	37.49070983924189	16.33483536142067	9.602887099915135	3406.4275571215894	603.9485751874616	0	0	0	0	21.619008881417276	0.14513758778140215	0	1959.6008966822758	5.277687531239032
3.1	4.7671321747275135	4.7671321747275135	4.7671321747275135	0.09109212816953838	37.4907098392419	16.334835361420673	9.602887099915135	3406.4275571215894	603.9485751874615	0	0	0	0	21.619110093076902	0.1452171375003106	0	1960.4598056023974	5.294779743202323
3.2	4.7671321747275135	4.7671321747275135	4.7671321747275135	0.09109212816953867	37.49070983924182	16.33483536142062	9.60288709991513	3406.4275571215912	603.9485751874622	0	0	0	0	21.619195156907814	0.14528186520269765	0	1961.1587760054822	5.309144008220341
3.3	4.7671321747275135	4.7671321747275135	4.7671321747275135	0.09109212816953897	37.49070983924174	16.33483536142056	9.60288709991512	3406.4275571215935	603.9485751874627	0	0	0	0	21.619266383809816	0.1453341794396931	0	1961.7237617777	5.321158190935511
3.4	4.7671321747275135	4.7671321747275135	4.7671321747275135	0.09109212816953892	37.49070983924175	16.334835361420566	9.602887099915124	3406.4275571215926	603.9485751874628	0	0	0	0	21.619326102696437	0.1453764939165354	0	1962.180765072227	5.331198416970913
3.5	4.7671321747275135	4.7671321747275135	4.7671321747275135	0.09109212816953909	37.490709839241696	16.334835361420552	9.602887099915119	3406.4275571215935	603.9485751874628	0	0	0	0	21.61937619046301	0.1454110537398863	0	1962.5540984271256	5.3396240819262
3.6	4.7671321747275135	4.7671321747275135	4.7671321747275135	0.09109212816954085	37.49070983924111	16.33483536142025	9.602887099915073	3406.4275571216067	603.9485751874656	0	0	0	0	21.619417513822608	0.14543915256079068	0	1962.857914426739	5.346675850218333
3.7	4.7671321747275135	4.7671321747275135	4.7671321747275135	0.09109212816954264	37.49070983924053	16.334835361419945	9.602887099915025	3406.42755712162	603.9485751874686	0	0	0	0	21.619451836527237	0.14546184631126588	0	1963.103360999108	5.352546579009828
3.8	4.7671321747275135	4.7671321747275135	4.7671321747275135	0.09109212816954268	37.49070983924052	16.334835361419938	9.602887099915025	3406.42755712162	603.9485751874686	0	0	0	0	21.61948098241379	0.1454801984425078	0	1963.301645231844	5.357429241405611
3.9	4.7671321747275135	4.7671321747275135	4.7671321747275135	0.09109212816954312	37.49070983924031	16.334835361419877	9.602887099915014	3406.427557121625	603.948575187469	0	0	0	0	21.61950520362411	0.1454951733239809	0	1963.4636593772586	5.361513228521514
4	4.7671321747275135	4.7671321747275135	4.7671321747275135	0.0910921281695602	37.49070983923429	16.33483536141702	9.602887099914557	3406.427557121762	603.9485751874959	0	0	0	0	21.619518823896634	0.14550710591739793	0	1963.5961518336874	5.364930617056895
4.1	4.7671321747275135	4.7671321747275135	4.7671321747275135	0.0910921281695826	37.49070983922642	16.33483536141327	9.602887099913959	3406.4275571219405	603.9485751875312	0	0	0	0	21.619526869509663	0.14551660951826242	0	1963.703431755949	5.3677699676573125
4.2	4.7671321747275135	4.7671321747275135	4.7671321747275135	0.09109212816959471	37.490709839222205	16.33483536141123	9.602887099913637	3406.4275571220364	603.9485751875504	0	0	0	0	21.619536121302488	0.14552437989232947	0	1963.7898343925187	5.370119018707028
4.3	4.767132174727514	4.767132174727514	4.767132174727514	0.09109212816958079	37.49070983922712	16.334835361413553	9.602887099914007	3406.4275571219246	603.9485751875286	0	0	0	0	21.619553360114388	0.1455311128053541	0	1963.8596949918724	5.372065508590298
4.4	4.7671321747275135	4.7671321747275135	4.7671321747275135	0.09109212816955761	37.490709839235144	16.334835361417458	9.602887099914623	3406.4275571217427	603.9485751874918	0	0	0	0	21.619572332302653	0.14553682125186426	0	1963.916901818437	5.373690387916555
4.5	4.7671321747275135	4.7671321747275135	4.7671321747275135	0.09109212816955768	37.490709839234896	16.334835361417515	9.602887099914623	3406.427557121748	603.9485751874912	0	0	0	0	21.619580360107022	0.1455410850531423	0	1963.963527953371	5.37504254621483
4.6	4.7671321747275135	4.7671321747275135	4.7671321747275135	0.09109212816955124	37.49070983923722	16.334835361418573	9.602887099914794	3406.4275571216954	603.9485751874811	0	0	0	0	21.619589679618315	0.14554471519820134	0	1964.0013111320848	5.376162425538471
4.7	4.767132174727513	4.767132174727513	4.767132174727513	0.09109212816954568	37.49070983923919	16.334835361419493	9.602887099914943	3406.4275571216504	603.9485751874726	0	0	0	0	21.61959749974116	0.1455476691189896	0	1964.0320729385028	5.37709274228038
4.8	4.7671321747275135	4.7671321747275135	4.7671321747275135	0.09109212816954619	37.49070983923892	16.334835361419415	9.602887099914927	3406.4275571216567	603.9485751874732	0	0	0	0	21.619601910864024	0.14554995395106574	0	1964.0570732653052	5.3778641514309085
4.9	4.7671321747275135	4.7671321747275135	4.7671321747275135	0.0910921281695423	37.4907098392404	16.334835361420048	9.602887099915034	3406.427557121623	603.9485751874673	0	0	0	0	21.619607348689307	0.14555192835302616	0	1964.0773574462812	5.378502547145539
5	4.7671321747275135	4.7671321747275135	4.7671321747275135	0.09109212816954133	37.49070983924075	16.33483536142021	9.602887099915058	3406.4275571216153	603.9485751874658	0	0	0	0	21.619610926918348	0.14555347341460934	0	1964.093882193851	5.379032352207698
5.1	4.7671321747275135	4.7671321747275135	4.7671321747275135	0.09109212816954126	37.490709839240765	16.33483536142023	9.60288709991506	3406.4275571216144	603.9485751874657	0	0	0	0	21.619613589111626	0.1455547115642858	0	1964.1072930747841	5.379470538267382
5.2	4.767132174727514	4.767132174727514	4.767132174727514	0.09109212816953963	37.49070983924141	16.33483536142048	9.602887099915103	3406.4275571216003	603.9485751874633	0	0	0	0	21.619616454299944	0.1455557665695931	0	1964.1181976384448	5.3798332337400305
5.3	4.7671321747275135	4.7671321747275135	4.7671321747275135	0.09109212816953956	37.490709839241404	16.33483536142048	9.602887099915105	3406.4275571216003	603.9485751874632	0	0	0	0	21.619618286373605	0.14555658526215515	0	1964.127071536989	5.380133600307392
5.4	4.7671321747275135	4.7671321747275135	4.7671321747275135	0.09109212816953922	37.49070983924154	16.334835361420534	9.602887099915113	3406.427557121597	603.9485751874627	0	0	0	0	21.619619920033752	0.1455572608588353	0	1964.1342727380566	5.380381655601258
5.5	4.7671321747275135	4.7671321747275135	4.7671321747275135	0.0910921281695388	37.490709839241724	16.334835361420616	9.602887099915126	3406.427557121593	603.948575187462	0	0	0	0	21.619621354771322	0.14555781736812132	0	1964.1401382711679	5.380587011610565
5.6	4.7671321747275135	4.7671321747275135	4.7671321747275135	0.09109212816953882	37.490709839241696	16.334835361420616	9.602887099915124	3406.427557121594	603.9485751874619	0	0	0	0	21.619622363525288	0.14555825550717919	0	1964.1449042843524	5.380756666881086
5.7	4.7671321747275135	4.7671321747275135	4.7671321747275135	0.09109212816953857	37.49070983924181	16.33483536142065	9.602887099915131	3406.427557121591	603.9485751874615	0	0	0	0	21.619623313537996	0.14555862205558046	0	1964.1487765631207	5.3808967274756405
5.8	4.7671321747275135	4.7671321747275135	4.7671321747275135	0.09109212816953846	37.49070983924185	16.334835361420662	9.602887099915135	3406.4275571215903	603.9485751874616	0	0	0	0	21.619624051480034	0.1455589163532923	0	1964.1519312207483	5.381012578926674
5.9	4.7671321747275135	4.7671321747275135	4.7671321747275135	0.09109212816953845	37.490709839241845	16.334835361420662	9.602887099915133	3406.4275571215903	603.9485751874615	0	0	0	0	21.6196246259396	0.14555915245593257	0	1964.1544923789409	5.3811081141520845
6	4.7671321747275135	4.7671321747275135	4.7671321747275135	0.09109212816953922	37.49070983924119	16.334835361420428	9.602887099915113	3406.4275571216053	603.9485751874638	0	0	0	0	21.619624543379402	0.14555928999151838	0	1964.1565951169398	5.3811877007339115
6.1	4.7671321747275135	4.7671321747275135	4.7671321747275135	0.0910921281695432	37.49070983923796	16.33483536141928	9.602887099915009	3406.427557121678	603.9485751874746	0	0	0	0	21.61962217812867	0.14555917675304628	0	1964.158370079315	5.3812558549778
6.2	4.7671321747275135	4.7671321747275135	4.7671321747275135	0.0910921281695487	37.49070983923351	16.33483536141769	9.602887099914861	3406.4275571217786	603.9485751874895	0	0	0	0	21.619618692035523	0.14555893078777263	0	1964.1598440866928	5.381313316399777
6.3	4.7671321747275135	4.7671321747275135	4.7671321747275135	0.09109212816955373	37.490709839229446	16.334835361416236	9.602887099914726	3406.4275571218704	603.948575187503	0	0	0	0	21.61961547548683	0.14555869236957075	0	1964.1610370084672	5.381360561267044
6.4	4.7671321747275135	4.7671321747275135	4.7671321747275135	0.0910921281695563	37.49070983922738	16.334835361415493	9.60288709991466	3406.4275571219173	603.9485751875101	0	0	0	0	21.61961391886946	0.14555860177231392	0	1964.1619687140324	5.381398065846798
6.5	4.767132174727513	4.767132174727513	4.767132174727513	0.0910921281695544	37.49070983922892	16.33483536141604	9.60288709991471	3406.4275571218823	603.9485751875048	0	0	0	0	21.619615412570283	0.14555879926987544	0	1964.1626590727815	5.38142630640624
6.6	4.7671321747275135	4.7671321747275135	4.7671321747275135	0.09109212816954648	37.490709839235365	16.334835361418325	9.602887099914922	3406.4275571217368	603.9485751874836	0	0	0	0	21.619621059842995	0.14555939632499992	0	1964.1631336989346	5.381445998948615
6.7	4.767132174727513	4.767132174727513	4.767132174727513	0.09109212816954253	37.49070983923844	16.33483536141947	9.602887099915025	3406.4275571216667	603.9485751874727	0	0	0	0	21.619623883191984	0.14555969711448657	0	1964.1635693174271	5.381464239367406
6.8	4.7671321747275135	4.7671321747275135	4.7671321747275135	0.09109212816954197	37.490709839238804	16.334835361419632	9.602887099915042	3406.427557121659	603.9485751874713	0	0	0	0	21.619624335909666	0.14555976103483437	0	1964.1639653152934	5.3814809236772785
6.9	4.7671321747275135	4.7671321747275135	4.7671321747275135	0.09109212816953989	37.49070983924058	16.334835361420232	9.602887099915097	3406.427557121619	603.9485751874657	0	0	0	0	21.619625901887588	0.1455599432042661	0	1964.16426058757	5.381493487645948
7	4.7671321747275135	4.7671321747275135	4.7671321747275135	0.09109212816953949	37.49070983924087	16.334835361420353	9.602887099915108	3406.427557121612	603.9485751874644	0	0	0	0	21.619626251337333	0.145559993140816	0	1964.1645220229018	5.381504748321659
7.1	4.7671321747275135	4.7671321747275135	4.7671321747275135	0.09109212816953903	37.49070983924125	16.334835361420485	9.602887099915119	3406.427557121604	603.9485751874632	0	0	0	0	21.61962662040887	0.14556004599287664	0	1964.1647326454363	5.381513901951906
7.2	4.7671321747275135	4.7671321747275135	4.7671321747275135	0.09109212816953864	37.490709839241596	16.334835361420584	9.602887099915128	3406.427557121596	603.9485751874623	0	0	0	0	21.619626941513292	0.14556009135420897	0	1964.164903877661	5.381521429233838
7.3	4.7671321747275135	4.7671321747275135	4.7671321747275135	0.0910921281695386	37.49070983924163	16.334835361420595	9.60288709991513	3406.4275571215944	603.9485751874623	0	0	0	0	21.619627011486457	0.14556010731923444	0	1964.1650474111063	5.3815278109925515
7.4	4.767132174727514	4.767132174727514	4.767132174727514	0.09109212816953842	37.49070983924181	16.33483536142065	9.602887099915137	3406.427557121591	603.9485751874618	0	0	0	0	21.619627180797558	0.14556013361877715	0	1964.1651617955024	5.381532944535236
7.5	4.7671321747275135	4.7671321747275135	4.7671321747275135	0.09109212816953836	37.49070983924186	16.334835361420666	9.602887099915138	3406.4275571215894	603.9485751874616	0	0	0	0	21.619627235949764	0.14556014549422724	0	1964.1652567994101	5.38153725744615
7.6	4.7671321747275135	4.7671321747275135	4.7671321747275135	0.09109212816953835	37.490709839241894	16.33483536142068	9.602887099915138	3406.4275571215885	603.9485751874615	0	0	0	0	21.6196272838262	0.14556015566167166	0	1964.1653339879952	5.381540797508938
7.7	4.767132174727513	4.767132174727513	4.767132174727513	0.0910921281695383	37.490709839241916	16.334835361420687	9.602887099915138	3406.4275571215876	603.9485751874614	0	0	0	0	21.619627329804874	0.14556016474970496	0	1964.1653967820175	5.38154370620701
7.8	4.7671321747275135	4.7671321747275135	4.7671321747275135	0.09109212816953831	37.49070983924192	16.334835361420687	9.60288709991514	3406.4275571215876	603.9485751874614	0	0	0	0	21.619627347304554	0.14556016978521702	0	1964.1654482891183	5.381546117176677
7.9	4.7671321747275135	4.7671321747275135	4.7671321747275135	0.09109212816953828	37.490709839241944	16.334835361420698	9.60288709991514	3406.427557121588	603.9485751874614	0	0	0	0	21.619627372378265	0.14556017520371975	0	1964.1654900135952	5.381548088610047
8	4.7671321747275135	4.7671321747275135	4.7671321747275135	0.0910921281695383	37.49070983924194	16.3348353614207	9.60288709991514	3406.4275571215876	603.9485751874613	0	0	0	0	21.619627385699623	0.14556017871891488	0	1964.1655241676526	5.381549718166865
8.1	4.767132174727514	4.767132174727514	4.767132174727514	0.09109212816953828	37.490709839241944	16.3348353614207	9.602887099915142	3406.427557121588	603.9485751874614	0	0	0	0	21.619627394519572	0.1455601813277389	0	1964.1655519889846	5.38155105854405
8.2	4.767132174727514	4.767132174727514	4.767132174727514	0.09109212816954189	37.49070983924049	16.334835361421007	9.602887099915048	3406.427557121622	603.9485751874586	0	0	0	0	21.61962659698425	0.1455600655699581	0	1964.1655931176413	5.381553254821523
8.3	4.7671321747275135	4.7671321747275135	4.7671321747275135	0.09109212816955063	37.490709839236935	16.33483536142175	9.602887099914813	3406.4275571217054	603.9485751874516	0	0	0	0	21.619624640773548	0.14555977996141548	0	1964.1656563703673	5.3815568179452
8.4	4.7671321747275135	4.7671321747275135	4.7671321747275135	0.09109212816956243	37.49070983923216	16.33483536142275	9.602887099914497	3406.427557121818	603.9485751874423	0	0	0	0	21.61962200700262	0.14555939500645076	0	1964.1657313394123	5.381561122414677
8.5	4.767132174727514	4.767132174727514	4.767132174727514	0.0910921281695751	37.49070983922702	16.334835361423828	9.60288709991416	3406.427557121939	603.9485751874325	0	0	0	0	21.61961917678663	0.14555898120940347	0	1964.1658076170256	5.381565542729553
8.6	4.7671321747275135	4.7671321747275135	4.7671321747275135	0.09109212816958649	37.4907098392224	16.33483536142479	9.602887099913858	3406.4275571220483	603.9485751874236	0	0	0	0	21.61961663124075	0.14555860907461332	0	1964.165874795457	5.381569453389424
8.7	4.7671321747275135	4.7671321747275135	4.7671321747275135	0.09109212816959447	37.49070983921915	16.334835361425466	9.602887099913643	3406.4275571221247	603.9485751874172	0	0	0	0	21.619614851480144	0.1455583491064199	0	1964.165922466956	5.38157222889389
8.8	4.7671321747275135	4.7671321747275135	4.7671321747275135	0.09109212816959689	37.49070983921815	16.334835361425668	9.602887099913579	3406.4275571221483	603.9485751874155	0	0	0	0	21.61961431861997	0.1455582718091628	0	1964.1659402237722	5.381573243742548
8.9	4.7671321747275135	4.7671321747275135	4.7671321747275135	0.09109212816959156	37.490709839220266	16.334835361425213	9.60288709991372	3406.427557122098	603.9485751874196	0	0	0	0	21.619615513775404	0.1455584476871817	0	1964.165917658155	5.381571872434996
9	4.7671321747275135	4.7671321747275135	4.7671321747275135	0.0910921281695764	37.490709839226376	16.334835361423924	9.602887099914126	3406.4275571219546	603.9485751874315	0	0	0	0	21.619618918061605	0.14555894724481622	0	1964.165844362354	5.381567489470833
9.1	4.767132174727513	4.767132174727513	4.767132174727513	0.09109212816955396	37.49070983923544	16.33483536142202	9.602887099914723	3406.4275571217404	603.9485751874491	0	0	0	0	21.619623939675996	0.14555968292726124	0	1964.1657342099352	5.381560920054045
9.2	4.7671321747275135	4.7671321747275135	4.7671321747275135	0.09109212816954604	37.49070983923882	16.334835361421362	9.602887099914934	3406.4275571216613	603.9485751874553	0	0	0	0	21.619625683451773	0.14555993520193156	0	1964.1656981118904	5.381558775165184
9.3	4.7671321747275135	4.7671321747275135	4.7671321747275135	0.09109212816954212	37.49070983924042	16.334835361421035	9.602887099915037	3406.427557121624	603.9485751874582	0	0	0	0	21.619626561046378	0.14556006368455082	0	1964.1656810839675	5.381557738878751
9.4	4.7671321747275135	4.7671321747275135	4.7671321747275135	0.09109212816953995	37.490709839241276	16.334835361420847	9.602887099915094	3406.4275571216035	603.94857518746	0	0	0	0	21.619627047698078	0.14556013512678873	0	1964.165672428522	5.38155720210223
9.5	4.7671321747275135	4.7671321747275135	4.7671321747275135	0.09109212816953922	37.49070983924158	16.334835361420776	9.602887099915113	3406.4275571215962	603.9485751874606	0	0	0	0	21.619627216116797	0.14556015989532126	0	1964.1656705697594	5.381557073798862
9.6	4.7671321747275135	4.7671321747275135	4.7671321747275135	0.09109212816953864	37.490709839241795	16.334835361420737	9.602887099915131	3406.4275571215917	603.9485751874611	0	0	0	0	21.619627348077238	0.14556017967858514	0	1964.1656691640876	5.381556973581789
9.7	4.7671321747275135	4.7671321747275135	4.7671321747275135	0.09109212816953847	37.49070983924185	16.33483536142073	9.602887099915133	3406.42755712159	603.9485751874611	0	0	0	0	21.619627382854787	0.14556018487857064	0	1964.165669674207	5.381556993092004
9.8	4.7671321747275135	4.7671321747275135	4.7671321747275135	0.09109212816953834	37.49070983924192	16.334835361420716	9.602887099915138	3406.4275571215885	603.9485751874613	0	0	0	0	21.61962741611895	0.14556018994582837	0	1964.165669977921	5.38155700180596
9.9	4.7671321747275135	4.7671321747275135	4.7671321747275135	0.09109212816953831	37.49070983924196	16.334835361420716	9.602887099915137	3406.427557121588	603.9485751874613	0	0	0	0	21.619627424698287	0.1455601913025192	0	1964.165670641332	5.381557034799063
10	4.7671321747275135	4.7671321747275135	4.7671321747275135	0.09109212816953827	37.490709839241966	16.334835361420705	9.60288709991514	3406.427557121588	603.9485751874613	0	0	0	0	21.61962743240701	0.1455601924518833	0	1964.1656711748126	5.381557061558925
10.1	4.7671321747275135	4.7671321747275135	4.7671321747275135	0.09109212816953824	37.490709839241966	16.334835361420698	9.60288709991514	3406.427557121588	603.9485751874614	0	0	0	0	21.619627434982853	0.14556019285786367	0	1964.1656716928999	5.381557088466036
10.2	4.7671321747275135	4.7671321747275135	4.7671321747275135	0.09109212816953824	37.490709839241966	16.334835361420698	9.60288709991514	3406.4275571215885	603.9485751874614	0	0	0	0	21.61962743670001	0.1455601931195986	0	1964.1656721257716	5.381557111203927
10.3	4.7671321747275135	4.7671321747275135	4.7671321747275135	0.09109212816953824	37.490709839241966	16.334835361420698	9.60288709991514	3406.4275571215876	603.9485751874613	0	0	0	0	21.619627437452976	0.14556019325739133	0	1964.165672491581	5.381557130600677
10.4	4.7671321747275135	4.7671321747275135	4.7671321747275135	0.09109212816953861	37.49070983924244	16.33483536142078	9.60288709991513	3406.4275571215776	603.9485751874606	0	0	0	0	21.6196274167153	0.1455601910310114	0	1964.165673278379	5.3815571679526215
10.5	4.7671321747275135	4.7671321747275135	4.7671321747275135	0.09109212816955611	37.4907098392652	16.33483536142492	9.602887099914664	3406.427557121062	603.9485751874225	0	0	0	0	21.619626398657065	0.1455600805897027	0	1964.1656967742122	5.381558194151325
10.6	4.7671321747275135	4.7671321747275135	4.7671321747275135	0.09109212816959593	37.49070983931694	16.334835361434315	9.6028870999136	3406.4275571198887	603.9485751873364	0	0	0	0	21.619624083741137	0.145559829460882	0	1964.1657498206832	5.381560507179531
10.7	4.7671321747275135	4.7671321747275135	4.7671321747275135	0.09109212816965252	37.490709839390504	16.334835361447674	9.602887099912092	3406.427557118223	603.9485751872139	0	0	0	0	21.619620793239275	0.14555947251979398	0	1964.1658250893756	5.381563787636651
10.8	4.7671321747275135	4.7671321747275135	4.7671321747275135	0.0910921281697204	37.490709839478676	16.334835361463682	9.602887099910282	3406.427557116225	603.948575187067	0	0	0	0	21.61961684842325	0.1455590446416834	0	1964.1659152518725	5.381567716122099
10.9	4.767132174727514	4.767132174727514	4.767132174727514	0.09109212816979396	37.490709839574286	16.334835361481048	9.602887099908322	3406.4275571140597	603.9485751869078	0	0	0	0	21.619612570564826	0.14555858070179506	0	1964.1660129797576	5.38157197323529
11	4.7671321747275135	4.7671321747275135	4.7671321747275135	0.09109212816986777	37.49070983967014	16.334835361498452	9.602887099906354	3406.4275571118874	603.9485751867481	0	0	0	0	21.619608280935772	0.14555811557537363	0	1964.1661109446143	5.381576239575632
11.1	4.767132174727513	4.767132174727513	4.767132174727513	0.09109212816993624	37.49070983975907	16.334835361514592	9.602887099904528	3406.4275571098724	603.9485751866	0	0	0	0	21.619604300807847	0.14555768413766393	0	1964.1662018180257	5.381580195742544
11.2	4.7671321747275135	4.7671321747275135	4.7671321747275135	0.09109212816999387	37.49070983983388	16.334835361528175	9.602887099902993	3406.4275571081776	603.9485751864754	0	0	0	0	21.61960095145283	0.14555732126391074	0	1964.1662782715762	5.381583522335437
11.3	4.7671321747275135	4.7671321747275135	4.7671321747275135	0.09109212817003513	37.49070983988739	16.33483536153788	9.602887099901892	3406.4275571069657	603.9485751863864	0	0	0	0	21.61959855414248	0.14555706182935876	0	1964.1663329768485	5.381585899953725
11.4	4.7671321747275135	4.7671321747275135	4.7671321747275135	0.09109212817005452	37.49070983991241	16.334835361542417	9.602887099901375	3406.427557106399	603.9485751863449	0	0	0	0	21.61959743014856	0.14555694070925276	0	1964.1663586054262	5.381587009196821
11.5	4.7671321747275135	4.7671321747275135	4.7671321747275135	0.09109212817004651	37.49070983990177	16.334835361540467	9.60288709990159	3406.42755710664	603.9485751863627	0	0	0	0	21.61959790074284	0.14555699277883752	0	1964.1663478288924	5.381586530664138
11.6	4.7671321747275135	4.7671321747275135	4.7671321747275135	0.09109212817000555	37.49070983984826	16.334835361530736	9.602887099902683	3406.4275571078524	603.948575186452	0	0	0	0	21.619600287197084	0.14555725291335775	0	1964.1662933188315	5.381584144955089
11.7	4.7671321747275135	4.7671321747275135	4.7671321747275135	0.09109212816992615	37.490709839744724	16.33483536151191	9.602887099904798	3406.427557110199	603.9485751866246	0	0	0	0	21.619604910783067	0.1455577559880582	0	1964.1661877468264	5.381579532669087
11.8	4.7671321747275135	4.7671321747275135	4.7671321747275135	0.09109212816980276	37.49070983958395	16.334835361482693	9.60288709990809	3406.4275571138414	603.9485751868928	0	0	0	0	21.619612092772545	0.14555853687818368	0	1964.16602378446	5.381572374405547
11.9	4.767132174727514	4.767132174727514	4.767132174727514	0.09109212816965175	37.49070983938791	16.3348353614471	9.602887099912119	3406.4275571182834	603.9485751872193	0	0	0	0	21.6196208691768	0.14555948799516594	0	1964.165823450553	5.38156365762575
12	4.7671321747275135	4.7671321747275135	4.7671321747275135	0.09109212816961416	37.49070983934314	16.334835361439232	9.602887099913117	3406.4275571192975	603.9485751872912	0	0	0	0	21.619622974218817	0.14555969831985996	0	1964.1657754792527	5.381561737972333
12.1	4.7671321747275135	4.7671321747275135	4.7671321747275135	0.09109212816960639	37.49070983933465	16.33483536143779	9.602887099913326	3406.42755711949	603.9485751873044	0	0	0	0	21.619623395283767	0.14555973672368597	0	1964.1657659652508	5.381561392108741
12.2	4.767132174727514	4.767132174727514	4.767132174727514	0.09109212816956816	37.49070983928292	16.33483536142827	9.602887099914344	3406.427557120662	603.9485751873918	0	0	0	0	21.6196256581786	0.14555999130138386	0	1964.165714381254	5.381559059580472
12.3	4.7671321747275135	4.7671321747275135	4.7671321747275135	0.09109212816956473	37.49070983927971	16.33483536142776	9.602887099914435	3406.427557120733	603.9485751873964	0	0	0	0	21.619625832729838	0.1455600050117122	0	1964.1657104708318	5.381558938162506
12.4	4.7671321747275135	4.7671321747275135	4.7671321747275135	0.09109212816955482	37.49070983926569	16.334835361425142	9.602887099914698	3406.427557121051	603.9485751874204	0	0	0	0	21.619626431667424	0.1455600748231138	0	1964.1656968622292	5.38155829976387
12.5	4.7671321747275135	4.7671321747275135	4.7671321747275135	0.09109212816954743	37.490709839255416	16.334835361423227	9.602887099914897	3406.427557121284	603.948575187438	0	0	0	0	21.61962687668663	0.14556012578628308	0	1964.1656867533466	5.381557834127195
12.6	4.7671321747275135	4.7671321747275135	4.7671321747275135	0.09109212816954709	37.49070983925532	16.334835361423224	9.602887099914906	3406.4275571212856	603.948575187438	0	0	0	0	21.619626889949124	0.14556012582104752	0	1964.1656864888162	5.381557835952585
12.7	4.767132174727514	4.767132174727514	4.767132174727514	0.09109212816954233	37.49070983924813	16.334835361421867	9.60288709991503	3406.427557121449	603.9485751874505	0	0	0	0	21.619627184997203	0.1455601622072088	0	1964.1656797803453	5.381557503022716
12.8	4.7671321747275135	4.7671321747275135	4.7671321747275135	0.09109212816954139	37.490709839246904	16.33483536142165	9.602887099915057	3406.4275571214757	603.9485751874523	0	0	0	0	21.619627240166444	0.1455601683170224	0	1964.165678540735	5.3815574482671815
12.9	4.7671321747275135	4.7671321747275135	4.7671321747275135	0.09109212816954072	37.490709839245916	16.334835361421465	9.602887099915074	3406.427557121498	603.948575187454	0	0	0	0	21.619627281203176	0.14556017331908336	0	1964.1656776272455	5.381557403339115
13	4.7671321747275135	4.7671321747275135	4.7671321747275135	0.0910921281695394	37.490709839243806	16.334835361421067	9.60288709991511	3406.427557121546	603.9485751874578	0	0	0	0	21.61962736566051	0.14556018398589848	0	1964.165675737165	5.381557306072018
13.1	4.7671321747275135	4.7671321747275135	4.7671321747275135	0.09109212816953934	37.490709839243756	16.33483536142106	9.602887099915112	3406.427557121547	603.9485751874578	0	0	0	0	21.619627368779767	0.1455601841124434	0	1964.1656757024757	5.381557305643801
13.2	4.7671321747275135	4.7671321747275135	4.7671321747275135	0.09109212816953882	37.490709839242925	16.334835361420893	9.602887099915126	3406.4275571215658	603.9485751874595	0	0	0	0	21.6196274011109	0.1455601884687138	0	1964.165674972562	5.381557266139709
13.3	4.7671321747275135	4.7671321747275135	4.7671321747275135	0.09109212816953863	37.4907098392426	16.33483536142083	9.602887099915131	3406.427557121573	603.94857518746	0	0	0	0	21.61962741443737	0.14556019016271768	0	1964.1656746690053	5.381557251057815
13.4	4.7671321747275135	4.7671321747275135	4.7671321747275135	0.09109212816953863	37.49070983924255	16.334835361420826	9.602887099915131	3406.427557121574	603.9485751874603	0	0	0	0	21.619627416223736	0.14556019035261114	0	1964.1656746285475	5.381557249727684
13.5	4.7671321747275135	4.7671321747275135	4.7671321747275135	0.09109212816954593	37.4907098392556	16.33483536142345	9.602887099914936	3406.4275571212784	603.948575187436	0	0	0	0	21.619626974226986	0.14556012332226947	0	1964.1656847025447	5.381557868383133
13.6	4.7671321747275135	4.7671321747275135	4.7671321747275135	0.09109212816957389	37.490709839305296	16.33483536143345	9.60288709991419	3406.4275571201524	603.9485751873439	0	0	0	0	21.61962528712743	0.14555986789266465	0	1964.1657231615734	5.381560224769543
13.7	4.7671321747275135	4.7671321747275135	4.7671321747275135	0.09109212816961273	37.490709839374304	16.334835361447333	9.602887099913152	3406.4275571185885	603.9485751872161	0	0	0	0	21.619622943569286	0.14555951319267293	0	1964.1657765876662	5.381563496762185
13.8	4.7671321747275135	4.7671321747275135	4.7671321747275135	0.09109212816965176	37.49070983944358	16.334835361461273	9.602887099912111	3406.4275571170188	603.9485751870876	0	0	0	0	21.619620589976247	0.14555915708773373	0	1964.16583024552	5.381566781651831
13.9	4.7671321747275135	4.7671321747275135	4.7671321747275135	0.09109212816968026	37.49070983949409	16.334835361471434	9.602887099911353	3406.4275571158737	603.948575186994	0	0	0	0	21.619618872771994	0.14555889744328657	0	1964.1658693998304	5.381569176729246
14	4.7671321747275135	4.7671321747275135	4.7671321747275135	0.09109212816968752	37.49070983950679	16.33483536147398	9.602887099911158	3406.427557115586	603.9485751869705	0	0	0	0	21.619618438380233	0.14555883212477097	0	1964.1658793152924	5.381569779285204
14.1	4.7671321747275135	4.7671321747275135	4.7671321747275135	0.09109212816966288	37.490709839462646	16.334835361465096	9.602887099911815	3406.4275571165863	603.9485751870524	0	0	0	0	21.61961993322464	0.14555905899762636	0	1964.165845256603	5.381567686610471
14.2	4.7671321747275135	4.7671321747275135	4.7671321747275135	0.09109212816959916	37.49070983934907	16.334835361442238	9.602887099913515	3406.4275571191597	603.9485751872629	0	0	0	0	21.619623785796854	0.14555964272922753	0	1964.1657574545209	5.381562302245715
14.3	4.7671321747275135	4.7671321747275135	4.7671321747275135	0.09109212816956838	37.490709839295945	16.334835361431566	9.602887099914335	3406.4275571203634	603.9485751873611	0	0	0	0	21.619625611188756	0.14555991604511126	0	1964.1657158315263	5.381559781662524
14.4	4.7671321747275135	4.7671321747275135	4.7671321747275135	0.09109212816956158	37.490709839284925	16.334835361429363	9.602887099914517	3406.4275571206126	603.9485751873814	0	0	0	0	21.61962599916449	0.14555997282339062	0	1964.165706971375	5.3815592582779095
14.5	4.7671321747275135	4.7671321747275135	4.7671321747275135	0.09109212816954791	37.49070983925974	16.334835361424282	9.602887099914883	3406.427557121184	603.9485751874282	0	0	0	0	21.619626843776665	0.14556010219345186	0	1964.165687718992	5.381558064820029
14.6	4.7671321747275135	4.7671321747275135	4.7671321747275135	0.09109212816954522	37.490709839255196	16.334835361423362	9.602887099914954	3406.427557121287	603.9485751874365	0	0	0	0	21.619627002774763	0.14556012568707496	0	1964.1656840831286	5.381557848267279
14.7	4.7671321747275135	4.7671321747275135	4.7671321747275135	0.09109212816954185	37.490709839248815	16.33483536142208	9.602887099915044	3406.4275571214316	603.9485751874485	0	0	0	0	21.619627213060777	0.14556015833951252	0	1964.1656792907645	5.381557546993786
14.8	4.7671321747275135	4.7671321747275135	4.7671321747275135	0.09109212816954018	37.49070983924575	16.334835361421465	9.602887099915087	3406.427557121501	603.948575187454	0	0	0	0	21.619627314631913	0.14556017405881563	0	1964.1656769725892	5.381557401972258
14.9	4.7671321747275135	4.7671321747275135	4.7671321747275135	0.09109212816953967	37.49070983924482	16.334835361421277	9.602887099915101	3406.4275571215226	603.9485751874558	0	0	0	0	21.619627345725064	0.14556017887580228	0	1964.1656762567268	5.381557357533017
15	4.767132174727513	4.767132174727513	4.767132174727513	0.09109212816953882	37.49070983924315	16.33483536142094	9.602887099915122	3406.42755712156	603.9485751874589	0	0	0	0	21.61962739995369	0.14556018739021134	0	1964.165675022359	5.381557278937216
15.1	4.7671321747275135	4.7671321747275135	4.7671321747275135	0.09109212816953868	37.49070983924289	16.334835361420886	9.60288709991513	3406.4275571215658	603.9485751874594	0	0	0	0	21.619627409106638	0.14556018872137186	0	1964.1656748235462	5.381557266656429
15.2	4.7671321747275135	4.7671321747275135	4.7671321747275135	0.09109212816953846	37.49070983924239	16.33483536142079	9.602887099915135	3406.427557121577	603.9485751874604	0	0	0	0	21.619627424724104	0.1455601912452865	0	1964.165674470416	5.381557243363189
15.3	4.7671321747275135	4.7671321747275135	4.7671321747275135	0.09109212816953838	37.49070983924223	16.334835361420758	9.602887099915137	3406.4275571215812	603.9485751874607	0	0	0	0	21.61962742969533	0.14556019212636634	0	1964.165674348171	5.381557235209184
15.4	4.7671321747275135	4.7671321747275135	4.7671321747275135	0.09109212816953834	37.49070983924214	16.33483536142074	9.602887099915138	3406.427557121583	603.948575187461	0	0	0	0	21.619627432464423	0.14556019256522715	0	1964.16567428227	5.381557231155212
15.5	4.7671321747275135	4.7671321747275135	4.7671321747275135	0.09109212816953828	37.49070983924204	16.33483536142072	9.60288709991514	3406.427557121586	603.9485751874612	0	0	0	0	21.619627435870377	0.1455601930867359	0	1964.1656742059447	5.381557226357612
15.6	4.7671321747275135	4.7671321747275135	4.7671321747275135	0.0910921281695383	37.49070983924202	16.334835361420726	9.60288709991514	3406.427557121586	603.9485751874611	0	0	0	0	21.619627436321945	0.14556019316826585	0	1964.1656741950521	5.381557225612598
15.7	4.7671321747275135	4.7671321747275135	4.7671321747275135	0.09109212816953967	37.49070983925151	16.334835361424233	9.602887099915105	3406.4275571213734	603.9485751874283	0	0	0	0	21.619627225267966	0.14556015608757997	0	1964.1656790045356	5.381557568297462
15.8	4.7671321747275135	4.7671321747275135	4.7671321747275135	0.09109212816954719	37.49070983930309	16.334835361443332	9.602887099914904	3406.427557120213	603.9485751872509	0	0	0	0	21.619626073781703	0.1455599541062901	0	1964.165705225368	5.381559434913763
15.9	4.7671321747275135	4.7671321747275135	4.7671321747275135	0.09109212816955954	37.490709839387705	16.334835361474664	9.602887099914572	3406.4275571183102	603.9485751869596	0	0	0	0	21.619624184499596	0.14555962277537227	0	1964.1657482437954	5.381562496912531
16	4.7671321747275135	4.7671321747275135	4.7671321747275135	0.09109212816957475	37.49070983949186	16.33483536151324	9.602887099914168	3406.427557115969	603.9485751866011	0	0	0	0	21.619621858321487	0.1455592148614253	0	1964.165801209731	5.381566266645717
16.1	4.7671321747275135	4.7671321747275135	4.7671321747275135	0.09109212816959086	37.49070983960208	16.334835361554063	9.602887099913739	3406.4275571134904	603.9485751862218	0	0	0	0	21.619619396147208	0.14555878313104798	0	1964.1658572730869	5.381570256465271
16.2	4.767132174727513	4.767132174727513	4.767132174727513	0.09109212816960588	37.490709839704884	16.33483536159216	9.602887099913337	3406.4275571111793	603.9485751858675	0	0	0	0	21.61961709887659	0.14555838035083912	0	1964.1659095837754	5.381573978723143
16.3	4.7671321747275135	4.7671321747275135	4.7671321747275135	0.09109212816961788	37.490709839786774	16.334835361622538	9.602887099913017	3406.4275571093385	603.9485751855854	0	0	0	0	21.61961526740946	0.1455580592873975	0	1964.165951291709	5.381576945771284
16.4	4.7671321747275135	4.7671321747275135	4.7671321747275135	0.09109212816962488	37.490709839834274	16.33483536164021	9.602887099912829	3406.4275571082712	603.9485751854211	0	0	0	0	21.619614202645653	0.14555787270732198	0	1964.1659755468002	5.381578669961644
16.5	4.7671321747275135	4.7671321747275135	4.7671321747275135	0.09109212816962486	37.4907098398339	16.334835361640188	9.60288709991283	3406.4275571082794	603.9485751854213	0	0	0	0	21.619614205485	0.14555787337721132	0	1964.1659754989616	5.381578663646173
16.6	4.7671321747275135	4.7671321747275135	4.7671321747275135	0.09109212816961594	37.49070983977216	16.334835361617486	9.602887099913069	3406.4275571096673	603.9485751856323	0	0	0	0	21.61961557682734	0.1455581140636644	0	1964.1659442981052	5.381576439176822
16.7	4.7671321747275135	4.7671321747275135	4.7671321747275135	0.09109212816959611	37.4907098396356	16.33483536156712	9.602887099913598	3406.427557112738	603.9485751861005	0	0	0	0	21.619618617572495	0.14555864753327993	0	1964.1658750941435	5.381571508905542
16.8	4.7671321747275135	4.7671321747275135	4.7671321747275135	0.09109212816956493	37.49070983942136	16.334835361487993	9.60288709991443	3406.4275571175544	603.9485751868359	0	0	0	0	21.61962339287567	0.14555948515177813	0	1964.165766401626	5.381563767816346
16.9	4.7671321747275135	4.7671321747275135	4.7671321747275135	0.09109212816954923	37.490709839316246	16.334835361448445	9.602887099914847	3406.427557119917	603.9485751872035	0	0	0	0	21.619625767832385	0.14555990097714835	0	1964.1657123189877	5.381559925109732
17	4.767132174727513	4.767132174727513	4.767132174727513	0.09109212816954358	37.490709839278544	16.33483536143422	9.602887099915	3406.4275571207645	603.9485751873357	0	0	0	0	21.619626622064455	0.14556005042105324	0	1964.1656928497391	5.381558544228159
17.1	4.7671321747275135	4.7671321747275135	4.7671321747275135	0.09109212816954036	37.49070983925651	16.33483536142607	9.602887099915085	3406.4275571212597	603.9485751874113	0	0	0	0	21.619627113806523	0.1455601366148379	0	1964.1656816331001	5.3815577478182215
17.2	4.7671321747275135	4.7671321747275135	4.7671321747275135	0.09109212816953931	37.49070983924942	16.334835361423416	9.602887099915113	3406.427557121419	603.9485751874361	0	0	0	0	21.619627273752645	0.1455601645934725	0	1964.1656779738835	5.381557489398033
17.3	4.7671321747275135	4.7671321747275135	4.7671321747275135	0.09109212816953866	37.49070983924483	16.334835361421746	9.602887099915131	3406.4275571215226	603.9485751874516	0	0	0	0	21.619627375195638	0.14556018238246582	0	1964.1656756529298	5.381557325085788
17.4	4.7671321747275135	4.7671321747275135	4.7671321747275135	0.09109212816953846	37.49070983924347	16.33483536142124	9.602887099915137	3406.4275571215526	603.9485751874563	0	0	0	0	21.619627405455205	0.14556018767465334	0	1964.16567495429	5.3815572762471175
17.5	4.7671321747275135	4.7671321747275135	4.7671321747275135	0.09109212816953834	37.49070983924252	16.334835361420904	9.60288709991514	3406.4275571215744	603.9485751874595	0	0	0	0	21.61962742613636	0.14556019131748993	0	1964.165674474965	5.381557242644712
17.6	4.7671321747275135	4.7671321747275135	4.7671321747275135	0.09109212816953828	37.49070983924226	16.334835361420808	9.602887099915138	3406.4275571215803	603.9485751874602	0	0	0	0	21.619627431798296	0.14556019234748677	0	1964.1656743333574	5.381557233172306
17.7	4.7671321747275135	4.7671321747275135	4.7671321747275135	0.09109212816953827	37.490709839242065	16.33483536142074	9.60288709991514	3406.427557121585	603.948575187461	0	0	0	0	21.61962743589581	0.1455601930728267	0	1964.1656742220512	5.381557226510847
17.8	4.7671321747275135	4.7671321747275135	4.7671321747275135	0.09109212816953827	37.49070983924201	16.334835361420726	9.602887099915142	3406.4275571215867	603.9485751874611	0	0	0	0	21.619627437224263	0.14556019327934042	0	1964.1656741783222	5.381557224629105
17.9	4.7671321747275135	4.7671321747275135	4.7671321747275135	0.09109212816953824	37.490709839241966	16.334835361420712	9.60288709991514	3406.4275571215867	603.9485751874611	0	0	0	0	21.619627438296902	0.1455601934177771	0	1964.1656741590448	5.381557223358506
18	4.7671321747275135	4.7671321747275135	4.7671321747275135	0.09109212816953824	37.49070983924196	16.33483536142071	9.602887099915142	3406.4275571215876	603.9485751874612	0	0	0	0	21.619627438812294	0.14556019345946156	0	1964.1656741575198	5.3815572229827815
18.1	4.7671321747275135	4.7671321747275135	4.7671321747275135	0.09109212816952568	37.490709839245135	16.334835361426503	9.602887099915476	3406.4275571215207	603.9485751874067	0	0	0	0	21.619626798371655	0.14556015646714346	0	1964.1656888405587	5.381557556369497
18.2	4.767132174727514	4.767132174727514	4.767132174727514	0.09109212816946377	37.49070983926081	16.334835361455085	9.602887099917128	3406.427557121191	603.9485751871388	0	0	0	0	21.619623643040335	0.1455599742000554	0	1964.1657611280352	5.381559199015454
18.3	4.7671321747275135	4.7671321747275135	4.7671321747275135	0.09109212816935955	37.49070983928719	16.334835361503192	9.602887099919908	3406.427557120637	603.9485751866874	0	0	0	0	21.619618330985507	0.14555966738719017	0	1964.165882815013	5.381561964097604
18.4	4.767132174727514	4.767132174727514	4.767132174727514	0.09109212816922355	37.4907098393216	16.33483536156598	9.602887099923535	3406.427557119914	603.9485751860987	0	0	0	0	21.619611398499387	0.14555926705066463	0	1964.166041616754	5.381565572027092
18.5	4.7671321747275135	4.7671321747275135	4.7671321747275135	0.09109212816906627	37.49070983936137	16.334835361638593	9.602887099927727	3406.427557119078	603.9485751854176	0	0	0	0	21.61960338187421	0.14555880421259548	0	1964.1662252485182	5.3815697432150555
18.6	4.7671321747275135	4.7671321747275135	4.7671321747275135	0.09109212816889822	37.49070983940382	16.33483536171617	9.60288709993221	3406.4275571181847	603.9485751846898	0	0	0	0	21.619594817402188	0.1455583098950995	0	1964.1664214255673	5.381574198072643
18.7	4.7671321747275135	4.7671321747275135	4.7671321747275135	0.09109212816872995	37.49070983944628	16.334835361793857	9.602887099936698	3406.427557117292	603.948575183961	0	0	0	0	21.619586241375547	0.14555781512029342	0	1964.1666178631624	5.381578657010995
18.8	4.767132174727513	4.767132174727513	4.767132174727513	0.09109212816857197	37.490709839486094	16.334835361866798	9.602887099940911	3406.427557116456	603.9485751832768	0	0	0	0	21.619578190086507	0.14555735091029406	0	1964.1668022765646	5.3815828404412525
18.9	4.7671321747275135	4.7671321747275135	4.7671321747275135	0.0910921281684348	37.49070983952057	16.334835361930143	9.602887099944569	3406.4275571157314	603.9485751826827	0	0	0	0	21.619571199827295	0.14555694828721816	0	1964.1669623810353	5.38158646877456
19	4.7671321747275135	4.7671321747275135	4.7671321747275135	0.09109212816832894	37.49070983954703	16.334835361979028	9.602887099947393	3406.427557115175	603.9485751822243	0	0	0	0	21.619565806890133	0.14555663827318244	0	1964.1670858918353	5.38158926242206
19.1	4.7671321747275135	4.7671321747275135	4.7671321747275135	0.09109212816826494	37.49070983956282	16.334835362008597	9.6028870999491	3406.4275571148437	603.948575181947	0	0	0	0	21.619562547567238	0.14555645189030372	0	1964.1671605242257	5.3815909417948955
19.2	4.7671321747275135	4.7671321747275135	4.7671321747275135	0.0910921281682533	37.490709839565255	16.334835362014005	9.60288709994941	3406.427557114793	603.9485751818963	0	0	0	0	21.61956195815084	0.1455564201606987	0	1964.1671739934675	5.381591227304209
19.3	4.7671321747275135	4.7671321747275135	4.7671321747275135	0.09109212816830456	37.49070983955166	16.33483536199038	9.602887099948045	3406.4275571150797	603.9485751821179	0	0	0	0	21.619564574933158	0.14555657410648418	0	1964.1671140148226	5.381589839361141
19.4	4.767132174727514	4.767132174727514	4.767132174727514	0.09109212816842922	37.49070983951938	16.33483536193288	9.602887099944718	3406.4275571157596	603.9485751826574	0	0	0	0	21.619570934206415	0.14555694474977693	0	1964.1669683035514	5.381586498376837
19.5	4.7671321747275135	4.7671321747275135	4.7671321747275135	0.0910921281686378	37.49070983946573	16.334835361836642	9.602887099939156	3406.4275571168887	603.9485751835601	0	0	0	0	21.619581572262835	0.14555756311269363	0	1964.166724574915	5.381580924762439
19.6	4.7671321747275135	4.7671321747275135	4.7671321747275135	0.09109212816894084	37.49070983938804	16.33483536169681	9.602887099931072	3406.4275571185244	603.948575184872	0	0	0	0	21.619597025394643	0.14555846021735114	0	1964.166370544175	5.381572838929089
19.7	4.7671321747275135	4.7671321747275135	4.7671321747275135	0.09109212816927957	37.49070983930415	16.334835361540343	9.602887099922041	3406.4275571202834	603.9485751863397	0	0	0	0	21.619614274442128	0.1455594479459345	0	1964.165975373636	5.381563940663991
19.8	4.7671321747275135	4.7671321747275135	4.7671321747275135	0.09109212816931352	37.4907098393111	16.334835361523755	9.602887099921134	3406.427557120106	603.9485751864954	0	0	0	0	21.619615879934518	0.14555946912548953	0	1964.1659385745324	5.381563773269436
19.9	4.7671321747275135	4.7671321747275135	4.7671321747275135	0.09109212816929699	37.49070983932252	16.334835361530946	9.602887099921574	3406.4275571198523	603.9485751864278	0	0	0	0	21.619614981170308	0.14555938402004426	0	1964.1659591927885	5.381564550561934
20	4.7671321747275135	4.7671321747275135	4.7671321747275135	0.09109212816942892	37.49070983927881	16.334835361470645	9.602887099918057	3406.4275571207922	603.9485751869933	0	0	0	0	21.619621788769855	0.14555982473162227	0	1964.165803316895	5.381560562420233
20.1	4.7671321747275135	4.7671321747275135	4.7671321747275135	0.09109212816944441	37.49070983927943	16.334835361463295	9.602887099917643	3406.42755712077	603.9485751870623	0	0	0	0	21.619622531402296	0.14555984649218445	0	1964.1657863238374	5.381560373035734
20.2	4.7671321747275135	4.7671321747275135	4.7671321747275135	0.09109212816946573	37.49070983927206	16.334835361453557	9.602887099917075	3406.4275571209296	603.9485751871536	0	0	0	0	21.619623636100606	0.14555991950575106	0	1964.1657610721954	5.381559711505241
20.3	4.7671321747275135	4.7671321747275135	4.7671321747275135	0.09109212816950274	37.49070983925759	16.334835361436756	9.602887099916089	3406.4275571212443	603.9485751873109	0	0	0	0	21.61962556622543	0.14556005443041767	0	1964.1657169114014	5.381558487376536
20.4	4.7671321747275135	4.7671321747275135	4.7671321747275135	0.09109212816950249	37.4907098392596	16.334835361436777	9.602887099916092	3406.427557121199	603.9485751873107	0	0	0	0	21.61962553303702	0.14556004333973516	0	1964.1657176777792	5.381558590264719
20.5	4.7671321747275135	4.7671321747275135	4.7671321747275135	0.0910921281695188	37.490709839251586	16.33483536142945	9.602887099915659	3406.427557121375	603.9485751873793	0	0	0	0	21.61962640090074	0.14556011162811308	0	1964.165697826423	5.3815579684738815
20.6	4.7671321747275135	4.7671321747275135	4.7671321747275135	0.09109212816952533	37.490709839249014	16.334835361426485	9.602887099915485	3406.4275571214307	603.9485751874071	0	0	0	0	21.6196267426184	0.14556013550863642	0	1964.1656900279113	5.381557751692684
20.7	4.7671321747275135	4.7671321747275135	4.7671321747275135	0.09109212816952565	37.49070983924927	16.33483536142632	9.602887099915476	3406.427557121425	603.9485751874084	0	0	0	0	21.61962675536102	0.14556013458949818	0	1964.1656897593946	5.381557760428697
20.8	4.7671321747275135	4.7671321747275135	4.7671321747275135	0.0910921281695326	37.490709839245284	16.334835361423227	9.602887099915291	3406.4275571215135	603.9485751874375	0	0	0	0	21.619627130631862	0.1455601668240066	0	1964.1656811841256	5.381557466267692
20.9	4.7671321747275135	4.7671321747275135	4.7671321747275135	0.09109212816953331	37.4907098392452	16.334835361422897	9.602887099915272	3406.4275571215153	603.9485751874407	0	0	0	0	21.61962716364238	0.14556016841172284	0	1964.1656804336321	5.381557452016025
21	4.767132174727514	4.767132174727514	4.767132174727514	0.09109212816953456	37.49070983924443	16.33483536142234	9.60288709991524	3406.4275571215326	603.9485751874458	0	0	0	0	21.619627232499763	0.14556017450505887	0	1964.1656788568664	5.381557396323305
21.1	4.7671321747275135	4.7671321747275135	4.7671321747275135	0.09109212816953641	37.490709839243245	16.334835361421515	9.60288709991519	3406.4275571215585	603.9485751874536	0	0	0	0	21.619627334623647	0.14556018366358886	0	1964.165676520948	5.381557312636594
21.2	4.7671321747275135	4.7671321747275135	4.7671321747275135	0.0910921281695364	37.490709839243344	16.33483536142151	9.60288709991519	3406.427557121556	603.9485751874536	0	0	0	0	21.619627332586695	0.14556018299962703	0	1964.1656765736004	5.381557318796867
21.3	4.7671321747275135	4.7671321747275135	4.7671321747275135	0.09109212816953412	37.490709839245405	16.33483536142248	9.602887099915252	3406.4275571215103	603.9485751874446	0	0	0	0	21.61962719757179	0.14556016807686603	0	1964.1656796637105	5.381557455711689
21.4	4.7671321747275135	4.7671321747275135	4.7671321747275135	0.09109212816950261	37.49070983927253	16.334835361435974	9.602887099916092	3406.427557120901	603.9485751873184	0	0	0	0	21.619625348822478	0.14555996940483354	0	1964.1657219183742	5.381559277578312
21.5	4.7671321747275135	4.7671321747275135	4.7671321747275135	0.09109212816945228	37.49070983931577	16.334835361457543	9.602887099917435	3406.4275571199296	603.9485751871165	0	0	0	0	21.619622395722857	0.14555965260440418	0	1964.1657894125083	5.381562182615027
21.6	4.7671321747275135	4.7671321747275135	4.7671321747275135	0.09109212816940383	37.490709839357294	16.33483536147831	9.602887099918728	3406.4275571189974	603.9485751869222	0	0	0	0	21.619619555083066	0.14555934828315964	0	1964.1658543376927	5.381564973147263
21.7	4.7671321747275135	4.7671321747275135	4.7671321747275135	0.091092128169378	37.490709839379264	16.334835361489375	9.602887099919418	3406.4275571185035	603.9485751868186	0	0	0	0	21.61961804371322	0.1455591870486816	0	1964.1658888855063	5.381566451500447
21.8	4.767132174727514	4.767132174727514	4.767132174727514	0.09109212816939553	37.490709839363866	16.33483536148186	9.602887099918947	3406.4275571188496	603.9485751868889	0	0	0	0	21.619619078423455	0.14555929950855165	0	1964.1658652475287	5.381565420000007
21.9	4.7671321747275135	4.7671321747275135	4.7671321747275135	0.09109212816946892	37.49070983930059	16.33483536145042	9.602887099916991	3406.4275571202706	603.948575187183	0	0	0	0	21.619623386908746	0.14555976281979358	0	1964.1657667920847	5.381561171287004
22	4.767132174727513	4.767132174727513	4.767132174727513	0.09109212816949572	37.49070983927976	16.33483536143894	9.602887099916275	3406.427557120737	603.9485751872905	0	0	0	0	21.61962491877608	0.14555991758802145	0	1964.1657317771744	5.381559753830181
22.1	4.767132174727513	4.767132174727513	4.767132174727513	0.09109212816949705	37.49070983928005	16.334835361438376	9.602887099916241	3406.42755712073	603.9485751872959	0	0	0	0	21.619624970718277	0.14555991687256664	0	1964.1657305819522	5.381559761535487
22.2	4.7671321747275135	4.7671321747275135	4.7671321747275135	0.0910921281695197	37.49070983925918	16.33483536142866	9.602887099915637	3406.4275571211997	603.9485751873867	0	0	0	0	21.619626324951724	0.1455600684521572	0	1964.16569963195	5.381558370410359
22.3	4.7671321747275135	4.7671321747275135	4.7671321747275135	0.09109212816952283	37.49070983925715	16.334835361427324	9.602887099915554	3406.4275571212447	603.9485751873992	0	0	0	0	21.619626494431273	0.1455600838195398	0	1964.1656957450891	5.381558230027871
22.4	4.7671321747275135	4.7671321747275135	4.7671321747275135	0.09109212816952669	37.490709839253505	16.334835361425668	9.60288709991545	3406.427557121327	603.9485751874147	0	0	0	0	21.619626727523702	0.1455601101945615	0	1964.165690416815	5.381557987912156
22.5	4.7671321747275135	4.7671321747275135	4.7671321747275135	0.09109212816953259	37.490709839247764	16.33483536142313	9.602887099915291	3406.4275571214566	603.9485751874385	0	0	0	0	21.61962708683761	0.14556015179575796	0	1964.165682202693	5.381557605851977
22.6	4.7671321747275135	4.7671321747275135	4.7671321747275135	0.09109212816953269	37.49070983924795	16.33483536142309	9.602887099915288	3406.427557121452	603.9485751874389	0	0	0	0	21.619627086466892	0.1455601507092873	0	1964.1656822017596	5.381557615997379
22.7	4.7671321747275135	4.7671321747275135	4.7671321747275135	0.09109212816953534	37.49070983924509	16.33483536142195	9.602887099915218	3406.4275571215167	603.9485751874497	0	0	0	0	21.61962725478647	0.14556017111727812	0	1964.1656783652584	5.3815574284075405
22.8	4.7671321747275135	4.7671321747275135	4.7671321747275135	0.09109212816953632	37.490709839244154	16.334835361421543	9.602887099915192	3406.427557121538	603.9485751874533	0	0	0	0	21.619627312375886	0.14556017775447386	0	1964.165677041041	5.381557367441166
22.9	4.767132174727514	4.767132174727514	4.767132174727514	0.09109212816953646	37.490709839244055	16.334835361421487	9.60288709991519	3406.4275571215403	603.9485751874539	0	0	0	0	21.619627319807435	0.14556017849330846	0	1964.1656768606802	5.381557360662354
23	4.7671321747275135	4.7671321747275135	4.7671321747275135	0.09109212816953746	37.49070983924289	16.334835361421046	9.602887099915161	3406.4275571215667	603.9485751874581	0	0	0	0	21.619627386003373	0.14556018681714591	0	1964.1656753623804	5.381557284080905
23.1	4.7671321747275135	4.7671321747275135	4.7671321747275135	0.09109212816953757	37.49070983924282	16.334835361421014	9.60288709991516	3406.4275571215676	603.9485751874585	0	0	0	0	21.619627390810287	0.145560187269924	0	1964.165675276675	5.381557279892862
23.2	4.7671321747275135	4.7671321747275135	4.7671321747275135	0.0910921281695378	37.49070983924254	16.33483536142091	9.602887099915153	3406.427557121574	603.9485751874595	0	0	0	0	21.6196274063719	0.14556018930388898	0	1964.1656749220285	5.381557261182266
23.3	4.767132174727514	4.767132174727514	4.767132174727514	0.09109212816953803	37.49070983924227	16.33483536142082	9.602887099915147	3406.427557121581	603.9485751874604	0	0	0	0	21.619627421712593	0.14556019119966834	0	1964.1656745664618	5.3815572437518115
23.4	4.7671321747275135	4.7671321747275135	4.7671321747275135	0.09109212816953804	37.490709839242264	16.334835361420826	9.602887099915147	3406.427557121581	603.9485751874604	0	0	0	0	21.619627422241877	0.1455601911366719	0	1964.1656745566609	5.381557244332383
23.5	4.7671321747275135	4.7671321747275135	4.7671321747275135	0.09109212816953778	37.49070983924267	16.334835361421003	9.602887099915154	3406.427557121571	603.9485751874586	0	0	0	0	21.619627404264715	0.1455601880569215	0	1964.1656749644092	5.381557272812381
23.6	4.7671321747275135	4.7671321747275135	4.7671321747275135	0.09109212816953545	37.490709839246286	16.33483536142256	9.602887099915216	3406.4275571214907	603.9485751874441	0	0	0	0	21.619627234780456	0.14556016059893764	0	1964.1656788226142	5.381557526356702
23.7	4.7671321747275135	4.7671321747275135	4.7671321747275135	0.09109212816953212	37.490709839251366	16.33483536142475	9.602887099915307	3406.427557121376	603.9485751874236	0	0	0	0	21.619626995071776	0.14556012189958728	0	1964.165684281115	5.381557883666376
23.8	4.7671321747275135	4.7671321747275135	4.7671321747275135	0.09109212816952947	37.490709839255445	16.334835361426514	9.602887099915376	3406.4275571212843	603.9485751874071	0	0	0	0	21.619626802417116	0.14556009085093416	0	1964.165688668356	5.381558170326313
23.9	4.7671321747275135	4.7671321747275135	4.7671321747275135	0.09109212816952905	37.49070983925603	16.334835361426777	9.602887099915389	3406.4275571212715	603.9485751874047	0	0	0	0	21.619626774094904	0.14556008634504194	0	1964.1656893127806	5.381558211921424
24	4.7671321747275135	4.7671321747275135	4.7671321747275135	0.09109212816953255	37.49070983925063	16.33483536142447	9.602887099915295	3406.427557121393	603.9485751874262	0	0	0	0	21.619627027383576	0.14556012727397435	0	1964.1656835428325	5.381557834036613
