0	4.7671321747275135	4.7671321747275135	4.7671321747275135	0.09109212816953825	37.49070983924196	16.3348353614207	9.60288709991514	3406.4275571215885	603.9485751874613	0	0	0	0	0	0	0	0	0
0.1	4.7671321747275135	4.7671321747275135	4.7671321747275135	0.09109212816953825	37.49070983924196	16.3348353614207	9.60288709991514	3406.4275571215885	603.9485751874613	0	0	0	0	-1758687520272871e-20	-0.0028243211412687474	0	-9012228896818463e-20	-0.011974279835414893
0.2	4.7671321747275135	4.7671321747275135	4.7671321747275135	0.09109212816953827	37.49070983924196	16.3348353614207	9.60288709991514	3406.4275571215885	603.9485751874613	0	0	0	0	-846688276394707e-19	-0.0038174937873025954	0	-0.0009158899790686259	-0.03377269320355286
0.3	4.7671321747275135	4.7671321747275135	4.7671321747275135	0.09109212816953825	37.49070983924196	16.3348353614207	9.60288709991514	3406.4275571215885	603.9485751874613	0	0	0	0	-0.0001795395570591397	-0.004166793473456167	0	-0.0030342507362995474	-0.055680036233312
0.4	4.7671321747275135	4.7671321747275135	4.7671321747275135	0.09109212816953825	37.49070983924196	16.3348353614207	9.60288709991514	3406.4275571215885	603.9485751874613	0	0	0	0	-0.00027834819945280544	-0.004289754033773432	0	-0.006450259907404446	-0.07491677479709878
0.5	4.7671321747275135	4.7671321747275135	4.7671321747275135	0.09109212816953825	37.49070983924196	16.3348353614207	9.60288709991514	3406.4275571215885	603.9485751874613	0	0	0	0	-0.00036881144542370256	-0.004333174701380329	0	-0.01086011680545784	-0.09102139634113517
0.6	4.7671321747275135	4.7671321747275135	4.7671321747275135	0.09109212816953825	37.49070983924196	16.3348353614207	9.60288709991514	3406.4275571215885	603.9485751874613	0	0	0	0	-0.00044669877709624536	-0.004348681176594621	0	-0.015884427476866064	-0.10424906918369038
0.7	4.7671321747275135	4.7671321747275135	4.7671321747275135	0.09109212816953825	37.49070983924196	16.334835361420698	9.60288709991514	3406.4275571215885	603.9485751874613	0	0	0	0	-0.0005117425996410688	-0.0043543776505867975	0	-0.021183052210274222	-0.11502763541128933
0.8	4.7671321747275135	4.7671321747275135	4.7671321747275135	0.09109212816953825	37.49070983924196	16.334835361420698	9.60288709991514	3406.4275571215885	603.9485751874613	0	0	0	0	-0.0005652319960538225	-0.0043566370156770525	0	-0.02649203546086262	-0.12378113429083022
0.9	4.767132174727513	4.767132174727513	4.767132174727513	0.09109212816953824	37.49070983924195	16.3348353614207	9.60288709991514	3406.4275571215885	603.9485751874613	0	0	0	0	-0.0006088841821858083	-0.004357681443943182	0	-0.03162493244552954	-0.13088009277477225
1	4.767132174727513	4.767132174727513	4.767132174727513	0.09109212816953824	37.49070983924195	16.3348353614207	9.60288709991514	3406.4275571215885	603.9485751874613	0	0	0	0	-0.0006443714571632164	-0.004358285540740068	0	-0.036460850407597285	-0.13663350392060064
1.1	4.7671321747275135	4.7671321747275135	4.7671321747275135	0.09109212816953825	37.49070983924196	16.3348353614207	9.60288709991514	3406.4275571215885	603.9485751874613	0	0	0	0	-0.0006731715085878099	-0.004358721276537587	0	-0.04092811378267726	-0.14129609871849746
1.2	4.7671321747275135	4.7671321747275135	4.7671321747275135	0.09109212816953825	37.49070983924196	16.3348353614207	9.60288709991514	3406.4275571215885	603.9485751874613	0	0	0	0	-0.000696526257486117	-0.004359078900244247	0	-0.04499274786216783	-0.14507471647272313
1.3	4.767132174727514	4.767132174727514	4.767132174727514	0.09109212816953825	37.49070983924196	16.3348353614207	9.60288709991514	3406.4275571215885	603.9485751874613	0	0	0	0	-0.000715451909279472	-0.004359388175548049	0	-0.04864724153150067	-0.14813592345998147
1.4	4.7671321747275135	4.7671321747275135	4.7671321747275135	0.09109212816953824	37.49070983924196	16.3348353614207	9.60288709991514	3406.4275571215885	603.9485751874613	0	0	0	0	-0.000730796032706546	-0.0043596614936290785	0	-0.05190006463079031	-0.15061767600360834
1.5	4.7671321747275135	4.7671321747275135	4.7671321747275135	0.09109212816953824	37.49070983924196	16.334835361420705	9.60288709991514	3406.4275571215885	603.9485751874613	0	0	0	0	-0.00074322735538109	-0.004359903113835473	0	-0.05477257087540814	-0.15262834725611374
1.6	4.7671321747275135	4.7671321747275135	4.7671321747275135	0.09109212816953825	37.49070983924196	16.334835361420705	9.60288709991514	3406.4275571215885	603.9485751874613	0	0	0	0	-0.0007533061908589666	-0.004360116067036226	0	-0.05729155168856745	-0.15425862728266693
1.7	4.7671321747275135	4.7671321747275135	4.7671321747275135	0.09109212816953825	37.49070983924196	16.334835361420705	9.60288709991514	3406.4275571215885	603.9485751874613	0	0	0	0	-0.0007614721778326432	-0.004360302810876659	0	-0.05948788884839301	-0.15557960890811653
1.8	4.7671321747275135	4.7671321747275135	4.7671321747275135	0.09109212816953825	37.49070983924196	16.3348353614207	9.60288709991514	3406.4275571215885	603.9485751874613	0	0	0	0	-0.0007680954353418023	-0.004360465701615845	0	-0.061393250960818706	-0.15665112777784587
1.9	4.7671321747275135	4.7671321747275135	4.7671321747275135	0.09109212816953825	37.49070983924196	16.3348353614207	9.60288709991514	3406.4275571215885	603.9485751874613	0	0	0	0	-0.0007734593333036719	-0.004360607103269186	0	-0.06303882756815082	-0.1575189907893508
2	4.767132174727513	4.767132174727513	4.767132174727513	0.09109212816953824	37.49070983924196	16.3348353614207	9.60288709991514	3406.4275571215885	603.9485751874613	0	0	0	0	-0.0007778143613888111	-0.004360729343826766	0	-0.06445501047729445	-0.15822369039029707
2.1	4.7671321747275135	4.7671321747275135	4.7671321747275135	0.09109212816953824	37.49070983924197	16.334835361420705	9.60288709991514	3406.427557121588	603.9485751874613	0	0	0	0	-0.0007813399203435887	-0.00436083456026972	0	-0.06566900472866728	-0.15879422880114316
2.2	4.7671321747275135	4.7671321747275135	4.7671321747275135	0.09109212816953825	37.49070983924197	16.33483536142071	9.60288709991514	3406.427557121588	603.9485751874613	0	0	0	0	-0.0007842009698960916	-0.004360924861112321	0	-0.06670704039634764	-0.15925727620745955
2.3	4.7671321747275135	4.7671321747275135	4.7671321747275135	0.09109212816953828	37.49070983924198	16.334835361420712	9.60288709991514	3406.4275571215876	603.9485751874613	0	0	0	0	-0.000786523206454951	-0.0043610021121851085	0	-0.06759227300455359	-0.15963315620066776
2.4	4.7671321747275135	4.7671321747275135	4.7671321747275135	0.09109212816953831	37.49070983924199	16.334835361420716	9.602887099915138	3406.4275571215876	603.9485751874612	0	0	0	0	-0.0007884015532416737	-0.004361067961051349	0	-0.06834452895575831	-0.15993721899720634
2.5	4.7671321747275135	4.7671321747275135	4.7671321747275135	0.0910921281695383	37.49070983924199	16.33483536142071	9.602887099915138	3406.427557121587	603.9485751874612	0	0	0	0	-0.0007899279717790315	-0.004361124027113597	0	-0.06898328828093056	-0.16018433632567788
2.6	4.7671321747275135	4.7671321747275135	4.7671321747275135	0.09109212816953831	37.490709839242044	16.334835361420712	9.602887099915138	3406.427557121586	603.9485751874613	0	0	0	0	-0.000791168045918894	-0.0043611716424085826	0	-0.06952458602650652	-0.1603851161077798
2.7	4.7671321747275135	4.7671321747275135	4.7671321747275135	0.09109212816953834	37.49070983924209	16.334835361420716	9.602887099915137	3406.4275571215844	603.9485751874613	0	0	0	0	-0.0007921703294018372	-0.004361211927381657	0	-0.06998148491572666	-0.16054741212201057
2.8	4.7671321747275135	4.7671321747275135	4.7671321747275135	0.09109212816953831	37.490709839242044	16.334835361420712	9.602887099915138	3406.4275571215853	603.9485751874614	0	0	0	0	-0.0007929830811932486	-0.004361245996276044	0	-0.07036694638296322	-0.16067903045073503
2.9	4.7671321747275135	4.7671321747275135	4.7671321747275135	0.09109212816953842	37.4907098392422	16.334835361420737	9.602887099915137	3406.4275571215817	603.9485751874611	0	0	0	0	-0.0007936458442575463	-0.004361274798130865	0	-0.07069245933920718	-0.16078637089474007
3	4.7671321747275135	4.7671321747275135	4.7671321747275135	0.09109212816953864	37.490709839242506	16.33483536142078	9.60288709991513	3406.427557121575	603.9485751874607	0	0	0	0	-0.0007941825996700255	-0.004361299034604431	0	-0.07096610129243039	-0.16087331346685507
3.1	4.7671321747275135	4.7671321747275135	4.7671321747275135	0.09109212816953875	37.49070983924264	16.334835361420797	9.602887099915128	3406.427557121572	603.9485751874606	0	0	0	0	-0.0007946160239826777	-0.004361319398242889	0	-0.0711954726425519	-0.1609435247622948
3.2	4.7671321747275135	4.7671321747275135	4.7671321747275135	0.09109212816953857	37.490709839242406	16.334835361420765	9.602887099915133	3406.4275571215767	603.9485751874608	0	0	0	0	-0.0007949685693501861	-0.004361336561305433	0	-0.07138813350968401	-0.16100063709879123
3.3	4.767132174727513	4.767132174727513	4.767132174727513	0.09109212816953931	37.49070983924344	16.334835361420932	9.602887099915112	3406.427557121553	603.9485751874591	0	0	0	0	-0.0007952561871181678	-0.0043613508884535876	0	-0.07155009952045929	-0.1610472513776886
3.4	4.7671321747275135	4.7671321747275135	4.7671321747275135	0.09109212816954047	37.490709839245035	16.334835361421185	9.602887099915081	3406.4275571215176	603.9485751874569	0	0	0	0	-0.0007954889204878589	-0.0043613628118169745	0	-0.0716855148466032	-0.1610849835505879
3.5	4.7671321747275135	4.7671321747275135	4.7671321747275135	0.09109212816954095	37.49070983924567	16.334835361421284	9.602887099915067	3406.4275571215035	603.9485751874558	0	0	0	0	-0.0007956768054653952	-0.004361372834729309	0	-0.07179842551187703	-0.16111543862112435
3.6	4.7671321747275135	4.7671321747275135	4.7671321747275135	0.09109212816954003	37.49070983924442	16.334835361421092	9.602887099915092	3406.4275571215317	603.9485751874577	0	0	0	0	-0.0007958297719310618	-0.004361381401674005	0	-0.07189286676168515	-0.1611402142491272
3.7	4.7671321747275135	4.7671321747275135	4.7671321747275135	0.09109212816954598	37.49070983925291	16.3348353614225	9.602887099914936	3406.4275571213393	603.9485751874449	0	0	0	0	-0.0007959539511076622	-0.004361387712238527	0	-0.07197208393351164	-0.1611604890660815
3.8	4.7671321747275135	4.7671321747275135	4.7671321747275135	0.09109212816955634	37.49070983926758	16.33483536142491	9.602887099914659	3406.427557121006	603.9485751874226	0	0	0	0	-0.0007960538388330378	-0.004361392269244474	0	-0.07203811966642201	-0.16117692794750083
3.9	4.7671321747275135	4.7671321747275135	4.7671321747275135	0.09109212816956312	37.49070983927718	16.334835361426485	9.60288709991448	3406.427557120788	603.9485751874083	0	0	0	0	-0.0007961346187281781	-0.004361396291941087	0	-0.07209292931375189	-0.16119018263779533
4	4.7671321747275135	4.7671321747275135	4.7671321747275135	0.09109212816955842	37.49070983927044	16.33483536142537	9.602887099914605	3406.4275571209414	603.9485751874186	0	0	0	0	-0.0007962014744140724	-0.004361400999577603	0	-0.07213846822883675	-0.16120090488137523
4.1	4.7671321747275135	4.7671321747275135	4.7671321747275135	0.09109212816955108	37.49070983926055	16.334835361423796	9.6028870999148	3406.427557121166	603.9485751874329	0	0	0	0	-0.0007962565006230592	-0.004361405379066607	0	-0.07217656038202522	-0.16120968743134745
4.2	4.7671321747275135	4.7671321747275135	4.7671321747275135	0.09109212816956165	37.490709839277095	16.334835361426666	9.60288709991452	3406.4275571207904	603.9485751874064	0	0	0	0	-0.0007962984666798026	-0.004361406817066057	0	-0.07220831745929261	-0.16121684486556423
4.3	4.7671321747275135	4.7671321747275135	4.7671321747275135	0.09109212816956751	37.490709839286026	16.334835361428198	9.602887099914362	3406.427557120588	603.9485751873923	0	0	0	0	-0.0007963330605884848	-0.004361408405320881	0	-0.0722346442858076	-0.16122263543851142
4.4	4.7671321747275135	4.7671321747275135	4.7671321747275135	0.09109212816955457	37.49070983926671	16.334835361424926	9.602887099914707	3406.427557121026	603.9485751874224	0	0	0	0	-0.0007963642777887482	-0.004361412088200832	0	-0.07225647559891937	-0.16122732626440356
4.5	4.767132174727514	4.767132174727514	4.767132174727514	0.09109212816956404	37.490709839283014	16.334835361427846	9.602887099914454	3406.4275571206563	603.9485751873956	0	0	0	0	-0.0007963854767173889	-0.004361412437227818	0	-0.07227472669654612	-0.16123117120959055
4.6	4.7671321747275135	4.7671321747275135	4.7671321747275135	0.09109212816957714	37.490709839304394	16.3348353614316	9.602887099914106	3406.427557120171	603.9485751873611	0	0	0	0	-0.0007964016999431751	-0.004361412030346019	0	-0.07228986133017583	-0.161234292143751
4.7	4.7671321747275135	4.7671321747275135	4.7671321747275135	0.0910921281695635	37.49070983928234	16.334835361427736	9.602887099914469	3406.4275571206713	603.9485751873965	0	0	0	0	-0.0007964201894525715	-0.004361414993545476	0	-0.07230229132431674	-0.1612367960868102
4.8	4.7671321747275135	4.7671321747275135	4.7671321747275135	0.09109212816956425	37.49070983928558	16.334835361428446	9.602887099914447	3406.4275571205976	603.94857518739	0	0	0	0	-0.0007964319744241661	-0.004361415789006112	0	-0.07231269865388874	-0.1612388538189235
4.9	4.7671321747275135	4.7671321747275135	4.7671321747275135	0.09109212816958191	37.49070983931662	16.33483536143405	9.602887099913975	3406.427557119893	603.9485751873385	0	0	0	0	-0.0007964375444710285	-0.004361414137470549	0	-0.07232139918218759	-0.1612405442164735
5	4.7671321747275135	4.7671321747275135	4.7671321747275135	0.09109212816957644	37.49070983930718	16.334835361432358	9.60288709991412	3406.4275571201074	603.9485751873542	0	0	0	0	-0.0007964472732035143	-0.0043614155285138555	0	-0.07232847687865958	-0.16124188965358602
5.1	4.7671321747275135	4.7671321747275135	4.7671321747275135	0.09109212816955985	37.49070983927971	16.3348353614275	9.602887099914563	3406.4275571207304	603.9485751873988	0	0	0	0	-0.0007964579054487007	-0.004361418305350223	0	-0.07233429285194251	-0.16124297197299495
5.2	4.7671321747275135	4.7671321747275135	4.7671321747275135	0.09109212816956823	37.49070983929622	16.33483536143058	9.602887099914343	3406.4275571203566	603.9485751873702	0	0	0	0	-0.0007964605848985588	-0.004361417552273164	0	-0.07233923755005206	-0.16124387904535162
5.3	4.7671321747275135	4.7671321747275135	4.7671321747275135	0.09109212816956477	37.49070983929008	16.334835361429477	9.602887099914433	3406.4275571204957	603.9485751873805	0	0	0	0	-0.0007964660013180631	-0.004361418393106735	0	-0.07234324889693941	-0.161244601464236
5.4	4.7671321747275135	4.7671321747275135	4.7671321747275135	0.09109212816955202	37.490709839267375	16.33483536142535	9.602887099914776	3406.4275571210114	603.9485751874184	0	0	0	0	-0.000796473149227583	-0.004361420459396844	0	-0.07234651259989204	-0.16124517761366458
5.5	4.7671321747275135	4.7671321747275135	4.7671321747275135	0.09109212816955482	37.490709839273705	16.334835361426553	9.602887099914698	3406.427557120868	603.9485751874073	0	0	0	0	-0.0007964749130422172	-0.0043614202881992695	0	-0.07234930027347859	-0.16124566280933653
5.6	4.7671321747275135	4.7671321747275135	4.7671321747275135	0.09109212816955035	37.490709839265136	16.334835361424975	9.602887099914819	3406.4275571210624	603.9485751874219	0	0	0	0	-0.0007964787403499456	-0.004361421129646386	0	-0.07235154778429259	-0.16124604770232348
5.7	4.7671321747275135	4.7671321747275135	4.7671321747275135	0.09109212816954555	37.4907098392564	16.334835361423377	9.602887099914948	3406.4275571212606	603.9485751874365	0	0	0	0	-0.0007964820970977161	-0.004361421962677934	0	-0.07235340332042547	-0.16124636011126142
5.8	4.7671321747275135	4.7671321747275135	4.7671321747275135	0.09109212816954719	37.490709839260276	16.334835361424116	9.602887099914902	3406.4275571211724	603.9485751874298	0	0	0	0	-0.000796482948177155	-0.0043614218470309565	0	-0.07235497635975735	-0.16124662113240487
5.9	4.7671321747275135	4.7671321747275135	4.7671321747275135	0.09109212816954386	37.49070983925349	16.334835361422854	9.60288709991499	3406.427557121326	603.9485751874415	0	0	0	0	-0.0007964854283177308	-0.004361422446216707	0	-0.07235623430207717	-0.16124682687032044
6	4.7671321747275135	4.7671321747275135	4.7671321747275135	0.09109212816954533	37.490709839257235	16.334835361423586	9.602887099914952	3406.4275571212415	603.9485751874346	0	0	0	0	-0.000796485726152158	-0.00436142230976656	0	-0.0723573140968055	-0.16124700049964596
6.1	4.7671321747275135	4.7671321747275135	4.7671321747275135	0.09109212816955026	37.49070983926822	16.334835361425675	9.60288709991482	3406.4275571209923	603.9485751874154	0	0	0	0	-0.0007964845359527468	-0.0043614216483598926	0	-0.07235823546779918	-0.16124714651947927
6.2	4.7671321747275135	4.7671321747275135	4.7671321747275135	0.09109212816954851	37.490709839264355	16.33483536142494	9.602887099914867	3406.4275571210806	603.9485751874221	0	0	0	0	-0.000796485947040498	-0.004361421976056178	0	-0.07235894023205748	-0.16124725700091846
6.3	4.767132174727514	4.767132174727514	4.767132174727514	0.0910921281695485	37.490709839265314	16.33483536142516	9.602887099914867	3406.4275571210583	603.9485751874201	0	0	0	0	-0.000796486226820648	-0.004361422006204299	0	-0.07235954344055613	-0.1612473494824579
6.4	4.7671321747275135	4.7671321747275135	4.7671321747275135	0.09109212816956078	37.49070983929447	16.334835361430752	9.602887099914538	3406.4275571203966	603.9485751873685	0	0	0	0	-0.0007964810758663001	-0.004361420153733537	0	-0.07236016173893645	-0.16124744214275846
6.5	4.7671321747275135	4.7671321747275135	4.7671321747275135	0.09109212816956759	37.49070983931034	16.33483536143379	9.602887099914357	3406.4275571200365	603.9485751873406	0	0	0	0	-0.0007964784150775944	-0.004361419148723818	0	-0.07236063418598086	-0.16124751260894565
6.6	4.7671321747275135	4.7671321747275135	4.7671321747275135	0.09109212816955485	37.490709839280576	16.33483536142809	9.602887099914698	3406.4275571207118	603.9485751873931	0	0	0	0	-0.0007964844040463737	-0.004361421133130094	0	-0.0723608394246159	-0.16124754395132646
6.7	4.7671321747275135	4.7671321747275135	4.7671321747275135	0.09109212816955943	37.49070983929407	16.334835361430752	9.602887099914575	3406.4275571204057	603.9485751873685	0	0	0	0	-0.0007964818396529457	-0.004361420363140447	0	-0.07236117848436549	-0.16124759176362655
6.8	4.7671321747275135	4.7671321747275135	4.7671321747275135	0.09109212816957207	37.49070983932637	16.334835361437023	9.602887099914238	3406.427557119672	603.9485751873107	0	0	0	0	-0.0007964756328012248	-0.0043614183535713525	0	-0.07236154955887047	-0.16124764344323061
6.9	4.7671321747275135	4.7671321747275135	4.7671321747275135	0.09109212816956332	37.49070983930435	16.33483536143276	9.60288709991447	3406.4275571201715	603.94857518735	0	0	0	0	-0.0007964801387149795	-0.0043614197633966185	0	-0.0723616378696383	-0.1612476571617362
7	4.7671321747275135	4.7671321747275135	4.7671321747275135	0.09109212816955206	37.49070983927709	16.33483536142751	9.602887099914772	3406.4275571207904	603.9485751873983	0	0	0	0	-0.0007964855623487875	-0.004361421539478873	0	-0.0723616724084035	-0.1612476625526018
7.1	4.7671321747275135	4.7671321747275135	4.7671321747275135	0.09109212816955416	37.49070983928373	16.33483536142882	9.602887099914716	3406.4275571206394	603.9485751873863	0	0	0	0	-0.0007964842556829235	-0.00436142117401972	0	-0.07236183092815678	-0.16124768374400078
7.2	4.7671321747275135	4.7671321747275135	4.7671321747275135	0.09109212816954772	37.49070983926678	16.334835361425526	9.60288709991489	3406.4275571210246	603.9485751874166	0	0	0	0	-0.0007964877411235823	-0.004361422233021585	0	-0.0723618582987794	-0.16124768838599826
7.3	4.7671321747275135	4.7671321747275135	4.7671321747275135	0.09109212816954422	37.49070983925819	16.33483536142386	9.60288709991498	3406.4275571212193	603.9485751874319	0	0	0	0	-0.0007964895017237081	-0.004361422787385685	0	-0.0723619059870131	-0.1612476950429566
7.4	4.7671321747275135	4.7671321747275135	4.7671321747275135	0.09109212816954447	37.49070983925924	16.334835361424076	9.602887099914973	3406.4275571211956	603.94857518743	0	0	0	0	-0.0007964893197333169	-0.004361422741208338	0	-0.07236198192221353	-0.16124770506599287
7.5	4.7671321747275135	4.7671321747275135	4.7671321747275135	0.09109212816954154	37.49070983925119	16.334835361422503	9.602887099915053	3406.427557121378	603.9485751874446	0	0	0	0	-0.0007964910053039626	-0.004361423234961061	0	-0.07236200295165768	-0.1612477082998123
7.6	4.7671321747275135	4.7671321747275135	4.7671321747275135	0.09109212816954262	37.49070983925497	16.334835361423263	9.602887099915023	3406.4275571212916	603.9485751874377	0	0	0	0	-0.0007964902342033343	-0.004361423027011554	0	-0.07236206906802478	-0.1612477166024877
7.7	4.7671321747275135	4.7671321747275135	4.7671321747275135	0.0910921281695438	37.4907098392586	16.33483536142398	9.602887099914991	3406.427557121209	603.9485751874311	0	0	0	0	-0.0007964895047542554	-0.004361422820244305	0	-0.07236212548447403	-0.16124772369622473
7.8	4.7671321747275135	4.7671321747275135	4.7671321747275135	0.09109212816954171	37.490709839252446	16.334835361422773	9.602887099915048	3406.427557121349	603.9485751874421	0	0	0	0	-0.0007964908027094172	-0.004361423188059469	0	-0.07236212899388361	-0.16124772449949715
7.9	4.7671321747275135	4.7671321747275135	4.7671321747275135	0.09109212816954568	37.49070983926543	16.33483536142538	9.602887099914943	3406.4275571210546	603.948575187418	0	0	0	0	-0.0007964880632972233	-0.004361422458915097	0	-0.07236221807612102	-0.16124773471043086
8	4.7671321747275135	4.7671321747275135	4.7671321747275135	0.09109212816955067	37.49070983928143	16.33483536142858	9.602887099914808	3406.4275571206917	603.9485751873884	0	0	0	0	-0.0007964846933617666	-0.004361421548830767	0	-0.07236231652970848	-0.1612477459528876
8.1	4.7671321747275135	4.7671321747275135	4.7671321747275135	0.0910921281695487	37.490709839275056	16.334835361427306	9.60288709991486	3406.4275571208364	603.9485751874003	0	0	0	0	-0.0007964860546875811	-0.0043614219119225	0	-0.07236230391215329	-0.16124774485379917
8.2	4.7671321747275135	4.7671321747275135	4.7671321747275135	0.09109212816954754	37.490709839272576	16.334835361426816	9.602887099914891	3406.4275571208923	603.9485751874047	0	0	0	0	-0.0007964865498252216	-0.004361422085920694	0	-0.0723623077768379	-0.16124774509443257
8.3	4.7671321747275135	4.7671321747275135	4.7671321747275135	0.09109212816955807	37.49070983930882	16.334835361434067	9.602887099914613	3406.42755712007	603.9485751873378	0	0	0	0	-0.000796478811062134	-0.004361420087463729	0	-0.07236249537289204	-0.16124776515094086
8.4	4.7671321747275135	4.7671321747275135	4.7671321747275135	0.09109212816956379	37.49070983932821	16.334835361437943	9.60288709991446	3406.42755711963	603.9485751873019	0	0	0	0	-0.0007964746817501481	-0.004361419011458162	0	-0.07236259897603753	-0.1612477763634628
8.5	4.767132174727514	4.767132174727514	4.767132174727514	0.09109212816955196	37.49070983928815	16.33483536142993	9.602887099914776	3406.42755712054	603.9485751873759	0	0	0	0	-0.0007964832339431828	-0.004361421238860079	0	-0.07236241362210757	-0.16124775669594665
8.6	4.7671321747275135	4.7671321747275135	4.7671321747275135	0.09109212816955138	37.490709839288186	16.334835361429928	9.602887099914792	3406.427557120538	603.9485751873762	0	0	0	0	-0.0007964831725372523	-0.004361421280472261	0	-0.07236242192576678	-0.16124775712336042
8.7	4.7671321747275135	4.7671321747275135	4.7671321747275135	0.0910921281695555	37.4907098393037	16.33483536143302	9.60288709991468	3406.4275571201856	603.9485751873476	0	0	0	0	-0.0007964798253776232	-0.004361420453018248	0	-0.07236250338126589	-0.1612477654629912
8.8	4.7671321747275135	4.7671321747275135	4.7671321747275135	0.09109212816954747	37.49070983927483	16.33483536142726	9.602887099914895	3406.4275571208414	603.9485751874007	0	0	0	0	-0.0007964860317874561	-0.004361422022105475	0	-0.07236236738008087	-0.16124775144818324
8.9	4.7671321747275135	4.7671321747275135	4.7671321747275135	0.09109212816954437	37.4907098392645	16.334835361425203	9.602887099914977	3406.427557121076	603.9485751874198	0	0	0	0	-0.0007964882322862805	-0.004361422598253588	0	-0.07236232133851911	-0.16124774654362736
9	4.7671321747275135	4.7671321747275135	4.7671321747275135	0.09109212816954404	37.49070983926373	16.334835361425046	9.602887099914987	3406.4275571210933	603.9485751874212	0	0	0	0	-0.0007964883885509422	-0.004361422647827581	0	-0.07236232091254403	-0.161247746442365
9.1	4.7671321747275135	4.7671321747275135	4.7671321747275135	0.09109212816954106	37.49070983925257	16.33483536142282	9.602887099915067	3406.4275571213466	603.9485751874419	0	0	0	0	-0.0007964908025984543	-0.004361423247782402	0	-0.07236226875861808	-0.16124774117072166
9.2	4.7671321747275135	4.7671321747275135	4.7671321747275135	0.09109212816954138	37.490709839254386	16.334835361423178	9.602887099915057	3406.427557121305	603.9485751874383	0	0	0	0	-0.0007964904019370305	-0.00436142316002856	0	-0.07236227994507644	-0.16124774222275018
9.3	4.7671321747275135	4.7671321747275135	4.7671321747275135	0.09109212816954113	37.49070983925342	16.334835361422982	9.602887099915062	3406.4275571213275	603.9485751874402	0	0	0	0	-0.0007964906113718606	-0.0043614232123785415	0	-0.07236227691329453	-0.16124774193149366
9.4	4.7671321747275135	4.7671321747275135	4.7671321747275135	0.09109212816954053	37.49070983925136	16.334835361422577	9.602887099915081	3406.4275571213743	603.9485751874439	0	0	0	0	-0.0007964910538498876	-0.0043614233262468756	0	-0.0723622683017504	-0.16124774103380166
9.5	4.7671321747275135	4.7671321747275135	4.7671321747275135	0.09109212816954271	37.49070983926096	16.3348353614245	9.602887099915021	3406.427557121156	603.9485751874262	0	0	0	0	-0.0007964889540637602	-0.004361422835795897	0	-0.07236231708145936	-0.16124774570995895
9.6	4.7671321747275135	4.7671321747275135	4.7671321747275135	0.09109212816954369	37.490709839265214	16.334835361425355	9.602887099914996	3406.427557121059	603.9485751874183	0	0	0	0	-0.0007964880261902386	-0.004361422617568271	0	-0.072362339069528	-0.16124774783826212
9.7	4.767132174727514	4.767132174727514	4.767132174727514	0.09109212816954171	37.49070983925701	16.334835361423714	9.602887099915046	3406.4275571212456	603.9485751874333	0	0	0	0	-0.0007964898161880537	-0.004361423043552437	0	-0.07236229926018052	-0.16124774397427047
9.8	4.767132174727513	4.767132174727513	4.767132174727513	0.09109212816954644	37.49070983927919	16.334835361428144	9.60288709991492	3406.4275571207418	603.9485751873924	0	0	0	0	-0.0007964849713224696	-0.004361421936679347	0	-0.07236240981435235	-0.16124775430363544
9.9	4.7671321747275135	4.7671321747275135	4.7671321747275135	0.0910921281695524	37.49070983930661	16.334835361433626	9.602887099914762	3406.42755712012	603.9485751873418	0	0	0	0	-0.0007964789835301693	-0.004361420559276337	0	-0.07236254616887446	-0.16124776712810907
10	4.767132174727513	4.767132174727513	4.767132174727513	0.09109212816955113	37.49070983930071	16.33483536143245	9.602887099914795	3406.4275571202543	603.9485751873526	0	0	0	0	-0.0007964802727015408	-0.0043614208541800335	0	-0.07236251734978047	-0.1612477644410011
10.1	4.7671321747275135	4.7671321747275135	4.7671321747275135	0.09109212816954629	37.49070983927958	16.334835361428222	9.602887099914925	3406.4275571207336	603.9485751873917	0	0	0	0	-0.0007964848776465387	-0.004361421931319353	0	-0.0723624132636834	-0.16124775449308193
10.2	4.7671321747275135	4.7671321747275135	4.7671321747275135	0.0910921281695525	37.4907098393109	16.334835361434482	9.602887099914758	3406.427557120022	603.9485751873339	0	0	0	0	-0.0007964780076092707	-0.004361420395044504	0	-0.07236256945661267	-0.16124776876033348
10.3	4.767132174727513	4.767132174727513	4.767132174727513	0.09109212816955571	37.49070983932676	16.334835361437648	9.602887099914675	3406.427557119662	603.9485751873045	0	0	0	0	-0.0007964745338658437	-0.004361419612448962	0	-0.07236264851593474	-0.16124777603815263
10.4	4.7671321747275135	4.7671321747275135	4.7671321747275135	0.09109212816954669	37.49070983928282	16.334835361428865	9.602887099914915	3406.427557120659	603.9485751873857	0	0	0	0	-0.0007964841553617771	-0.00436142178856525	0	-0.0723624303989649	-0.16124775589094886
10.5	4.7671321747275135	4.7671321747275135	4.7671321747275135	0.09109212816954518	37.49070983927677	16.334835361427633	9.602887099914957	3406.4275571207972	603.9485751873972	0	0	0	0	-0.000796485473152421	-0.004361422105047518	0	-0.07236240068221901	-0.1612477529730092
10.6	4.7671321747275135	4.7671321747275135	4.7671321747275135	0.09109212816954493	37.49070983927602	16.334835361427476	9.602887099914962	3406.427557120814	603.9485751873985	0	0	0	0	-0.0007964856342634975	-0.00436142214774279	0	-0.07236239716528449	-0.16124775259040097
10.7	4.7671321747275135	4.7671321747275135	4.7671321747275135	0.09109212816954124	37.490709839257256	16.33483536142374	9.60288709991506	3406.4275571212397	603.9485751874332	0	0	0	0	-0.000796489746304586	-0.004361423066365265	0	-0.072362303955211	-0.16124774408893072
10.8	4.7671321747275135	4.7671321747275135	4.7671321747275135	0.091092128169541	37.4907098392566	16.334835361423607	9.602887099915067	3406.4275571212543	603.9485751874342	0	0	0	0	-0.0007964898802518685	-0.004361423102816233	0	-0.07236230101189041	-0.16124774375961146
10.9	4.767132174727513	4.767132174727513	4.767132174727513	0.0910921281695401	37.49070983925196	16.334835361422687	9.60288709991509	3406.4275571213598	603.9485751874428	0	0	0	0	-0.0007964909010526623	-0.0043614233287977144	0	-0.07236227791529314	-0.1612477416730747
11	4.7671321747275135	4.7671321747275135	4.7671321747275135	0.09109212816953986	37.49070983925091	16.334835361422467	9.602887099915097	3406.4275571213834	603.9485751874448	0	0	0	0	-0.0007964911357427021	-0.004361423384667345	0	-0.07236227265279933	-0.16124774116110646
11.1	4.7671321747275135	4.7671321747275135	4.7671321747275135	0.09109212816954079	37.4907098392563	16.334835361423522	9.602887099915073	3406.427557121261	603.948575187435	0	0	0	0	-0.0007964899573814588	-0.004361423130758218	0	-0.07236229945464989	-0.16124774351812113
11.2	4.7671321747275135	4.7671321747275135	4.7671321747275135	0.09109212816954028	37.49070983925339	16.334835361422947	9.602887099915087	3406.4275571213275	603.9485751874404	0	0	0	0	-0.0007964905952646886	-0.004361423269205142	0	-0.07236228501282042	-0.1612477422395529
11.3	4.7671321747275135	4.7671321747275135	4.7671321747275135	0.09109212816954074	37.49070983925689	16.334835361423647	9.602887099915074	3406.4275571212484	603.9485751874339	0	0	0	0	-0.0007964898242701869	-0.0043614231090646684	0	-0.0723623025580746	-0.16124774372571007
11.4	4.7671321747275135	4.7671321747275135	4.7671321747275135	0.09109212816954368	37.49070983927539	16.334835361427306	9.602887099914996	3406.427557120828	603.9485751874003	0	0	0	0	-0.0007964857600094634	-0.004361422240312457	0	-0.07236239486962465	-0.1612477517753272
11.5	4.7671321747275135	4.7671321747275135	4.7671321747275135	0.09109212816954514	37.490709839284406	16.33483536142909	9.602887099914957	3406.427557120623	603.9485751873837	0	0	0	0	-0.0007964837782449542	-0.004361421815636535	0	-0.07236243988875601	-0.1612477557112212
11.6	4.7671321747275135	4.7671321747275135	4.7671321747275135	0.09109212816954226	37.49070983926689	16.33483536142563	9.602887099915034	3406.4275571210205	603.9485751874157	0	0	0	0	-0.0007964876249862964	-0.0043614226406239924	0	-0.0723623525643375	-0.161247748071165
11.7	4.7671321747275135	4.7671321747275135	4.7671321747275135	0.09109212816954565	37.49070983929037	16.334835361430276	9.602887099914943	3406.4275571204876	603.9485751873727	0	0	0	0	-0.0007964824688926086	-0.004361421558071724	0	-0.07236246968164674	-0.1612477580980881
11.8	4.7671321747275135	4.7671321747275135	4.7671321747275135	0.09109212816955164	37.49070983933017	16.33483536143814	9.602887099914783	3406.4275571195835	603.9485751873	0	0	0	0	-0.0007964737228941831	-0.004361419708861572	0	-0.072362668311212	-0.16124777522596997
11.9	4.7671321747275135	4.7671321747275135	4.7671321747275135	0.09109212816955109	37.49070983932631	16.334835361437378	9.602887099914799	3406.4275571196717	603.9485751873069	0	0	0	0	-0.0007964745725125293	-0.004361419887632178	0	-0.07236264902536708	-0.16124777357133427
12	4.767132174727513	4.767132174727513	4.767132174727513	0.09109212816954468	37.490709839284655	16.334835361429143	9.602887099914968	3406.4275571206176	603.9485751873831	0	0	0	0	-0.0007964837238508167	-0.004361421830841481	0	-0.07236244122173531	-0.1612477555740965
12.1	4.7671321747275135	4.7671321747275135	4.7671321747275135	0.09109212816954634	37.49070983929793	16.334835361431768	9.602887099914925	3406.4275571203166	603.9485751873589	0	0	0	0	-0.0007964808125685315	-0.004361421232054438	0	-0.07236250736452521	-0.16124776111890535
12.2	4.7671321747275135	4.7671321747275135	4.7671321747275135	0.0910921281695463	37.49070983929783	16.33483536143175	9.602887099914925	3406.427557120319	603.9485751873591	0	0	0	0	-0.0007964808361261058	-0.00436142123945569	0	-0.07236250683816883	-0.1612477610506473
12.3	4.7671321747275135	4.7671321747275135	4.7671321747275135	0.09109212816954175	37.49070983926635	16.334835361425526	9.602887099915046	3406.4275571210333	603.9485751874166	0	0	0	0	-0.0007964877494310412	-0.004361422691275898	0	-0.0723623498314358	-0.16124774760578323
12.4	4.7671321747275135	4.7671321747275135	4.7671321747275135	0.09109212816954128	37.490709839263715	16.334835361425004	9.60288709991506	3406.4275571210933	603.9485751874215	0	0	0	0	-0.0007964883321169953	-0.004361422818731817	0	-0.0723623366081693	-0.16124774642525844
12.5	4.7671321747275135	4.7671321747275135	4.7671321747275135	0.09109212816954011	37.49070983925527	16.33483536142333	9.60288709991509	3406.427557121285	603.9485751874367	0	0	0	0	-0.000796490184184705	-0.004361423205592851	0	-0.0723622945452211	-0.16124774284300902
12.6	4.7671321747275135	4.7671321747275135	4.7671321747275135	0.09109212816953953	37.49070983925169	16.334835361422638	9.602887099915106	3406.427557121366	603.9485751874433	0	0	0	0	-0.0007964909694028368	-0.004361423371456519	0	-0.07236227671546948	-0.16124774130711428
12.7	4.7671321747275135	4.7671321747275135	4.7671321747275135	0.0910921281695398	37.490709839254116	16.334835361423128	9.6028870999151	3406.427557121311	603.9485751874389	0	0	0	0	-0.0007964904410529781	-0.004361423263569274	0	-0.07236228872110018	-0.16124774230618596
12.8	4.7671321747275135	4.7671321747275135	4.7671321747275135	0.09109212816953918	37.49070983924932	16.33483536142217	9.602887099915117	3406.4275571214203	603.9485751874477	0	0	0	0	-0.0007964914927993299	-0.004361423481406014	0	-0.07236226483202413	-0.1612477402892306
12.9	4.7671321747275135	4.7671321747275135	4.7671321747275135	0.09109212816953988	37.490709839255345	16.334835361423398	9.602887099915097	3406.4275571212834	603.9485751874364	0	0	0	0	-0.0007964901780950211	-0.004361423213488867	0	-0.07236229470309889	-0.16124774276973267
13	4.7671321747275135	4.7671321747275135	4.7671321747275135	0.09109212816954103	37.49070983926476	16.334835361425306	9.602887099915066	3406.4275571210696	603.9485751874189	0	0	0	0	-0.000796488121100093	-0.004361422792090946	0	-0.07236234143561138	-0.16124774667138056
13.1	4.767132174727514	4.767132174727514	4.767132174727514	0.09109212816954056	37.49070983926102	16.334835361424553	9.60288709991508	3406.4275571211547	603.9485751874258	0	0	0	0	-0.0007964889376334564	-0.004361422959357951	0	-0.07236232288625266	-0.16124774512281903
13.2	4.767132174727514	4.767132174727514	4.767132174727514	0.09109212816954099	37.490709839264966	16.334835361425334	9.602887099915067	3406.427557121065	603.9485751874186	0	0	0	0	-0.0007964880824399727	-0.004361422789312389	0	-0.07236234232240168	-0.16124774669675426
13.3	4.7671321747275135	4.7671321747275135	4.7671321747275135	0.09109212816954486	37.49070983929754	16.334835361431875	9.602887099914962	3406.427557120325	603.948575187358	0	0	0	0	-0.0007964809825357458	-0.004361421344960922	0	-0.07236250363424672	-0.1612477600684174
13.4	4.7671321747275135	4.7671321747275135	4.7671321747275135	0.09109212816954734	37.49070983931835	16.334835361436053	9.602887099914899	3406.4275571198527	603.9485751873194	0	0	0	0	-0.0007964764455439504	-0.004361420420884357	0	-0.07236260671462028	-0.16124776862352452
13.5	4.7671321747275135	4.7671321747275135	4.7671321747275135	0.0910921281695439	37.49070983928913	16.33483536143018	9.60288709991499	3406.4275571205167	603.9485751873735	0	0	0	0	-0.0007964828159485084	-0.00436142171767619	0	-0.07236246197927802	-0.16124775661789448
13.6	4.7671321747275135	4.7671321747275135	4.7671321747275135	0.09109212816954411	37.490709839293	16.33483536143094	9.602887099914984	3406.427557120428	603.9485751873667	0	0	0	0	-0.0007964819902220532	-0.004361421559896332	0	-0.07236248075386338	-0.16124775807767014
13.7	4.7671321747275135	4.7671321747275135	4.7671321747275135	0.09109212816954819	37.49070983932995	16.334835361438337	9.602887099914875	3406.427557119589	603.9485751872982	0	0	0	0	-0.0007964739583105211	-0.004361419937406385	0	-0.07236266325603795	-0.1612477730974688
13.8	4.7671321747275135	4.7671321747275135	4.7671321747275135	0.09109212816954709	37.490709839320175	16.334835361436376	9.602887099914906	3406.4275571198114	603.9485751873164	0	0	0	0	-0.0007964760859103693	-0.0043614203679069145	0	-0.07236261491367883	-0.1612477691122063
13.9	4.7671321747275135	4.7671321747275135	4.7671321747275135	0.09109212816954232	37.49070983927821	16.334835361427956	9.602887099915034	3406.4275571207645	603.9485751873941	0	0	0	0	-0.0007964852193199421	-0.004361422219081603	0	-0.07236240739185766	-0.16124775197488306
14	4.7671321747275135	4.7671321747275135	4.7671321747275135	0.09109212816954229	37.490709839278985	16.3348353614281	9.602887099915034	3406.427557120746	603.9485751873927	0	0	0	0	-0.0007964850583309443	-0.004361422191594759	0	-0.07236241105675008	-0.16124775222883303
14.1	4.767132174727513	4.767132174727513	4.767132174727513	0.09109212816954074	37.49070983926491	16.334835361425288	9.602887099915074	3406.4275571210655	603.9485751874188	0	0	0	0	-0.000796488115818347	-0.004361422808508597	0	-0.0723623415833878	-0.16124774651803764
14.2	4.7671321747275135	4.7671321747275135	4.7671321747275135	0.09109212816953968	37.49070983925535	16.33483536142337	9.602887099915103	3406.4275571212834	603.9485751874365	0	0	0	0	-0.000796490196026526	-0.0043614232291779844	0	-0.07236229431737067	-0.16124774262375763
14.3	4.7671321747275135	4.7671321747275135	4.7671321747275135	0.09109212816953967	37.49070983925536	16.334835361423362	9.602887099915101	3406.4275571212834	603.9485751874365	0	0	0	0	-0.0007964901973866973	-0.004361423230652007	0	-0.07236229428812141	-0.16124774260996688
14.4	4.7671321747275135	4.7671321747275135	4.7671321747275135	0.09109212816953902	37.49070983924927	16.334835361422158	9.602887099915119	3406.4275571214216	603.9485751874478	0	0	0	0	-0.0007964915181012994	-0.0043614234961866834	0	-0.07236226427710232	-0.16124774015200527
14.5	4.7671321747275135	4.7671321747275135	4.7671321747275135	0.09109212816953931	37.490709839253036	16.33483536142291	9.602887099915113	3406.427557121335	603.9485751874408	0	0	0	0	-0.0007964907089549846	-0.004361423335402601	0	-0.07236228266619907	-0.1612477416401589
14.6	4.7671321747275135	4.7671321747275135	4.7671321747275135	0.09109212816953961	37.49070983925646	16.334835361423593	9.602887099915105	3406.4275571212575	603.9485751874346	0	0	0	0	-0.0007964899713564096	-0.004361423188227524	0	-0.07236229942845039	-0.16124774300239886
14.7	4.7671321747275135	4.7671321747275135	4.7671321747275135	0.09109212816953913	37.49070983925144	16.33483536142259	9.602887099915119	3406.4275571213716	603.9485751874438	0	0	0	0	-0.0007964910566073062	-0.0043614234055288975	0	-0.07236227476675433	-0.16124774099097544
14.8	4.7671321747275135	4.7671321747275135	4.7671321747275135	0.09109212816954036	37.49070983926579	16.33483536142545	9.602887099915085	3406.4275571210455	603.9485751874173	0	0	0	0	-0.0007964879562675681	-0.004361422789608731	0	-0.07236234522683603	-0.1612477466916561
14.9	4.7671321747275135	4.7671321747275135	4.7671321747275135	0.091092128169542	37.490709839284726	16.334835361429228	9.602887099915044	3406.427557120616	603.9485751873824	0	0	0	0	-0.0007964838649048627	-0.0043614219757197314	0	-0.07236243820799464	-0.16124775422476176
15	4.767132174727513	4.767132174727513	4.767132174727513	0.09109212816954187	37.49070983928319	16.334835361428922	9.602887099915046	3406.4275571206504	603.9485751873851	0	0	0	0	-0.0007964841955716781	-0.004361422041300233	0	-0.07236243069296176	-0.1612477536177954
15.1	4.7671321747275135	4.7671321747275135	4.7671321747275135	0.09109212816954088	37.4907098392727	16.33483536142682	9.602887099915074	3406.4275571208896	603.9485751874046	0	0	0	0	-0.0007964864745122639	-0.004361422497249653	0	-0.07236237890479008	-0.16124774939740724
15.2	4.7671321747275135	4.7671321747275135	4.7671321747275135	0.09109212816954416	37.490709839314185	16.33483536143505	9.602887099914986	3406.427557119946	603.9485751873283	0	0	0	0	-0.0007964775506850794	-0.00436142073029796	0	-0.07236258172044345	-0.16124776575091024
15.3	4.7671321747275135	4.7671321747275135	4.7671321747275135	0.091092128169547	37.49070983934895	16.334835361441954	9.60288709991491	3406.4275571191565	603.9485751872646	0	0	0	0	-0.0007964700690041893	-0.004361419247456543	0	-0.07236275175790392	-0.16124777947506647
15.4	4.7671321747275135	4.7671321747275135	4.7671321747275135	0.09109212816954403	37.49070983931234	16.33483536143468	9.602887099914987	3406.4275571199883	603.9485751873318	0	0	0	0	-0.0007964779494377844	-0.004361420809067757	0	-0.07236257265760405	-0.16124776502191823
15.5	4.767132174727514	4.767132174727514	4.767132174727514	0.09109212816954206	37.49070983928985	16.334835361430198	9.602887099915042	3406.4275571204994	603.9485751873733	0	0	0	0	-0.0007964828002594257	-0.004361421774541458	0	-0.07236246241758651	-0.16124775608574304
15.6	4.7671321747275135	4.7671321747275135	4.7671321747275135	0.09109212816954325	37.490709839306525	16.33483536143349	9.602887099915009	3406.4275571201206	603.9485751873428	0	0	0	0	-0.0007964792248246948	-0.00436142107061596	0	-0.07236254368341503	-0.1612477626002831
15.7	4.7671321747275135	4.7671321747275135	4.7671321747275135	0.09109212816954146	37.49070983928318	16.334835361428865	9.602887099915055	3406.4275571206513	603.9485751873855	0	0	0	0	-0.000796484242587372	-0.004361422062452294	0	-0.07236242964030876	-0.16124775342079803
15.8	4.7671321747275135	4.7671321747275135	4.7671321747275135	0.09109212816953992	37.490709839263914	16.33483536142505	9.602887099915094	3406.4275571210883	603.9485751874208	0	0	0	0	-0.0007964883862965178	-0.004361422882609299	0	-0.07236233546404476	-0.16124774583013793
15.9	4.7671321747275135	4.7671321747275135	4.7671321747275135	0.09109212816953972	37.490709839262	16.33483536142467	9.6028870999151	3406.427557121132	603.9485751874244	0	0	0	0	-0.0007964888022854436	-0.004361422965847701	0	-0.0723623260108605	-0.16124774505967293
16	4.767132174727513	4.767132174727513	4.767132174727513	0.09109212816953895	37.49070983925161	16.33483536142261	9.60288709991512	3406.427557121368	603.9485751874433	0	0	0	0	-0.0007964910318169397	-0.004361423405772423	0	-0.07236227533728946	-0.1612477409881897
16.1	4.7671321747275135	4.7671321747275135	4.7671321747275135	0.09109212816953899	37.490709839252524	16.334835361422787	9.60288709991512	3406.427557121347	603.9485751874417	0	0	0	0	-0.0007964908428608474	-0.004361423369338365	0	-0.07236227963303231	-0.16124774132526887
16.2	4.7671321747275135	4.7671321747275135	4.7671321747275135	0.09109212816953897	37.49070983925238	16.334835361422755	9.60288709991512	3406.4275571213507	603.948575187442	0	0	0	0	-0.0007964908759561915	-0.004361423376032334	0	-0.07236227888101499	-0.1612477412632936
16.3	4.767132174727514	4.767132174727514	4.767132174727514	0.09109212816953884	37.490709839250364	16.33483536142236	9.602887099915124	3406.427557121396	603.9485751874458	0	0	0	0	-0.0007964913071123884	-0.004361423461374796	0	-0.07236226908190807	-0.1612477404734417
16.4	4.7671321747275135	4.7671321747275135	4.7671321747275135	0.09109212816953953	37.490709839260276	16.33483536142432	9.602887099915105	3406.4275571211715	603.9485751874278	0	0	0	0	-0.0007964891965482072	-0.004361423047603533	0	-0.07236231705510306	-0.16124774430257713
16.5	4.7671321747275135	4.7671321747275135	4.7671321747275135	0.09109212816953995	37.49070983926649	16.33483536142555	9.602887099915094	3406.4275571210296	603.9485751874164	0	0	0	0	-0.0007964878722793001	-0.004361422787808834	0	-0.07236234715554891	-0.16124774670679737
16.6	4.767132174727514	4.767132174727514	4.767132174727514	0.09109212816953931	37.49070983925728	16.33483536142373	9.602887099915112	3406.4275571212393	603.9485751874331	0	0	0	0	-0.0007964898378162673	-0.004361423173604231	0	-0.0723623024794452	-0.16124774313652365
16.7	4.7671321747275135	4.7671321747275135	4.7671321747275135	0.09109212816954072	37.49070983927959	16.334835361428173	9.602887099915074	3406.4275571207327	603.9485751873921	0	0	0	0	-0.0007964850918747454	-0.004361422245535934	0	-0.0723624103580321	-0.16124775172482783
16.8	4.7671321747275135	4.7671321747275135	4.7671321747275135	0.0910921281695431	37.490709839316054	16.334835361435424	9.60288709991501	3406.4275571199037	603.9485751873251	0	0	0	0	-0.0007964773295107146	-0.004361420726295272	0	-0.07236258680025924	-0.16124776578394942
16.9	4.7671321747275135	4.7671321747275135	4.7671321747275135	0.09109212816954357	37.49070983932314	16.33483536143683	9.602887099914996	3406.4275571197422	603.9485751873121	0	0	0	0	-0.0007964758216085694	-0.004361420430951215	0	-0.07236262107530106	-0.1612477685171102
17	4.7671321747275135	4.7671321747275135	4.7671321747275135	0.0910921281695411	37.49070983928576	16.334835361429402	9.602887099915064	3406.427557120592	603.9485751873807	0	0	0	0	-0.000796483779342671	-0.004361421989292052	0	-0.07236244019336441	-0.16124775409609463
17.1	4.7671321747275135	4.7671321747275135	4.7671321747275135	0.09109212816954254	37.490709839312046	16.334835361434614	9.602887099915026	3406.427557119995	603.9485751873326	0	0	0	0	-0.000796478201864319	-0.004361420902044831	0	-0.07236256697785795	-0.16124776415711026
17.2	4.7671321747275135	4.7671321747275135	4.7671321747275135	0.09109212816954441	37.49070983934403	16.334835361440962	9.602887099914975	3406.4275571192684	603.9485751872738	0	0	0	0	-0.0007964714053352971	-0.004361419574890378	0	-0.07236272147021355	-0.1612477764383715
17.3	4.767132174727514	4.767132174727514	4.767132174727514	0.0910921281695419	37.49070983930194	16.33483536143261	9.602887099915042	3406.4275571202247	603.948575187351	0	0	0	0	-0.0007964803500697503	-0.004361421322186323	0	-0.07236251814772476	-0.16124776026918666
17.4	4.7671321747275135	4.7671321747275135	4.7671321747275135	0.09109212816954042	37.490709839278175	16.33483536142788	9.602887099915085	3406.4275571207645	603.9485751873948	0	0	0	0	-0.0007964854100577111	-0.00436142231211839	0	-0.07236240313136923	-0.1612477511083436
17.5	4.7671321747275135	4.7671321747275135	4.7671321747275135	0.09109212816954038	37.49070983927834	16.334835361427906	9.602887099915085	3406.4275571207604	603.9485751873945	0	0	0	0	-0.0007964853818628849	-0.004361422307684042	0	-0.07236240377378177	-0.16124775114923198
17.6	4.7671321747275135	4.7671321747275135	4.7671321747275135	0.09109212816953924	37.490709839258535	16.334835361423984	9.602887099915115	3406.42755712121	603.9485751874308	0	0	0	0	-0.0007964895842151112	-0.00436142312764814	0	-0.07236230824896218	-0.16124774356147492
17.7	4.7671321747275135	4.7671321747275135	4.7671321747275135	0.09109212816953904	37.4907098392552	16.33483536142332	9.602887099915119	3406.427557121286	603.948575187437	0	0	0	0	-0.0007964902946962408	-0.004361423266796677	0	-0.07236229209944124	-0.1612477422737806
17.8	4.7671321747275135	4.7671321747275135	4.7671321747275135	0.09109212816953884	37.490709839252055	16.334835361422698	9.602887099915124	3406.427557121358	603.9485751874427	0	0	0	0	-0.0007964909629297872	-0.004361423397174552	0	-0.07236227690959612	-0.16124774106730408
17.9	4.7671321747275135	4.7671321747275135	4.7671321747275135	0.09109212816953877	37.49070983924981	16.334835361422257	9.602887099915126	3406.427557121409	603.9485751874466	0	0	0	0	-0.0007964914431342488	-0.004361423491043963	0	-0.07236226599417753	-0.1612477401986499
18	4.7671321747275135	4.7671321747275135	4.7671321747275135	0.09109212816953917	37.49070983925513	16.334835361423316	9.602887099915115	3406.427557121288	603.9485751874369	0	0	0	0	-0.0007964903236797912	-0.004361423273434592	0	-0.0723622914418928	-0.16124774221227836
18.1	4.7671321747275135	4.7671321747275135	4.7671321747275135	0.09109212816953913	37.490709839254414	16.334835361423178	9.602887099915115	3406.4275571213043	603.9485751874382	0	0	0	0	-0.0007964904734808155	-0.004361423302589721	0	-0.07236228803661544	-0.161247741942494
18.2	4.7671321747275135	4.7671321747275135	4.7671321747275135	0.09109212816953921	37.4907098392555	16.334835361423398	9.602887099915115	3406.4275571212797	603.9485751874363	0	0	0	0	-0.0007964902483484976	-0.0043614232593259935	0	-0.07236229315501276	-0.16124774234275607
18.3	4.767132174727513	4.767132174727513	4.767132174727513	0.0910921281695406	37.49070983927606	16.33483536142748	9.602887099915076	3406.427557120813	603.9485751873983	0	0	0	0	-0.000796485921659137	-0.004361422418950091	0	-0.07236239151124452	-0.16124775011895037
18.4	4.7671321747275135	4.7671321747275135	4.7671321747275135	0.09109212816954165	37.490709839291064	16.334835361430464	9.602887099915051	3406.4275571204726	603.9485751873707	0	0	0	0	-0.0007964827621009079	-0.004361421805122856	0	-0.07236246333554087	-0.1612477557988624
18.5	4.7671321747275135	4.7671321747275135	4.7671321747275135	0.09109212816954054	37.49070983927492	16.334835361427256	9.602887099915081	3406.427557120839	603.9485751874005	0	0	0	0	-0.0007964861602244582	-0.004361422465202486	0	-0.07236238608793602	-0.16124774969099648
18.6	4.7671321747275135	4.7671321747275135	4.7671321747275135	0.09109212816953967	37.49070983926288	16.33483536142485	9.602887099915105	3406.4275571211124	603.9485751874226	0	0	0	0	-0.0007964887050431079	-0.004361422960156597	0	-0.07236232823888539	-0.1612477451109934
18.7	4.7671321747275135	4.7671321747275135	4.7671321747275135	0.09109212816954006	37.490709839269634	16.334835361426183	9.602887099915092	3406.4275571209587	603.9485751874105	0	0	0	0	-0.0007964872934715986	-0.004361422686671801	0	-0.07236236032831224	-0.16124774764151745
18.8	4.7671321747275135	4.7671321747275135	4.7671321747275135	0.09109212816953943	37.490709839260084	16.33483536142429	9.60288709991511	3406.4275571211756	603.9485751874279	0	0	0	0	-0.0007964892969508162	-0.0043614230755093224	0	-0.072362314783928	-0.16124774404352235
18.9	4.7671321747275135	4.7671321747275135	4.7671321747275135	0.09109212816953904	37.49070983925514	16.334835361423305	9.602887099915119	3406.427557121288	603.9485751874371	0	0	0	0	-0.00079649034475655	-0.004361423279199598	0	-0.0723622909649459	-0.16124774215868326
19	4.7671321747275135	4.7671321747275135	4.7671321747275135	0.09109212816953922	37.49070983925921	16.33483536142411	9.602887099915113	3406.4275571211956	603.9485751874297	0	0	0	0	-0.0007964895008293834	-0.004361423115801597	0	-0.07236231015014456	-0.1612477436705662
19.1	4.7671321747275135	4.7671321747275135	4.7671321747275135	0.09109212816953882	37.49070983925207	16.334835361422698	9.602887099915126	3406.427557121358	603.9485751874428	0	0	0	0	-0.0007964909936738892	-0.004361423405236251	0	-0.07236227621342782	-0.16124774099241754
19.2	4.7671321747275135	4.7671321747275135	4.7671321747275135	0.09109212816953872	37.49070983925035	16.334835361422343	9.602887099915128	3406.4275571213966	603.948575187446	0	0	0	0	-0.0007964913593372016	-0.004361423476342323	0	-0.0723622679011161	-0.16124774033445244
19.3	4.7671321747275135	4.7671321747275135	4.7671321747275135	0.09109212816953886	37.49070983925261	16.33483536142278	9.602887099915124	3406.427557121345	603.948575187442	0	0	0	0	-0.0007964908922077767	-0.004361423385960007	0	-0.07236227852057192	-0.16124774117073848
19.4	4.7671321747275135	4.7671321747275135	4.7671321747275135	0.09109212816953857	37.49070983924766	16.334835361421813	9.602887099915131	3406.4275571214575	603.948575187451	0	0	0	0	-0.0007964919179538372	-0.004361423584654363	0	-0.07236225520211731	-0.16124773933221587
19.5	4.7671321747275135	4.7671321747275135	4.7671321747275135	0.09109212816953854	37.49070983924731	16.334835361421746	9.602887099915131	3406.4275571214657	603.9485751874515	0	0	0	0	-0.0007964919954094537	-0.0043614235997859515	0	-0.07236225344146933	-0.16124773919219126
19.6	4.7671321747275135	4.7671321747275135	4.7671321747275135	0.09109212816953859	37.490709839248446	16.334835361421966	9.602887099915131	3406.42755712144	603.9485751874496	0	0	0	0	-0.0007964917625464437	-0.00436142355476429	0	-0.07236225873528851	-0.1612477396087742
19.7	4.7671321747275135	4.7671321747275135	4.7671321747275135	0.09109212816953842	37.490709839245234	16.33483536142134	9.602887099915135	3406.427557121513	603.9485751874554	0	0	0	0	-0.0007964924265260819	-0.004361423683283149	0	-0.07236224364081066	-0.16124773841960569
19.8	4.7671321747275135	4.7671321747275135	4.7671321747275135	0.09109212816953846	37.490709839245376	16.334835361421376	9.602887099915133	3406.4275571215094	603.9485751874548	0	0	0	0	-0.0007964923980959579	-0.004361423677860551	0	-0.0723622442872797	-0.16124773846974647
19.9	4.7671321747275135	4.7671321747275135	4.7671321747275135	0.09109212816953852	37.49070983924584	16.334835361421476	9.602887099915131	3406.427557121499	603.9485751874539	0	0	0	0	-0.0007964923020356327	-0.004361423659305234	0	-0.07236224647114813	-0.16124773864141137
20	4.7671321747275135	4.7671321747275135	4.7671321747275135	0.09109212816953836	37.490709839243856	16.334835361421074	9.602887099915137	3406.427557121544	603.9485751874577	0	0	0	0	-0.0007964927100502331	-0.004361423738221519	0	-0.07236223719551316	-0.1612477379112322
20.1	4.7671321747275135	4.7671321747275135	4.7671321747275135	0.09109212816953839	37.49070983924414	16.33483536142112	9.602887099915137	3406.4275571215376	603.9485751874573	0	0	0	0	-0.0007964926546688412	-0.0043614237275583735	0	-0.07236223845453005	-0.16124773800994144
20.2	4.7671321747275135	4.7671321747275135	4.7671321747275135	0.0910921281695384	37.49070983924426	16.33483536142114	9.602887099915138	3406.4275571215353	603.9485751874571	0	0	0	0	-0.0007964926329022188	-0.004361423723362424	0	-0.07236223894934457	-0.16124773804880638
20.3	4.7671321747275135	4.7671321747275135	4.7671321747275135	0.09109212816953867	37.49070983924792	16.334835361421806	9.602887099915133	3406.427557121452	603.9485751874511	0	0	0	0	-0.0007964918758208433	-0.004361423577203435	0	-0.07236225616086978	-0.16124773940117243
20.4	4.7671321747275135	4.7671321747275135	4.7671321747275135	0.09109212816953982	37.4907098392647	16.33483536142487	9.602887099915101	3406.42755712107	603.9485751874228	0	0	0	0	-0.0007964884150484667	-0.004361422908905672	0	-0.07236233483792302	-0.16124774558470523
20.5	4.7671321747275135	4.7671321747275135	4.7671321747275135	0.09109212816954113	37.490709839283475	16.334835361428297	9.602887099915067	3406.4275571206435	603.948575187391	0	0	0	0	-0.0007964845455858596	-0.004361422161661178	0	-0.07236242280607888	-0.16124775249870374
20.6	4.7671321747275135	4.7671321747275135	4.7671321747275135	0.09109212816954174	37.49070983929219	16.33483536142989	9.60288709991505	3406.427557120445	603.9485751873764	0	0	0	0	-0.0007964827496372814	-0.004361421814817432	0	-0.07236246363504746	-0.16124775570793096
20.7	4.7671321747275135	4.7671321747275135	4.7671321747275135	0.0910921281695408	37.4907098392788	16.334835361427437	9.602887099915074	3406.42755712075	603.948575187399	0	0	0	0	-0.0007964855094069924	-0.004361422347721912	0	-0.0723624008945389	-0.16124775077714978
20.8	4.7671321747275135	4.7671321747275135	4.7671321747275135	0.09109212816953947	37.49070983925962	16.334835361423934	9.60288709991511	3406.427557121186	603.9485751874314	0	0	0	0	-0.0007964894635093888	-0.00436142311143499	0	-0.07236231100235982	-0.16124774371076234
20.9	4.7671321747275135	4.7671321747275135	4.7671321747275135	0.0910921281695396	37.490709839262024	16.334835361424393	9.602887099915105	3406.4275571211315	603.9485751874271	0	0	0	0	-0.0007964889704932095	-0.004361423016527689	0	-0.07236232221096789	-0.1612477445888775
21	4.7671321747275135	4.7671321747275135	4.7671321747275135	0.09109212816953925	37.49070983925683	16.334835361423437	9.602887099915115	3406.427557121249	603.948575187436	0	0	0	0	-0.000796490040998065	-0.004361423223183925	0	-0.07236229787409114	-0.16124774267674827
21.1	4.7671321747275135	4.7671321747275135	4.7671321747275135	0.09109212816953881	37.490709839250556	16.33483536142228	9.602887099915126	3406.427557121392	603.9485751874466	0	0	0	0	-0.0007964913318266587	-0.004361423472414009	0	-0.07236226852840978	-0.16124774037070247
21.2	4.7671321747275135	4.7671321747275135	4.7671321747275135	0.0910921281695389	37.49070983925218	16.33483536142258	9.602887099915124	3406.4275571213548	603.9485751874438	0	0	0	0	-0.0007964909946908031	-0.0043614234074623994	0	-0.0723622761930352	-0.16124774097167366
21.3	4.7671321747275135	4.7671321747275135	4.7671321747275135	0.09109212816953864	37.490709839247934	16.3348353614218	9.602887099915133	3406.427557121451	603.9485751874512	0	0	0	0	-0.0007964918718063439	-0.004361423576682502	0	-0.07236225625253523	-0.161247739405968
21.4	4.7671321747275135	4.7671321747275135	4.7671321747275135	0.09109212816953853	37.49070983924632	16.334835361421504	9.602887099915133	3406.4275571214885	603.9485751874538	0	0	0	0	-0.0007964922025073599	-0.004361423640523969	0	-0.07236224873441759	-0.16124773881527432
21.5	4.7671321747275135	4.7671321747275135	4.7671321747275135	0.09109212816953857	37.49070983924698	16.33483536142162	9.602887099915133	3406.427557121473	603.9485751874527	0	0	0	0	-0.0007964920640288351	-0.004361423613844211	0	-0.07236225188269914	-0.16124773906213993
21.6	4.7671321747275135	4.7671321747275135	4.7671321747275135	0.0910921281695384	37.490709839244445	16.33483536142116	9.602887099915135	3406.42755712153	603.9485751874569	0	0	0	0	-0.0007964925872489162	-0.004361423714751235	0	-0.07236223998764849	-0.16124773812852197
21.7	4.7671321747275135	4.7671321747275135	4.7671321747275135	0.0910921281695384	37.49070983924424	16.334835361421124	9.602887099915135	3406.4275571215353	603.9485751874572	0	0	0	0	-0.0007964926344286155	-0.004361423723872898	0	-0.07236223891509859	-0.1612477380441358
21.8	4.767132174727514	4.767132174727514	4.767132174727514	0.0910921281695384	37.490709839244325	16.334835361421142	9.602887099915137	3406.427557121533	603.9485751874572	0	0	0	0	-0.000796492617201029	-0.004361423720558818	0	-0.07236223930678984	-0.16124773807480056
21.9	4.7671321747275135	4.7671321747275135	4.7671321747275135	0.09109212816953832	37.490709839243074	16.334835361420907	9.602887099915138	3406.4275571215617	603.9485751874594	0	0	0	0	-0.0007964928747178913	-0.0043614237702078295	0	-0.07236223345230988	-0.16124773761542952
22	4.7671321747275135	4.7671321747275135	4.7671321747275135	0.09109212816953836	37.490709839243145	16.334835361420925	9.602887099915138	3406.4275571215594	603.9485751874591	0	0	0	0	-0.0007964928584456787	-0.004361423767085698	0	-0.07236223382226951	-0.16124773764433772
22.1	4.7671321747275135	4.7671321747275135	4.7671321747275135	0.09109212816953835	37.490709839242975	16.334835361420893	9.602887099915138	3406.4275571215635	603.9485751874595	0	0	0	0	-0.0007964928939574819	-0.004361423773930861	0	-0.07236223301491335	-0.1612477375810013
22.2	4.7671321747275135	4.7671321747275135	4.7671321747275135	0.0910921281695383	37.49070983924247	16.334835361420797	9.60288709991514	3406.427557121575	603.9485751874603	0	0	0	0	-0.0007964929958650285	-0.004361423793574999	0	-0.07236223069808968	-0.1612477373992329
22.3	4.7671321747275135	4.7671321747275135	4.7671321747275135	0.09109212816953832	37.49070983924255	16.334835361420822	9.60288709991514	3406.4275571215735	603.9485751874602	0	0	0	0	-0.0007964929772314531	-0.004361423789996403	0	-0.07236223112173738	-0.16124773743235046
22.4	4.767132174727513	4.767132174727513	4.767132174727513	0.09109212816953831	37.4907098392426	16.334835361420836	9.602887099915138	3406.4275571215726	603.9485751874599	0	0	0	0	-0.0007964929689903294	-0.004361423788415563	0	-0.07236223130911068	-0.16124773744696652
22.5	4.7671321747275135	4.7671321747275135	4.7671321747275135	0.09109212816953893	37.49070983925225	16.334835361423004	9.602887099915124	3406.427557121354	603.9485751874399	0	0	0	0	-0.0007964909357551049	-0.0043614233971396394	0	-0.07236227753438179	-0.16124774106713932
22.6	4.7671321747275135	4.7671321747275135	4.7671321747275135	0.09109212816954014	37.49070983927102	16.334835361427217	9.602887099915092	3406.427557120928	603.9485751874009	0	0	0	0	-0.0007964869822233022	-0.004361422636311531	0	-0.07236236741726707	-0.16124774810651746
22.7	4.7671321747275135	4.7671321747275135	4.7671321747275135	0.0910921281695414	37.49070983929105	16.334835361431708	9.602887099915057	3406.427557120474	603.9485751873593	0	0	0	0	-0.0007964827612151358	-0.004361421824005067	0	-0.07236246338117484	-0.16124775562219357
22.8	4.7671321747275135	4.7671321747275135	4.7671321747275135	0.09109212816954226	37.49070983930451	16.334835361434727	9.602887099915035	3406.427557120168	603.9485751873314	0	0	0	0	-0.0007964799255508201	-0.004361421278294084	0	-0.07236252784951343	-0.16124776067126023
22.9	4.7671321747275135	4.7671321747275135	4.7671321747275135	0.09109212816954221	37.490709839303534	16.33483536143451	9.602887099915037	3406.4275571201906	603.9485751873333	0	0	0	0	-0.0007964801280505691	-0.00436142131725241	0	-0.07236252324569116	-0.16124776031081003
23	4.7671321747275135	4.7671321747275135	4.7671321747275135	0.09109212816954074	37.490709839280285	16.334835361429306	9.602887099915078	3406.427557120718	603.9485751873815	0	0	0	0	-0.000796485021534597	-0.0043614222589538785	0	-0.07236241199311635	-0.16124775159793558
23.1	4.7671321747275135	4.7671321747275135	4.7671321747275135	0.09109212816953936	37.49070983925924	16.33483536142457	9.602887099915113	3406.427557121195	603.9485751874254	0	0	0	0	-0.0007964894672491146	-0.004361423114545102	0	-0.07236231092057911	-0.16124774368177636
23.2	4.7671321747275135	4.7671321747275135	4.7671321747275135	0.09109212816953925	37.490709839257924	16.334835361424236	9.602887099915115	3406.427557121225	603.9485751874284	0	0	0	0	-0.0007964897651872458	-0.004361423171954462	0	-0.07236230414708641	-0.1612477431506071
23.3	4.7671321747275135	4.7671321747275135	4.7671321747275135	0.09109212816953878	37.49070983925029	16.33483536142254	9.60288709991513	3406.4275571213984	603.948575187444	0	0	0	0	-0.0007964913634481994	-0.004361423479490531	0	-0.07236226781084384	-0.1612477403051808
23.4	4.7671321747275135	4.7671321747275135	4.7671321747275135	0.09109212816953854	37.49070983924732	16.334835361421874	9.602887099915135	3406.427557121466	603.9485751874502	0	0	0	0	-0.0007964919910744091	-0.004361423600276148	0	-0.07236225354186286	-0.1612477391875986
23.5	4.7671321747275135	4.7671321747275135	4.7671321747275135	0.09109212816953849	37.49070983924667	16.334835361421728	9.602887099915135	3406.4275571214807	603.9485751874516	0	0	0	0	-0.000796492128731492	-0.004361423626774527	0	-0.07236225041225175	-0.1612477389424171
23.6	4.7671321747275135	4.7671321747275135	4.7671321747275135	0.09109212816953835	37.490709839244	16.334835361421142	9.602887099915138	3406.427557121541	603.9485751874571	0	0	0	0	-0.0007964926812689854	-0.004361423733080393	0	-0.07236223785036139	-0.16124773795888195
23.7	4.7671321747275135	4.7671321747275135	4.7671321747275135	0.09109212816953832	37.490709839243735	16.334835361421085	9.60288709991514	3406.427557121547	603.9485751874577	0	0	0	0	-0.0007964927351853204	-0.004361423743460638	0	-0.07236223662457242	-0.16124773786286098
23.8	4.7671321747275135	4.7671321747275135	4.7671321747275135	0.09109212816953828	37.49070983924298	16.334835361420925	9.60288709991514	3406.4275571215644	603.9485751874593	0	0	0	0	-0.0007964928897860032	-0.004361423773200014	0	-0.07236223310974196	-0.16124773758769867
23.9	4.7671321747275135	4.7671321747275135	4.7671321747275135	0.0910921281695383	37.49070983924242	16.3348353614208	9.60288709991514	3406.4275571215767	603.9485751874605	0	0	0	0	-0.0007964930076862553	-0.004361423795887082	0	-0.0723622304292623	-0.16124773737782294
24	4.7671321747275135	4.7671321747275135	4.7671321747275135	0.09109212816953828	37.490709839242236	16.334835361420758	9.60288709991514	3406.4275571215812	603.9485751874608	0	0	0	0	-0.0007964930459895856	-0.004361423803256249	0	-0.07236222955842427	-0.16124773730965888
