0	4.7671321747275135	4.7671321747275135	4.7671321747275135	0.09109212816953825	37.49070983924196	16.3348353614207	9.60288709991514	3406.4275571215885	603.9485751874613	0	0	0	0	0	0	0	0	0
0.1	4.7671321747275135	4.7671321747275135	4.7671321747275135	0.09109212816953825	37.49070983924196	16.3348353614207	9.60288709991514	3406.4275571215885	603.9485751874613	0	0	0	0	-0.15737521701197674	-0.027490703009379325	-0.8657286970224716	-308.14908804981974	-54.52235766125021
0.2	4.7671321747275135	4.7671321747275135	4.7671321747275135	0.09109212816953825	37.49070983924196	16.3348353614207	9.60288709991514	3406.4275571215885	603.9485751874613	0	0	0	0	-0.44448573803683755	-0.07766638335829247	-1.5667491688879567	-561.8535447690227	-98.96896627878922
0.3	4.7671321747275135	4.7671321747275135	4.7671321747275135	0.09109212816953827	37.49070983924196	16.3348353614207	9.60288709991514	3406.4275571215885	603.9485751874613	0	0	0	0	-0.7342356189090692	-0.12834700728358875	-2.1343974243048467	-772.3683789692928	-135.32075460778495
0.4	4.7671321747275135	4.7671321747275135	4.7671321747275135	0.09109212816953825	37.49070983924196	16.3348353614207	9.60288709991514	3406.4275571215885	603.9485751874613	0	0	0	0	-0.9901133852546975	-0.17315554207538045	-2.5940492316199446	-947.5595614131987	-165.09320717350806
0.5	4.767132174727514	4.767132174727514	4.767132174727514	0.09109212816953825	37.49070983924195	16.334835361420698	9.60288709991514	3406.4275571215885	603.9485751874613	0	0	0	0	-1.2057790251195235	-0.21097429171435508	-2.9662484779759564	-1093.481837429205	-189.49091855488967
0.6	4.7671321747275135	4.7671321747275135	4.7671321747275135	0.09109212816953827	37.49070983924195	16.334835361420698	9.60288709991514	3406.4275571215885	603.9485751874613	0	0	0	0	-1.3842260983562753	-0.24231322107453318	-3.2676390354605998	-1215.0306061668516	-209.48901465288913
0.7	4.7671321747275135	4.7671321747275135	4.7671321747275135	0.09109212816953825	37.49070983924196	16.334835361420698	9.60288709991514	3406.4275571215885	603.9485751874613	0	0	0	0	-1.5307589532485448	-0.26808724023872793	-3.511688433233036	-1316.2451052901474	-225.88198940572968
0.8	4.7671321747275135	4.7671321747275135	4.7671321747275135	0.09109212816953824	37.49070983924196	16.3348353614207	9.60288709991514	3406.427557121588	603.9485751874613	0	0	0	0	-1.6506971829914	-0.2892165232228431	-3.7093012792853766	-1400.4893455061479	-239.31971218427864
0.9	4.7671321747275135	4.7671321747275135	4.7671321747275135	0.09109212816953824	37.49070983924196	16.3348353614207	9.60288709991514	3406.427557121588	603.9485751874613	0	0	0	0	-1.7487418774377155	-0.30651581312724163	-3.869328202283853	-1470.5797476119076	-250.335707019333
1	4.7671321747275135	4.7671321747275135	4.7671321747275135	0.09109212816953824	37.49070983924195	16.3348353614207	9.60288709991514	3406.4275571215876	603.9485751874613	0	0	0	0	-1.8288461151065207	-0.3206714495798298	-3.998921402751624	-1528.8678850111196	-259.3664531546619
1.1	4.767132174727514	4.767132174727514	4.767132174727514	0.09109212816953825	37.49070983924195	16.334835361420705	9.60288709991514	3406.427557121588	603.9485751874613	0	0	0	0	-1.8942527868517534	-0.3322474815841429	-4.103822638129797	-1577.3044955885684	-266.7668034881619
1.2	4.7671321747275135	4.7671321747275135	4.7671321747275135	0.09109212816953824	37.49070983924195	16.334835361420705	9.60288709991514	3406.4275571215876	603.9485751874613	0	0	0	0	-1.9476875590964047	-0.34171874752517145	-4.188800995601855	-1617.5566331217415	-272.83481081186653
1.3	4.7671321747275135	4.7671321747275135	4.7671321747275135	0.09109212816953825	37.49070983924196	16.334835361420705	9.60288709991514	3406.427557121588	603.9485751874613	0	0	0	0	-1.9913066998227638	-0.3494616524707325	-4.257577712672001	-1650.9727130417195	-277.80642181619754
1.4	4.7671321747275135	4.7671321747275135	4.7671321747275135	0.09109212816953824	37.49070983924196	16.3348353614207	9.60288709991514	3406.427557121588	603.9485751874613	0	0	0	0	-2.0269447567945176	-0.3557968959013178	-4.313298650393241	-1678.721110913285	-281.8831235911285
1.5	4.7671321747275135	4.7671321747275135	4.7671321747275135	0.09109212816953824	37.49070983924196	16.3348353614207	9.60288709991514	3406.427557121588	603.9485751874613	0	0	0	0	-2.056035937881797	-0.360975711123471	-4.358395810576058	-1701.7380721376962	-285.223031659368
1.6	4.767132174727514	4.767132174727514	4.767132174727514	0.09109212816953824	37.49070983924196	16.3348353614207	9.60288709991514	3406.4275571215885	603.9485751874613	0	0	0	0	-2.079802432697291	-0.36521248274247575	-4.394928368030213	-1720.83505104059	-287.9613588154857
1.7	4.7671321747275135	4.7671321747275135	4.7671321747275135	0.09109212816953827	37.49070983924196	16.33483536142071	9.60288709991514	3406.427557121588	603.9485751874613	0	0	0	0	-2.0992087021009085	-0.36867671085543474	-4.424505095521118	-1736.6672507653723	-290.20526033480985
1.8	4.7671321747275135	4.7671321747275135	4.7671321747275135	0.09109212816953824	37.49070983924196	16.3348353614207	9.602887099915138	3406.427557121588	603.9485751874613	0	0	0	0	-2.115053330217114	-0.3715089595232736	-4.4484477048106426	-1749.7873597823045	-292.0438016713647
1.9	4.7671321747275135	4.7671321747275135	4.7671321747275135	0.09109212816953827	37.490709839241966	16.3348353614207	9.60288709991514	3406.427557121588	603.9485751874613	0	0	0	0	-2.1280037521017388	-0.3738268734438201	-4.467852623643048	-1760.6650462556981	-293.55166889022183
2	4.7671321747275135	4.7671321747275135	4.7671321747275135	0.09109212816953827	37.490709839241966	16.334835361420705	9.60288709991514	3406.427557121588	603.9485751874613	0	0	0	0	-2.1385657293667903	-0.375719793446197	-4.483541104376572	-1769.665413727147	-294.78575948438544
2.1	4.7671321747275135	4.7671321747275135	4.7671321747275135	0.09109212816953827	37.49070983924196	16.3348353614207	9.602887099915138	3406.4275571215876	603.9485751874613	0	0	0	0	-2.147205675652685	-0.37727016001471386	-4.49626798293382	-1777.1275767922034	-295.7986239886107
2.2	4.7671321747275135	4.7671321747275135	4.7671321747275135	0.09109212816953828	37.490709839241966	16.334835361420694	9.60288709991514	3406.4275571215876	603.9485751874613	0	0	0	0	-2.1542555772127385	-0.37853680484390695	-4.506562836537703	-1783.3002276322582	-296.6279067039818
2.3	4.7671321747275135	4.7671321747275135	4.7671321747275135	0.09109212816953827	37.49070983924196	16.334835361420694	9.602887099915138	3406.4275571215876	603.9485751874613	0	0	0	0	-2.1600094499515294	-0.37957187243812907	-4.514892546860173	-1788.405665809591	-297.3070156062552
2.4	4.7671321747275135	4.7671321747275135	4.7671321747275135	0.09109212816953828	37.49070983924194	16.334835361420694	9.602887099915138	3406.4275571215885	603.9485751874613	0	0	0	0	-2.1647187482810084	-0.3804200128406472	-4.5216536219379835	-1792.6366388446766	-297.8646085128931
2.5	4.7671321747275135	4.7671321747275135	4.7671321747275135	0.09109212816953832	37.49070983924191	16.33483536142069	9.602887099915138	3406.427557121589	603.9485751874614	0	0	0	0	-2.168557559575089	-0.38111221907024934	-4.527116352178233	-1796.130591856723	-298.3206587475016
2.6	4.7671321747275135	4.7671321747275135	4.7671321747275135	0.09109212816953831	37.49070983924193	16.334835361420698	9.602887099915138	3406.4275571215885	603.9485751874614	0	0	0	0	-2.1716917653187138	-0.3816780295974566	-4.5315379439515935	-1799.0188223190103	-298.69420963350564
2.7	4.7671321747275135	4.7671321747275135	4.7671321747275135	0.09109212816953827	37.49070983924192	16.334835361420687	9.60288709991514	3406.427557121589	603.9485751874614	0	0	0	0	-2.1742588326410544	-0.3821419582324439	-4.53512968195636	-1801.4118816853131	-299.00109980484604
2.8	4.7671321747275135	4.7671321747275135	4.7671321747275135	0.09109212816953823	37.4907098392419	16.334835361420676	9.60288709991514	3406.427557121589	603.9485751874615	0	0	0	0	-2.176350928473574	-0.38252048455643334	-4.538030861714093	-1803.3861218708007	-299.25202329028417
2.9	4.7671321747275135	4.7671321747275135	4.7671321747275135	0.09109212816953823	37.490709839241916	16.33483536142068	9.60288709991514	3406.427557121589	603.9485751874614	0	0	0	0	-2.1780564730358662	-0.38282941943324716	-4.540375043535405	-1805.0148647841593	-299.45724226597787
3	4.7671321747275135	4.7671321747275135	4.7671321747275135	0.09109212816953823	37.49070983924191	16.33483536142066	9.60288709991514	3406.427557121589	603.9485751874616	0	0	0	0	-2.179455411869356	-0.3830830700471013	-4.542282340707362	-1806.3649936833824	-299.62605427870744
3.1	4.7671321747275135	4.7671321747275135	4.7671321747275135	0.09109212816953824	37.49070983924186	16.334835361420595	9.60288709991514	3406.4275571215903	603.9485751874622	0	0	0	0	-2.1805975027355773	-0.38329037009166056	-4.543825910933884	-1807.4796318597485	-299.7642961314936
3.2	4.7671321747275135	4.7671321747275135	4.7671321747275135	0.09109212816953824	37.49070983924183	16.334835361420563	9.60288709991514	3406.4275571215912	603.9485751874626	0	0	0	0	-2.1815264874684974	-0.3834591757146593	-4.545069921916984	-1808.3968466713857	-299.87710537580847
3.3	4.7671321747275135	4.7671321747275135	4.7671321747275135	0.09109212816953824	37.490709839241866	16.334835361420613	9.60288709991514	3406.4275571215903	603.9485751874621	0	0	0	0	-2.1822859470698215	-0.3835973145117981	-4.5460782838320055	-1809.1545805833484	-299.96960097724514
3.4	4.767132174727513	4.767132174727513	4.767132174727513	0.0910921281695382	37.490709839241646	16.334835361420375	9.60288709991514	3406.4275571215944	603.9485751874644	0	0	0	0	-2.1829096533228878	-0.38371086434972274	-4.546899786014715	-1809.7828289803217	-300.04576598525324
3.5	4.7671321747275135	4.7671321747275135	4.7671321747275135	0.09109212816953811	37.49070983924127	16.334835361419966	9.602887099915145	3406.4275571216026	603.9485751874682	0	0	0	0	-2.1834181016749934	-0.3838035243898787	-4.547563467795945	-1810.3004003748606	-300.10804115353346
3.6	4.7671321747275135	4.7671321747275135	4.7671321747275135	0.09109212816953807	37.49070983924107	16.334835361419753	9.602887099915145	3406.427557121607	603.9485751874703	0	0	0	0	-2.1838310795000364	-0.38387886479165495	-4.548097460437761	-1810.7254191520713	-300.1587839879229
3.7	4.7671321747275135	4.7671321747275135	4.7671321747275135	0.09109212816953814	37.49070983924139	16.33483536142008	9.602887099915145	3406.427557121601	603.9485751874673	0	0	0	0	-2.1841683715641276	-0.38394045525627657	-4.54852988929777	-1811.0760067369654	-300.2003515611682
3.8	4.7671321747275135	4.7671321747275135	4.7671321747275135	0.09109212816953766	37.4907098392381	16.334835361417518	9.602887099915158	3406.4275571216726	603.948575187491	0	0	0	0	-2.184446510913277	-0.3839912846733001	-4.548883429165621	-1811.3672214884853	-300.23467703884415
3.9	4.767132174727513	4.767132174727513	4.767132174727513	0.09109212816953659	37.490709839230995	16.334835361411766	9.602887099915185	3406.4275571218286	603.9485751875446	0	0	0	0	-2.184674138691457	-0.3840329211433613	-4.549169769354918	-1811.6074244465326	-300.2628010051676
4	4.7671321747275135	4.7671321747275135	4.7671321747275135	0.09109212816953562	37.4907098392247	16.334835361406622	9.602887099915211	3406.4275571219664	603.9485751875926	0	0	0	0	-2.184858905422558	-0.3840667510383814	-4.549399900629189	-1811.8043594531634	-300.28569333030043
4.1	4.7671321747275135	4.7671321747275135	4.7671321747275135	0.09109212816953546	37.49070983922389	16.334835361405876	9.602887099915215	3406.427557121984	603.9485751875995	0	0	0	0	-2.1850084616304675	-0.3840941607302815	-4.5495848137519665	-1811.9657703504333	-300.3043238844043
4.2	4.7671321747275135	4.7671321747275135	4.7671321747275135	0.09109212816953664	37.490709839231556	16.334835361412164	9.602887099915183	3406.427557121817	603.9485751875409	0	0	0	0	-2.185130520759275	-0.3841165483586102	-4.549735412500861	-1812.0993454323968	-300.31965528108213
4.3	4.7671321747275135	4.7671321747275135	4.7671321747275135	0.09109212816953464	37.490709839212535	16.334835361400646	9.602887099915236	3406.4275571222374	603.9485751876482	0	0	0	0	-2.1852328319204477	-0.38413532783246607	-4.549858527212999	-1812.210146154329	-300.332308531445
4.4	4.7671321747275135	4.7671321747275135	4.7671321747275135	0.09109212816953068	37.490709839178336	16.334835361378317	9.602887099915343	3406.4275571229937	603.9485751878564	0	0	0	0	-2.185317607397625	-0.38415090161966986	-4.54995799213914	-1812.3012529669934	-300.3426499766896
4.5	4.7671321747275135	4.7671321747275135	4.7671321747275135	0.09109212816952915	37.49070983916577	16.33483536136982	9.602887099915383	3406.427557123271	603.9485751879356	0	0	0	0	-2.1853855030021205	-0.3841633848865934	-4.550038113937459	-1812.376037311948	-300.3510846215099
4.6	4.7671321747275135	4.7671321747275135	4.7671321747275135	0.09109212816953262	37.4907098391939	16.334835361389207	9.602887099915291	3406.42755712265	603.9485751877547	0	0	0	0	-2.1854382984546694	-0.3841731001112989	-4.550103154296925	-1812.4378143628444	-300.35801165819095
4.7	4.7671321747275135	4.7671321747275135	4.7671321747275135	0.09109212816952357	37.490709839096574	16.334835361337397	9.602887099915531	3406.4275571248177	603.9485751882374	0	0	0	0	-2.1854891072831446	-0.3841824608018244	-4.550156105938935	-1812.4887342278128	-300.3636980067046
4.8	4.7671321747275135	4.7671321747275135	4.7671321747275135	0.09109212816950919	37.490709838950096	16.334835361255692	9.602887099915915	3406.427557128075	603.9485751889986	0	0	0	0	-2.185534820436194	-0.38419088906874266	-4.550198856138998	-1812.5304733446558	-300.3683360061301
4.9	4.7671321747275135	4.7671321747275135	4.7671321747275135	0.09109212816950563	37.49070983891549	16.334835361235594	9.602887099916009	3406.427557128843	603.9485751891859	0	0	0	0	-2.1855668543569866	-0.3841967973320077	-4.550233301124715	-1812.5648282602308	-300.372127331145
5	4.7671321747275135	4.7671321747275135	4.7671321747275135	0.09109212816952272	37.49070983908846	16.334835361332694	9.602887099915552	3406.427557124998	603.9485751882812	0	0	0	0	-2.185580572853385	-0.384199327692354	-4.550261287980633	-1812.593468220012	-300.37526235835776
5.1	4.7671321747275135	4.7671321747275135	4.7671321747275135	0.09109212816952834	37.49070983913639	16.334835361363996	9.602887099915403	3406.427557123938	603.9485751879894	0	0	0	0	-2.185597233446773	-0.38420240734553457	-4.550284004269965	-1812.6169606336205	-300.37782545585253
5.2	4.7671321747275135	4.7671321747275135	4.7671321747275135	0.0910921281695302	37.490709839152416	16.334835361374342	9.602887099915355	3406.4275571235835	603.9485751878931	0	0	0	0	-2.18561244484072	-0.3842052197423835	-4.550302367486474	-1812.6362337310404	-300.37991864525276
5.3	4.7671321747275135	4.7671321747275135	4.7671321747275135	0.09109212816953476	37.490709839202566	16.334835361400568	9.602887099915232	3406.4275571224657	603.9485751876488	0	0	0	0	-2.185622853947391	-0.38420714449556254	-4.55031726405369	-1812.6521634344754	-300.3816388875025
5.4	4.7671321747275135	4.7671321747275135	4.7671321747275135	0.09109212816953526	37.49070983920567	16.334835361403286	9.60288709991522	3406.4275571223984	603.9485751876234	0	0	0	0	-2.1856334763665495	-0.38420911121157963	-4.550329314462153	-1812.6652125395144	-300.38304272058787
5.5	4.7671321747275135	4.7671321747275135	4.7671321747275135	0.09109212816953666	37.490709839222475	16.334835361411386	9.602887099915183	3406.427557122023	603.9485751875479	0	0	0	0	-2.1856414511396434	-0.3842105878339301	-4.550339069919306	-1812.6759630232793	-300.3841932614611
5.6	4.7671321747275135	4.7671321747275135	4.7671321747275135	0.09109212816953732	37.49070983922973	16.334835361415113	9.602887099915167	3406.4275571218614	603.9485751875131	0	0	0	0	-2.1856483118146968	-0.38421185934996877	-4.550346979353448	-1812.684808166802	-300.38513580805574
5.7	4.7671321747275135	4.7671321747275135	4.7671321747275135	0.09109212816953748	37.490709839231044	16.334835361415884	9.602887099915161	3406.4275571218323	603.948575187506	0	0	0	0	-2.185654166113018	-0.38421294511394755	-4.5503533726550485	-1812.6920681192532	-300.38590600224984
5.8	4.767132174727514	4.767132174727514	4.767132174727514	0.09109212816953793	37.490709839237255	16.33483536141864	9.602887099915149	3406.427557121693	603.9485751874804	0	0	0	0	-2.1856587031587082	-0.38421378685880325	-4.550358557975718	-1812.6980527733404	-300.3865379546151
5.9	4.7671321747275135	4.7671321747275135	4.7671321747275135	0.09109212816953802	37.49070983923783	16.334835361419	9.602887099915145	3406.4275571216804	603.9485751874771	0	0	0	0	-2.1856626322500032	-0.3842145164678945	-4.550362754057093	-1812.7029670004258	-300.3870547300534
6	4.7671321747275135	4.7671321747275135	4.7671321747275135	0.09109212816953813	37.49070983923956	16.334835361419714	9.602887099915144	3406.4275571216417	603.9485751874705	0	0	0	0	-2.1856657854359125	-0.38421510227229283	-4.550366149697854	-1812.7070074237342	-300.3874777361203
6.1	4.767132174727514	4.767132174727514	4.767132174727514	0.09109212816953816	37.49070983924058	16.334835361420154	9.602887099915142	3406.4275571216185	603.9485751874664	0	0	0	0	-2.1856683833290482	-0.3842155852198904	-4.550368903542592	-1812.7103332761947	-300.3878245047327
6.2	4.7671321747275135	4.7671321747275135	4.7671321747275135	0.09109212816953818	37.49070983924069	16.334835361420218	9.602887099915142	3406.4275571216167	603.9485751874658	0	0	0	0	-2.185670538061902	-0.38421598605184104	-4.550371129526421	-1812.7130630721867	-300.38810794052347
6.3	4.7671321747275135	4.7671321747275135	4.7671321747275135	0.09109212816953821	37.4907098392414	16.334835361420495	9.602887099915142	3406.4275571216	603.9485751874632	0	0	0	0	-2.185672271949134	-0.38421630875213514	-4.550372934408693	-1812.715310237901	-300.3883403155023
6.4	4.7671321747275135	4.7671321747275135	4.7671321747275135	0.09109212816953821	37.4907098392415	16.334835361420552	9.60288709991514	3406.4275571215976	603.9485751874629	0	0	0	0	-2.1856737107754287	-0.3842165767056802	-4.550374395525037	-1812.7171565385922	-300.3885304874873
6.5	4.7671321747275135	4.7671321747275135	4.7671321747275135	0.09109212816953813	37.49070983924083	16.334835361420346	9.602887099915142	3406.427557121613	603.9485751874647	0	0	0	0	-2.185674918347908	-0.384216801760168	-4.550375577707671	-1812.718672437716	-300.3886860270995
6.6	4.7671321747275135	4.7671321747275135	4.7671321747275135	0.09109212816953347	37.490709839206374	16.33483536140958	9.602887099915266	3406.4275571223898	603.9485751875646	0	0	0	0	-2.185677393949379	-0.3842172646682545	-4.550376543286426	-1812.719895365069	-300.3888119006439
6.7	4.7671321747275135	4.7671321747275135	4.7671321747275135	0.09109212816952386	37.49070983913513	16.334835361387313	9.602887099915524	3406.4275571239973	603.9485751877712	0	0	0	0	-2.1856813003746733	-0.384217995858655	-4.550377325712355	-1812.7208607385935	-300.38891194137767
6.8	4.7671321747275135	4.7671321747275135	4.7671321747275135	0.09109212816951198	37.490709839046886	16.334835361359723	9.602887099915842	3406.4275571259886	603.9485751880273	0	0	0	0	-2.185685798077942	-0.3842188380066651	-4.550377950352684	-1812.7216167182476	-300.388990680151
6.9	4.7671321747275135	4.7671321747275135	4.7671321747275135	0.09109212816950044	37.49070983896138	16.334835361332974	9.602887099916149	3406.4275571279177	603.9485751882758	0	0	0	0	-2.1856900475133365	-0.38421963378758006	-4.550378442574635	-1812.722211463988	-300.38905264781357
7	4.7671321747275135	4.7671321747275135	4.7671321747275135	0.09109212816949193	37.4907098388984	16.334835361313253	9.602887099916376	3406.4275571293383	603.9485751884587	0	0	0	0	-2.185693209135009	-0.38422022587669524	-4.550378827745435	-1812.7226931357739	-300.3891023752153
7.1	4.7671321747275135	4.7671321747275135	4.7671321747275135	0.09109212816948911	37.49070983887771	16.334835361306727	9.60288709991645	3406.4275571298044	603.9485751885194	0	0	0	0	-2.1856944433971113	-0.38422045694930607	-4.550379131232305	-1812.7231098935622	-300.3891443932063
7.2	4.7671321747275135	4.7671321747275135	4.7671321747275135	0.09109212816949461	37.4907098389191	16.334835361319573	9.602887099916302	3406.427557128871	603.9485751884	0	0	0	0	-2.1856929107537937	-0.38422016968070777	-4.550379378402471	-1812.7235098973113	-300.38918323263647
7.3	4.7671321747275135	4.7671321747275135	4.7671321747275135	0.09109212816951112	37.49070983904233	16.334835361357968	9.602887099915861	3406.427557126091	603.9485751880436	0	0	0	0	-2.185687771659209	-0.38421920674619603	-4.550379594623156	-1812.7239413069788	-300.3892234243555
7.4	4.767132174727513	4.767132174727513	4.767132174727513	0.09109212816952744	37.490709839162506	16.334835361395736	9.602887099915426	3406.42755712338	603.9485751876928	0	0	0	0	-2.1856827064812148	-0.3842182580507357	-4.550379788108461	-1812.7243326363682	-300.3892597934872
7.5	4.7671321747275135	4.7671321747275135	4.7671321747275135	0.09109212816953087	37.49070983918545	16.334835361403375	9.602887099915334	3406.427557122863	603.948575187622	0	0	0	0	-2.185681825037898	-0.38421809345316377	-4.550379944969277	-1812.7245796551701	-300.3892839230293
7.6	4.7671321747275135	4.7671321747275135	4.7671321747275135	0.09109212816953488	37.490709839216066	16.334835361412765	9.602887099915229	3406.4275571221715	603.9485751875347	0	0	0	0	-2.185680641724682	-0.3842178715305122	-4.5503800720118734	-1812.7247930129531	-300.389304485166
7.7	4.7671321747275135	4.7671321747275135	4.7671321747275135	0.09109212816953634	37.49070983922702	16.3348353614162	9.60288709991519	3406.4275571219246	603.9485751875029	0	0	0	0	-2.1856802733072125	-0.38421780252344245	-4.550380174927026	-1812.724954567591	-300.38932028052267
7.8	4.7671321747275135	4.7671321747275135	4.7671321747275135	0.0910921281695371	37.490709839232906	16.334835361418	9.60288709991517	3406.4275571217913	603.9485751874861	0	0	0	0	-2.185680111362167	-0.38421777212358654	-4.550380258175791	-1812.7250839334963	-300.38933295798694
7.9	4.767132174727514	4.767132174727514	4.767132174727514	0.09109212816953774	37.49070983923788	16.334835361419497	9.602887099915153	3406.4275571216795	603.9485751874724	0	0	0	0	-2.185679974746118	-0.38421774644839374	-4.550380325683308	-1812.7251903610368	-300.38934335477745
8	4.7671321747275135	4.7671321747275135	4.7671321747275135	0.09109212816953788	37.49070983923894	16.334835361419824	9.602887099915149	3406.4275571216554	603.9485751874694	0	0	0	0	-2.185679989346684	-0.38421774918607043	-4.550380380272618	-1812.7252747684665	-300.3893516354212
8.1	4.7671321747275135	4.7671321747275135	4.7671321747275135	0.09109212816953811	37.49070983924073	16.334835361420343	9.602887099915145	3406.427557121615	603.9485751874645	0	0	0	0	-2.1856799645201437	-0.38421774449690926	-4.550380424526001	-1812.7253449694474	-300.38935848406175
8.2	4.7671321747275135	4.7671321747275135	4.7671321747275135	0.09109212816953814	37.49070983924111	16.334835361420463	9.602887099915145	3406.4275571216067	603.9485751874632	0	0	0	0	-2.185679988267027	-0.38421774895643496	-4.550380460340181	-1812.725401573206	-300.38936401050984
8.3	4.767132174727514	4.767132174727514	4.767132174727514	0.0910921281695382	37.490709839241546	16.334835361420584	9.602887099915144	3406.4275571215976	603.9485751874623	0	0	0	0	-2.1856800038958553	-0.3842177518768408	-4.550380489336203	-1812.7254481226462	-300.3893685399789
8.4	4.7671321747275135	4.7671321747275135	4.7671321747275135	0.09109212816953823	37.49070983924174	16.334835361420634	9.602887099915144	3406.427557121592	603.9485751874619	0	0	0	0	-2.1856800231912934	-0.3842177555030308	-4.550380512833782	-1812.725486210378	-300.38937223834023
8.5	4.7671321747275135	4.7671321747275135	4.7671321747275135	0.09109212816953824	37.49070983924182	16.334835361420655	9.602887099915142	3406.4275571215903	603.9485751874615	0	0	0	0	-2.1856800421408256	-0.38421775906104055	-4.550380531837146	-1812.7255173705773	-300.3893752566759
8.6	4.7671321747275135	4.7671321747275135	4.7671321747275135	0.09109212816953824	37.490709839241894	16.33483536142068	9.602887099915142	3406.4275571215885	603.9485751874614	0	0	0	0	-2.185680056898324	-0.3842177618283755	-4.550380547247845	-1812.725542995119	-300.38937773157835
8.7	4.7671321747275135	4.7671321747275135	4.7671321747275135	0.09109212816953824	37.4907098392419	16.33483536142069	9.602887099915142	3406.4275571215885	603.9485751874613	0	0	0	0	-2.1856800709861677	-0.3842177644768557	-4.55038055971064	-1812.7255639583877	-300.3893797514115
8.8	4.7671321747275135	4.7671321747275135	4.7671321747275135	0.09109212816952902	37.490709839229154	16.33483536141775	9.602887099915389	3406.427557121877	603.9485751874884	0	0	0	0	-2.1856805231966336	-0.3842178510420306	-4.550380569718788	-1812.7255710848735	-300.38938061636856
8.9	4.7671321747275135	4.7671321747275135	4.7671321747275135	0.09109212816948553	37.49070983916893	16.33483536140386	9.602887099916547	3406.4275571232383	603.9485751876166	0	0	0	0	-2.1856826136359704	-0.38421825136982296	-4.550380577394533	-1812.7255374676458	-300.3893782329541
9	4.7671321747275135	4.7671321747275135	4.7671321747275135	0.09109212816941487	37.49070983907111	16.334835361381305	9.602887099918433	3406.427557125449	603.9485751878243	0	0	0	0	-2.185686000165663	-0.3842188999327814	-4.550380583032637	-1812.7254712994893	-300.38937324894647
9.1	4.7671321747275135	4.7671321747275135	4.7671321747275135	0.0910921281693266	37.490709838948945	16.334835361353136	9.602887099920784	3406.4275571282096	603.948575188084	0	0	0	0	-2.1856902265289784	-0.3842197093472749	-4.55038058694865	-1812.7253833817451	-300.3893665161004
9.2	4.7671321747275135	4.7671321747275135	4.7671321747275135	0.09109212816923029	37.49070983881565	16.334835361322398	9.602887099923354	3406.427557131222	603.9485751883673	0	0	0	0	-2.1856948364691826	-0.3842205922296724	-4.550380589458123	-1812.7252845157545	-300.3893588861703
9.3	4.7671321747275135	4.7671321747275135	4.7671321747275135	0.09109212816913544	37.49070983868443	16.334835361292136	9.602887099925884	3406.4275571341877	603.9485751886461	0	0	0	0	-2.185699373729543	-0.38422146119634293	-4.550380590876604	-1812.7251855028583	-300.38935121091066
9.4	4.7671321747275135	4.7671321747275135	4.7671321747275135	0.0910921281690516	37.49070983856851	16.334835361265405	9.60288709992812	3406.427557136807	603.9485751888925	0	0	0	0	-2.1857033820533243	-0.38422222886365526	-4.550380591519643	-1812.7250971443975	-300.38934434207596
9.5	4.7671321747275135	4.7671321747275135	4.7671321747275135	0.0910921281689883	37.490709838481116	16.334835361245243	9.602887099929807	3406.427557138782	603.9485751890783	0	0	0	0	-2.185706405183795	-0.38422280784797846	-4.550380591702788	-1812.7250302417133	-300.38933913142074
9.6	4.7671321747275135	4.7671321747275135	4.7671321747275135	0.09109212816895512	37.490709838435464	16.334835361234706	9.602887099930694	3406.4275571398143	603.9485751891754	0	0	0	0	-2.1857079868642204	-0.38422311076568155	-4.55038059174159	-1812.7249955961465	-300.3893364306995
9.7	4.7671321747275135	4.7671321747275135	4.7671321747275135	0.09109212816896155	37.49070983844478	16.334835361236845	9.602887099930522	3406.427557139604	603.9485751891556	0	0	0	0	-2.1857076708378678	-0.38422305023313336	-4.550380591951598	-1812.7250040090382	-300.3893370916666
9.8	4.7671321747275135	4.7671321747275135	4.7671321747275135	0.09109212816901716	37.49070983852225	16.334835361254697	9.60288709992904	3406.427557137852	603.9485751889911	0	0	0	0	-2.185705000848003	-0.3842225388667028	-4.550380592648359	-1812.72506628173	-300.38934196607676
9.9	4.7671321747275135	4.7671321747275135	4.7671321747275135	0.09109212816913147	37.49070983868114	16.334835361291315	9.60288709992599	3406.427557134262	603.9485751886535	0	0	0	0	-2.185699520637893	-0.384221489282759	-4.550380594147427	-1812.7251932155623	-300.3893519056843
10	4.7671321747275135	4.7671321747275135	4.7671321747275135	0.09109212816931403	37.490709838934634	16.334835361349747	9.602887099921121	3406.4275571285316	603.948575188115	0	0	0	0	-2.185690773950805	-0.38421981409767075	-4.550380596764348	-1812.7253956118764	-300.3893677622437
10.1	4.7671321747275135	4.7671321747275135	4.7671321747275135	0.09109212816944871	37.49070983911892	16.334835361392305	9.60288709991753	3406.427557124367	603.9485751877228	0	0	0	0	-2.1856843837609574	-0.3842185902843008	-4.550380599813449	-1812.725544882801	-300.3893794916237
10.2	4.7671321747275135	4.7671321747275135	4.7671321747275135	0.09109212816947912	37.49070983915793	16.334835361401392	9.602887099916718	3406.427557123486	603.9485751876391	0	0	0	0	-2.1856830009473924	-0.3842183255012429	-4.550380602282267	-1812.7255795947754	-300.3893822741957
10.3	4.7671321747275135	4.7671321747275135	4.7671321747275135	0.0910921281695136	37.49070983920697	16.33483536141266	9.602887099915797	3406.427557122378	603.9485751875353	0	0	0	0	-2.1856813246116333	-0.3842180044182309	-4.550380604280712	-1812.7256203980114	-300.3893855176299
10.4	4.7671321747275135	4.7671321747275135	4.7671321747275135	0.09109212816952396	37.490709839221005	16.334835361415895	9.602887099915522	3406.427557122061	603.9485751875056	0	0	0	0	-2.1856808381952093	-0.3842179112660013	-4.550380605897259	-1812.7256336668313	-300.3893866028259
10.5	4.7671321747275135	4.7671321747275135	4.7671321747275135	0.09109212816953112	37.490709839231414	16.334835361418282	9.60288709991533	3406.427557121826	603.9485751874835	0	0	0	0	-2.185680485850315	-0.38421784376620494	-4.550380607206914	-1812.7256434931537	-300.38938741014766
10.6	4.7671321747275135	4.7671321747275135	4.7671321747275135	0.0910921281695348	37.49070983923677	16.33483536141951	9.602887099915232	3406.4275571217045	603.9485751874721	0	0	0	0	-2.1856803047320126	-0.38421780906339015	-4.55038060826989	-1812.7256491036924	-300.38938788095896
10.7	4.7671321747275135	4.7671321747275135	4.7671321747275135	0.09109212816953612	37.49070983923868	16.334835361419955	9.602887099915199	3406.427557121661	603.9485751874682	0	0	0	0	-2.185680240466009	-0.384217796747975	-4.55038060912748	-1812.725651789762	-300.3893881173708
10.8	4.7671321747275135	4.7671321747275135	4.7671321747275135	0.09109212816953738	37.4907098392406	16.33483536142039	9.602887099915165	3406.4275571216176	603.9485751874641	0	0	0	0	-2.185680176812784	-0.38421778455364775	-4.550380609822587	-1812.7256542441694	-300.3893883305822
10.9	4.7671321747275135	4.7671321747275135	4.7671321747275135	0.09109212816953766	37.49070983924101	16.33483536142048	9.602887099915156	3406.4275571216085	603.9485751874632	0	0	0	0	-2.185680163105222	-0.384217781926926	-4.550380610386671	-1812.7256553821046	-300.3893884369543
11	4.7671321747275135	4.7671321747275135	4.7671321747275135	0.09109212816953802	37.490709839241575	16.33483536142061	9.602887099915145	3406.427557121596	603.9485751874621	0	0	0	0	-2.185680145341163	-0.3842177785190795	-4.550380610843388	-1812.7256564649736	-300.389388535696
11.1	4.7671321747275135	4.7671321747275135	4.7671321747275135	0.0910921281695381	37.49070983924171	16.334835361420634	9.602887099915144	3406.427557121593	603.9485751874619	0	0	0	0	-2.1856801409432824	-0.38421777767787424	-4.550380611213051	-1812.7256571224432	-300.3893885984883
11.2	4.7671321747275135	4.7671321747275135	4.7671321747275135	0.09109212816953818	37.49070983924184	16.33483536142067	9.602887099915144	3406.4275571215903	603.9485751874615	0	0	0	0	-2.1856801372792702	-0.384217776972583	-4.550380611512267	-1812.725657663477	-300.3893886500584
11.3	4.7671321747275135	4.7671321747275135	4.7671321747275135	0.0910921281695382	37.490709839241894	16.334835361420687	9.602887099915144	3406.427557121589	603.9485751874614	0	0	0	0	-2.18568013575357	-0.38421777667969503	-4.550380611754701	-1812.725658074245	-300.38938868969495
11.4	4.767132174727513	4.767132174727513	4.767132174727513	0.0910921281695381	37.49070983924171	16.33483536142067	9.602887099915145	3406.4275571215935	603.9485751874615	0	0	0	0	-2.1856801429178323	-0.3842177780582155	-4.550380611950767	-1812.725658219866	-300.38938870712855
11.5	4.7671321747275135	4.7671321747275135	4.7671321747275135	0.09109212816952258	37.490709839213494	16.334835361417653	9.60288709991556	3406.4275571222365	603.9485751874889	0	0	0	0	-2.185681198900906	-0.3842179813497236	-4.550380612105295	-1812.7256344624163	-300.3893868504878
11.6	4.7671321747275135	4.7671321747275135	4.7671321747275135	0.09109212816948516	37.49070983914553	16.334835361410384	9.602887099916556	3406.4275571237845	603.9485751875551	0	0	0	0	-2.1856837416402835	-0.384218470866226	-4.550380612221202	-1812.7255768508928	-300.38938234020793
11.7	4.7671321747275135	4.7671321747275135	4.7671321747275135	0.09109212816943213	37.49070983904917	16.334835361400085	9.602887099917972	3406.4275571259805	603.9485751876485	0	0	0	0	-2.1856873465530673	-0.38421916486889224	-4.550380612303951	-1812.7254950448896	-300.38937593327614
11.8	4.767132174727514	4.767132174727514	4.767132174727514	0.0910921281693697	37.490709838935764	16.334835361387956	9.602887099919638	3406.427557128564	603.9485751877588	0	0	0	0	-2.1856915890563626	-0.3842199816188919	-4.550380612359003	-1812.7253987040015	-300.3893683866801
11.9	4.767132174727514	4.767132174727514	4.767132174727514	0.09109212816930409	37.490709838816656	16.33483536137523	9.602887099921388	3406.4275571312774	603.9485751878744	0	0	0	0	-2.1856960445672717	-0.38422083937739443	-4.550380612391817	-1812.7252974878234	-300.3893604574072
12	4.767132174727514	4.767132174727514	4.767132174727514	0.09109212816924163	37.490709838703204	16.334835361363112	9.602887099923054	3406.427557133862	603.9485751879846	0	0	0	0	-2.1857002885028987	-0.38422165640556943	-4.550380612407856	-1812.7252010559494	-300.38935290244495
12.1	4.7671321747275135	4.7671321747275135	4.7671321747275135	0.09109212816918846	37.49070983860675	16.334835361352816	9.602887099924473	3406.42755713606	603.9485751880782	0	0	0	0	-2.185703896280347	-0.38422235096458635	-4.550380612412578	-1812.7251190679733	-300.38934647878085
12.2	4.7671321747275135	4.7671321747275135	4.7671321747275135	0.09109212816915092	37.49070983853863	16.334835361345558	9.602887099925477	3406.4275571376106	603.948575188144	0	0	0	0	-2.18570644331672	-0.38422284131561474	-4.550380612411447	-1812.7250611834907	-300.3893419434025
12.3	4.7671321747275135	4.7671321747275135	4.7671321747275135	0.09109212816913519	37.49070983851022	16.33483536134256	9.602887099925896	3406.4275571382586	603.9485751881714	0	0	0	0	-2.185707505029122	-0.3842230457198242	-4.550380612409923	-1812.7250370620952	-300.38934005329713
12.4	4.7671321747275135	4.7671321747275135	4.7671321747275135	0.09109212816914754	37.490709838532844	16.33483536134503	9.602887099925566	3406.4275571377425	603.948575188149	0	0	0	0	-2.1857066568346557	-0.3842228824383841	-4.550380612413467	-1812.7250563633816	-300.3893415654524
12.5	4.7671321747275135	4.7671321747275135	4.7671321747275135	0.09109212816919421	37.49070983861785	16.334835361354177	9.602887099924322	3406.427557135806	603.9485751880658	0	0	0	0	-2.1857034741504244	-0.3842222697324641	-4.55038061242754	-1812.7251287469444	-300.3893472368559
12.6	4.7671321747275135	4.7671321747275135	4.7671321747275135	0.09109212816928144	37.49070983877661	16.33483536137123	9.602887099921995	3406.4275571321887	603.9485751879108	0	0	0	0	-2.1856975323935326	-0.3842211258632337	-4.550380612457604	-1812.7252638723778	-300.38935782449477
12.7	4.7671321747275135	4.7671321747275135	4.7671321747275135	0.09109212816941321	37.4907098390163	16.33483536139694	9.60288709991848	3406.427557126727	603.9485751876772	0	0	0	0	-2.1856885623243603	-0.3842193989955089	-4.550380612508665	-1812.725467867135	-300.38937380863166
12.8	4.7671321747275135	4.7671321747275135	4.7671321747275135	0.09109212816948223	37.490709839140095	16.3348353614098	9.60288709991664	3406.4275571239073	603.9485751875606	0	0	0	0	-2.1856839451841656	-0.3842185100420213	-4.55038061255942	-1812.725572899715	-300.3893820403178
12.9	4.7671321747275135	4.7671321747275135	4.7671321747275135	0.09109212816949823	37.49070983916791	16.334835361412473	9.602887099916211	3406.427557123273	603.9485751875363	0	0	0	0	-2.1856829155107897	-0.384218311753497	-4.550380612600277	-1812.7255963604823	-300.389383880524
13	4.7671321747275135	4.7671321747275135	4.7671321747275135	0.09109212816952204	37.49070983921197	16.334835361417372	9.602887099915575	3406.4275571222693	603.9485751874917	0	0	0	0	-2.1856812605984004	-0.3842179931959685	-4.550380612633905	-1812.7256340269105	-300.38938683242185
13.1	4.7671321747275135	4.7671321747275135	4.7671321747275135	0.09109212816952755	37.49070983922177	16.33483536141837	9.602887099915428	3406.427557122046	603.9485751874826	0	0	0	0	-2.185680895384254	-0.38421792287113604	-4.550380612659162	-1812.7256423648232	-300.3893874867296
13.2	4.7671321747275135	4.7671321747275135	4.7671321747275135	0.0910921281695331	37.49070983923222	16.33483536141957	9.602887099915279	3406.4275571218086	603.9485751874716	0	0	0	0	-2.185680501821998	-0.38421784712482576	-4.550380612681832	-1812.7256513409795	-300.38938819057313
13.3	4.7671321747275135	4.7671321747275135	4.7671321747275135	0.09109212816953552	37.49070983923672	16.334835361420076	9.602887099915213	3406.4275571217063	603.9485751874671	0	0	0	0	-2.1856803332056636	-0.3842178146692856	-4.550380612697585	-1812.7256551969042	-300.3893884933398
13.4	4.7671321747275135	4.7671321747275135	4.7671321747275135	0.09109212816953653	37.49070983923861	16.334835361420296	9.602887099915188	3406.427557121663	603.9485751874652	0	0	0	0	-2.1856802617505426	-0.3842178009161364	-4.550380612709979	-1812.7256568402775	-300.3893886225952
13.5	4.7671321747275135	4.7671321747275135	4.7671321747275135	0.0910921281695375	37.49070983924053	16.33483536142052	9.60288709991516	3406.42755712162	603.948575187463	0	0	0	0	-2.185680189389159	-0.384217786993968	-4.550380612723173	-1812.7256585013329	-300.38938875307196
13.6	4.7671321747275135	4.7671321747275135	4.7671321747275135	0.09109212816953773	37.49070983924091	16.334835361420563	9.602887099915154	3406.427557121611	603.9485751874627	0	0	0	0	-2.185680174801525	-0.3842177841876865	-4.550380612735583	-1812.7256588459127	-300.3893887804001
13.7	4.7671321747275135	4.7671321747275135	4.7671321747275135	0.09109212816953803	37.490709839241525	16.334835361420645	9.602887099915147	3406.4275571215967	603.9485751874619	0	0	0	0	-2.1856801515306	-0.38421777970745863	-4.550380612745228	-1812.7256593858633	-300.38938882292223
13.8	4.7671321747275135	4.7671321747275135	4.7671321747275135	0.09109212816953813	37.49070983924169	16.33483536142066	9.602887099915145	3406.427557121594	603.9485751874616	0	0	0	0	-2.185680145655905	-0.3842177785774199	-4.550380612752913	-1812.7256595282638	-300.3893888342659
13.9	4.7671321747275135	4.7671321747275135	4.7671321747275135	0.09109212816953817	37.49070983924181	16.33483536142068	9.602887099915144	3406.427557121591	603.9485751874615	0	0	0	0	-2.1856801405281687	-0.3842177775909316	-4.55038061275917	-1812.725659652349	-300.3893888441345
14	4.7671321747275135	4.7671321747275135	4.7671321747275135	0.0910921281695382	37.49070983924189	16.33483536142069	9.602887099915144	3406.4275571215894	603.9485751874614	0	0	0	0	-2.1856801378369197	-0.3842177770745516	-4.5503806127641395	-1812.7256597197984	-300.38938884953933
14.1	4.7671321747275135	4.7671321747275135	4.7671321747275135	0.0910921281695382	37.49070983924191	16.334835361420694	9.602887099915142	3406.427557121589	603.9485751874613	0	0	0	0	-2.185680136964402	-0.38421777690694536	-4.5503806127681905	-1812.7256597448572	-300.38938885160536
14.2	4.7671321747275135	4.7671321747275135	4.7671321747275135	0.09109212816951417	37.4907098392272	16.334835361417717	9.602887099915783	3406.4275571219205	603.9485751874886	0	0	0	0	-2.185681004881665	-0.384217944603591	-4.550380612771326	-1812.7256400181107	-300.38938730036733
14.3	4.7671321747275135	4.7671321747275135	4.7671321747275135	0.09109212816944642	37.49070983918575	16.334835361409322	9.60288709991759	3406.4275571228545	603.948575187565	0	0	0	0	-2.1856834513581544	-0.3842184173063524	-4.550380612773298	-1812.7255844037516	-300.3893829269107
14.4	4.7671321747275135	4.7671321747275135	4.7671321747275135	0.09109212816934799	37.49070983912552	16.334835361397133	9.602887099920217	3406.427557124212	603.9485751876762	0	0	0	0	-2.185687005341614	-0.38421910400018033	-4.550380612774314	-1812.7255036107197	-300.3893765733823
14.5	4.7671321747275135	4.7671321747275135	4.7671321747275135	0.09109212816923196	37.490709839054546	16.334835361382762	9.602887099923311	3406.4275571258117	603.9485751878071	0	0	0	0	-2.185691194241458	-0.3842199133727903	-4.550380612774575	-1812.7254083829278	-300.3893690846795
14.6	4.7671321747275135	4.7671321747275135	4.7671321747275135	0.09109212816911139	37.490709838980834	16.33483536136784	9.602887099926528	3406.4275571274725	603.9485751879431	0	0	0	0	-2.1856955454671	-0.3842207541118983	-4.5503806127742905	-1812.7253094642888	-300.38936130569925
14.7	4.767132174727513	4.767132174727513	4.767132174727513	0.09109212816899939	37.490709838912395	16.334835361353992	9.602887099929514	3406.4275571290145	603.9485751880694	0	0	0	0	-2.1856995864279534	-0.38422153490522015	-4.550380612773663	-1812.7252175987148	-300.3893540813388
14.8	4.7671321747275135	4.7671321747275135	4.7671321747275135	0.09109212816890905	37.49070983885724	16.334835361342833	9.602887099931925	3406.4275571302583	603.9485751881712	0	0	0	0	-2.185702844533432	-0.38422216444047175	-4.5503806127729	-1812.7251435301193	-300.3893482564952
14.9	4.7671321747275135	4.7671321747275135	4.7671321747275135	0.0910921281688534	37.49070983882339	16.33483536133599	9.602887099933408	3406.427557131021	603.9485751882335	0	0	0	0	-2.18570484719295	-0.3842225514053687	-4.550380612772203	-1812.7250980024146	-300.38934467606566
15	4.7671321747275135	4.7671321747275135	4.7671321747275135	0.09109212816884557	37.49070983881884	16.334835361335085	9.602887099933618	3406.427557131123	603.9485751882416	0	0	0	0	-2.1857051218159205	-0.3842226044876272	-4.550380612771782	-1812.725091759513	-300.3893441849472
15.1	4.7671321747275135	4.7671321747275135	4.7671321747275135	0.09109212816889864	37.49070983885162	16.33483536134174	9.602887099932202	3406.4275571303847	603.9485751881809	0	0	0	0	-2.185703195811757	-0.3842222323749627	-4.55038061277184	-1812.725135545327	-300.3893476280371
15.2	4.7671321747275135	4.7671321747275135	4.7671321747275135	0.09109212816902564	37.490709838929746	16.33483536135757	9.602887099928815	3406.4275571286244	603.9485751880364	0	0	0	0	-2.1856985965898748	-0.38422134375509137	-4.5503806127725825	-1812.7252401037701	-300.3893558502324
15.3	4.7671321747275135	4.7671321747275135	4.7671321747275135	0.09109212816923969	37.49070983906121	16.33483536138421	9.602887099923105	3406.427557125661	603.9485751877936	0	0	0	0	-2.185690851559686	-0.3842198473157288	-4.550380612774215	-1812.7254161787544	-300.3893696964303
15.4	4.767132174727514	4.767132174727514	4.767132174727514	0.0910921281694238	37.49070983917289	16.334835361406775	9.602887099918197	3406.427557123145	603.9485751875878	0	0	0	0	-2.185684236180082	-0.38421856903243173	-4.550380612775146	-1812.7255665721493	-300.3893815241597
15.5	4.7671321747275135	4.7671321747275135	4.7671321747275135	0.09109212816947054	37.49070983919962	16.334835361412093	9.60288709991695	3406.427557122542	603.9485751875395	0	0	0	0	-2.185682609242345	-0.38421825453367836	-4.550380612774975	-1812.7256035588352	-300.3893844342892
15.6	4.7671321747275135	4.7671321747275135	4.7671321747275135	0.09109212816951051	37.49070983922465	16.33483536141719	9.60288709991588	3406.427557121978	603.9485751874931	0	0	0	0	-2.185681147072555	-0.38421797205417507	-4.550380612776422	-1812.7256368006183	-300.38938704801114
15.7	4.7671321747275135	4.7671321747275135	4.7671321747275135	0.09109212816952335	37.490709839232345	16.334835361418747	9.60288709991554	3406.4275571218045	603.9485751874789	0	0	0	0	-2.1856806893351557	-0.3842178835939638	-4.550380612777366	-1812.725647207652	-300.3893878664391
15.8	4.7671321747275135	4.7671321747275135	4.7671321747275135	0.09109212816953137	37.490709839237496	16.334835361419795	9.602887099915325	3406.427557121688	603.9485751874694	0	0	0	0	-2.1856803916774656	-0.384217826102076	-4.550380612778788	-1812.7256539752593	-300.38938839845383
15.9	4.7671321747275135	4.7671321747275135	4.7671321747275135	0.09109212816953498	37.49070983923978	16.334835361420257	9.602887099915229	3406.4275571216363	603.9485751874652	0	0	0	0	-2.1856802587740654	-0.38421780042453496	-4.5503806127796205	-1812.725656997192	-300.3893886361781
16	4.7671321747275135	4.7671321747275135	4.7671321747275135	0.09109212816953652	37.49070983924078	16.334835361420463	9.602887099915188	3406.4275571216135	603.9485751874632	0	0	0	0	-2.185680201216307	-0.3842177893084174	-4.550380612778441	-1812.725658306072	-300.3893887390918
16.1	4.7671321747275135	4.7671321747275135	4.7671321747275135	0.09109212816953753	37.49070983924147	16.3348353614206	9.602887099915161	3406.4275571215985	603.9485751874622	0	0	0	0	-2.1856801632370844	-0.38421778197685025	-4.5503806127785325	-1812.7256591689218	-300.3893888069209
16.2	4.7671321747275135	4.7671321747275135	4.7671321747275135	0.09109212816953782	37.49070983924166	16.334835361420634	9.602887099915154	3406.4275571215935	603.948575187462	0	0	0	0	-2.1856801521372327	-0.3842177798331587	-4.550380612780031	-1812.7256594209407	-300.3893888267452
16.3	4.767132174727513	4.767132174727513	4.767132174727513	0.09109212816953807	37.490709839241845	16.334835361420673	9.602887099915145	3406.4275571215894	603.9485751874615	0	0	0	0	-2.185680141711596	-0.3842177778219133	-4.550380612781129	-1812.7256596585553	-300.389388845368
16.4	4.7671321747275135	4.7671321747275135	4.7671321747275135	0.09109212816953814	37.4907098392419	16.334835361420687	9.602887099915144	3406.427557121589	603.9485751874614	0	0	0	0	-2.1856801391504574	-0.3842177773287719	-4.55038061278199	-1812.7256597172552	-300.38938884995554
16.5	4.767132174727514	4.767132174727514	4.767132174727514	0.09109212816953823	37.49070983924194	16.334835361420698	9.602887099915144	3406.427557121589	603.9485751874614	0	0	0	0	-2.185680136699724	-0.38421777685517194	-4.550380612782783	-1812.7256597733108	-300.38938885433777
16.6	4.7671321747275135	4.7671321747275135	4.7671321747275135	0.09109212816953821	37.490709839241944	16.334835361420694	9.602887099915142	3406.427557121588	603.9485751874614	0	0	0	0	-2.185680135998391	-0.38421777671830315	-4.55038061278348	-1812.725659789547	-300.3893888555945
16.7	4.7671321747275135	4.7671321747275135	4.7671321747275135	0.09109212816953222	37.49070983923847	16.33483536142041	9.602887099915304	3406.4275571216663	603.9485751874638	0	0	0	0	-2.185680335006437	-0.38421781463408	-4.550380612783855	-1812.7256552647973	-300.3893885048323
16.8	4.7671321747275135	4.7671321747275135	4.7671321747275135	0.09109212816948416	37.49070983921071	16.334835361418147	9.602887099916586	3406.4275571222965	603.9485751874838	0	0	0	0	-2.1856819295895473	-0.384218118441349	-4.550380612783224	-1812.7256190079875	-300.3893856942608
16.9	4.7671321747275135	4.7671321747275135	4.7671321747275135	0.09109212816939696	37.490709839160374	16.334835361414033	9.60288709991891	3406.4275571234384	603.9485751875197	0	0	0	0	-2.1856848216657583	-0.38421866945219346	-4.550380612781652	-1812.7255532492686	-300.38938059676195
17	4.7671321747275135	4.7671321747275135	4.7671321747275135	0.09109212816928146	37.49070983909368	16.334835361408594	9.602887099921988	3406.4275571249514	603.9485751875674	0	0	0	0	-2.1856886526410664	-0.3842193993451866	-4.5503806127793505	-1812.7254661421982	-300.3893738443905
17.1	4.7671321747275135	4.7671321747275135	4.7671321747275135	0.09109212816914844	37.49070983901689	16.334835361402334	9.602887099925535	3406.427557126693	603.9485751876224	0	0	0	0	-2.1856930639214696	-0.3842202397989018	-4.55038061277653	-1812.7253658403329	-300.38936606920146
17.2	4.7671321747275135	4.7671321747275135	4.7671321747275135	0.0910921281690087	37.49070983893624	16.334835361395754	9.602887099929259	3406.4275571285216	603.94857518768	0	0	0	0	-2.1856976969129644	-0.3842211224919122	-4.550380612773397	-1812.7252604972302	-300.3893579032495
17.3	4.767132174727513	4.767132174727513	4.767132174727513	0.0910921281688731	37.49070983885798	16.33483536138938	9.602887099932873	3406.4275571302974	603.9485751877359	0	0	0	0	-2.1857021930215486	-0.3842219791027912	-4.550380612770163	-1812.7251582664471	-300.38934997858973
17.4	4.7671321747275135	4.7671321747275135	4.7671321747275135	0.09109212816875238	37.490709838788355	16.33483536138372	9.602887099936092	3406.427557131877	603.9485751877855	0	0	0	0	-2.185706193653219	-0.38422274131011197	-4.55038061276704	-1812.7250673015408	-300.38934292727686
17.5	4.7671321747275135	4.7671321747275135	4.7671321747275135	0.09109212816865739	37.49070983873359	16.334835361379284	9.602887099938627	3406.4275571331186	603.9485751878245	0	0	0	0	-2.1857093402139736	-0.38422334079244774	-4.550380612764234	-1812.7249957560682	-300.3893373813658
17.6	4.7671321747275135	4.7671321747275135	4.7671321747275135	0.0910921281685989	37.49070983869995	16.334835361376573	9.602887099940187	3406.427557133882	603.9485751878482	0	0	0	0	-2.185711274109808	-0.3842237092283719	-4.5503806127619555	-1812.7249517835864	-300.3893339729114
17.7	4.7671321747275135	4.7671321747275135	4.7671321747275135	0.09109212816858774	37.490709838693675	16.334835361376115	9.602887099940482	3406.4275571340245	603.9485751878523	0	0	0	0	-2.1857116367467215	-0.38422377829645754	-4.5503806127604145	-1812.724943537653	-300.3893333339685
17.8	4.7671321747275135	4.7671321747275135	4.7671321747275135	0.09109212816863473	37.49070983872099	16.334835361378403	9.602887099939231	3406.4275571334047	603.9485751878321	0	0	0	0	-2.185710069530709	-0.38422347967527803	-4.55038061275982	-1812.7249791718248	-300.38933609659205
17.9	4.767132174727513	4.767132174727513	4.767132174727513	0.09109212816875062	37.49070983878814	16.334835361383966	9.602887099936138	3406.4275571318817	603.9485751877835	0	0	0	0	-2.185706213867769	-0.38422274504340653	-4.5503806127603825	-1812.7250668396587	-300.38934289283685
18	4.7671321747275135	4.7671321747275135	4.7671321747275135	0.09109212816894628	37.490709838901395	16.334835361393303	9.602887099930921	3406.427557129312	603.9485751877015	0	0	0	0	-2.185699711163899	-0.38422150607941646	-4.550380612762311	-1812.7252146947126	-300.38935435475776
18.1	4.7671321747275135	4.7671321747275135	4.7671321747275135	0.09109212816923215	37.4907098390668	16.33483536140691	9.602887099923297	3406.42755712556	603.9485751875823	0	0	0	0	-2.185690212927942	-0.3842196963872665	-4.550380612765811	-1812.7254306608304	-300.3893710965976
18.2	4.7671321747275135	4.7671321747275135	4.7671321747275135	0.09109212816939172	37.49070983915675	16.334835361413596	9.602887099919043	3406.42755712352	603.948575187524	0	0	0	0	-2.185685020181973	-0.3842187073339186	-4.550380612769348	-1812.7255487318523	-300.3893802465404
18.3	4.7671321747275135	4.7671321747275135	4.7671321747275135	0.09109212816940099	37.49070983915947	16.334835361413017	9.602887099918798	3406.427557123458	603.9485751875295	0	0	0	0	-2.1856848339774486	-0.38421867221263567	-4.550380612772017	-1812.7255529670026	-300.38938057145197
18.4	4.7671321747275135	4.7671321747275135	4.7671321747275135	0.09109212816946964	37.490709839200704	16.334835361416854	9.60288709991697	3406.4275571225235	603.9485751874956	0	0	0	0	-2.185682485322847	-0.38421822453123106	-4.5503806127740605	-1812.7256063696923	-300.38938471298945
18.5	4.7671321747275135	4.7671321747275135	4.7671321747275135	0.09109212816949214	37.49070983921324	16.334835361417742	9.60288709991637	3406.427557122239	603.9485751874878	0	0	0	0	-2.1856817576338385	-0.3842180859525967	-4.550380612773302	-1812.7256229158393	-300.3893859948262
18.6	4.7671321747275135	4.7671321747275135	4.7671321747275135	0.09109212816949869	37.490709839216834	16.334835361417984	9.602887099916193	3406.427557122157	603.9485751874856	0	0	0	0	-2.185681548227886	-0.3842180460806794	-4.5503806127732815	-1812.725627677123	-300.38938636357835
18.7	4.7671321747275135	4.7671321747275135	4.7671321747275135	0.09109212816952093	37.49070983923087	16.334835361419486	9.602887099915602	3406.427557121839	603.9485751874722	0	0	0	0	-2.1856807576588504	-0.38421789529383293	-4.550380612775268	-1812.7256456521613	-300.389387758551
18.8	4.7671321747275135	4.7671321747275135	4.7671321747275135	0.09109212816952292	37.490709839231734	16.33483536141949	9.602887099915549	3406.42755712182	603.9485751874722	0	0	0	0	-2.1856807033242265	-0.38421788496106957	-4.55038061277633	-1812.7256468877454	-300.3893878541134
18.9	4.7671321747275135	4.7671321747275135	4.7671321747275135	0.09109212816952936	37.49070983923599	16.334835361419987	9.602887099915378	3406.427557121723	603.9485751874677	0	0	0	0	-2.1856804657286295	-0.3842178396299783	-4.5503806127776825	-1812.7256522904654	-300.38938827348153
19	4.7671321747275135	4.7671321747275135	4.7671321747275135	0.09109212816953309	37.49070983923841	16.33483536142026	9.602887099915279	3406.427557121668	603.948575187465	0	0	0	0	-2.1856803301714955	-0.38421781377386316	-4.55038061277821	-1812.725655373077	-300.38938851243597
19.1	4.7671321747275135	4.7671321747275135	4.7671321747275135	0.09109212816953345	37.49070983923858	16.334835361420268	9.602887099915268	3406.4275571216644	603.948575187465	0	0	0	0	-2.1856803199886503	-0.384217811838018	-4.5503806127774284	-1812.7256556049053	-300.38938853010825
19.2	4.7671321747275135	4.7671321747275135	4.7671321747275135	0.09109212816953613	37.49070983924045	16.334835361420513	9.602887099915197	3406.427557121622	603.948575187463	0	0	0	0	-2.185680217124483	-0.3842177922025002	-4.55038061277657	-1812.725657944079	-300.389388711846
19.3	4.7671321747275135	4.7671321747275135	4.7671321747275135	0.09109212816953656	37.49070983924067	16.334835361420534	9.602887099915185	3406.4275571216167	603.9485751874628	0	0	0	0	-2.1856802028778697	-0.3842177894851058	-4.5503806127773485	-1812.7256582685343	-300.38938873711083
19.4	4.7671321747275135	4.7671321747275135	4.7671321747275135	0.09109212816953707	37.490709839241056	16.334835361420584	9.602887099915172	3406.4275571216085	603.9485751874623	0	0	0	0	-2.1856801824062924	-0.38421778557684794	-4.550380612777059	-1812.7256587341785	-300.3893887733376
19.5	4.7671321747275135	4.7671321747275135	4.7671321747275135	0.09109212816953766	37.4907098392415	16.33483536142064	9.602887099915156	3406.427557121598	603.9485751874618	0	0	0	0	-2.185680159020717	-0.38421778110697263	-4.550380612778705	-1812.725659265392	-300.3893888146878
19.6	4.7671321747275135	4.7671321747275135	4.7671321747275135	0.09109212816953771	37.490709839241504	16.33483536142064	9.602887099915153	3406.427557121598	603.9485751874619	0	0	0	0	-2.185680158238069	-0.3842177809538498	-4.550380612782212	-1812.7256592826593	-300.38938881609783
19.7	4.7671321747275135	4.7671321747275135	4.7671321747275135	0.09109212816953069	37.490709839235414	16.334835361419653	9.602887099915343	3406.427557121736	603.9485751874709	0	0	0	0	-2.185680460034176	-0.3842178385065336	-4.550380612783187	-1812.7256524208224	-300.3893882836856
19.8	4.7671321747275135	4.7671321747275135	4.7671321747275135	0.09109212816947962	37.49070983919133	16.334835361412566	9.602887099916703	3406.427557122734	603.9485751875354	0	0	0	0	-2.185682648301764	-0.3842182557922456	-4.5503806127821145	-1812.7256026659738	-300.38938442317004
19.9	4.7671321747275135	4.7671321747275135	4.7671321747275135	0.0910921281693972	37.49070983912022	16.334835361401126	9.602887099918904	3406.4275571243443	603.9485751876398	0	0	0	0	-2.1856861787835857	-0.3842189290233127	-4.550380612779882	-1812.7255223928678	-300.3893781947358
20	4.767132174727514	4.767132174727514	4.767132174727514	0.0910921281693046	37.490709839040385	16.334835361388294	9.602887099921372	3406.427557126152	603.9485751877565	0	0	0	0	-2.185690143199756	-0.3842196849972881	-4.55038061277705	-1812.7254322532808	-300.38937120077594
20.1	4.7671321747275135	4.7671321747275135	4.7671321747275135	0.09109212816922305	37.49070983897012	16.334835361377007	9.602887099923548	3406.427557127742	603.9485751878594	0	0	0	0	-2.1856936332703922	-0.38422035051172476	-4.550380612774176	-1812.7253528989875	-300.3893650436838
20.2	4.7671321747275135	4.7671321747275135	4.7671321747275135	0.09109212816917371	37.49070983892772	16.33483536137021	9.602887099924862	3406.4275571287026	603.9485751879213	0	0	0	0	-2.18569574071561	-0.3842207523641759	-4.550380612771819	-1812.7253049817643	-300.38936132585275
20.3	4.7671321747275135	4.7671321747275135	4.7671321747275135	0.09109212816917775	37.4907098389315	16.334835361370853	9.602887099924756	3406.427557128616	603.9485751879155	0	0	0	0	-2.1856955572555257	-0.38422071735219465	-4.550380612770535	-1812.7253091533867	-300.38936164967595
20.4	4.7671321747275135	4.7671321747275135	4.7671321747275135	0.09109212816925638	37.49070983899973	16.334835361381874	9.602887099922658	3406.4275571270714	603.9485751878149	0	0	0	0	-2.185692174610256	-0.38422007227333416	-4.550380612770885	-1812.7253860656297	-300.3893676175467
20.5	4.7671321747275135	4.7671321747275135	4.7671321747275135	0.09109212816941172	37.49070983913402	16.3348353614035	9.602887099918515	3406.427557124031	603.948575187618	0	0	0	0	-2.185685510985589	-0.38421880155608795	-4.550380612772958	-1812.725537578251	-300.38937937354166
20.6	4.7671321747275135	4.7671321747275135	4.7671321747275135	0.09109212816947335	37.49070983918534	16.33483536141153	9.60288709991687	3406.4275571228686	603.9485751875447	0	0	0	0	-2.1856829372366655	-0.38421831094272935	-4.550380612772667	-1812.725596098168	-300.3893839124922
20.7	4.7671321747275135	4.7671321747275135	4.7671321747275135	0.09109212816949465	37.49070983920314	16.334835361414314	9.602887099916302	3406.427557122466	603.9485751875195	0	0	0	0	-2.1856820456390516	-0.3842181409820684	-4.55038061277153	-1812.7256163703282	-300.3893854849666
20.8	4.767132174727513	4.767132174727513	4.767132174727513	0.09109212816952024	37.49070983922582	16.334835361418037	9.60288709991562	3406.427557121952	603.9485751874854	0	0	0	0	-2.185680927873898	-0.3842179277732191	-4.550380612771904	-1812.7256417851117	-300.38938745753745
20.9	4.7671321747275135	4.7671321747275135	4.7671321747275135	0.09109212816952537	37.490709839230036	16.33483536141869	9.602887099915483	3406.427557121857	603.9485751874796	0	0	0	0	-2.1856807159339016	-0.38421788737566454	-4.550380612773544	-1812.7256466042	-300.38938783134006
21	4.7671321747275135	4.7671321747275135	4.7671321747275135	0.0910921281695327	37.490709839236814	16.334835361419834	9.602887099915288	3406.4275571217036	603.948575187469	0	0	0	0	-2.1856803854517044	-0.38421782431445806	-4.550380612775686	-1812.7256541180975	-300.3893884148358
21.1	4.7671321747275135	4.7671321747275135	4.7671321747275135	0.0910921281695349	37.49070983923875	16.334835361420158	9.602887099915229	3406.42755712166	603.9485751874663	0	0	0	0	-2.185680289849715	-0.3842178060784574	-4.550380612776801	-1812.7256562908792	-300.38938858363395
21.2	4.7671321747275135	4.7671321747275135	4.7671321747275135	0.09109212816953641	37.49070983924016	16.334835361420396	9.60288709991519	3406.427557121628	603.948575187464	0	0	0	0	-2.185680221395928	-0.3842177930149575	-4.550380612775939	-1812.7256578471622	-300.3893887045455
21.3	4.7671321747275135	4.7671321747275135	4.7671321747275135	0.09109212816953736	37.490709839241084	16.334835361420552	9.602887099915163	3406.4275571216067	603.9485751874627	0	0	0	0	-2.185680176552797	-0.3842177844582022	-4.55038061277559	-1812.7256588670375	-300.38938878376075
21.4	4.7671321747275135	4.7671321747275135	4.7671321747275135	0.09109212816953763	37.490709839241326	16.33483536142059	9.602887099915156	3406.4275571216017	603.9485751874623	0	0	0	0	-2.185680165139621	-0.38421778228037945	-4.550380612776739	-1812.725659126693	-300.38938880393454
21.5	4.7671321747275135	4.7671321747275135	4.7671321747275135	0.091092128169538	37.490709839241696	16.334835361420655	9.602887099915147	3406.4275571215935	603.9485751874618	0	0	0	0	-2.1856801472241574	-0.38421777885870556	-4.550380612778477	-1812.7256595341782	-300.38938883559086
21.6	4.7671321747275135	4.7671321747275135	4.7671321747275135	0.09109212816953806	37.49070983924176	16.33483536142066	9.602887099915144	3406.4275571215917	603.9485751874618	0	0	0	0	-2.185680143671578	-0.38421777818224984	-4.550380612779878	-1812.725659615206	-300.38938884187985
21.7	4.7671321747275135	4.7671321747275135	4.7671321747275135	0.09109212816953817	37.490709839241866	16.334835361420684	9.602887099915142	3406.4275571215894	603.9485751874615	0	0	0	0	-2.1856801390498966	-0.38421777730069934	-4.550380612781041	-1812.725659720435	-300.38938885006695
21.8	4.7671321747275135	4.7671321747275135	4.7671321747275135	0.09109212816953821	37.49070983924192	16.33483536142069	9.602887099915144	3406.427557121589	603.9485751874613	0	0	0	0	-2.1856801373419414	-0.3842177769774455	-4.550380612781989	-1812.7256597592766	-300.3893888531023
21.9	4.7671321747275135	4.7671321747275135	4.7671321747275135	0.09109212816953803	37.49070983924178	16.334835361420655	9.602887099915147	3406.4275571215917	603.9485751874618	0	0	0	0	-2.1856801490274003	-0.3842177792265084	-4.550380612782759	-1812.7256594937464	-300.3893888323267
22	4.7671321747275135	4.7671321747275135	4.7671321747275135	0.09109212816951934	37.490709839228245	16.33483536141683	9.602887099915645	3406.427557121896	603.9485751874969	0	0	0	0	-2.1856813027854853	-0.3842180011964012	-4.55038061278367	-1812.725633263276	-300.3893867786279
22.1	4.7671321747275135	4.7671321747275135	4.7671321747275135	0.09109212816947558	37.490709839196505	16.33483536140788	9.60288709991681	3406.4275571226085	603.9485751875793	0	0	0	0	-2.1856840056306517	-0.3842185211943338	-4.550380612784835	-1812.7255718142499	-300.3893819675005
22.2	4.7671321747275135	4.7671321747275135	4.7671321747275135	0.09109212816941427	37.490709839152046	16.33483536139533	9.602887099918446	3406.427557123607	603.9485751876947	0	0	0	0	-2.1856877928025065	-0.38421924980554456	-4.550380612786143	-1812.725485713005	-300.38937522623127
22.3	4.7671321747275135	4.7671321747275135	4.7671321747275135	0.09109212816934291	37.49070983910032	16.334835361380733	9.602887099920347	3406.4275571247686	603.9485751878291	0	0	0	0	-2.185692199540656	-0.3842200976152721	-4.550380612787483	-1812.7253855258782	-300.3893673821065
22.4	4.7671321747275135	4.7671321747275135	4.7671321747275135	0.09109212816926904	37.49070983904679	16.334835361365624	9.602887099922318	3406.4275571259705	603.9485751879681	0	0	0	0	-2.185696761084708	-0.38422097520875514	-4.550380612788743	-1812.725281819208	-300.3893592624129
22.5	4.7671321747275135	4.7671321747275135	4.7671321747275135	0.09109212816920018	37.490709838996914	16.33483536135154	9.602887099924155	3406.42755712709	603.9485751880976	0	0	0	0	-2.185701012674268	-0.384221793171232	-4.550380612789816	-1812.7251851593312	-300.3893516944368
22.6	4.7671321747275135	4.7671321747275135	4.7671321747275135	0.0910921281691438	37.49070983895615	16.334835361340033	9.602887099925658	3406.4275571280054	603.9485751882036	0	0	0	0	-2.185704489548944	-0.3842224620879414	-4.550380612790587	-1812.7251061125853	-300.389345505465
22.7	4.7671321747275135	4.7671321747275135	4.7671321747275135	0.0910921281691075	37.49070983892996	16.33483536133263	9.602887099926626	3406.427557128594	603.9485751882717	0	0	0	0	-2.185706726948342	-0.3842228925441219	-4.550380612790947	-1812.7250552453077	-300.3893415227838
22.8	4.7671321747275135	4.7671321747275135	4.7671321747275135	0.09109212816909873	37.490709838923806	16.334835361330878	9.60288709992686	3406.4275571287317	603.9485751882878	0	0	0	0	-2.185707260112069	-0.3842229951250121	-4.550380612790786	-1812.7250431238358	-300.38934057368
22.9	4.7671321747275135	4.7671321747275135	4.7671321747275135	0.09109212816912506	37.49070983894315	16.334835361336314	9.602887099926159	3406.427557128298	603.9485751882377	0	0	0	0	-2.1857056242797315	-0.3842226804158505	-4.5503806127899935	-1812.7250803145068	-300.3893434854399
23	4.7671321747275135	4.7671321747275135	4.7671321747275135	0.09109212816919396	37.49070983899343	16.334835361350475	9.60288709992432	3406.427557127168	603.9485751881074	0	0	0	0	-2.185701354690937	-0.38422185900187567	-4.550380612788456	-1812.7251773836588	-300.3893510853501
23.1	4.7671321747275135	4.7671321747275135	4.7671321747275135	0.09109212816931299	37.49070983908015	16.33483536137491	9.602887099921146	3406.4275571252206	603.9485751878824	0	0	0	0	-2.1856939865852913	-0.38422044146832623	-4.550380612786066	-1812.7253448976285	-300.38936420069723
23.2	4.7671321747275135	4.7671321747275135	4.7671321747275135	0.0910921281694499	37.490709839179225	16.33483536140289	9.602887099917494	3406.4275571229955	603.9485751876251	0	0	0	0	-2.1856855377514113	-0.3842188159967912	-4.550380612784568	-1812.725536982097	-300.38937923997867
23.3	4.7671321747275135	4.7671321747275135	4.7671321747275135	0.09109212816949258	37.490709839208456	16.334835361411283	9.602887099916357	3406.4275571223397	603.948575187548	0	0	0	0	-2.185682971341627	-0.3842183221978121	-4.550380612786953	-1812.7255953298588	-300.38938380886435
23.4	4.7671321747275135	4.7671321747275135	4.7671321747275135	0.09109212816951738	37.49070983922656	16.334835361416374	9.602887099915696	3406.427557121933	603.948575187501	0	0	0	0	-2.1856814346550424	-0.3842180265607213	-4.5503806127849105	-1812.7256302664696	-300.38938654419565
23.5	4.7671321747275135	4.7671321747275135	4.7671321747275135	0.0910921281695285	37.490709839234626	16.334835361418648	9.602887099915398	3406.427557121752	603.9485751874801	0	0	0	0	-2.185680747629362	-0.3842178943883097	-4.550380612781762	-1812.7256458860493	-300.38938776708443
23.6	4.7671321747275135	4.7671321747275135	4.7671321747275135	0.09109212816953326	37.49070983923814	16.334835361419643	9.602887099915272	3406.427557121673	603.9485751874711	0	0	0	0	-2.185680451293657	-0.3842178373746723	-4.550380612781284	-1812.7256526232502	-300.3893882945462
23.7	4.7671321747275135	4.7671321747275135	4.7671321747275135	0.09109212816953614	37.49070983924032	16.334835361420254	9.602887099915197	3406.4275571216244	603.9485751874655	0	0	0	0	-2.1856802694075483	-0.384217802381596	-4.550380612780872	-1812.7256567583745	-300.38938861826205
23.8	4.7671321747275135	4.7671321747275135	4.7671321747275135	0.09109212816953705	37.49070983924099	16.334835361420442	9.602887099915172	3406.427557121609	603.9485751874637	0	0	0	0	-2.185680212400571	-0.38421779141443785	-4.5503806127792386	-1812.7256580542944	-300.3893887196913
23.9	4.7671321747275135	4.7671321747275135	4.7671321747275135	0.0910921281695378	37.49070983924159	16.33483536142061	9.60288709991515	3406.427557121596	603.9485751874621	0	0	0	0	-2.1856801636012184	-0.38421778202437606	-4.550380612779432	-1812.7256591636128	-300.389388806513
24	4.7671321747275135	4.7671321747275135	4.7671321747275135	0.09109212816953803	37.490709839241774	16.33483536142066	9.602887099915145	3406.4275571215917	603.9485751874618	0	0	0	0	-2.185680148483678	-0.38421777911585514	-4.550380612781148	-1812.7256595072363	-300.3893888333887
