0	4.7671321747275135	4.7671321747275135	4.7671321747275135	0.09109212816953825	37.49070983924196	16.3348353614207	9.60288709991514	3406.4275571215885	603.9485751874613	0	0	0	0	0	0	0	0	0
0.1	4.7671321747275135	4.7671321747275135	4.7671321747275135	0.09109212816953824	37.49070983924196	16.3348353614207	9.60288709991514	3406.4275571215885	603.9485751874613	0	0	0	0	0.029839191253478167	4.791958394246109	0	0.1529072859553592	20.31650827699606
0.2	4.7671321747275135	4.7671321747275135	4.7671321747275135	0.09109212816953825	37.49070983924196	16.3348353614207	9.60288709991514	3406.4275571215885	603.9485751874613	0	0	0	0	0.14365603377995328	6.477041587814559	0	1.5539538531126218	57.30146419192792
0.3	4.7671321747275135	4.7671321747275135	4.7671321747275135	0.09109212816953825	37.49070983924196	16.3348353614207	9.60288709991514	3406.4275571215885	603.9485751874613	0	0	0	0	0.30462287978203534	7.069666568817307	0	5.14809458321583	94.47134452409192
0.4	4.7671321747275135	4.7671321747275135	4.7671321747275135	0.09109212816953825	37.49070983924196	16.3348353614207	9.60288709991514	3406.4275571215885	603.9485751874613	0	0	0	0	0.4722700894136609	7.27829681701781	0	10.943986076779419	127.10979048825057
0.5	4.7671321747275135	4.7671321747275135	4.7671321747275135	0.09109212816953825	37.49070983924196	16.3348353614207	9.60288709991514	3406.4275571215885	603.9485751874613	0	0	0	0	0.6257529912709869	7.352006187683881	0	18.426111105841553	154.43386212423314
0.6	4.7671321747275135	4.7671321747275135	4.7671321747275135	0.09109212816953825	37.49070983924196	16.3348353614207	9.60288709991514	3406.4275571215885	603.9485751874613	0	0	0	0	0.7579059793618694	7.37829084586747	0	26.950890665356916	176.87695812734384
0.7	4.7671321747275135	4.7671321747275135	4.7671321747275135	0.09109212816953825	37.49070983924196	16.3348353614207	9.60288709991514	3406.4275571215885	603.9485751874613	0	0	0	0	0.8682623712662052	7.3879698428462754	0	35.94087970039827	195.16468582533403
0.8	4.7671321747275135	4.7671321747275135	4.7671321747275135	0.09109212816953825	37.49070983924195	16.334835361420698	9.60288709991514	3406.427557121589	603.9485751874613	0	0	0	0	0.9590158401351749	7.391804285193763	0	44.94862080167462	210.0164240845078
0.9	4.767132174727514	4.767132174727514	4.767132174727514	0.09109212816953825	37.49070983924196	16.3348353614207	9.60288709991514	3406.4275571215885	603.9485751874613	0	0	0	0	1.0330770241029092	7.39357583624991	0	53.65784103547882	222.06063009933447
1	4.7671321747275135	4.7671321747275135	4.7671321747275135	0.09109212816953824	37.49070983924195	16.3348353614207	9.60288709991514	3406.4275571215885	603.9485751874613	0	0	0	0	1.093288851901205	7.394603817280201	0	61.86243564048475	231.822710944877
1.1	4.7671321747275135	4.7671321747275135	4.7671321747275135	0.09109212816953824	37.49070983924195	16.3348353614207	9.60288709991514	3406.4275571215885	603.9485751874613	0	0	0	0	1.1421572604832602	7.395344477392018	0	69.44145008947672	239.73435889143533
1.2	4.7671321747275135	4.7671321747275135	4.7671321747275135	0.09109212816953825	37.49070983924196	16.3348353614207	9.60288709991514	3406.4275571215885	603.9485751874613	0	0	0	0	1.1817771930011105	7.39594929067997	0	76.33842641592226	246.1444664960507
1.3	4.7671321747275135	4.7671321747275135	4.7671321747275135	0.09109212816953825	37.49070983924196	16.334835361420698	9.60288709991514	3406.4275571215885	603.9485751874613	0	0	0	0	1.2138923135293707	7.396474043126738	0	82.5385303818124	251.33907169577785
1.4	4.767132174727514	4.767132174727514	4.767132174727514	0.09109212816953825	37.49070983924196	16.3348353614207	9.60288709991514	3406.4275571215885	603.9485751874613	0	0	0	0	1.2399249739226392	7.396937705410529	0	88.05766452369038	255.54957790574855
1.5	4.7671321747275135	4.7671321747275135	4.7671321747275135	0.09109212816953824	37.49070983924195	16.334835361420698	9.60288709991514	3406.4275571215885	603.9485751874613	0	0	0	0	1.2610151877547557	7.397347519780127	0	92.93139337940259	258.9607522193458
1.6	4.7671321747275135	4.7671321747275135	4.7671321747275135	0.09109212816953824	37.490709839241944	16.334835361420698	9.60288709991514	3406.4275571215885	603.9485751874613	0	0	0	0	1.2781183372402685	7.397708897266783	0	97.20527046345346	261.7272382533296
1.7	4.7671321747275135	4.7671321747275135	4.7671321747275135	0.09109212816953824	37.49070983924195	16.3348353614207	9.60288709991514	3406.4275571215885	603.9485751874613	0	0	0	0	1.291970885615699	7.3980256892377625	0	100.93170407873158	263.9681116462517
1.8	4.7671321747275135	4.7671321747275135	4.7671321747275135	0.09109212816953824	37.49070983924195	16.3348353614207	9.60288709991514	3406.427557121588	603.9485751874613	0	0	0	0	1.3032096317896171	7.39830208919306	0	104.16453652315734	265.78633106299094
1.9	4.7671321747275135	4.7671321747275135	4.7671321747275135	0.09109212816953824	37.49070983924195	16.3348353614207	9.60288709991514	3406.427557121588	603.9485751874613	0	0	0	0	1.3123121600106333	7.398541988878931	0	106.95657647669746	267.2590926264442
2	4.7671321747275135	4.7671321747275135	4.7671321747275135	0.09109212816953824	37.49070983924195	16.3348353614207	9.60288709991514	3406.4275571215876	603.9485751874613	0	0	0	0	1.3196969829144511	7.398749382179762	0	109.35915533025457	268.4540529330833
2.1	4.7671321747275135	4.7671321747275135	4.7671321747275135	0.09109212816953824	37.490709839241966	16.3348353614207	9.60288709991514	3406.4275571215885	603.9485751874613	0	0	0	0	1.3256842785269427	7.3989279286691385	0	111.4193017519041	269.42297114769366
2.2	4.7671321747275135	4.7671321747275135	4.7671321747275135	0.09109212816953824	37.490709839241966	16.3348353614207	9.60288709991514	3406.427557121588	603.9485751874613	0	0	0	0	1.330533420652501	7.399081097363718	0	113.1800189953852	270.2077828104387
2.3	4.7671321747275135	4.7671321747275135	4.7671321747275135	0.09109212816953828	37.490709839241966	16.33483536142071	9.60288709991514	3406.4275571215876	603.9485751874613	0	0	0	0	1.3344744994794306	7.399212182388304	0	114.68208578096392	270.8456903471156
2.4	4.7671321747275135	4.7671321747275135	4.7671321747275135	0.0910921281695383	37.49070983924197	16.334835361420712	9.60288709991514	3406.4275571215876	603.9485751874613	0	0	0	0	1.3376649864159518	7.399323938670729	0	115.9588465405989	271.3621587888105
2.5	4.7671321747275135	4.7671321747275135	4.7671321747275135	0.09109212816953828	37.49070983924196	16.334835361420712	9.60288709991514	3406.4275571215876	603.9485751874612	0	0	0	0	1.3402509504097244	7.399419015298735	0	117.04203019392467	271.78081042951385
2.6	4.7671321747275135	4.7671321747275135	4.7671321747275135	0.09109212816953828	37.49070983924198	16.334835361420705	9.60288709991514	3406.4275571215876	603.9485751874613	0	0	0	0	1.3423550150316594	7.399499812213346	0	117.96042826878657	272.121477990089
2.7	4.7671321747275135	4.7671321747275135	4.7671321747275135	0.09109212816953828	37.49070983924201	16.33483536142071	9.60288709991514	3406.427557121587	603.9485751874613	0	0	0	0	1.3440579279143052	7.399568201269683	0	118.73604933573607	272.3972235244967
2.8	4.7671321747275135	4.7671321747275135	4.7671321747275135	0.09109212816953828	37.49070983924201	16.334835361420705	9.60288709991514	3406.427557121587	603.9485751874613	0	0	0	0	1.3454363498092878	7.399625987086868	0	119.38994968893698	272.6204479095584
2.9	4.7671321747275135	4.7671321747275135	4.7671321747275135	0.09109212816953827	37.49070983924201	16.33483536142071	9.60288709991514	3406.427557121587	603.9485751874613	0	0	0	0	1.3465598099260845	7.399674854366981	0	119.94198284790217	272.8024003819173
3	4.7671321747275135	4.7671321747275135	4.7671321747275135	0.09109212816953827	37.490709839242086	16.334835361420726	9.60288709991514	3406.427557121585	603.9485751874612	0	0	0	0	1.3474710123865368	7.399716019886141	0	120.40637468157536	272.94999185788316
3.1	4.7671321747275135	4.7671321747275135	4.7671321747275135	0.09109212816953827	37.49070983924213	16.334835361420733	9.60288709991514	3406.427557121584	603.9485751874611	0	0	0	0	1.3482071278907672	7.399750596722977	0	120.79572067189596	273.06923560578406
3.2	4.7671321747275135	4.7671321747275135	4.7671321747275135	0.09109212816953825	37.490709839242065	16.334835361420723	9.60288709991514	3406.427557121585	603.9485751874612	0	0	0	0	1.3488051486555055	7.3997796892946885	0	121.12258157468197	273.1661167077531
3.3	4.7671321747275135	4.7671321747275135	4.7671321747275135	0.09109212816953825	37.49070983924232	16.334835361420776	9.60288709991514	3406.4275571215794	603.9485751874607	0	0	0	0	1.3492930548199777	7.399804120483009	0	121.39733483745343	273.24517329701
3.4	4.7671321747275135	4.7671321747275135	4.7671321747275135	0.09109212816953825	37.49070983924272	16.334835361420872	9.60288709991514	3406.4275571215708	603.9485751874598	0	0	0	0	1.3496880559902324	7.3998245396477875	0	121.62708811059015	273.30918743486956
3.5	4.7671321747275135	4.7671321747275135	4.7671321747275135	0.09109212816953825	37.49070983924288	16.334835361420904	9.602887099915138	3406.4275571215667	603.9485751874595	0	0	0	0	1.3500069965016854	7.399841624473824	0	121.81869949003315	273.3608760027734
3.6	4.7671321747275135	4.7671321747275135	4.7671321747275135	0.09109212816953825	37.49070983924259	16.33483536142084	9.602887099915138	3406.427557121574	603.9485751874602	0	0	0	0	1.3502665630819166	7.399856011752687	0	121.9789974450635	273.40293677864406
3.7	4.7671321747275135	4.7671321747275135	4.7671321747275135	0.09109212816953825	37.49070983924457	16.334835361421295	9.602887099915138	3406.427557121529	603.9485751874558	0	0	0	0	1.350478285808688	7.39986768676108	0	122.11337232105565	273.4373189177407
3.8	4.7671321747275135	4.7671321747275135	4.7671321747275135	0.09109212816953825	37.4907098392478	16.334835361422027	9.602887099915138	3406.4275571214553	603.948575187449	0	0	0	0	1.3506494911842502	7.399877144173288	0	122.22533155041762	273.4651739811633
3.9	4.7671321747275135	4.7671321747275135	4.7671321747275135	0.09109212816953825	37.49070983924966	16.33483536142245	9.602887099915138	3406.4275571214125	603.9485751874452	0	0	0	0	1.350787716891381	7.399885147465464	0	122.31827610916933	273.48764059607515
4	4.7671321747275135	4.7671321747275135	4.7671321747275135	0.09109212816953825	37.49070983924756	16.334835361421973	9.60288709991514	3406.4275571214603	603.9485751874495	0	0	0	0	1.350900500612858	7.399892460113767	0	122.39560697333069	273.50585738963974
4.1	4.7671321747275135	4.7671321747275135	4.7671321747275135	0.09109212816953825	37.49070983924921	16.334835361422346	9.602887099915138	3406.4275571214234	603.9485751874462	0	0	0	0	1.3509920776196673	7.399898029951689	0	122.46033123898627	273.52079150191275
4.2	4.7671321747275135	4.7671321747275135	4.7671321747275135	0.09109212816953827	37.490709839259786	16.334835361424737	9.602887099915138	3406.4275571211833	603.9485751874239	0	0	0	0	1.3510644338687776	7.399901098735267	0	122.51421263818045	273.53293406292676
4.3	4.7671321747275135	4.7671321747275135	4.7671321747275135	0.09109212816953828	37.490709839266714	16.334835361426308	9.602887099915138	3406.4275571210264	603.9485751874093	0	0	0	0	1.3511233339265283	7.399903943694524	0	122.55885525180942	273.5427475820387
4.4	4.7671321747275135	4.7671321747275135	4.7671321747275135	0.09109212816953827	37.49070983925792	16.334835361424318	9.602887099915138	3406.427557121226	603.9485751874277	0	0	0	0	1.3511744138994992	7.39990875721347	0	122.59586639050988	273.55069563653797
4.5	4.7671321747275135	4.7671321747275135	4.7671321747275135	0.09109212816953828	37.490709839272476	16.334835361427544	9.602887099915137	3406.4275571208955	603.9485751873978	0	0	0	0	1.3512104246402274	7.3999092970148945	0	122.62684968341867	273.55722412730137
4.6	4.7671321747275135	4.7671321747275135	4.7671321747275135	0.09109212816953836	37.49070983930939	16.334835361435793	9.602887099915135	3406.4275571200574	603.9485751873214	0	0	0	0	1.3512333729598627	7.399905711295869	0	122.65267334475551	273.56255805969033
4.7	4.7671321747275135	4.7671321747275135	4.7671321747275135	0.09109212816953838	37.490709839325596	16.334835361439424	9.602887099915135	3406.42755711969	603.9485751872877	0	0	0	0	1.351255565479594	7.399905011619321	0	122.67393887708099	273.566851224025
4.8	4.7671321747275135	4.7671321747275135	4.7671321747275135	0.09109212816953832	37.49070983928576	16.33483536143052	9.602887099915137	3406.4275571205935	603.94857518737	0	0	0	0	1.3512872684211268	7.399912973019587	0	122.69128486000375	273.570266531223
4.9	4.7671321747275135	4.7671321747275135	4.7671321747275135	0.0910921281695383	37.4907098392652	16.33483536142589	9.602887099915138	3406.42755712106	603.9485751874132	0	0	0	0	1.3513097074624032	7.399917666894318	0	122.70576763135958	273.5730673530816
5	4.767132174727513	4.767132174727513	4.767132174727513	0.09109212816953828	37.490709839259765	16.334835361424656	9.60288709991514	3406.4275571211833	603.9485751874246	0	0	0	0	1.3513251248213765	7.399919667293403	0	122.71781535630487	273.5753573772366
5.1	4.7671321747275135	4.7671321747275135	4.7671321747275135	0.09109212816953827	37.490709839249305	16.334835361422332	9.60288709991514	3406.4275571214203	603.9485751874461	0	0	0	0	1.351339475068027	7.399922213159964	0	122.72776130068995	273.57721294934925
5.2	4.7671321747275135	4.7671321747275135	4.7671321747275135	0.09109212816953824	37.49070983924756	16.334835361421934	9.602887099915142	3406.42755712146	603.9485751874498	0	0	0	0	1.3513492362392128	7.3999232516950295	0	122.736030949085	273.5787296324741
5.3	4.7671321747275135	4.7671321747275135	4.7671321747275135	0.09109212816953824	37.490709839244666	16.3348353614213	9.602887099915142	3406.4275571215258	603.9485751874557	0	0	0	0	1.3513576714914526	7.39992431692211	0	122.74286194110005	273.57996065035644
5.4	4.7671321747275135	4.7671321747275135	4.7671321747275135	0.09109212816953824	37.49070983924356	16.334835361421053	9.60288709991514	3406.4275571215508	603.948575187458	0	0	0	0	1.3513641678065753	7.399925006305114	0	122.74852266773297	273.5809638415591
5.5	4.7671321747275135	4.7671321747275135	4.7671321747275135	0.09109212816953824	37.49070983924307	16.33483536142095	9.60288709991514	3406.4275571215617	603.948575187459	0	0	0	0	1.3513693292498727	7.399925504721391	0	122.75320066205332	273.58177902652244
5.6	4.7671321747275135	4.7671321747275135	4.7671321747275135	0.09109212816953823	37.490709839242434	16.334835361420808	9.60288709991514	3406.4275571215762	603.9485751874603	0	0	0	0	1.3513736106455385	7.399925950299061	0	122.75706957311347	273.58244253526067
5.7	4.7671321747275135	4.7671321747275135	4.7671321747275135	0.09109212816953821	37.49070983924234	16.33483536142079	9.60288709991514	3406.4275571215785	603.9485751874605	0	0	0	0	1.351376960019748	7.399926255901083	0	122.76026592759392	273.58298195706027
5.8	4.7671321747275135	4.7671321747275135	4.7671321747275135	0.09109212816953824	37.49070983924212	16.334835361420737	9.60288709991514	3406.427557121583	603.948575187461	0	0	0	0	1.3513797309300344	7.399926526637866	0	122.76290599211926	273.58342068042066
5.9	4.7671321747275135	4.7671321747275135	4.7671321747275135	0.09109212816953824	37.49070983924207	16.334835361420737	9.60288709991514	3406.4275571215853	603.9485751874611	0	0	0	0	1.351381947802947	7.399926733591791	0	122.76508698359045	273.5837776873295
6	4.7671321747275135	4.7671321747275135	4.7671321747275135	0.09109212816953824	37.49070983924203	16.334835361420726	9.60288709991514	3406.427557121586	603.948575187461	0	0	0	0	1.3513837477202517	7.3999269029745625	0	122.76688591758872	273.5840677645854
6.1	4.7671321747275135	4.7671321747275135	4.7671321747275135	0.09109212816953825	37.49070983924198	16.334835361420712	9.60288709991514	3406.427557121587	603.9485751874614	0	0	0	0	1.3513852143890406	7.399927043082643	0	122.76837204425624	273.5843040334033
6.2	4.7671321747275135	4.7671321747275135	4.7671321747275135	0.09109212816953825	37.490709839241966	16.334835361420712	9.60288709991514	3406.4275571215867	603.9485751874612	0	0	0	0	1.3513863980389338	7.3999271552829	0	122.76959687186665	273.5844959703225
6.3	4.7671321747275135	4.7671321747275135	4.7671321747275135	0.09109212816953825	37.49070983924273	16.334835361420897	9.602887099915138	3406.4275571215694	603.9485751874595	0	0	0	0	1.351386903952157	7.399927076606041	0	122.77062139092911	273.58465425966244
6.4	4.7671321747275135	4.7671321747275135	4.7671321747275135	0.09109212816953828	37.49070983924595	16.334835361421707	9.60288709991514	3406.427557121497	603.948575187452	0	0	0	0	1.3513857694911984	7.39992643631562	0	122.77150776053007	273.5847890556286
6.5	4.7671321747275135	4.7671321747275135	4.7671321747275135	0.09109212816953831	37.49070983925075	16.33483536142291	9.602887099915138	3406.4275571213884	603.948575187441	0	0	0	0	1.3513835352861	7.399925429152771	0	122.77226490897625	273.5849022523426
6.6	4.7671321747275135	4.7671321747275135	4.7671321747275135	0.09109212816953835	37.49070983925613	16.33483536142426	9.602887099915138	3406.427557121267	603.9485751874283	0	0	0	0	1.351380826195885	7.399924281420559	0	122.77289917644678	273.58499535712815
6.7	4.7671321747275135	4.7671321747275135	4.7671321747275135	0.09109212816953838	37.49070983926106	16.3348353614255	9.602887099915138	3406.427557121155	603.9485751874167	0	0	0	0	1.351378267079577	7.399923219422049	0	122.77341690312083	273.5850698773089
6.8	4.7671321747275135	4.7671321747275135	4.7671321747275135	0.09109212816953839	37.49070983926457	16.334835361426382	9.602887099915137	3406.427557121076	603.9485751874084	0	0	0	0	1.351376482796199	7.3999224694603045	0	122.77382442917758	273.5851273202085
6.9	4.7671321747275135	4.7671321747275135	4.7671321747275135	0.0910921281695384	37.49070983926562	16.33483536142665	9.602887099915135	3406.427557121053	603.948575187406	0	0	0	0	1.3513760982047744	7.399922257838389	0	122.7741280947962	273.5851691931508
7	4.7671321747275135	4.7671321747275135	4.7671321747275135	0.09109212816953838	37.490709839263225	16.33483536142605	9.602887099915137	3406.4275571211065	603.9485751874116	0	0	0	0	1.3513777381643268	7.399922810859365	0	122.77433424015581	273.5851970034594
7.1	4.7671321747275135	4.7671321747275135	4.7671321747275135	0.09109212816953835	37.490709839256375	16.33483536142433	9.602887099915138	3406.427557121262	603.9485751874275	0	0	0	0	1.3513820275338793	7.399924354826298	0	122.77444920543559	273.5852122584579
7.2	4.7671321747275135	4.7671321747275135	4.7671321747275135	0.09109212816953828	37.49070983924763	16.334835361422126	9.602887099915138	3406.42755712146	603.9485751874479	0	0	0	0	1.3513874293138073	7.39992632590937	0	122.77452011753593	273.585222107214
7.3	4.7671321747275135	4.7671321747275135	4.7671321747275135	0.09109212816953827	37.49070983924534	16.33483536142154	9.60288709991514	3406.4275571215117	603.9485751874533	0	0	0	0	1.351388913073629	7.399926868107311	0	122.77464692667522	273.5852403533965
7.4	4.767132174727513	4.767132174727513	4.767132174727513	0.09109212816953825	37.490709839243635	16.33483536142111	9.60288709991514	3406.42755712155	603.9485751874573	0	0	0	0	1.3513900499265528	7.399927256567813	0	122.77475322088267	273.5852556862631
7.5	4.7671321747275135	4.7671321747275135	4.7671321747275135	0.09109212816953824	37.49070983924278	16.334835361420907	9.60288709991514	3406.427557121569	603.9485751874593	0	0	0	0	1.35139065336947	7.39992745519341	0	122.77484831207657	273.58526926883087
7.6	4.7671321747275135	4.7671321747275135	4.7671321747275135	0.09109212816953825	37.49070983924246	16.334835361420826	9.60288709991514	3406.4275571215767	603.9485751874599	0	0	0	0	1.3513909201784788	7.3999275333113115	0	122.77493169870603	273.5852810860556
7.7	4.7671321747275135	4.7671321747275135	4.7671321747275135	0.09109212816953824	37.490709839242164	16.334835361420755	9.60288709991514	3406.4275571215835	603.9485751874607	0	0	0	0	1.3513911652531863	7.399927604435016	0	122.77499984126943	273.5852906466483
7.8	4.767132174727513	4.767132174727513	4.767132174727513	0.09109212816953825	37.49070983924209	16.33483536142074	9.60288709991514	3406.427557121585	603.9485751874608	0	0	0	0	1.3513912564198558	7.399927624808416	0	122.7750583576624	273.58529876763794
7.9	4.767132174727514	4.767132174727514	4.767132174727514	0.09109212816953825	37.49070983924201	16.33483536142072	9.60288709991514	3406.4275571215862	603.9485751874612	0	0	0	0	1.3513913513480253	7.399927647541772	0	122.7751060960205	273.58530532669187
8	4.7671321747275135	4.7671321747275135	4.7671321747275135	0.09109212816953824	37.49070983924199	16.334835361420712	9.60288709991514	3406.427557121587	603.9485751874611	0	0	0	0	1.351391398337689	7.399927655959381	0	122.7751460584888	273.5853107572541
8.1	4.7671321747275135	4.7671321747275135	4.7671321747275135	0.09109212816953824	37.49070983924198	16.334835361420712	9.60288709991514	3406.4275571215876	603.9485751874613	0	0	0	0	1.3513914377712062	7.399927662998091	0	122.77517891190111	273.5853151760653
8.2	4.7671321747275135	4.7671321747275135	4.7671321747275135	0.09109212816953824	37.49070983924195	16.33483536142071	9.60288709991514	3406.4275571215876	603.9485751874613	0	0	0	0	1.3513914651218433	7.399927667186915	0	122.77520605976244	273.5853187897502
8.3	4.767132174727514	4.767132174727514	4.767132174727514	0.09109212816953825	37.49070983924195	16.334835361420705	9.60288709991514	3406.4275571215876	603.9485751874613	0	0	0	0	1.351391485592632	7.399927669999045	0	122.77522841214846	273.58532173466244
8.4	4.7671321747275135	4.7671321747275135	4.7671321747275135	0.09109212816953824	37.49070983924195	16.3348353614207	9.60288709991514	3406.4275571215876	603.9485751874613	0	0	0	0	1.35139150221488	7.399927672274299	0	122.77524681409191	273.58532413542474
8.5	4.7671321747275135	4.7671321747275135	4.7671321747275135	0.09109212816953824	37.49070983924195	16.3348353614207	9.60288709991514	3406.4275571215876	603.9485751874613	0	0	0	0	1.3513915146916105	7.399927673804598	0	122.77526195315694	273.58532609086456
8.6	4.767132174727513	4.767132174727513	4.767132174727513	0.09109212816953269	37.49070983924642	16.334835361425274	9.60288709991529	3406.4275571214903	603.9485751874186	0	0	0	0	1.3513909589951805	7.399927507027509	0	122.77528705908404	273.58532921327674
8.7	4.7671321747275135	4.7671321747275135	4.7671321747275135	0.09109212816951306	37.49070983926221	16.33483536144144	9.602887099915813	3406.4275571211465	603.9485751872672	0	0	0	0	1.3513889688592218	7.399926914621771	0	122.7753418694676	273.5853358947215
8.8	4.7671321747275135	4.7671321747275135	4.7671321747275135	0.09109212816948267	37.49070983928663	16.334835361466453	9.602887099916623	3406.4275571206153	603.9485751870334	0	0	0	0	1.3513858830338554	7.399925997095518	0	122.77541906046888	273.58534525369197
8.9	4.767132174727513	4.767132174727513	4.767132174727513	0.09109212816944515	37.490709839316786	16.33483536149736	9.602887099917622	3406.4275571199587	603.9485751867442	0	0	0	0	1.3513820673307577	7.3999248629928704	0	122.7755107025396	273.58535633546416
9	4.7671321747275135	4.7671321747275135	4.7671321747275135	0.09109212816940404	37.4907098393498	16.334835361531216	9.602887099918721	3406.42755711924	603.9485751864275	0	0	0	0	1.3513778875616056	7.399923620857954	0	122.77560886613159	273.5853681853139
9.1	4.767132174727514	4.767132174727514	4.767132174727514	0.09109212816936296	37.49070983938276	16.33483536156505	9.602887099919817	3406.4275571185235	603.9485751861109	0	0	0	0	1.3513737095380758	7.39992237923489	0	122.7757056216965	273.585379848517
9.2	4.7671321747275135	4.7671321747275135	4.7671321747275135	0.09109212816932546	37.49070983941279	16.33483536159592	9.60288709992082	3406.4275571178696	603.9485751858222	0	0	0	0	1.3513698990718448	7.399921246667801	0	122.7757930396861	273.58539037034916
9.3	4.7671321747275135	4.7671321747275135	4.7671321747275135	0.09109212816929516	37.49070983943699	16.334835361620865	9.602887099921626	3406.427557117343	603.9485751855889	0	0	0	0	1.3513668219745891	7.399920331700808	0	122.77586319055219	273.5853987960864
9.4	4.7671321747275135	4.7671321747275135	4.7671321747275135	0.09109212816927564	37.49070983945247	16.334835361636937	9.602887099922146	3406.4275571170065	603.9485751854386	0	0	0	0	1.3513648440579855	7.399919742878036	0	122.77590814474641	273.5854041710046
9.5	4.7671321747275135	4.7671321747275135	4.7671321747275135	0.0910921281692705	37.490709839456336	16.334835361641176	9.602887099922285	3406.427557116923	603.9485751853989	0	0	0	0	1.3513643311337113	7.399919588743608	0	122.77591997272057	273.5854055403794
9.6	4.7671321747275135	4.7671321747275135	4.7671321747275135	0.09109212816928333	37.49070983944569	16.334835361630624	9.602887099921942	3406.4275571171547	603.9485751854977	0	0	0	0	1.3513656490134425	7.399919977841646	0	122.77589074492637	273.5854019494868
9.7	4.7671321747275135	4.7671321747275135	4.7671321747275135	0.0910921281693177	37.490709839417654	16.33483536160233	9.602887099921025	3406.427557117765	603.9485751857623	0	0	0	0	1.351369163508856	7.39992101871627	0	122.7758125318156	273.5853924436026
9.8	4.7671321747275135	4.7671321747275135	4.7671321747275135	0.09109212816937719	37.49070983936932	16.334835361553345	9.602887099919439	3406.427557118818	603.9485751862208	0	0	0	0	1.3513752404316282	7.399922819911607	0	122.77567740383996	273.5853760680027
9.9	4.7671321747275135	4.7671321747275135	4.7671321747275135	0.09109212816946259	37.490709839300244	16.334835361483023	9.602887099917162	3406.4275571203216	603.9485751868787	0	0	0	0	1.3513839521247137	7.399925404019409	0	122.77548401638522	273.58535265753295
10	4.7671321747275135	4.7671321747275135	4.7671321747275135	0.09109212816950124	37.49070983927241	16.33483536145119	9.60288709991613	3406.4275571209246	603.9485751871764	0	0	0	0	1.3513877557867155	7.399926556124296	0	122.77540156757117	273.5853425464264
10.1	4.7671321747275135	4.7671321747275135	4.7671321747275135	0.09109212816950908	37.49070983926836	16.33483536144472	9.60288709991592	3406.42755712101	603.9485751872371	0	0	0	0	1.351388465397641	7.3999267823593335	0	122.77538841530273	273.58534092467943
10.2	4.7671321747275135	4.7671321747275135	4.7671321747275135	0.09109212816952611	37.490709839252986	16.334835361430706	9.602887099915465	3406.4275571213466	603.948575187368	0	0	0	0	1.3513902695138003	7.399927305716627	0	122.7753499987359	273.58533645557884
10.3	4.7671321747275135	4.7671321747275135	4.7671321747275135	0.0910921281695296	37.49070983925072	16.33483536142783	9.602887099915375	3406.4275571213952	603.9485751873948	0	0	0	0	1.3513906037846788	7.399927408322084	0	122.77534440204563	273.5853358204736
10.4	4.7671321747275135	4.7671321747275135	4.7671321747275135	0.0910921281695336	37.49070983924672	16.334835361424524	9.602887099915266	3406.427557121483	603.9485751874257	0	0	0	0	1.351391046433843	7.39992753406401	0	122.77533600308432	273.5853349115395
10.5	4.7671321747275135	4.7671321747275135	4.7671321747275135	0.09109212816953581	37.490709839244616	16.334835361422726	9.602887099915208	3406.4275571215294	603.9485751874424	0	0	0	0	1.3513912836695963	7.39992760200485	0	122.77533196928034	273.5853344912217
10.6	4.7671321747275135	4.7671321747275135	4.7671321747275135	0.09109212816953641	37.49070983924411	16.334835361422247	9.602887099915192	3406.4275571215408	603.948575187447	0	0	0	0	1.3513913455016888	7.399927619904795	0	122.77533166741159	273.5853344960382
10.7	4.7671321747275135	4.7671321747275135	4.7671321747275135	0.09109212816953748	37.490709839242854	16.334835361421337	9.602887099915163	3406.4275571215685	603.9485751874554	0	0	0	0	1.3513914740288049	7.3999276551738244	0	122.7753296642734	273.5853343079889
10.8	4.7671321747275135	4.7671321747275135	4.7671321747275135	0.09109212816953767	37.49070983924268	16.334835361421177	9.602887099915158	3406.4275571215717	603.948575187457	0	0	0	0	1.351391494666408	7.3999276610850035	0	122.77532994323374	273.58533436636856
10.9	4.7671321747275135	4.7671321747275135	4.7671321747275135	0.09109212816953795	37.49070983924232	16.334835361420936	9.60288709991515	3406.4275571215803	603.9485751874593	0	0	0	0	1.3513915310843028	7.399927670816096	0	122.7753297334319	273.585334368193
11	4.7671321747275135	4.7671321747275135	4.7671321747275135	0.09109212816953809	37.490709839242164	16.33483536142083	9.602887099915149	3406.4275571215835	603.94857518746	0	0	0	0	1.351391545917546	7.399927674808168	0	122.77532990453602	273.58533440617305
11.1	4.7671321747275135	4.7671321747275135	4.7671321747275135	0.09109212816953814	37.49070983924211	16.334835361420794	9.602887099915147	3406.4275571215844	603.9485751874604	0	0	0	0	1.3513915518805981	7.399927676367177	0	122.77533018664238	273.5853344526759
11.2	4.7671321747275135	4.7671321747275135	4.7671321747275135	0.09109212816953821	37.49070983924203	16.334835361420737	9.602887099915145	3406.4275571215867	603.9485751874608	0	0	0	0	1.351391560721212	7.399927678650923	0	122.7753303303554	273.5853344811716
11.3	4.7671321747275135	4.7671321747275135	4.7671321747275135	0.09109212816953823	37.490709839242015	16.33483536142073	9.602887099915144	3406.4275571215867	603.9485751874611	0	0	0	0	1.351391562206882	7.399927679023495	0	122.77533057965404	273.58533451810473
11.4	4.7671321747275135	4.7671321747275135	4.7671321747275135	0.09109212816953646	37.49070983924602	16.334835361422048	9.60288709991519	3406.4275571214957	603.9485751874487	0	0	0	0	1.3513912978126321	7.3999276133629435	0	122.77533680444274	273.5853351600499
11.5	4.7671321747275135	4.7671321747275135	4.7671321747275135	0.09109212816952496	37.490709839272526	16.334835361430805	9.602887099915497	3406.427557120897	603.948575187367	0	0	0	0	1.3513895462318477	7.399927178360728	0	122.77537668933265	273.585339221751
11.6	4.767132174727513	4.767132174727513	4.767132174727513	0.0910921281695057	37.490709839316835	16.334835361445446	9.602887099916009	3406.4275571198955	603.9485751872307	0	0	0	0	1.3513866179366816	7.3999264510772	0	122.77544320370153	273.5853459892085
11.7	4.7671321747275135	4.7671321747275135	4.7671321747275135	0.0910921281694823	37.49070983937073	16.334835361463252	9.602887099916632	3406.427557118677	603.9485751870649	0	0	0	0	1.3513830555899309	7.399925566237268	0	122.77552405505327	273.5853542135131
11.8	4.7671321747275135	4.7671321747275135	4.7671321747275135	0.09109212816945826	37.490709839426	16.33483536148153	9.602887099917274	3406.427557117428	603.9485751868947	0	0	0	0	1.3513794018543923	7.399924658565853	0	122.77560695089173	273.5853626457554
11.9	4.7671321747275135	4.7671321747275135	4.7671321747275135	0.09109212816943718	37.49070983947445	16.334835361497554	9.602887099917835	3406.427557116333	603.9485751867453	0	0	0	0	1.3513761993928628	7.399923862787865	0	122.77567959872073	273.58537003702605
12	4.7671321747275135	4.7671321747275135	4.7671321747275135	0.09109212816942261	37.49070983950784	16.334835361508617	9.602887099918224	3406.427557115578	603.9485751866422	0	0	0	0	1.3513739908681386	7.399923313628222	0	122.77572970604416	273.58537513841554
12.1	4.7671321747275135	4.7671321747275135	4.7671321747275135	0.09109212816941815	37.49070983951798	16.33483536151201	9.602887099918341	3406.4275571153494	603.9485751866107	0	0	0	0	1.3513733189430173	7.399923145811838	0	122.77574498036587	273.58537670101447
12.2	4.7671321747275135	4.7671321747275135	4.7671321747275135	0.09109212816942731	37.49070983949666	16.33483536150502	9.602887099918098	3406.427557115832	603.9485751866757	0	0	0	0	1.3513747262802955	7.399923494063629	0	122.77571312918973	273.5853734759136
12.3	4.7671321747275135	4.7671321747275135	4.7671321747275135	0.09109212816945368	37.49070983943566	16.334835361484938	9.602887099917393	3406.4275571172107	603.948575186863	0	0	0	0	1.3513787555427699	7.399924493108509	0	122.77562186001957	273.5853642142034
12.4	4.767132174727513	4.767132174727513	4.767132174727513	0.09109212816949866	37.49070983933182	16.3348353614507	9.602887099916193	3406.4275571195576	603.9485751871817	0	0	0	0	1.351385615798732	7.399926195305071	0	122.77546644003962	273.58534843086807
12.5	4.7671321747275135	4.7671321747275135	4.7671321747275135	0.09109212816952136	37.49070983928059	16.334835361433523	9.602887099915588	3406.427557120715	603.9485751873418	0	0	0	0	1.3513890119378675	7.3999270444485585	0	122.77538952392167	273.58534055909325
12.6	4.7671321747275135	4.7671321747275135	4.7671321747275135	0.09109212816952912	37.49070983926327	16.334835361427682	9.602887099915382	3406.427557121106	603.9485751873963	0	0	0	0	1.3513901614262878	7.399927332557504	0	122.77536350765354	273.5853378905866
12.7	4.7671321747275135	4.7671321747275135	4.7671321747275135	0.09109212816953463	37.49070983925041	16.33483536142347	9.602887099915236	3406.4275571213966	603.9485751874355	0	0	0	0	1.3513910106179574	7.399927542597759	0	122.77534428660043	273.5853359457383
12.8	4.7671321747275135	4.7671321747275135	4.7671321747275135	0.09109212816953616	37.49070983924692	16.334835361422293	9.602887099915193	3406.4275571214753	603.9485751874465	0	0	0	0	1.3513912421650163	7.39992760047123	0	122.77533905915799	273.58533541161444
12.9	4.7671321747275135	4.7671321747275135	4.7671321747275135	0.09109212816953745	37.49070983924385	16.334835361421312	9.60288709991516	3406.4275571215453	603.9485751874556	0	0	0	0	1.3513914440620143	7.399927649941872	0	122.77533449888638	273.58533495501365
13	4.7671321747275135	4.7671321747275135	4.7671321747275135	0.09109212816953781	37.49070983924304	16.334835361421046	9.60288709991515	3406.4275571215635	603.9485751874581	0	0	0	0	1.3513914969037681	7.39992766305802	0	122.77533331433844	273.58533483515686
13.1	4.7671321747275135	4.7671321747275135	4.7671321747275135	0.09109212816953809	37.49070983924238	16.33483536142084	9.602887099915145	3406.4275571215785	603.94857518746	0	0	0	0	1.351391540131989	7.399927673574519	0	122.77533234511135	273.58533473908955
13.2	4.7671321747275135	4.7671321747275135	4.7671321747275135	0.09109212816953816	37.490709839242186	16.334835361420783	9.602887099915142	3406.4275571215826	603.9485751874606	0	0	0	0	1.3513915531961067	7.39992767678479	0	122.7753320577362	273.58533471050396
13.3	4.7671321747275135	4.7671321747275135	4.7671321747275135	0.0910921281695382	37.49070983924205	16.334835361420737	9.602887099915142	3406.427557121586	603.9485751874611	0	0	0	0	1.351391561898054	7.39992767888934	0	122.77533186773402	273.5853346919534
13.4	4.7671321747275135	4.7671321747275135	4.7671321747275135	0.09109212816953821	37.490709839241994	16.334835361420723	9.60288709991514	3406.427557121587	603.9485751874613	0	0	0	0	1.3513915652316222	7.3999276796991404	0	122.77533179813845	273.58533468522756
13.5	4.7671321747275135	4.7671321747275135	4.7671321747275135	0.09109212816953824	37.49070983924197	16.334835361420712	9.60288709991514	3406.427557121587	603.9485751874613	0	0	0	0	1.3513915669244596	7.399927680107344	0	122.7753317646516	273.58533468207935
13.6	4.7671321747275135	4.7671321747275135	4.7671321747275135	0.09109212816953825	37.49070983924196	16.334835361420705	9.60288709991514	3406.4275571215876	603.9485751874614	0	0	0	0	1.351391567777139	7.39992768031284	0	122.77533174935706	273.58533468069743
13.7	4.7671321747275135	4.7671321747275135	4.7671321747275135	0.09109212816953842	37.49070983924178	16.33483536142083	9.602887099915137	3406.4275571215917	603.9485751874603	0	0	0	0	1.3513915536650203	7.399927677080061	0	122.77533207281336	273.58533471108166
13.8	4.767132174727514	4.767132174727514	4.767132174727514	0.09109212816954934	37.490709839230185	16.33483536142879	9.602887099914843	3406.427557121871	603.9485751873857	0	0	0	0	1.3513906181464552	7.399927462562279	0	122.77535329827643	273.585336699758
13.9	4.767132174727514	4.767132174727514	4.767132174727514	0.09109212816957483	37.490709839203056	16.334835361447414	9.602887099914165	3406.427557122522	603.9485751872114	0	0	0	0	1.3513884307766286	7.39992696097869	0	122.77540292212923	273.58534134914584
14	4.767132174727513	4.767132174727513	4.767132174727513	0.09109212816961153	37.49070983916404	16.334835361474195	9.602887099913186	3406.427557123459	603.9485751869605	0	0	0	0	1.351385285099896	7.399926239630171	0	122.77547428519252	273.5853480354492
14.1	4.7671321747275135	4.7671321747275135	4.7671321747275135	0.09109212816965596	37.490709839116754	16.33483536150664	9.602887099911998	3406.4275571245944	603.9485751866566	0	0	0	0	1.3513814746606128	7.399925365817599	0	122.77556072828708	273.58535613487186
14.2	4.7671321747275135	4.7671321747275135	4.7671321747275135	0.09109212816970474	37.49070983906484	16.334835361542257	9.602887099910697	3406.4275571258413	603.9485751863233	0	0	0	0	1.3513772930031347	7.399924406841851	0	122.77565559223365	273.5853650236176
14.3	4.7671321747275135	4.7671321747275135	4.7671321747275135	0.09109212816975443	37.49070983901192	16.334835361578534	9.602887099909372	3406.427557127112	603.9485751859836	0	0	0	0	1.351373033671817	7.39992343000381	0	122.77575221785307	273.58537407789044
14.4	4.7671321747275135	4.7671321747275135	4.7671321747275135	0.09109212816980161	37.49070983896163	16.334835361612985	9.602887099908113	3406.427557128319	603.948575185661	0	0	0	0	1.3513689902110155	7.399922502604348	0	122.77584394596602	273.58538267389423
14.5	4.7671321747275135	4.7671321747275135	4.7671321747275135	0.09109212816984287	37.490709838917596	16.334835361643112	9.60288709990701	3406.4275571293765	603.9485751853789	0	0	0	0	1.3513654561650859	7.399921691944345	0	122.77592411739333	273.5853901878328
14.6	4.7671321747275135	4.7671321747275135	4.7671321747275135	0.09109212816987478	37.49070983888345	16.334835361666407	9.602887099906159	3406.4275571301964	603.9485751851607	0	0	0	0	1.3513627250783833	7.39992106532468	0	122.77598607295575	273.58539599590995
14.7	4.7671321747275135	4.7671321747275135	4.7671321747275135	0.0910921281698939	37.49070983886283	16.334835361680383	9.602887099905649	3406.427557130692	603.9485751850298	0	0	0	0	1.3513610904952635	7.399920690046231	0	122.77602315347406	273.5853994743297
14.8	4.7671321747275135	4.7671321747275135	4.7671321747275135	0.09109212816989685	37.49070983885935	16.334835361682536	9.602887099905569	3406.427557130775	603.9485751850096	0	0	0	0	1.3513608459600823	7.399920633409873	0	122.77602869976901	273.5853999992958
14.9	4.7671321747275135	4.7671321747275135	4.7671321747275135	0.09109212816988019	37.49070983887666	16.334835361670375	9.602887099906015	3406.4275571303588	603.9485751851234	0	0	0	0	1.351362285017195	7.399920962716489	0	122.7759960526614	273.5853969470122
15	4.7671321747275135	4.7671321747275135	4.7671321747275135	0.09109212816984048	37.49070983891837	16.334835361641396	9.602887099907072	3406.4275571293565	603.9485751853947	0	0	0	0	1.3513657012109572	7.399921745266951	0	122.77591855297197	273.58538969368277
15.1	4.7671321747275135	4.7671321747275135	4.7671321747275135	0.09109212816977434	37.49070983898813	16.334835361593104	9.602887099908838	3406.4275571276808	603.948575185847	0	0	0	0	1.3513713880857245	7.39992304836214	0	122.77578954152155	273.58537761551133
15.2	4.7671321747275135	4.7671321747275135	4.7671321747275135	0.09109212816967831	37.49070983908956	16.334835361523	9.6028870999114	3406.4275571252438	603.9485751865031	0	0	0	0	1.3513796391858521	7.399924939302935	0	122.77560235913083	273.5853600887018
15.3	4.7671321747275135	4.7671321747275135	4.7671321747275135	0.09109212816959994	37.4907098391763	16.33483536146576	9.602887099913492	3406.4275571231647	603.9485751870392	0	0	0	0	1.3513862768526743	7.399926466980581	0	122.77545178800287	273.58534592842614
15.4	4.7671321747275135	4.7671321747275135	4.7671321747275135	0.09109212816959904	37.490709839185804	16.33483536146503	9.602887099913518	3406.427557122944	603.9485751870462	0	0	0	0	1.3513861484432999	7.399926451584876	0	122.77545472130024	273.5853460700758
15.5	4.7671321747275135	4.7671321747275135	4.7671321747275135	0.09109212816958283	37.4907098392017	16.33483536145319	9.60288709991395	3406.427557122561	603.9485751871572	0	0	0	0	1.351387572817433	7.39992677598414	0	122.7754224065966	273.5853430635556
15.6	4.767132174727513	4.767132174727513	4.767132174727513	0.09109212816956215	37.49070983922221	16.334835361438124	9.6028870999145	3406.427557122067	603.9485751872982	0	0	0	0	1.351389378922302	7.399927187757998	0	122.77538143159595	273.5853392471464
15.7	4.7671321747275135	4.7671321747275135	4.7671321747275135	0.0910921281695641	37.49070983922355	16.33483536143953	9.602887099914453	3406.4275571220383	603.9485751872851	0	0	0	0	1.3513891285704236	7.3999271359586185	0	122.77538711931219	273.58533972686695
15.8	4.7671321747275135	4.7671321747275135	4.7671321747275135	0.09109212816955241	37.49070983923188	16.33483536143102	9.602887099914762	3406.427557121834	603.9485751873649	0	0	0	0	1.3513902315369726	7.399927382124828	0	122.77536208941471	273.58533744581916
15.9	4.7671321747275135	4.7671321747275135	4.7671321747275135	0.09109212816954822	37.49070983923612	16.334835361427995	9.602887099914874	3406.4275571217318	603.9485751873931	0	0	0	0	1.3513905926007754	7.399927464570505	0	122.77535389849855	273.5853366817344
16	4.7671321747275135	4.7671321747275135	4.7671321747275135	0.09109212816954856	37.490709839236686	16.334835361428258	9.602887099914867	3406.4275571217186	603.9485751873906	0	0	0	0	1.351390537066988	7.399927453418501	0	122.77535516085669	273.5853367850233
16.1	4.7671321747275135	4.7671321747275135	4.7671321747275135	0.09109212816954301	37.490709839239564	16.334835361424204	9.602887099915012	3406.4275571216467	603.9485751874284	0	0	0	0	1.3513910889811431	7.39992757499175	0	122.77534263402602	273.5853356586427
16.2	4.7671321747275135	4.7671321747275135	4.7671321747275135	0.09109212816954251	37.49070983924041	16.334835361423885	9.602887099915026	3406.4275571216267	603.9485751874315	0	0	0	0	1.3513911189539065	7.399927582458615	0	122.77534195525946	273.5853355894344
16.3	4.7671321747275135	4.7671321747275135	4.7671321747275135	0.09109212816954189	37.49070983924077	16.33483536142343	9.602887099915042	3406.4275571216176	603.9485751874357	0	0	0	0	1.3513911798181737	7.399927595921136	0	122.77534057411836	273.5853354647287
16.4	4.7671321747275135	4.7671321747275135	4.7671321747275135	0.09109212816953999	37.490709839241475	16.334835361422012	9.602887099915096	3406.4275571215994	603.948575187449	0	0	0	0	1.3513913794876673	7.399927639482672	0	122.77533604163571	273.58533506116265
16.5	4.7671321747275135	4.7671321747275135	4.7671321747275135	0.09109212816954007	37.49070983924168	16.33483536142208	9.602887099915094	3406.427557121595	603.9485751874483	0	0	0	0	1.3513913631372891	7.399927636256567	0	122.7753364133752	273.5853350910302
16.6	4.7671321747275135	4.7671321747275135	4.7671321747275135	0.09109212816953938	37.490709839241795	16.33483536142156	9.60288709991511	3406.427557121592	603.9485751874532	0	0	0	0	1.3513914402261016	7.39992765286881	0	122.77533466326238	273.58533493715595
16.7	4.7671321747275135	4.7671321747275135	4.7671321747275135	0.09109212816953896	37.49070983924193	16.334835361421227	9.602887099915124	3406.4275571215885	603.9485751874563	0	0	0	0	1.3513914870731796	7.399927663050825	0	122.77533359988271	273.58533484285016
16.8	4.7671321747275135	4.7671321747275135	4.7671321747275135	0.091092128169539	37.49070983924201	16.334835361421263	9.602887099915122	3406.4275571215862	603.948575187456	0	0	0	0	1.3513914787738532	7.3999276613649485	0	122.77533378857675	273.58533485847954
16.9	4.7671321747275135	4.7671321747275135	4.7671321747275135	0.09109212816954126	37.49070983924291	16.334835361422922	9.60288709991506	3406.4275571215685	603.9485751874404	0	0	0	0	1.3513911964588528	7.399927602068728	0	122.77534020046907	273.5853354076268
17	4.7671321747275135	4.7671321747275135	4.7671321747275135	0.09109212816955874	37.49070983924912	16.334835361435736	9.602887099914595	3406.427557121445	603.9485751873209	0	0	0	0	1.3513890329868345	7.399927146797066	0	122.77538933490928	273.58533962397195
17.1	4.7671321747275135	4.7671321747275135	4.7671321747275135	0.09109212816958472	37.49070983925823	16.334835361454804	9.602887099913902	3406.427557121264	603.9485751871432	0	0	0	0	1.3513858170243556	7.399926469903477	0	122.77546237211581	273.58534589280583
17.2	4.7671321747275135	4.7671321747275135	4.7671321747275135	0.09109212816960928	37.490709839266735	16.334835361472823	9.602887099913245	3406.4275571210956	603.9485751869751	0	0	0	0	1.3513827798036018	7.399925830509606	0	122.77553134976354	273.58535181435985
17.3	4.7671321747275135	4.7671321747275135	4.7671321747275135	0.0910921281696225	37.49070983927111	16.334835361482504	9.602887099912895	3406.427557121009	603.9485751868848	0	0	0	0	1.3513811525567596	7.399925487737096	0	122.77556830552737	273.58535498886545
17.4	4.7671321747275135	4.7671321747275135	4.7671321747275135	0.09109212816961439	37.49070983926788	16.334835361476543	9.602887099913108	3406.427557121075	603.9485751869404	0	0	0	0	1.3513821665160155	7.399925700707595	0	122.77554527708223	273.585353016554
17.5	4.7671321747275135	4.7671321747275135	4.7671321747275135	0.09109212816957712	37.49070983925438	16.334835361449176	9.602887099914103	3406.4275571213448	603.9485751871956	0	0	0	0	1.3513867929153114	7.399926673968471	0	122.77544020707609	273.5853440030651
17.6	4.767132174727514	4.767132174727514	4.767132174727514	0.09109212816955957	37.490709839250556	16.334835361436404	9.602887099914572	3406.427557121414	603.9485751873148	0	0	0	0	1.351388894889195	7.399927118988218	0	122.77539247296299	273.58533988142284
17.7	4.7671321747275135	4.7671321747275135	4.7671321747275135	0.0910921281695583	37.490709839252006	16.334835361435562	9.602887099914605	3406.427557121379	603.9485751873225	0	0	0	0	1.3513889943981177	7.399927142047976	0	122.77539021584784	273.58533966767396
17.8	4.7671321747275135	4.7671321747275135	4.7671321747275135	0.09109212816954733	37.490709839246534	16.334835361427434	9.602887099914897	3406.427557121492	603.9485751873983	0	0	0	0	1.351390401834889	7.399927436481986	0	122.77535824943212	273.585336941043
17.9	4.7671321747275135	4.7671321747275135	4.7671321747275135	0.09109212816954525	37.49070983924638	16.334835361425935	9.602887099914954	3406.4275571214935	603.9485751874124	0	0	0	0	1.3513906429964173	7.3999274878896975	0	122.7753527733394	273.58533646487564
18	4.7671321747275135	4.7671321747275135	4.7671321747275135	0.09109212816954342	37.49070983924543	16.334835361424584	9.602887099915002	3406.4275571215135	603.948575187425	0	0	0	0	1.3513908777638597	7.399927536957455	0	122.77534744112874	273.5853360104719
18.1	4.7671321747275135	4.7671321747275135	4.7671321747275135	0.09109212816954074	37.490709839243735	16.334835361422556	9.602887099915074	3406.4275571215494	603.9485751874439	0	0	0	0	1.3513912354851232	7.399927611418409	0	122.77533931584377	273.585335320954
18.2	4.7671321747275135	4.7671321747275135	4.7671321747275135	0.0910921281695406	37.4907098392439	16.334835361422456	9.602887099915076	3406.4275571215453	603.9485751874449	0	0	0	0	1.3513912479286532	7.399927614273024	0	122.77533903352017	273.58533529449704
18.3	4.7671321747275135	4.7671321747275135	4.7671321747275135	0.09109212816953943	37.49070983924293	16.334835361421582	9.602887099915108	3406.427557121566	603.948575187453	0	0	0	0	1.3513914072308466	7.399927647177373	0	122.77533541485859	273.58533498981654
18.4	4.7671321747275135	4.7671321747275135	4.7671321747275135	0.09109212816953906	37.4907098392427	16.3348353614213	9.60288709991512	3406.427557121571	603.9485751874557	0	0	0	0	1.3513914576837356	7.399927657686659	0	122.77533426892285	273.5853348924939
18.5	4.7671321747275135	4.7671321747275135	4.7671321747275135	0.09109212816953895	37.49070983924264	16.334835361421224	9.602887099915124	3406.4275571215726	603.9485751874564	0	0	0	0	1.3513914713949786	7.39992766055007	0	122.77533395752847	273.585334865975
18.6	4.767132174727513	4.767132174727513	4.767132174727513	0.09109212816953854	37.490709839242264	16.334835361420932	9.602887099915135	3406.4275571215803	603.9485751874591	0	0	0	0	1.3513915257589506	7.3999276717156475	0	122.77533272257232	273.58533476259646
18.7	4.7671321747275135	4.7671321747275135	4.7671321747275135	0.09109212816953852	37.49070983924227	16.334835361420918	9.602887099915135	3406.4275571215803	603.9485751874593	0	0	0	0	1.3513915295376286	7.399927672522051	0	122.7753326368223	273.5853347551363
18.8	4.7671321747275135	4.7671321747275135	4.7671321747275135	0.09109212816953842	37.49070983924214	16.33483536142083	9.602887099915137	3406.4275571215835	603.94857518746	0	0	0	0	1.3513915456572496	7.399927675817552	0	122.77533227055785	273.58533472463216
18.9	4.7671321747275135	4.7671321747275135	4.7671321747275135	0.09109212816953832	37.49070983924207	16.33483536142078	9.602887099915138	3406.4275571215853	603.9485751874605	0	0	0	0	1.3513915550830446	7.3999276777475185	0	122.77533205638024	273.5853347067416
19	4.7671321747275135	4.7671321747275135	4.7671321747275135	0.09109212816953831	37.490709839242065	16.33483536142078	9.60288709991514	3406.4275571215853	603.9485751874606	0	0	0	0	1.351391555744584	7.399927677887256	0	122.7753320413491	273.5853347054246
19.1	4.7671321747275135	4.7671321747275135	4.7671321747275135	0.09109212816953995	37.49070983924709	16.334835361423348	9.602887099915096	3406.427557121474	603.9485751874366	0	0	0	0	1.351391062901445	7.399927578261542	0	122.7753432396756	273.5853356276909
19.2	4.7671321747275135	4.7671321747275135	4.7671321747275135	0.09109212816954741	37.49070983927007	16.33483536143515	9.602887099914897	3406.4275571209614	603.9485751873268	0	0	0	0	1.3513888001198782	7.399927120805808	0	122.77539465433196	273.585339862487
19.3	4.767132174727513	4.767132174727513	4.767132174727513	0.09109212816955868	37.490709839304834	16.33483536145301	9.602887099914595	3406.4275571201874	603.9485751871606	0	0	0	0	1.3513853772906106	7.399926428809296	0	122.77547242743937	273.5853462684892
19.4	4.7671321747275135	4.7671321747275135	4.7671321747275135	0.09109212816957135	37.49070983934377	16.334835361473033	9.602887099914257	3406.42755711932	603.9485751869743	0	0	0	0	1.3513815411149974	7.399925653220914	0	122.77555959252358	273.58535344832444
19.5	4.7671321747275135	4.7671321747275135	4.7671321747275135	0.09109212816958293	37.490709839379285	16.334835361491322	9.602887099913952	3406.42755711853	603.9485751868041	0	0	0	0	1.3513780382943936	7.399924944989568	0	122.77563918311046	273.5853600046191
19.6	4.7671321747275135	4.7671321747275135	4.7671321747275135	0.09109212816959093	37.49070983940379	16.33483536150398	9.602887099913735	3406.427557117984	603.9485751866863	0	0	0	0	1.3513756155301544	7.399924455064164	0	122.77569423272571	273.58536453999983
19.7	4.7671321747275135	4.7671321747275135	4.7671321747275135	0.09109212816959295	37.490709839409696	16.334835361507114	9.602887099913682	3406.4275571178528	603.9485751866572	0	0	0	0	1.351375019523634	7.399924334393609	0	122.77570777489514	273.58536565709323
19.8	4.7671321747275135	4.7671321747275135	4.7671321747275135	0.09109212816958648	37.490709839389396	16.33483536149683	9.602887099913856	3406.4275571183057	603.9485751867528	0	0	0	0	1.351376996976188	7.399924733926809	0	122.77566284314453	273.585361958526
19.9	4.7671321747275135	4.7671321747275135	4.7671321747275135	0.09109212816956905	37.4907098393353	16.33483536146923	9.60288709991432	3406.4275571195103	603.9485751870096	0	0	0	0	1.351382294589171	7.399925804612672	0	122.77554247099967	273.58535204692464
20	4.7671321747275135	4.7671321747275135	4.7671321747275135	0.09109212816955017	37.490709839277805	16.334835361439463	9.602887099914824	3406.4275571207904	603.9485751872867	0	0	0	0	1.351387988627924	7.39992695615435	0	122.77541309221475	273.58534138675964
20.1	4.7671321747275135	4.7671321747275135	4.7671321747275135	0.09109212816954543	37.490709839264916	16.33483536143215	9.60288709991495	3406.4275571210765	603.9485751873547	0	0	0	0	1.3513893584731878	7.399927234263052	0	122.7753819682222	273.5853388121353
20.2	4.7671321747275135	4.7671321747275135	4.7671321747275135	0.09109212816954143	37.49070983925211	16.334835361425757	9.602887099915057	3406.4275571213616	603.9485751874142	0	0	0	0	1.3513905919210734	7.399927483314063	0	122.77535394153261	273.5853365066329
20.3	4.7671321747275135	4.7671321747275135	4.7671321747275135	0.09109212816953993	37.4907098392475	16.334835361423366	9.602887099915096	3406.427557121464	603.9485751874364	0	0	0	0	1.3513910483014326	7.399927575624692	0	122.77534357175102	273.58533565207614
20.4	4.7671321747275135	4.7671321747275135	4.7671321747275135	0.09109212816953913	37.49070983924493	16.334835361422105	9.602887099915117	3406.4275571215217	603.9485751874482	0	0	0	0	1.3513912927810166	7.399927624944832	0	122.77533801656881	273.5853351955147
20.5	4.7671321747275135	4.7671321747275135	4.7671321747275135	0.09109212816953864	37.4907098392433	16.334835361421334	9.60288709991513	3406.427557121557	603.9485751874554	0	0	0	0	1.3513914440333745	7.399927655431497	0	122.77533457972574	273.58533491330815
20.6	4.7671321747275135	4.7671321747275135	4.7671321747275135	0.09109212816953847	37.490709839242825	16.3348353614211	9.602887099915133	3406.427557121568	603.9485751874575	0	0	0	0	1.3513914896938823	7.39992766464526	0	122.77533354219838	273.58533482802096
20.7	4.7671321747275135	4.7671321747275135	4.7671321747275135	0.09109212816953835	37.49070983924231	16.334835361420858	9.602887099915137	3406.4275571215803	603.9485751874597	0	0	0	0	1.351391537278002	7.399927674208741	0	122.77533246088176	273.58533473950484
20.8	4.7671321747275135	4.7671321747275135	4.7671321747275135	0.09109212816953831	37.49070983924219	16.334835361420797	9.602887099915137	3406.427557121583	603.9485751874604	0	0	0	0	1.351391548192408	7.3999276764094875	0	122.77533221286255	273.58533471914717
20.9	4.7671321747275135	4.7671321747275135	4.7671321747275135	0.09109212816953828	37.490709839242044	16.334835361420737	9.60288709991514	3406.4275571215862	603.9485751874608	0	0	0	0	1.3513915602082054	7.3999276788199575	0	122.77533193982113	273.5853346968295
21	4.7671321747275135	4.7671321747275135	4.7671321747275135	0.09109212816953828	37.490709839242	16.334835361420726	9.60288709991514	3406.4275571215867	603.9485751874608	0	0	0	0	1.351391563641737	7.399927679511212	0	122.77533186180641	273.58533469041885
21.1	4.7671321747275135	4.7671321747275135	4.7671321747275135	0.09109212816953827	37.49070983924197	16.334835361420712	9.60288709991514	3406.4275571215876	603.948575187461	0	0	0	0	1.3513915661850497	7.399927680019949	0	122.77533180406758	273.5853346857095
21.2	4.7671321747275135	4.7671321747275135	4.7671321747275135	0.09109212816953827	37.49070983924196	16.334835361420705	9.60288709991514	3406.4275571215876	603.9485751874611	0	0	0	0	1.3513915673392909	7.399927680251042	0	122.77533177791109	273.58533468358763
21.3	4.7671321747275135	4.7671321747275135	4.7671321747275135	0.09109212816953847	37.490709839242164	16.334835361420815	9.602887099915135	3406.4275571215835	603.9485751874602	0	0	0	0	1.351391556239038	7.399927678062629	0	122.77533203025584	273.58533470384
21.4	4.7671321747275135	4.7671321747275135	4.7671321747275135	0.09109212816955457	37.49070983925914	16.334835361430162	9.602887099914703	3406.4275571212074	603.9485751873733	0	0	0	0	1.3513905968529285	7.399927488825751	0	122.77535383559162	273.58533645518156
21.5	4.7671321747275135	4.7671321747275135	4.7671321747275135	0.09109212816959254	37.490709839299136	16.33483536145217	9.602887099913692	3406.427557120322	603.9485751871689	0	0	0	0	1.3513883372869766	7.39992704312833	0	122.77540519190963	273.5853405800285
21.6	4.7671321747275135	4.7671321747275135	4.7671321747275135	0.09109212816964662	37.49070983935606	16.334835361483513	9.60288709991225	3406.4275571190606	603.9485751868776	0	0	0	0	1.3513851199065903	7.399926408499831	0	122.77547831779222	273.5853464534062
21.7	4.7671321747275135	4.7671321747275135	4.7671321747275135	0.09109212816971106	37.49070983942387	16.334835361520856	9.602887099910532	3406.427557117559	603.9485751865308	0	0	0	0	1.3513812870771795	7.399925652469723	0	122.77556543182186	273.5853534503402
21.8	4.7671321747275135	4.7671321747275135	4.7671321747275135	0.09109212816978009	37.49070983949648	16.334835361560856	9.60288709990869	3406.4275571159505	603.9485751861592	0	0	0	0	1.351377181164152	7.399924842567473	0	122.77565875258081	273.58536094585594
21.9	4.7671321747275135	4.7671321747275135	4.7671321747275135	0.09109212816984796	37.490709839567835	16.334835361600188	9.60288709990688	3406.4275571143703	603.9485751857939	0	0	0	0	1.3513731445329176	7.399924046322546	0	122.77575049865143	273.58536831497906
22	4.7671321747275135	4.7671321747275135	4.7671321747275135	0.09109212816990894	37.49070983963186	16.33483536163551	9.602887099905255	3406.427557112952	603.9485751854659	0	0	0	0	1.3513695195488844	7.399923331264413	0	122.77583288861615	273.58537493273496
22.1	4.7671321747275135	4.7671321747275135	4.7671321747275135	0.09109212816995726	37.4907098396825	16.334835361663494	9.602887099903965	3406.427557111831	603.9485751852059	0	0	0	0	1.3513666485774616	7.399922764922536	0	122.7758981410573	273.5853801741491
22.2	4.7671321747275135	4.7671321747275135	4.7671321747275135	0.09109212816998719	37.49070983971369	16.3348353616808	9.602887099903167	3406.4275571111407	603.9485751850451	0	0	0	0	1.3513648739840585	7.399922414826387	0	122.77593847455721	273.5853834142471
22.3	4.7671321747275135	4.7671321747275135	4.7671321747275135	0.09109212816999294	37.49070983971935	16.334835361684096	9.602887099903013	3406.4275571110156	603.9485751850145	0	0	0	0	1.3513645381340835	7.399922348505431	0	122.77594610769826	273.58538402805436
22.4	4.7671321747275135	4.7671321747275135	4.7671321747275135	0.09109212816996881	37.49070983969343	16.334835361670056	9.602887099903658	3406.42755711159	603.9485751851449	0	0	0	0	1.3513659833929457	7.399922633489135	0	122.77591325906285	273.5853813905965
22.5	4.7671321747275135	4.7671321747275135	4.7671321747275135	0.09109212816990901	37.490709839629844	16.33483536163533	9.602887099905253	3406.427557112999	603.9485751854676	0	0	0	0	1.3513695521260543	7.399923337306967	0	122.77583214723332	273.58537487689887
22.6	4.7671321747275135	4.7671321747275135	4.7671321747275135	0.09109212816980782	37.49070983952254	16.334835361576594	9.602887099907951	3406.427557115376	603.9485751860132	0	0	0	0	1.351375586698817	7.399924527488395	0	122.77569499079199	273.58536386198716
22.7	4.7671321747275135	4.7671321747275135	4.7671321747275135	0.09109212816966447	37.49070983937104	16.334835361493464	9.602887099911776	3406.4275571187322	603.9485751867855	0	0	0	0	1.3513841251459906	7.399926211587219	0	122.77550092534672	273.5853482759459
22.8	4.767132174727514	4.767132174727514	4.767132174727514	0.09109212816960281	37.490709839311634	16.334835361458314	9.60288709991342	3406.427557120044	603.9485751871122	0	0	0	0	1.351387696168941	7.399926916965106	0	122.77541976311966	273.5853417476872
22.9	4.7671321747275135	4.7671321747275135	4.7671321747275135	0.09109212816959279	37.49070983930504	16.33483536145292	9.602887099913685	3406.427557120187	603.9485751871622	0	0	0	0	1.3513882224236322	7.3999270214880255	0	122.7754078033108	273.5853407802713
23	4.7671321747275135	4.7671321747275135	4.7671321747275135	0.09109212816956161	37.49070983926906	16.334835361434514	9.602887099914518	3406.427557120986	603.948575187333	0	0	0	0	1.3513901332989364	7.39992739783914	0	122.77536437148557	273.5853372972628
23.1	4.7671321747275135	4.7671321747275135	4.7671321747275135	0.09109212816955548	37.490709839263694	16.334835361431082	9.60288709991468	3406.4275571211047	603.948575187365	0	0	0	0	1.3513904785546198	7.399927466132008	0	122.77535652461184	273.5853366651934
23.2	4.7671321747275135	4.7671321747275135	4.7671321747275135	0.09109212816954856	37.49070983925519	16.334835361426943	9.602887099914865	3406.427557121294	603.9485751874033	0	0	0	0	1.3513909114607938	7.3999275513037945	0	122.77534668508859	273.5853358769641
23.3	4.7671321747275135	4.7671321747275135	4.7671321747275135	0.0910921281695435	37.490709839249035	16.334835361423913	9.602887099915	3406.4275571214303	603.9485751874315	0	0	0	0	1.3513912274008928	7.399927613470625	0	122.77533950413749	273.5853353016357
23.4	4.7671321747275135	4.7671321747275135	4.7671321747275135	0.09109212816954268	37.490709839248325	16.334835361423455	9.602887099915023	3406.427557121446	603.9485751874358	0	0	0	0	1.3513912736290135	7.399927622610638	0	122.77533845355376	273.58533521703725
23.5	4.7671321747275135	4.7671321747275135	4.7671321747275135	0.09109212816954017	37.49070983924469	16.334835361421877	9.60288709991509	3406.4275571215267	603.9485751874505	0	0	0	0	1.3513914419197597	7.399927655641578	0	122.77533462842825	273.5853349113578
23.6	4.7671321747275135	4.7671321747275135	4.7671321747275135	0.09109212816953964	37.490709839244126	16.334835361421582	9.602887099915103	3406.4275571215394	603.9485751874531	0	0	0	0	1.3513914725285958	7.399927661672744	0	122.77533393270386	273.58533485555887
23.7	4.7671321747275135	4.7671321747275135	4.7671321747275135	0.0910921281695391	37.49070983924327	16.334835361421234	9.602887099915119	3406.427557121559	603.9485751874563	0	0	0	0	1.3513915104913157	7.3999276691164235	0	122.77533306979275	273.5853347866771
23.8	4.7671321747275135	4.7671321747275135	4.7671321747275135	0.09109212816953867	37.49070983924265	16.33483536142098	9.60288709991513	3406.4275571215726	603.9485751874587	0	0	0	0	1.3513915384377	7.399927674596992	0	122.77533243455025	273.5853347359563
23.9	4.7671321747275135	4.7671321747275135	4.7671321747275135	0.0910921281695386	37.49070983924257	16.33483536142094	9.60288709991513	3406.427557121575	603.948575187459	0	0	0	0	1.3513915424978453	7.3999276753968966	0	122.77533234224276	273.58533472854975
24	4.7671321747275135	4.7671321747275135	4.7671321747275135	0.09109212816953839	37.49070983924219	16.33483536142079	9.602887099915137	3406.427557121583	603.9485751874604	0	0	0	0	1.3513915583499658	7.399927678497411	0	122.77533198190909	273.5853346998442
