0	4.7671321747275135	4.7671321747275135	4.7671321747275135	0.09109212816953825	37.49070983924196	16.3348353614207	9.60288709991514	3406.4275571215885	603.9485751874613	0	0	0	0	0	0	0	0	0
0.1	4.7671321747275135	4.7671321747275135	4.7671321747275135	0.09109212816953825	37.49070983924196	16.3348353614207	9.60288709991514	3406.4275571215885	603.9485751874613	0	0	0	0	0.0005591119019373185	976670893354606e-19	0.0030757391422442156	1.094784451618819	0.19370566971356132
0.2	4.7671321747275135	4.7671321747275135	4.7671321747275135	0.09109212816953825	37.49070983924196	16.3348353614207	9.60288709991514	3406.4275571215885	603.9485751874613	0	0	0	0	0.0015791620289384565	0.00027593191958032653	0.005566306257437151	1.9961388109716516	0.351614401089232
0.3	4.7671321747275135	4.7671321747275135	4.7671321747275135	0.09109212816953825	37.49070983924196	16.3348353614207	9.60288709991514	3406.4275571215885	603.9485751874613	0	0	0	0	0.0026085783878102954	0.0004559888123469485	0.007583032262775918	2.744050486176067	0.48076409434879547
0.4	4.7671321747275135	4.7671321747275135	4.7671321747275135	0.09109212816953825	37.49070983924196	16.3348353614207	9.60288709991514	3406.4275571215885	603.9485751874613	0	0	0	0	0.0035176467161505353	0.000615182093725714	0.009216074397947577	3.3664661360076233	0.5865390774066147
0.5	4.7671321747275135	4.7671321747275135	4.7671321747275135	0.09109212816953825	37.49070983924196	16.3348353614207	9.60288709991514	3406.4275571215885	603.9485751874613	0	0	0	0	0.004283862294275204	0.0007495443140241326	0.010538412409467282	3.884894503917863	0.673218528853884
0.6	4.7671321747275135	4.7671321747275135	4.7671321747275135	0.09109212816953827	37.49070983924195	16.334835361420698	9.60288709991514	3406.4275571215885	603.9485751874613	0	0	0	0	0.004917843432808149	0.0008608842869584686	0.011609174721150669	4.316727150162424	0.7442666702189673
0.7	4.7671321747275135	4.7671321747275135	4.7671321747275135	0.09109212816953825	37.49070983924195	16.334835361420698	9.60288709991514	3406.4275571215885	603.9485751874613	0	0	0	0	0.005438436704403093	0.0009524527172910047	0.012476219516440321	4.6763173243991965	0.8025067729720683
0.8	4.7671321747275135	4.7671321747275135	4.7671321747275135	0.09109212816953824	37.49070983924196	16.334835361420698	9.60288709991514	3406.4275571215885	603.9485751874613	0	0	0	0	0.005864566193168476	0.0010275230378866454	0.013178332086830814	4.9756285435187415	0.8502501713907812
0.9	4.7671321747275135	4.7671321747275135	4.7671321747275135	0.09109212816953824	37.49070983924196	16.334835361420698	9.60288709991514	3406.4275571215885	603.9485751874613	0	0	0	0	0.006212913510381364	0.0010889863840889166	0.01374690365610113	5.22465353191228	0.8893894038811534
1	4.7671321747275135	4.7671321747275135	4.7671321747275135	0.09109212816953825	37.49070983924196	16.334835361420698	9.60288709991514	3406.4275571215885	603.9485751874613	0	0	0	0	0.006497425873768834	0.001139264380470015	0.014207165754176685	5.431693195719994	0.9214646391642597
1.1	4.7671321747275135	4.7671321747275135	4.7671321747275135	0.09109212816953825	37.49070983924196	16.3348353614207	9.60288709991514	3406.4275571215885	603.9485751874613	0	0	0	0	0.006729907856161268	0.0011804098656958237	0.014580058497442065	5.603838367144696	0.9477683565434438
1.2	4.7671321747275135	4.7671321747275135	4.7671321747275135	0.09109212816953825	37.49070983924196	16.3348353614207	9.602887099915142	3406.427557121589	603.9485751874613	0	0	0	0	0.006919645720273698	0.001214041168977103	0.014881775670280388	5.74678566772376	0.9693151709088653
1.3	4.767132174727513	4.767132174727513	4.767132174727513	0.09109212816953824	37.49070983924195	16.3348353614207	9.60288709991514	3406.427557121588	603.9485751874613	0	0	0	0	0.007074708156532121	0.0012415661705936964	0.015126292876089464	5.865559729486907	0.9869884043792352
1.4	4.7671321747275135	4.7671321747275135	4.7671321747275135	0.09109212816953825	37.49070983924196	16.334835361420705	9.60288709991514	3406.427557121588	603.9485751874613	0	0	0	0	0.007201239862397657	0.001264059570176177	0.015324110434205139	5.964094999253048	1.0014630475491004
1.5	4.7671321747275135	4.7671321747275135	4.7671321747275135	0.09109212816953824	37.49070983924196	16.334835361420705	9.60288709991514	3406.427557121588	603.9485751874613	0	0	0	0	0.007304663573223814	0.0012824707963403667	0.015484452397534909	6.045910981789742	1.0133365554808638
1.6	4.7671321747275135	4.7671321747275135	4.7671321747275135	0.09109212816953824	37.49070983924195	16.3348353614207	9.60288709991514	3406.427557121588	603.9485751874613	0	0	0	0	0.007389050754597672	0.0012975144027763893	0.01561415769820587	6.113727438287655	1.0230597642588044
1.7	4.767132174727514	4.767132174727514	4.767132174727514	0.09109212816953824	37.49070983924196	16.3348353614207	9.60288709991514	3406.427557121588	603.9485751874613	0	0	0	0	0.007458020231432582	0.0013098261128086887	0.015719277335207314	6.169990690445679	1.031034420501644
1.8	4.7671321747275135	4.7671321747275135	4.7671321747275135	0.09109212816953824	37.490709839241966	16.3348353614207	9.60288709991514	3406.4275571215876	603.9485751874613	0	0	0	0	0.0075143241735234475	0.0013198904689116211	0.015804359970762377	6.216610605028984	1.037567600220381
1.9	4.767132174727513	4.767132174727513	4.767132174727513	0.09109212816953824	37.490709839241966	16.3348353614207	9.602887099915138	3406.4275571215876	603.9485751874612	0	0	0	0	0.007560291078484441	0.0013281179597730973	0.01587322819150097	6.255228645683385	1.0429199771246733
2	4.7671321747275135	4.7671321747275135	4.7671321747275135	0.09109212816953827	37.49070983924196	16.33483536142071	9.60288709991514	3406.4275571215876	603.9485751874613	0	0	0	0	0.007597875952916316	0.0013348537042869933	0.015929067669932052	6.287245296239097	1.047311125860364
2.1	4.7671321747275135	4.7671321747275135	4.7671321747275135	0.09109212816953827	37.49070983924196	16.334835361420712	9.60288709991514	3406.4275571215876	603.9485751874613	0	0	0	0	0.007628519092605477	0.0013403525531852235	0.01597419560070625	6.3137208490279955	1.050903753100387
2.2	4.7671321747275135	4.7671321747275135	4.7671321747275135	0.09109212816953827	37.49070983924196	16.33483536142071	9.60288709991514	3406.4275571215876	603.9485751874612	0	0	0	0	0.007653580993779164	0.0013448553338000744	0.016010795918506876	6.33566155984514	1.0538517087347476
2.3	4.7671321747275135	4.7671321747275135	4.7671321747275135	0.09109212816953831	37.49070983924198	16.33483536142072	9.60288709991514	3406.4275571215876	603.9485751874612	0	0	0	0	0.007674051515903759	0.0013485376869145276	0.016040435972112643	6.353819972397273	1.056267596829911
2.4	4.7671321747275135	4.7671321747275135	4.7671321747275135	0.0910921281695383	37.49070983924199	16.334835361420723	9.602887099915138	3406.427557121587	603.9485751874612	0	0	0	0	0.007690735990292062	0.0013515427079763438	0.0160643807416548	6.3688181372831	1.0582433602426617
2.5	4.7671321747275135	4.7671321747275135	4.7671321747275135	0.09109212816953825	37.490709839241966	16.334835361420712	9.60288709991514	3406.427557121587	603.9485751874612	0	0	0	0	0.007704396564378419	0.0013540058781152235	0.016083824287600433	6.381247628903948	1.0598661050835394
2.6	4.7671321747275135	4.7671321747275135	4.7671321747275135	0.0910921281695382	37.490709839241966	16.334835361420705	9.602887099915142	3406.427557121587	603.9485751874613	0	0	0	0	0.007715551916895341	0.0013560196585641244	0.0160995655389082	6.391523921140542	1.061195536093882
2.7	4.7671321747275135	4.7671321747275135	4.7671321747275135	0.09109212816953818	37.49070983924197	16.334835361420705	9.602887099915142	3406.4275571215876	603.9485751874613	0	0	0	0	0.007724637375962174	0.0013576617268236813	0.016112271049532098	6.3999995764532995	1.0622818968505254
2.8	4.7671321747275135	4.7671321747275135	4.7671321747275135	0.0910921281695382	37.49070983924197	16.3348353614207	9.602887099915142	3406.427557121587	603.9485751874613	0	0	0	0	0.007732076097505183	0.0013590076067416738	0.016122587735576826	6.407018201777641	1.0631740545047546
2.9	4.767132174727514	4.767132174727514	4.767132174727514	0.09109212816953814	37.49070983924196	16.33483536142072	9.602887099915144	3406.427557121588	603.9485751874613	0	0	0	0	0.0077381617529864435	0.0013601098517981277	0.016130956954382974	6.412825298879785	1.0639061532803227
3	4.7671321747275135	4.7671321747275135	4.7671321747275135	0.09109212816953807	37.49070983924195	16.33483536142073	9.602887099915144	3406.427557121587	603.948575187461	0	0	0	0	0.007743114959889854	0.0013610080036842375	0.01613770693387281	6.417608570638198	1.064503959913051
3.1	4.7671321747275135	4.7671321747275135	4.7671321747275135	0.09109212816953814	37.49070983924195	16.334835361420723	9.602887099915142	3406.4275571215876	603.9485751874611	0	0	0	0	0.007747155900304149	0.0013617415226841875	0.016143165438062886	6.4215551940104545	1.0649931859362656
3.2	4.7671321747275135	4.7671321747275135	4.7671321747275135	0.09109212816953796	37.4907098392419	16.334835361420737	9.602887099915147	3406.4275571215894	603.948575187461	0	0	0	0	0.007750474452246438	0.0013623444798540045	0.01614761260735272	6.42482858883346	1.0653960575588914
3.3	4.7671321747275135	4.7671321747275135	4.7671321747275135	0.0910921281695375	37.490709839241795	16.334835361420783	9.60288709991516	3406.4275571215912	603.9485751874605	0	0	0	0	0.007753183190543873	0.0013628371449278696	0.016151210666718225	6.427529351194598	1.065725881286729
3.4	4.7671321747275135	4.7671321747275135	4.7671321747275135	0.09109212816953721	37.49070983924173	16.334835361420815	9.602887099915167	3406.4275571215935	603.9485751874602	0	0	0	0	0.00775538447933722	0.0013632379475168434	0.016154107403300286	6.429749071173983	1.0659947762373296
3.5	4.7671321747275135	4.7671321747275135	4.7671321747275135	0.09109212816953752	37.4907098392418	16.33483536142078	9.60288709991516	3406.4275571215917	603.9485751874605	0	0	0	0	0.0077571806827672505	0.0013635653172319863	0.016156450604239817	6.431579338851728	1.0662148615282443
3.6	4.7671321747275135	4.7671321747275135	4.7671321747275135	0.09109212816953563	37.49070983924145	16.334835361421007	9.60288709991521	3406.4275571216	603.9485751874582	0	0	0	0	0.007758659913472729	0.0013638351418386726	0.016158364651424232	6.433099133339318	1.066396475473893
3.7	4.7671321747275135	4.7671321747275135	4.7671321747275135	0.09109212816953079	37.490709839240516	16.334835361421586	9.602887099915339	3406.4275571216212	603.9485751874528	0	0	0	0	0.007759869850439159	0.0013640560527152087	0.016159915185054486	6.434353322159147	1.0665453078218807
3.8	4.7671321747275135	4.7671321747275135	4.7671321747275135	0.09109212816952654	37.490709839239685	16.3348353614221	9.602887099915455	3406.4275571216403	603.948575187448	0	0	0	0	0.0077608522932402675	0.0013642356099869714	0.016161162059874362	6.435382412526805	1.0666665176322327
3.9	4.767132174727514	4.767132174727514	4.767132174727514	0.09109212816952637	37.49070983923964	16.334835361422126	9.602887099915458	3406.4275571216413	603.9485751874477	0	0	0	0	0.007761649041498673	0.001364381373787928	0.01616216513073002	6.436226911705944	1.0667652639722478
4	4.7671321747275135	4.7671321747275135	4.7671321747275135	0.09109212816952286	37.490709839239045	16.33483536142242	9.602887099915552	3406.427557121655	603.948575187445	0	0	0	0	0.007762305232537723	0.0013645015188094003	0.016162983198500742	6.436926656227509	1.0668466180865908
4.1	4.7671321747275135	4.7671321747275135	4.7671321747275135	0.09109212816942164	37.4907098392203	16.33483536143312	9.602887099918254	3406.427557122089	603.9485751873428	0	0	0	0	0.007762882438778911	0.0013646072842118475	0.01616365244378547	6.437507234981011	1.0669137787813092
4.2	4.7671321747275135	4.7671321747275135	4.7671321747275135	0.09109212816926267	37.49070983919083	16.334835361450008	9.602887099922494	3406.427557122771	603.9485751871814	0	0	0	0	0.007763381313596223	0.0013646987693381929	0.01616419329628834	6.437984509540057	1.066968657325514
4.3	4.7671321747275135	4.7671321747275135	4.7671321747275135	0.0910921281691245	37.49070983916517	16.334835361464734	9.602887099926178	3406.4275571233643	603.9485751870408	0	0	0	0	0.007763788617175314	0.001364773523767824	0.016164626784469276	6.438374754610722	1.0670132175782867
4.4	4.7671321747275135	4.7671321747275135	4.7671321747275135	0.0910921281690856	37.4907098391579	16.33483536146896	9.602887099927214	3406.427557123533	603.9485751870005	0	0	0	0	0.007764091109701843	0.001364829097080128	0.016164973936788177	6.438694244899084	1.0670494233987091
4.5	4.7671321747275135	4.7671321747275135	4.7671321747275135	0.09109212816922453	37.490709839183594	16.334835361454342	9.60288709992351	3406.427557122938	603.9485751871401	0	0	0	0	0.007764275551361467	0.0013648630388544923	0.016165255781704958	6.438959255111223	1.0670792386458627
4.6	4.767132174727514	4.767132174727514	4.767132174727514	0.09109212816941739	37.490709839219406	16.33483536143371	9.602887099918366	3406.427557122109	603.9485751873372	0	0	0	0	0.007764400256937812	0.0013648860347403432	0.01616548807434299	6.4391808658966	1.0671040513628738
4.7	4.7671321747275135	4.7671321747275135	4.7671321747275135	0.09109212816946662	37.4907098392287	16.334835361428134	9.602887099917051	3406.4275571218946	603.9485751873902	0	0	0	0	0.007764542456303475	0.0013649122426563057	0.01616567608864441	6.4393623898320005	1.0671242961347533
4.8	4.7671321747275135	4.7671321747275135	4.7671321747275135	0.0910921281695088	37.4907098392365	16.334835361423764	9.602887099915927	3406.427557121714	603.948575187432	0	0	0	0	0.007764657251566749	0.0013649334074500722	0.016165828409535656	6.4395119634280755	1.067140885873046
4.9	4.7671321747275135	4.7671321747275135	4.7671321747275135	0.09109212816952242	37.49070983923903	16.334835361422297	9.602887099915563	3406.4275571216554	603.9485751874461	0	0	0	0	0.007764758923298305	0.0013649521626635998	0.01616595173338864	6.439634924787942	1.0671544571724474
5	4.7671321747275135	4.7671321747275135	4.7671321747275135	0.0910921281695309	37.490709839240594	16.334835361421437	9.602887099915336	3406.427557121619	603.9485751874541	0	0	0	0	0.007764842823008911	0.0013649676485392361	0.016166051569562353	6.43973611760615	1.067165567648224
5.1	4.7671321747275135	4.7671321747275135	4.7671321747275135	0.09109212816953476	37.490709839241305	16.33483536142104	9.602887099915234	3406.4275571216026	603.948575187458	0	0	0	0	0.007764912564112165	0.0013649805296859154	0.01616613245968702	6.43981942843955	1.0671746689683765
5.2	4.7671321747275135	4.7671321747275135	4.7671321747275135	0.09109212816953637	37.4907098392416	16.334835361420872	9.602887099915192	3406.427557121596	603.9485751874596	0	0	0	0	0.0077649700612505	0.0013649911564498458	0.01616619790185661	6.439887939346867	1.0671821156471313
5.3	4.7671321747275135	4.7671321747275135	4.7671321747275135	0.09109212816953748	37.490709839241795	16.33483536142077	9.60288709991516	3406.427557121591	603.9485751874606	0	0	0	0	0.007765017166446907	0.001364999868408496	0.016166250952063994	6.439944368560551	1.0671882193081528
5.4	4.7671321747275135	4.7671321747275135	4.7671321747275135	0.0910921281695378	37.490709839241866	16.334835361420737	9.60288709991515	3406.42755712159	603.9485751874607	0	0	0	0	0.007765055829166101	0.0013650070238261087	0.01616629385847691	6.4399907551687345	1.067193212140662
5.5	4.7671321747275135	4.7671321747275135	4.7671321747275135	0.09109212816953807	37.49070983924191	16.334835361420712	9.602887099915144	3406.4275571215885	603.9485751874611	0	0	0	0	0.0077650874297713725	0.0013650128761065578	0.016166328642400602	6.440028956561956	1.0671973047064462
5.6	4.7671321747275135	4.7671321747275135	4.7671321747275135	0.09109212816953813	37.490709839241916	16.334835361420705	9.602887099915144	3406.427557121588	603.9485751874612	0	0	0	0	0.007765113289086587	0.0013650176683155685	0.01616635678124349	6.440060359150459	1.067200653061886
5.7	4.7671321747275135	4.7671321747275135	4.7671321747275135	0.0910921281695382	37.49070983924194	16.334835361420705	9.602887099915144	3406.427557121587	603.9485751874612	0	0	0	0	0.007765134423731571	0.00136502158747484	0.016166379582167687	6.440086204999574	1.067203396436289
5.8	4.7671321747275135	4.7671321747275135	4.7671321747275135	0.0910921281695382	37.49070983924195	16.3348353614207	9.602887099915142	3406.4275571215876	603.9485751874612	0	0	0	0	0.007765151698562114	0.0013650247929306973	0.016166398038932633	6.440107457536866	1.0672056421124068
5.9	4.7671321747275135	4.7671321747275135	4.7671321747275135	0.09109212816953556	37.49070983924395	16.334835361421767	9.602887099915211	3406.427557121543	603.9485751874512	0	0	0	0	0.007765166775273473	0.001365027592483669	0.01616641292889257	6.4401248920203535	1.0672074756101222
6	4.7671321747275135	4.7671321747275135	4.7671321747275135	0.09109212816951315	37.4907098392608	16.33483536143078	9.60288709991581	3406.427557121165	603.9485751873668	0	0	0	0	0.007765186380830161	0.0013650312359078521	0.01616642450314062	6.4401388351330136	1.0672089301330838
6.1	4.7671321747275135	4.7671321747275135	4.7671321747275135	0.09109212816947279	37.49070983929114	16.33483536144701	9.602887099916886	3406.427557120484	603.948575187215	0	0	0	0	0.007765210153771981	0.0013650356557339423	0.016166433132684694	6.440149673265863	1.0672100477541475
6.2	4.7671321747275135	4.7671321747275135	4.7671321747275135	0.09109212816942042	37.490709839330506	16.334835361468066	9.602887099918284	3406.4275571196017	603.9485751870179	0	0	0	0	0.0077652362298794315	0.0013650405051663138	0.016166439257467826	6.440157845560113	1.0672108769676931
6.3	4.7671321747275135	4.7671321747275135	4.7671321747275135	0.09109212816936192	37.49070983937443	16.334835361491574	9.602887099919842	3406.427557118616	603.9485751867979	0	0	0	0	0.007765262744933008	0.0013650454374093419	0.016166443317433034	6.440163791156973	1.0672114662680994
6.4	4.767132174727513	4.767132174727513	4.767132174727513	0.09109212816930329	37.490709839418464	16.334835361515147	9.602887099921405	3406.4275571176286	603.9485751865773	0	0	0	0	0.007765287834713211	0.0013650501056674009	0.016166445752523347	6.440167949197652	1.067211864149746
6.5	4.7671321747275135	4.7671321747275135	4.7671321747275135	0.09109212816925041	37.490709839458134	16.33483536153641	9.602887099922816	3406.427557116739	603.9485751863783	0	0	0	0	0.007765309635000536	0.0013650541631448655	0.016166447002681796	6.440170758823364	1.0672121191070119
6.6	4.7671321747275135	4.7671321747275135	4.7671321747275135	0.09109212816920924	37.490709839488986	16.334835361552965	9.602887099923914	3406.4275571160474	603.9485751862235	0	0	0	0	0.0077653262815754786	0.0013650572630461108	0.016166447507851407	6.440172659175315	1.0672122796342762
6.7	4.7671321747275135	4.7671321747275135	4.7671321747275135	0.09109212816918567	37.49070983950656	16.33483536156244	9.60288709992454	3406.427557115653	603.9485751861348	0	0	0	0	0.007765335910218539	0.0013650590585755113	0.016166447707975207	6.440174089394719	1.0672123942259182
6.8	4.7671321747275135	4.7671321747275135	4.7671321747275135	0.09109212816918566	37.49070983950638	16.334835361562448	9.602887099924542	3406.4275571156572	603.9485751861347	0	0	0	0	0.007765336656710212	0.0013650592029374414	0.016166448042996218	6.440175488622784	1.0672125113763173
6.9	4.7671321747275135	4.7671321747275135	4.7671321747275135	0.09109212816921514	37.490709839484	16.334835361550606	9.602887099923757	3406.4275571161597	603.9485751862455	0	0	0	0	0.0077653266568309945	0.0013650573493362765	0.01616644895285747	6.440177296000723	1.0672126795798527
7	4.767132174727514	4.767132174727514	4.767132174727514	0.09109212816927999	37.490709839434956	16.334835361524537	9.602887099922027	3406.4275571172598	603.9485751864895	0	0	0	0	0.007765304046361387	0.0013650531509763909	0.016166450877501997	6.440179950669742	1.0672129473309038
7.1	4.7671321747275135	4.7671321747275135	4.7671321747275135	0.0910921281693862	37.49070983935477	16.33483536148185	9.602887099919196	3406.427557119058	603.948575186889	0	0	0	0	0.007765266961081882	0.0013650462610621593	0.016166454256872815	6.440183891771054	1.0672133631238492
7.2	4.7671321747275135	4.7671321747275135	4.7671321747275135	0.09109212816947804	37.490709839286595	16.334835361444924	9.602887099916744	3406.4275571205867	603.9485751872347	0	0	0	0	0.007765236118591706	0.001365040530368388	0.016166458479128315	6.440188255497055	1.067213840255857
7.3	4.7671321747275135	4.7671321747275135	4.7671321747275135	0.0910921281694973	37.490709839273926	16.334835361437154	9.60288709991623	3406.42755712087	603.9485751873075	0	0	0	0	0.007765232068568162	0.0013650397768519226	0.01616646192585808	6.440191387465953	1.067214197195844
7.4	4.7671321747275135	4.7671321747275135	4.7671321747275135	0.09109212816951921	37.490709839256844	16.33483536142835	9.602887099915646	3406.4275571212534	603.9485751873898	0	0	0	0	0.0077652259935216406	0.0013650386421921001	0.01616646471714541	6.4401940310703445	1.06721449436615
7.5	4.7671321747275135	4.7671321747275135	4.7671321747275135	0.09109212816952773	37.49070983925049	16.334835361424915	9.602887099915419	3406.4275571213957	603.948575187422	0	0	0	0	0.007765224663769442	0.0013650383914173218	0.016166466978597298	6.440196126618803	1.067214731591584
7.6	4.7671321747275135	4.7671321747275135	4.7671321747275135	0.09109212816953184	37.49070983924727	16.33483536142327	9.60288709991531	3406.427557121468	603.9485751874373	0	0	0	0	0.0077652246081970555	0.0013650383775411297	0.016166468807772602	6.4401978280022005	1.0672149239350404
7.7	4.7671321747275135	4.7671321747275135	4.7671321747275135	0.09109212816953544	37.4907098392443	16.334835361421828	9.602887099915215	3406.4275571215344	603.9485751874508	0	0	0	0	0.007765224439051428	0.0013650383430163005	0.01616647029107959	6.440199233871483	1.067215081872281
7.8	4.7671321747275135	4.7671321747275135	4.7671321747275135	0.09109212816953621	37.49070983924371	16.334835361421508	9.602887099915195	3406.4275571215485	603.9485751874538	0	0	0	0	0.007765225153277974	0.0013650384737662823	0.01616647149053524	6.4402003711701505	1.067215209601439
7.9	4.767132174727514	4.767132174727514	4.767132174727514	0.09109212816953742	37.490709839242676	16.33483536142103	9.602887099915163	3406.4275571215717	603.9485751874583	0	0	0	0	0.007765225494480511	0.0013650385352844108	0.016166472462801323	6.440201314140818	1.0672153147230952
8	4.7671321747275135	4.7671321747275135	4.7671321747275135	0.0910921281695377	37.49070983924243	16.334835361420915	9.602887099915154	3406.4275571215767	603.9485751874594	0	0	0	0	0.007765226054789932	0.0013650386382078482	0.01616647324974332	6.440202083972006	1.0672154002950707
8.1	4.7671321747275135	4.7671321747275135	4.7671321747275135	0.09109212816953799	37.49070983924219	16.334835361420804	9.602887099915147	3406.427557121582	603.9485751874605	0	0	0	0	0.007765226493964452	0.0013650387188537418	0.01616647388678914	6.440202718144944	1.0672154703911636
8.2	4.7671321747275135	4.7671321747275135	4.7671321747275135	0.09109212816953811	37.49070983924209	16.33483536142075	9.602887099915145	3406.4275571215844	603.948575187461	0	0	0	0	0.007765226890607114	0.0013650387918727625	0.016166474403089104	6.440203239755561	1.067215527773416
8.3	4.7671321747275135	4.7671321747275135	4.7671321747275135	0.09109212816953816	37.49070983924205	16.334835361420733	9.602887099915144	3406.427557121586	603.948575187461	0	0	0	0	0.007765227238197086	0.0013650388559645606	0.016166474820612585	6.44020366816796	1.0672155746720198
8.4	4.767132174727513	4.767132174727513	4.767132174727513	0.09109212816953821	37.49070983924199	16.334835361420716	9.602887099915142	3406.4275571215862	603.9485751874612	0	0	0	0	0.007765227515638171	0.0013650389071303822	0.01616647515920532	6.440204021362146	1.0672156131383606
8.5	4.7671321747275135	4.7671321747275135	4.7671321747275135	0.09109212816953821	37.49070983924198	16.334835361420712	9.602887099915142	3406.4275571215867	603.9485751874612	0	0	0	0	0.007765227756142829	0.0013650389515583643	0.016166475433045543	6.440204311446409	1.0672156445813845
8.6	4.7671321747275135	4.7671321747275135	4.7671321747275135	0.09109212816953	37.490709839246826	16.334835361422567	9.602887099915362	3406.427557121477	603.9485751874439	0	0	0	0	0.00776522984007401	0.0013650393417868622	0.016166475653942424	6.440204507175527	1.0672156670210964
8.7	4.7671321747275135	4.7671321747275135	4.7671321747275135	0.09109212816948759	37.490709839271815	16.33483536143213	9.602887099916494	3406.42755712091	603.9485751873542	0	0	0	0	0.007765239710331394	0.0013650411920859385	0.016166475827187814	6.440204480753771	1.0672156708877933
8.8	4.7671321747275135	4.7671321747275135	4.7671321747275135	0.09109212816941817	37.49070983931272	16.334835361447784	9.602887099918343	3406.427557119983	603.9485751872073	0	0	0	0	0.007765255734068649	0.0013650441962667302	0.016166475958778865	6.440204274589637	1.0672156596216407
8.9	4.7671321747275135	4.7671321747275135	4.7671321747275135	0.09109212816933195	37.490709839363525	16.334835361467235	9.602887099920645	3406.427557118831	603.9485751870251	0	0	0	0	0.007765275576231573	0.0013650479164756969	0.016166476055003487	6.4402039470618835	1.067215637891217
9	4.767132174727513	4.767132174727513	4.767132174727513	0.09109212816923909	37.490709839418216	16.33483536148817	9.60288709992312	3406.4275571175913	603.9485751868287	0	0	0	0	0.007765296901765958	0.0013650519148592961	0.016166476122149588	6.440203556549264	1.067215610365101
9.1	4.767132174727514	4.767132174727514	4.767132174727514	0.09109212816914987	37.49070983947076	16.3348353615083	9.6028870999255	3406.4275571164003	603.9485751866401	0	0	0	0	0.007765317375617603	0.0013650557535639883	0.016166476166505087	6.440203161430536	1.067215581711872
9.2	4.7671321747275135	4.7671321747275135	4.7671321747275135	0.09109212816907447	37.490709839515134	16.33483536152531	9.60288709992751	3406.427557115394	603.9485751864808	0	0	0	0	0.007765334662732298	0.0013650589947362315	0.01616647619435789	6.440202820084454	1.067215556600108
9.3	4.7671321747275135	4.7671321747275135	4.7671321747275135	0.09109212816902308	37.490709839545325	16.334835361536907	9.602887099928882	3406.42755711471	603.9485751863721	0	0	0	0	0.007765346428055843	0.001365061200522485	0.01616647621199591	6.440202590889772	1.0672155396983887
9.4	4.7671321747275135	4.7671321747275135	4.7671321747275135	0.09109212816900596	37.49070983955531	16.334835361540776	9.602887099929339	3406.427557114483	603.9485751863358	0	0	0	0	0.007765350336534028	0.0013650619330692081	0.016166476225707056	6.440202532225247	1.0672155356752924
9.5	4.7671321747275135	4.7671321747275135	4.7671321747275135	0.09109212816903325	37.490709839539065	16.33483536153463	9.60288709992861	3406.427557114852	603.9485751863936	0	0	0	0	0.007765344053112653	0.0013650607545228597	0.016166476241779245	6.440202702469635	1.067215549199398
9.6	4.7671321747275135	4.7671321747275135	4.7671321747275135	0.09109212816911524	37.49070983949056	16.334835361516156	9.602887099926424	3406.4275571159515	603.9485751865667	0	0	0	0	0.00776532524273751	0.0013650572270298984	0.016166476266500383	6.4402031600016905	1.0672155849392841
9.7	4.7671321747275135	4.7671321747275135	4.7671321747275135	0.09109212816926208	37.490709839403785	16.334835361483055	9.602887099922507	3406.427557117919	603.9485751868772	0	0	0	0	0.007765291570354394	0.0013650509127367838	0.016166476306158386	6.440203963200168	1.06721564756353
9.8	4.7671321747275135	4.7671321747275135	4.7671321747275135	0.09109212816943028	37.49070983930481	16.334835361445116	9.602887099918021	3406.4275571201633	603.9485751872329	0	0	0	0	0.007765253135228984	0.0013650437064517843	0.01616647635991604	6.440204882796092	1.0672157195454053
9.9	4.7671321747275135	4.7671321747275135	4.7671321747275135	0.09109212816948106	37.49070983927591	16.334835361433587	9.602887099916666	3406.4275571208186	603.9485751873409	0	0	0	0	0.007765241857715907	0.0013650415946700526	0.016166476405438023	6.440205178167337	1.0672157436144385
10	4.7671321747275135	4.7671321747275135	4.7671321747275135	0.091092128169512	37.49070983925758	16.334835361426613	9.602887099915842	3406.427557121234	603.9485751874062	0	0	0	0	0.007765234769873344	0.0013650402653359382	0.01616647644229153	6.440205371418276	1.067215759625064
10.1	4.7671321747275135	4.7671321747275135	4.7671321747275135	0.09109212816952583	37.49070983924943	16.33483536142349	9.60288709991547	3406.4275571214184	603.9485751874354	0	0	0	0	0.0077652316284312125	0.0013650396762651261	0.016166476472149766	6.440205469297739	1.067215768117743
10.2	4.7671321747275135	4.7671321747275135	4.7671321747275135	0.09109212816953179	37.49070983924589	16.33483536142215	9.602887099915312	3406.4275571214985	603.9485751874479	0	0	0	0	0.007765230272506538	0.0013650394218183712	0.016166476496307737	6.440205521907862	1.0672157729627385
10.3	4.7671321747275135	4.7671321747275135	4.7671321747275135	0.09109212816953552	37.490709839243635	16.33483536142132	9.602887099915215	3406.42755712155	603.9485751874557	0	0	0	0	0.007765229414670479	0.0013650392607259608	0.01616647651588999	6.440205559371352	1.0672157764951986
10.4	4.7671321747275135	4.7671321747275135	4.7671321747275135	0.09109212816953664	37.49070983924296	16.334835361421057	9.602887099915181	3406.4275571215653	603.9485751874581	0	0	0	0	0.007765229163117465	0.0013650392134824988	0.016166476531728594	6.440205579871813	1.0672157786033725
10.5	4.7671321747275135	4.7671321747275135	4.7671321747275135	0.09109212816953763	37.49070983924234	16.33483536142084	9.602887099915154	3406.4275571215794	603.9485751874602	0	0	0	0	0.007765228939362045	0.001365039171390246	0.016166476544568386	6.440205597146336	1.0672157803627818
10.6	4.7671321747275135	4.7671321747275135	4.7671321747275135	0.09109212816953786	37.49070983924218	16.334835361420783	9.602887099915149	3406.4275571215826	603.9485751874605	0	0	0	0	0.007765228889336535	0.001365039161967366	0.016166476554954446	6.4402056083128345	1.0672157815710253
10.7	4.7671321747275135	4.7671321747275135	4.7671321747275135	0.09109212816953811	37.49070983924204	16.334835361420733	9.602887099915142	3406.427557121586	603.948575187461	0	0	0	0	0.007765228841379451	0.0013650391529105724	0.016166476563371883	6.44020561766794	1.0672157825735533
10.8	4.7671321747275135	4.7671321747275135	4.7671321747275135	0.09109212816953818	37.490709839241994	16.33483536142072	9.60288709991514	3406.427557121587	603.9485751874613	0	0	0	0	0.007765228831912015	0.0013650391510988066	0.01616647657018411	6.440205624685626	1.0672157833423037
10.9	4.767132174727513	4.767132174727513	4.767132174727513	0.09109212816953823	37.490709839241966	16.33483536142071	9.60288709991514	3406.427557121587	603.9485751874613	0	0	0	0	0.007765228825134007	0.0013650391498060707	0.016166476575701583	6.44020563044087	1.0672157839701826
11	4.7671321747275135	4.7671321747275135	4.7671321747275135	0.09109212816953824	37.490709839241966	16.334835361420712	9.60288709991514	3406.4275571215876	603.9485751874613	0	0	0	0	0.0077652288247685676	0.0013650391497291021	0.016166476580170234	6.440205635060339	1.067215784475392
11.1	4.7671321747275135	4.7671321747275135	4.7671321747275135	0.09109212816953954	37.490709839241106	16.33483536142243	9.602887099915105	3406.4275571216103	603.9485751874453	0	0	0	0	0.0077652292338202915	0.0013650392269454223	0.01616647658376835	6.440205629543327	1.0672157841727121
11.2	4.7671321747275135	4.7671321747275135	4.7671321747275135	0.09109212816956026	37.49070983922739	16.334835361449915	9.602887099914552	3406.4275571219637	603.9485751871882	0	0	0	0	0.007765235732384666	0.001365040453825514	0.016166476586387687	6.440205484734303	1.0672157731386875
11.3	4.7671321747275135	4.7671321747275135	4.7671321747275135	0.09109212816960204	37.490709839199745	16.3348353615053	9.602887099913438	3406.427557122678	603.9485751866702	0	0	0	0	0.007765248825815859	0.0013650429257745392	0.016166476588076975	6.440205189200406	1.0672157504968875
11.4	4.7671321747275135	4.7671321747275135	4.7671321747275135	0.09109212816965942	37.490709839161745	16.334835361581362	9.602887099911909	3406.427557123659	603.9485751859588	0	0	0	0	0.007765266804679475	0.0013650463200562493	0.01616647658897789	6.440204781915206	1.0672157192454996
11.5	4.7671321747275135	4.7671321747275135	4.7671321747275135	0.09109212816972692	37.49070983911698	16.334835361670873	9.60288709991011	3406.427557124814	603.9485751851219	0	0	0	0	0.007765287959541114	0.0013650503139343948	0.01616647658923212	6.440204301852269	1.067215682382712
11.6	4.7671321747275135	4.7671321747275135	4.7671321747275135	0.09109212816979913	37.490709839069055	16.334835361766597	9.602887099908184	3406.427557126052	603.9485751842266	0	0	0	0	0.007765310580966377	0.0013650545846727266	0.016166476588981352	6.4402037879851655	1.067215642906712
11.7	4.7671321747275135	4.7671321747275135	4.7671321747275135	0.09109212816987056	37.490709839021534	16.334835361861316	9.60288709990628	3406.4275571272774	603.9485751833407	0	0	0	0	0.007765332959520862	0.0013650588095349958	0.016166476588367264	6.44020327928746	1.0672156038156875
11.8	4.7671321747275135	4.7671321747275135	4.7671321747275135	0.09109212816993577	37.490709838978006	16.33483536194779	9.60288709990454	3406.4275571283997	603.9485751825321	0	0	0	0	0.007765353385770174	0.0013650626657849526	0.01616647658753154	6.440202814732723	1.0672155681078266
11.9	4.7671321747275135	4.7671321747275135	4.7671321747275135	0.09109212816998932	37.49070983894207	16.334835362018804	9.602887099903112	3406.4275571293265	603.9485751818679	0	0	0	0	0.0077653701502799115	0.0013650658306863486	0.01616647658661586	6.440202433294523	1.067215538781317
12	4.7671321747275135	4.7671321747275135	4.7671321747275135	0.09109212817002577	37.49070983891731	16.334835362067118	9.60288709990214	3406.4275571299636	603.9485751814162	0	0	0	0	0.007765381543615676	0.001365067981502934	0.01616647658576191	6.440202173946426	1.0672155188343464
12.1	4.7671321747275135	4.7671321747275135	4.7671321747275135	0.09109212817003963	37.490709838907314	16.334835362085503	9.602887099901771	3406.4275571302182	603.9485751812443	0	0	0	0	0.00776538585634307	0.0013650687954984604	0.016166476585111375	6.440202075662003	1.0672155112651032
12.2	4.7671321747275135	4.7671321747275135	4.7671321747275135	0.09109212817002547	37.49070983891566	16.334835362066737	9.60288709990215	3406.4275571299995	603.9485751814199	0	0	0	0	0.007765381379027693	0.0013650679499366777	0.016166476584805942	6.440202177414819	1.0672155190717745
12.3	4.7671321747275135	4.7671321747275135	4.7671321747275135	0.09109212816997785	37.490709838945946	16.334835362003588	9.60288709990342	3406.4275571292137	603.9485751820105	0	0	0	0	0.0077653664022351455	0.0013650651220813378	0.016166476584987287	6.4402025181784435	1.0672155452525487
12.4	4.7671321747275135	4.7671321747275135	4.7671321747275135	0.0910921281698913	37.49070983900176	16.33483536188883	9.602887099905727	3406.4275571277685	603.9485751830837	0	0	0	0	0.007765339216531029	0.0013650599891961905	0.016166476585797094	6.440203136926445	1.0672155928056133
12.5	4.7671321747275135	4.7671321747275135	4.7671321747275135	0.09109212816976038	37.490709839086676	16.33483536171523	9.60288709990922	3406.4275571255703	603.9485751847072	0	0	0	0	0.007765298112480944	0.0013650522285449873	0.016166476587377045	6.44020407263239	1.0672156647291562
12.6	4.7671321747275135	4.7671321747275135	4.7671321747275135	0.0910921281696306	37.49070983917722	16.33483536154318	9.60288709991268	3406.427557123246	603.9485751863164	0	0	0	0	0.007765257635269508	0.0013650445879753047	0.016166476589557523	6.440204994459548	1.0672157355911713
12.7	4.7671321747275135	4.7671321747275135	4.7671321747275135	0.09109212816961335	37.4907098392067	16.334835361520398	9.60288709991314	3406.4275571225367	603.9485751865295	0	0	0	0	0.007765252983880516	0.0013650437147520631	0.016166476591389627	6.44020510142819	1.0672157438235403
12.8	4.7671321747275135	4.7671321747275135	4.7671321747275135	0.09109212816959378	37.49070983921926	16.33483536149445	9.602887099913662	3406.427557122212	603.9485751867722	0	0	0	0	0.007765246836199836	0.001365042553996223	0.016166476592871196	6.440205242208511	1.0672157546880767
12.9	4.7671321747275135	4.7671321747275135	4.7671321747275135	0.09109212816956534	37.49070983923357	16.334835361456705	9.60288709991442	3406.42755712183	603.9485751871249	0	0	0	0	0.0077652377313735185	0.0013650408338040782	0.016166476594073893	6.440205450062745	1.0672157707052636
13	4.7671321747275135	4.7671321747275135	4.7671321747275135	0.09109212816956445	37.49070983923913	16.334835361455582	9.602887099914444	3406.4275571217004	603.9485751871354	0	0	0	0	0.007765237667058226	0.0013650408230010103	0.01616647659504551	6.440205452200053	1.0672157708904293
13.1	4.7671321747275135	4.7671321747275135	4.7671321747275135	0.09109212816955167	37.49070983924055	16.334835361438568	9.602887099914783	3406.4275571216435	603.9485751872942	0	0	0	0	0.007765233361854844	0.0013650400082863684	0.0161664765958336	6.440205550652415	1.0672157784969805
13.2	4.7671321747275135	4.7671321747275135	4.7671321747275135	0.09109212816954733	37.49070983924286	16.334835361432834	9.6028870999149	3406.427557121583	603.948575187348	0	0	0	0	0.007765231981583555	0.0013650397475038964	0.016166476596472627	6.440205582499043	1.0672157809664398
13.3	4.7671321747275135	4.7671321747275135	4.7671321747275135	0.09109212816954644	37.49070983924375	16.33483536143167	9.602887099914922	3406.4275571215617	603.9485751873589	0	0	0	0	0.007765231717147519	0.0013650396976449316	0.016166476596988534	6.440205588891891	1.0672157814743162
13.4	4.7671321747275135	4.7671321747275135	4.7671321747275135	0.09109212816954185	37.49070983924287	16.334835361425537	9.602887099915044	3406.4275571215726	603.9485751874162	0	0	0	0	0.0077652301106082115	0.0013650393933012095	0.016166476597406883	6.440205625736108	1.067215784328117
13.5	4.7671321747275135	4.7671321747275135	4.7671321747275135	0.09109212816954146	37.49070983924352	16.334835361425046	9.602887099915055	3406.4275571215567	603.9485751874206	0	0	0	0	0.0077652300077476226	0.001365039373978116	0.01616647659774607	6.440205628333193	1.067215784538196
13.6	4.767132174727513	4.767132174727513	4.767132174727513	0.09109212816954028	37.490709839243	16.334835361423448	9.602887099915085	3406.4275571215667	603.9485751874356	0	0	0	0	0.007765229579013449	0.001365039292690427	0.016166476598020146	6.440205638294994	1.0672157853158752
13.7	4.767132174727513	4.767132174727513	4.767132174727513	0.09109212816953939	37.49070983924271	16.334835361422225	9.602887099915108	3406.427557121572	603.9485751874469	0	0	0	0	0.0077652292546821905	0.0013650392312309413	0.016166476598242146	6.44020564584519	1.0672157859056324
13.8	4.7671321747275135	4.7671321747275135	4.7671321747275135	0.09109212816953939	37.49070983924288	16.334835361422197	9.60288709991511	3406.4275571215685	603.9485751874473	0	0	0	0	0.0077652292523085874	0.0013650392308296108	0.01616647659842156	6.440205646043484	1.0672157859267033
13.9	4.767132174727514	4.767132174727514	4.767132174727514	0.09109212816953878	37.490709839242385	16.334835361421398	9.602887099915126	3406.427557121579	603.9485751874548	0	0	0	0	0.007765229030650304	0.0013650391887462647	0.01616647659856699	6.440205651203653	1.06721578633016
14	4.7671321747275135	4.7671321747275135	4.7671321747275135	0.09109212816953866	37.49070983924237	16.334835361421238	9.602887099915128	3406.427557121579	603.9485751874563	0	0	0	0	0.007765228989819605	0.001365039181034034	0.016166476598684722	6.440205652230711	1.0672157864131169
14.1	4.7671321747275135	4.7671321747275135	4.7671321747275135	0.09109212816953857	37.49070983924232	16.33483536142114	9.602887099915131	3406.4275571215794	603.9485751874573	0	0	0	0	0.007765228961700378	0.0013650391757011459	0.016166476598779646	6.440205652951435	1.067215786472
14.2	4.767132174727514	4.767132174727514	4.767132174727514	0.09109212816955205	37.490709839263	16.33483536143927	9.602887099914772	3406.4275571211306	603.9485751872883	0	0	0	0	0.007765234297310894	0.0013650401914026564	0.016166476598856113	6.440205531699459	1.0672157770831472
14.3	4.767132174727513	4.767132174727513	4.767132174727513	0.09109212816958816	37.490709839318264	16.334835361487936	9.60288709991381	3406.4275571199287	603.9485751868345	0	0	0	0	0.007765248609749335	0.0013650429159254005	0.016166476598916932	6.4402052063227275	1.06721575188376
14.4	4.767132174727513	4.767132174727513	4.767132174727513	0.09109212816963493	37.49070983938964	16.33483536155091	9.60288709991256	3406.4275571183766	603.9485751862476	0	0	0	0	0.007765267125471639	0.001365046440564829	0.016166476598964745	6.44020478536247	1.0672157192808833
14.5	4.7671321747275135	4.7671321747275135	4.7671321747275135	0.09109212816968024	37.490709839458596	16.33483536161192	9.602887099911355	3406.427557116878	603.9485751856791	0	0	0	0	0.007765285055336888	0.001365049853647375	0.0161664765990022	6.440204377714556	1.0672156877090284
14.6	4.7671321747275135	4.7671321747275135	4.7671321747275135	0.091092128169712	37.4907098395066	16.334835361654672	9.60288709991051	3406.4275571158346	603.9485751852806	0	0	0	0	0.007765297610204166	0.001365052243499471	0.016166476599031934	6.440204092274851	1.0672156656027074
14.7	4.7671321747275135	4.7671321747275135	4.7671321747275135	0.09109212816971815	37.49070983951513	16.334835361662908	9.602887099910346	3406.42755711565	603.9485751852038	0	0	0	0	0.0077653000009325545	0.0013650526984475514	0.016166476599056585	6.440204037939222	1.0672156613964319
14.8	4.7671321747275135	4.7671321747275135	4.7671321747275135	0.09109212816968659	37.490709839465644	16.334835361620335	9.602887099911186	3406.4275571167273	603.9485751856006	0	0	0	0	0.00776528743838114	0.0013650503068180489	0.0161664765990788	6.440204323603538	1.067215683524714
14.9	4.7671321747275135	4.7671321747275135	4.7671321747275135	0.0910921281696099	37.49070983934722	16.334835361516987	9.60288709991323	3406.427557119304	603.9485751865639	0	0	0	0	0.007765257004045462	0.0013650445131124218	0.016166476599100896	6.44020501562959	1.0672157371269113
15	4.7671321747275135	4.7671321747275135	4.7671321747275135	0.09109212816957354	37.490709839297494	16.334835361468357	9.602887099914199	3406.427557120378	603.9485751870172	0	0	0	0	0.007765242905142649	0.0013650418302426114	0.01616647659911809	6.440205336222772	1.0672157619489342
15.1	4.7671321747275135	4.7671321747275135	4.7671321747275135	0.09109212816956491	37.490709839287874	16.334835361456914	9.60288709991443	3406.4275571205835	603.948575187124	0	0	0	0	0.0077652396642508776	0.0013650412139210805	0.016166476599130862	6.440205409926151	1.0672157676520513
15.2	4.7671321747275135	4.7671321747275135	4.7671321747275135	0.09109212816954917	37.490709839260866	16.334835361435548	9.602887099914849	3406.427557121174	603.9485751873231	0	0	0	0	0.00776523328021203	0.0013650399981530782	0.01616647659914209	6.440205555094625	1.0672157789008625
15.3	4.7671321747275135	4.7671321747275135	4.7671321747275135	0.09109212816954605	37.49070983925702	16.33483536143142	9.602887099914932	3406.427557121256	603.9485751873615	0	0	0	0	0.007765232095012106	0.0013650397727046424	0.016166476599151214	6.4402055820517905	1.0672157809876859
15.4	4.7671321747275135	4.7671321747275135	4.7671321747275135	0.09109212816954212	37.49070983924948	16.334835361426016	9.602887099915037	3406.427557121422	603.9485751874117	0	0	0	0	0.0077652304550530505	0.0013650394602615172	0.01616647659915772	6.44020561934721	1.0672157838790122
15.5	4.7671321747275135	4.7671321747275135	4.7671321747275135	0.09109212816954035	37.49070983924641	16.33483536142365	9.602887099915085	3406.4275571214894	603.9485751874338	0	0	0	0	0.007765229745737375	0.0013650393251661082	0.01616647659916311	6.440205635481751	1.067215785129514
15.6	4.7671321747275135	4.7671321747275135	4.7671321747275135	0.0910921281695397	37.49070983924522	16.334835361422762	9.602887099915101	3406.4275571215157	603.9485751874421	0	0	0	0	0.007765229478691661	0.0013650392742933885	0.01616647659916756	6.4402056415589675	1.0672157856006386
15.7	4.7671321747275135	4.7671321747275135	4.7671321747275135	0.09109212816953886	37.49070983924336	16.334835361421575	9.602887099915126	3406.4275571215567	603.948575187453	0	0	0	0	0.0077652291097413395	0.001365039203967911	0.016166476599170653	6.4402056499511815	1.0672157862516785
15.8	4.7671321747275135	4.7671321747275135	4.7671321747275135	0.09109212816953871	37.49070983924312	16.33483536142137	9.602887099915128	3406.427557121562	603.9485751874549	0	0	0	0	0.007765229048562268	0.0013650391923312427	0.01616647659917277	6.440205651344466	1.0672157863598295
15.9	4.7671321747275135	4.7671321747275135	4.7671321747275135	0.09109212816953846	37.49070983924246	16.334835361420996	9.602887099915135	3406.4275571215762	603.9485751874585	0	0	0	0	0.007765228931759998	0.0013650391700569516	0.016166476599174633	6.440205654002711	1.0672157865662426
16	4.7671321747275135	4.7671321747275135	4.7671321747275135	0.09109212816953838	37.490709839242285	16.334835361420883	9.602887099915138	3406.427557121581	603.9485751874594	0	0	0	0	0.007765228896990993	0.001365039163435888	0.016166476599176083	6.440205654795187	1.0672157866278102
16.1	4.767132174727514	4.767132174727514	4.767132174727514	0.09109212816953834	37.49070983924216	16.334835361420808	9.60288709991514	3406.427557121583	603.94857518746	0	0	0	0	0.007765228874123658	0.00136503915907408	0.01616647659917769	6.440205655316549	1.0672157866684084
16.2	4.7671321747275135	4.7671321747275135	4.7671321747275135	0.09109212816953831	37.49070983924206	16.334835361420758	9.60288709991514	3406.4275571215862	603.9485751874606	0	0	0	0	0.007765228854753087	0.001365039155356383	0.016166476599179472	6.440205655758129	1.0672157867028589
16.3	4.7671321747275135	4.7671321747275135	4.7671321747275135	0.09109212816953828	37.49070983924205	16.334835361420755	9.60288709991514	3406.4275571215862	603.9485751874607	0	0	0	0	0.0077652288510860175	0.001365039154640395	0.016166476599180947	6.440205655842744	1.0672157867094607
16.4	4.7671321747275135	4.7671321747275135	4.7671321747275135	0.09109212816955096	37.49070983926636	16.334835361431594	9.6028870999148	3406.427557121043	603.94857518736	0	0	0	0	0.007765231440406455	0.0013650396463103867	0.01616647659918139	6.440205596966645	1.0672157821609363
16.5	4.767132174727513	4.767132174727513	4.767132174727513	0.09109212816960414	37.490709839368336	16.334835361477094	9.602887099913382	3406.427557118765	603.9485751869373	0	0	0	0	0.007765242309842026	0.001365041710233739	0.016166476599179927	6.440205349811946	1.0672157630670795
16.6	4.7671321747275135	4.7671321747275135	4.7671321747275135	0.09109212816968755	37.49070983952824	16.334835361548464	9.60288709991116	3406.4275571151934	603.9485751862743	0	0	0	0	0.007765259357372145	0.0013650449472651515	0.01616647659917704	6.440204962175677	1.0672157331204837
16.7	4.7671321747275135	4.7671321747275135	4.7671321747275135	0.09109212816978889	37.49070983972251	16.33483536163519	9.602887099908456	3406.4275571108537	603.9485751854684	0	0	0	0	0.0077652800734552	0.0013650488808790804	0.01616647659917327	6.440204491121358	1.067215696729612
16.8	4.7671321747275135	4.7671321747275135	4.7671321747275135	0.09109212816989594	37.49070983992759	16.33483536172678	9.6028870999056	3406.427557106273	603.9485751846174	0	0	0	0	0.007765301948549582	0.0013650530345499842	0.01616647659916916	6.440203993712516	1.0672156583029286
16.9	4.767132174727513	4.767132174727513	4.767132174727513	0.09109212816999641	37.4907098401199	16.33483536181272	9.602887099902919	3406.427557101977	603.9485751838189	0	0	0	0	0.007765322473113677	0.00136505693175232	0.01616647659916526	6.440203527012671	1.0672156222488975
17	4.7671321747275135	4.7671321747275135	4.7671321747275135	0.09109212817007803	37.49070984027589	16.334835361882515	9.602887099900743	3406.4275570984933	603.9485751831704	0	0	0	0	0.007765339137605874	0.001365060095960546	0.016166476599162115	6.44020314808535	1.0672155929759823
17.1	4.7671321747275135	4.7671321747275135	4.7671321747275135	0.09109212817012854	37.490709840372	16.33483536192566	9.602887099899398	3406.427557096347	603.9485751827696	0	0	0	0	0.007765349432484561	0.0013650620506491188	0.016166476599160255	6.4402029139940735	1.0672155748926475
17.2	4.7671321747275135	4.7671321747275135	4.7671321747275135	0.09109212817013566	37.49070984038466	16.334835361931653	9.602887099899206	3406.4275570960644	603.9485751827139	0	0	0	0	0.007765350848208126	0.0013650623192924963	0.01616647659916024	6.4402028818023656	1.0672155724073566
17.3	4.7671321747275135	4.7671321747275135	4.7671321747275135	0.09109212817008713	37.4907098402903	16.334835361889986	9.602887099900501	3406.427557098173	603.948575183101	0	0	0	0	0.007765340875234957	0.0013650604253651363	0.016166476599162604	6.44020310857375	1.067215589928574
17.4	4.7671321747275135	4.7671321747275135	4.7671321747275135	0.09109212816997068	37.49070984006537	16.334835361790162	9.602887099903606	3406.427557103198	603.9485751840284	0	0	0	0	0.0077653170040234455	0.001365055892341496	0.0161664765991679	6.44020365137175	1.0672156318647632
17.5	4.7671321747275135	4.7671321747275135	4.7671321747275135	0.09109212816977406	37.49070983968629	16.334835361621675	9.602887099908852	3406.4275571116664	603.9485751855938	0	0	0	0	0.007765276725031975	0.001365048243696033	0.016166476599176662	6.44020456725989	1.067215702624388
17.6	4.7671321747275135	4.7671321747275135	4.7671321747275135	0.09109212816962886	37.49070983941211	16.334835361497863	9.602887099912722	3406.427557117788	603.9485751867444	0	0	0	0	0.007765247215144102	0.00136504264104307	0.01616647659918313	6.440205238274651	1.067215754455971
17.7	4.767132174727513	4.767132174727513	4.767132174727513	0.09109212816958881	37.49070983934075	16.334835361464165	9.602887099913792	3406.42755711938	603.9485751870573	0	0	0	0	0.007765239249323555	0.0013650411294418502	0.016166476599184923	6.440205419407232	1.0672157684401873
17.8	4.7671321747275135	4.7671321747275135	4.7671321747275135	0.09109212816955756	37.49070983927939	16.334835361437253	9.602887099914627	3406.4275571207513	603.9485751873074	0	0	0	0	0.007765232800491339	0.0013650399046651817	0.016166476599186397	6.440205566044765	1.0672157797710335
17.9	4.7671321747275135	4.7671321747275135	4.7671321747275135	0.09109212816954872	37.490709839263076	16.334835361429768	9.602887099914858	3406.4275571211156	603.9485751873768	0	0	0	0	0.007765231022122942	0.0013650395670979254	0.01616647659918689	6.440205606483474	1.0672157828940458
18	4.767132174727513	4.767132174727513	4.767132174727513	0.0910921281695424	37.4907098392503	16.3348353614243	9.602887099915028	3406.4275571214002	603.9485751874277	0	0	0	0	0.007765229704552285	0.001365039316776706	0.016166476599186755	6.440205636443276	1.067215785209752
18.1	4.7671321747275135	4.7671321747275135	4.7671321747275135	0.0910921281695404	37.49070983924638	16.334835361422556	9.602887099915083	3406.427557121489	603.9485751874439	0	0	0	0	0.007765229288127058	0.0013650392376962093	0.016166476599186262	6.4402056459117745	1.067215785941259
18.2	4.7671321747275135	4.7671321747275135	4.7671321747275135	0.09109212816953917	37.49070983924383	16.33483536142149	9.602887099915115	3406.4275571215453	603.9485751874538	0	0	0	0	0.007765229029543266	0.0013650391885522966	0.0161664765991862	6.440205651791518	1.0672157863958283
18.3	4.7671321747275135	4.7671321747275135	4.7671321747275135	0.0910921281695387	37.490709839242875	16.33483536142108	9.60288709991513	3406.4275571215667	603.9485751874577	0	0	0	0	0.0077652289301636136	0.0013650391696671395	0.01616647659918634	6.440205654051277	1.0672157865704726
18.4	4.7671321747275135	4.7671321747275135	4.7671321747275135	0.09109212816953846	37.49070983924239	16.33483536142088	9.602887099915135	3406.427557121577	603.9485751874597	0	0	0	0	0.00776522888052914	0.0013650391602443204	0.016166476599186328	6.44020565517969	1.0672157866577312
18.5	4.7671321747275135	4.7671321747275135	4.7671321747275135	0.09109212816953835	37.490709839242164	16.33483536142078	9.60288709991514	3406.4275571215826	603.9485751874606	0	0	0	0	0.007765228856758968	0.0013650391557145651	0.016166476599186283	6.440205655719483	1.0672157866995287
18.6	4.7671321747275135	4.7671321747275135	4.7671321747275135	0.09109212816953831	37.49070983924206	16.33483536142074	9.60288709991514	3406.4275571215853	603.9485751874608	0	0	0	0	0.007765228847318138	0.001365039153927591	0.016166476599186238	6.440205655934105	1.0672157867161287
18.7	4.7671321747275135	4.7671321747275135	4.7671321747275135	0.09109212816953828	37.490709839242	16.33483536142072	9.60288709991514	3406.4275571215862	603.9485751874612	0	0	0	0	0.007765228841702385	0.0013650391528659282	0.016166476599186193	6.440205656062029	1.0672157867260816
18.8	4.767132174727514	4.767132174727514	4.767132174727514	0.09109212816953828	37.49070983924201	16.33483536142073	9.60288709991514	3406.4275571215867	603.948575187461	0	0	0	0	0.007765228842553136	0.0013650391530233908	0.016166476599186158	6.440205656043033	1.067215786724661
18.9	4.7671321747275135	4.7671321747275135	4.7671321747275135	0.09109212816957853	37.490709839290474	16.334835361452345	9.602887099914067	3406.427557120519	603.9485751871669	0	0	0	0	0.007765233039223946	0.001365039948047157	0.016166476599184222	6.440205560614466	1.0672157793696435
19	4.7671321747275135	4.7671321747275135	4.7671321747275135	0.09109212816968516	37.49070983941892	16.33483536153614	9.602887099911221	3406.42755711769	603.9485751863873	0	0	0	0	0.007765244162356471	0.0013650420552267985	0.01616647659917914	6.440205307683334	1.0672157598754193
19.1	4.7671321747275135	4.7671321747275135	4.7671321747275135	0.09109212816984316	37.490709839609174	16.33483536166029	9.602887099907006	3406.4275571134986	603.9485751852322	0	0	0	0	0.007765260642277854	0.0013650451771978264	0.016166476599171625	6.440204932942815	1.0672157309930066
19.2	4.7671321747275135	4.7671321747275135	4.7671321747275135	0.09109212817003749	37.49070983984311	16.334835361812967	9.602887099901823	3406.4275571083454	603.9485751838118	0	0	0	0	0.007765280909315237	0.0013650490165957535	0.016166476599162382	6.440204472086086	1.067215695473424
19.3	4.7671321747275135	4.7671321747275135	4.7671321747275135	0.09109212817025311	37.490709840102575	16.334835361982368	9.602887099896074	3406.42755710263	603.9485751822358	0	0	0	0	0.007765303393795761	0.0013650532760560916	0.01616647659915212	6.440203960806326	1.0672156560676906
19.4	4.7671321747275135	4.7671321747275135	4.7671321747275135	0.09109212817047496	37.49070984036941	16.334835362156653	9.602887099890156	3406.4275570967525	603.9485751806145	0	0	0	0	0.007765326526046569	0.0013650576582143526	0.016166476599141544	6.440203434796711	1.0672156155268244
19.5	4.7671321747275135	4.7671321747275135	4.7671321747275135	0.091092128170688	37.49070984062548	16.334835362324007	9.602887099884475	3406.4275570911122	603.9485751790575	0	0	0	0	0.0077653487363947985	0.0013650618657060484	0.016166476599131355	6.440202929750418	1.0672155766018443
19.6	4.7671321747275135	4.7671321747275135	4.7671321747275135	0.0910921281708772	37.49070984085262	16.334835362472614	9.602887099879428	3406.4275570861087	603.9485751776749	0	0	0	0	0.007765368455167595	0.0013650656011666919	0.016166476599122275	6.440202481360625	1.067215542043769
19.7	4.7671321747275135	4.7671321747275135	4.7671321747275135	0.0910921281710275	37.49070984103269	16.334835362590646	9.602887099875419	3406.427557082143	603.9485751765768	0	0	0	0	0.007765384112692102	0.0013650685672317948	0.016166476599114996	6.44020212532051	1.0672155146036166
19.8	4.7671321747275135	4.7671321747275135	4.7671321747275135	0.0910921281711239	37.49070984114754	16.334835362666276	9.602887099872847	3406.427557079614	603.9485751758732	0	0	0	0	0.007765394139295459	0.0013650704665368692	0.016166476599110236	6.4402018973232495	1.0672154970324066
19.9	4.7671321747275135	4.7671321747275135	4.7671321747275135	0.09109212817115134	37.490709841179026	16.334835362687695	9.602887099872115	3406.427557078921	603.9485751756739	0	0	0	0	0.007765396965304808	0.0013650710017174268	0.016166476599108696	6.440201833062022	1.067215492081157
20	4.7671321747275135	4.7671321747275135	4.7671321747275135	0.09109212817109474	37.49070984110899	16.334835362643073	9.602887099873623	3406.4275570804652	603.948575176089	0	0	0	0	0.007765391021047292	0.0013650698754089801	0.01616647659911109	6.440201968230004	1.0672155025008865
20.1	4.7671321747275135	4.7671321747275135	4.7671321747275135	0.0910921281709391	37.49070984091929	16.334835362520597	9.602887099877776	3406.4275570846457	603.9485751772286	0	0	0	0	0.007765374736850052	0.001365066790247041	0.016166476599118115	6.440202338520374	1.0672155310426141
20.2	4.7671321747275135	4.7671321747275135	4.7671321747275135	0.09109212817066939	37.49070984059177	16.334835362308432	9.60288709988497	3406.427557091862	603.9485751792024	0	0	0	0	0.007765346543040229	0.001365061448867122	0.016166476599130487	6.440202979626308	1.0672155804573575
20.3	4.7671321747275135	4.7671321747275135	4.7671321747275135	0.09109212817027053	37.4907098401083	16.33483536199477	9.602887099895607	3406.427557102515	603.9485751821204	0	0	0	0	0.007765304869944967	0.001365053553904735	0.016166476599148914	6.440203927240987	1.0672156534961363
20.4	4.7671321747275135	4.7671321747275135	4.7671321747275135	0.0910921281698502	37.49070983960998	16.334835361665203	9.60288709990682	3406.4275571134854	603.9485751851868	0	0	0	0	0.007765261207072787	0.0013650452832767777	0.01616647659916855	6.440204920102817	1.0672157300102865
20.5	4.7671321747275135	4.7671321747275135	4.7671321747275135	0.09109212816980913	37.4907098396036	16.334835361636742	9.602887099907916	3406.42755711359	603.9485751854522	0	0	0	0	0.0077652579012439426	0.0013650446620235815	0.016166476599171167	6.4402049952793	1.0672157357575112
20.6	4.7671321747275135	4.7671321747275135	4.7671321747275135	0.09109212816979381	37.490709839596356	16.33483536162565	9.602887099908324	3406.4275571137405	603.9485751855555	0	0	0	0	0.007765256553974675	0.0013650444081138092	0.016166476599172343	6.440205025915682	1.0672157381066867
20.7	4.767132174727514	4.767132174727514	4.767132174727514	0.09109212816965707	37.4907098394114	16.33483536151646	9.602887099911973	3406.427557117832	603.948575186571	0	0	0	0	0.007765241834505059	0.0013650416172612998	0.016166476599178425	6.440205360622314	1.067215763926126
20.8	4.7671321747275135	4.7671321747275135	4.7671321747275135	0.09109212816966104	37.49070983943572	16.334835361521453	9.602887099911866	3406.42755711728	603.9485751865249	0	0	0	0	0.0077652427026919995	0.0013650417839156878	0.01616647659917797	6.440205340882087	1.0672157623842486
20.9	4.7671321747275135	4.7671321747275135	4.7671321747275135	0.09109212816962627	37.49070983938236	16.334835361493052	9.602887099912795	3406.4275571184653	603.9485751867888	0	0	0	0	0.007765238810345909	0.0013650410452343527	0.01616647659917983	6.4402054293893265	1.0672157692181776
21	4.7671321747275135	4.7671321747275135	4.7671321747275135	0.09109212816958731	37.49070983932495	16.33483536146151	9.602887099913831	3406.4275571197386	603.948575187082	0	0	0	0	0.007765234508907303	0.0013650402291788956	0.016166476599182453	6.440205527198419	1.0672157767680526
21.1	4.7671321747275135	4.7671321747275135	4.7671321747275135	0.09109212816959263	37.49070983934063	16.334835361466595	9.602887099913689	3406.427557119386	603.9485751870347	0	0	0	0	0.0077652352801282	0.00136504037634122	0.016166476599183004	6.440205509661198	1.0672157754067617
21.2	4.7671321747275135	4.7671321747275135	4.7671321747275135	0.09109212816956809	37.4907098392961	16.334835361445883	9.602887099914343	3406.4275571203802	603.9485751872271	0	0	0	0	0.00776523237285155	0.0013650398238803118	0.016166476599184503	6.440205575768776	1.0672157805179698
21.3	4.7671321747275135	4.7671321747275135	4.7671321747275135	0.09109212816955982	37.49070983928428	16.334835361439236	9.602887099914565	3406.427557120641	603.9485751872888	0	0	0	0	0.007765231470708388	0.001365039652783113	0.016166476599185294	6.440205596283216	1.0672157821009498
21.4	4.7671321747275135	4.7671321747275135	4.7671321747275135	0.09109212816956108	37.49070983928874	16.334835361440533	9.602887099914529	3406.4275571205403	603.948575187277	0	0	0	0	0.007765231673515396	0.0013650396915462105	0.01616647659918568	6.440205591672191	1.067215781742405
21.5	4.7671321747275135	4.7671321747275135	4.7671321747275135	0.09109212816954897	37.49070983926403	16.33483536143002	9.602887099914854	3406.4275571210933	603.9485751873747	0	0	0	0	0.007765230171245085	0.0013650394057914954	0.01616647659918636	6.440205625831163	1.067215784386182
21.6	4.7671321747275135	4.7671321747275135	4.7671321747275135	0.09109212816954801	37.490709839263744	16.334835361429384	9.602887099914879	3406.4275571210987	603.9485751873807	0	0	0	0	0.0077652300951477175	0.001365039391467113	0.01616647659918597	6.440205627561139	1.0672157845188914
21.7	4.7671321747275135	4.7671321747275135	4.7671321747275135	0.091092128169547	37.490709839261896	16.334835361428524	9.602887099914907	3406.42755712114	603.9485751873887	0	0	0	0	0.0077652299750870304	0.0013650393686457049	0.016166476599185596	6.440205630291232	1.0672157847300856
21.8	4.767132174727513	4.767132174727513	4.767132174727513	0.09109212816954242	37.49070983925167	16.33483536142445	9.602887099915028	3406.427557121369	603.9485751874264	0	0	0	0	0.007765229384118837	0.0013650392561552678	0.016166476599185683	6.4402056437291675	1.067215785770778
21.9	4.7671321747275135	4.7671321747275135	4.7671321747275135	0.0910921281695427	37.490709839253	16.334835361424766	9.602887099915021	3406.4275571213393	603.9485751874234	0	0	0	0	0.00776522943539917	0.0013650392659902116	0.016166476599185603	6.440205642562821	1.067215785679869
22	4.7671321747275135	4.7671321747275135	4.7671321747275135	0.09109212816954243	37.490709839252794	16.33483536142458	9.60288709991503	3406.4275571213434	603.9485751874253	0	0	0	0	0.0077652294116275005	0.0013650392614997773	0.0161664765991856	6.440205643103126	1.0672157857213298
22.1	4.7671321747275135	4.7671321747275135	4.7671321747275135	0.09109212816960065	37.49070983941748	16.334835361479914	9.602887099913474	3406.4275571176377	603.9485751869117	0	0	0	0	0.007765237732440552	0.0013650408489380593	0.01616647659918319	6.440205453906095	1.0672157710344006
22.2	4.767132174727514	4.767132174727514	4.767132174727514	0.09109212816971589	37.49070983974224	16.33483536158931	9.602887099910404	3406.42755711033	603.9485751858967	0	0	0	0	0.00776525417222942	0.0013650439852081104	0.01616647659917842	6.440205080101305	1.067215742017963
22.3	4.7671321747275135	4.7671321747275135	4.7671321747275135	0.09109212816983814	37.49070984008611	16.334835361705288	9.602887099907143	3406.4275571025923	603.9485751848204	0	0	0	0	0.007765271596613005	0.0013650473092633535	0.016166476599173377	6.440204683908995	1.067215711264239
22.4	4.7671321747275135	4.7671321747275135	4.7671321747275135	0.09109212816991742	37.490709840308156	16.334835361780378	9.602887099905027	3406.4275570975965	603.9485751841235	0	0	0	0	0.007765282871210209	0.0013650494600572114	0.016166476599170147	6.44020442754941	1.0672156913654498
22.5	4.7671321747275135	4.7671321747275135	4.7671321747275135	0.09109212816990372	37.4907098402674	16.3348353617671	9.602887099905393	3406.4275570985146	603.9485751842466	0	0	0	0	0.007765280861639933	0.0013650490765431062	0.016166476599170837	6.440204473242789	1.067215694913818
22.6	4.767132174727513	4.767132174727513	4.767132174727513	0.09109212816974793	37.49070983982541	16.33483536161882	9.602887099909548	3406.42755710846	603.9485751856224	0	0	0	0	0.007765258559233109	0.0013650448216616447	0.01616647659917749	6.440204980350963	1.0672157342796376
22.7	4.7671321747275135	4.7671321747275135	4.7671321747275135	0.09109212816964274	37.49070983954106	16.33483536152054	9.602887099912353	3406.4275571148555	603.9485751865346	0	0	0	0	0.007765243868375298	0.0013650420198366704	0.01616647659918175	6.440205314390075	1.0672157602017838
22.8	4.7671321747275135	4.7671321747275135	4.7671321747275135	0.09109212816964	37.49070983954798	16.334835361519843	9.602887099912428	3406.4275571146954	603.9485751865412	0	0	0	0	0.007765243859748628	0.0013650420191472735	0.016166476599181565	6.440205314587338	1.0672157602080332
22.9	4.7671321747275135	4.7671321747275135	4.7671321747275135	0.09109212816958956	37.49070983939641	16.334835361470716	9.60288709991377	3406.427557118109	603.9485751869971	0	0	0	0	0.0077652364172075845	0.0013650405987078065	0.016166476599183664	6.440205483813837	1.0672157733497385
23	4.7671321747275135	4.7671321747275135	4.7671321747275135	0.0910921281695737	37.49070983935435	16.334835361456026	9.602887099914195	3406.427557119054	603.9485751871333	0	0	0	0	0.007765234226290158	0.0013650401809429539	0.016166476599184347	6.440205533630565	1.0672157772147735
23.1	4.7671321747275135	4.7671321747275135	4.7671321747275135	0.09109212816956994	37.490709839345136	16.33483536145264	9.602887099914295	3406.427557119261	603.9485751871648	0	0	0	0	0.007765233726209678	0.0013650400856357668	0.016166476599184666	6.440205545001355	1.0672157780964235
23.2	4.7671321747275135	4.7671321747275135	4.7671321747275135	0.09109212816955223	37.49070983928795	16.33483536143486	9.602887099914767	3406.4275571205503	603.9485751873298	0	0	0	0	0.007765231007386212	0.0013650395664619927	0.01616647659918561	6.440205606821186	1.0672157828996256
23.3	4.7671321747275135	4.7671321747275135	4.7671321747275135	0.09109212816955085	37.49070983928578	16.3348353614338	9.602887099914804	3406.427557120599	603.9485751873397	0	0	0	0	0.007765230858226277	0.0013650395381274087	0.01616647659918544	6.440205610213146	1.0672157831616684
23.4	4.7671321747275135	4.7671321747275135	4.7671321747275135	0.09109212816954611	37.49070983926937	16.334835361428873	9.60288709991493	3406.4275571209687	603.9485751873855	0	0	0	0	0.007765230098873206	0.0013650393930658914	0.01616647659918516	6.440205627479058	1.0672157845037835
23.5	4.7671321747275135	4.7671321747275135	4.7671321747275135	0.09109212816954264	37.49070983925788	16.33483536142536	9.602887099915023	3406.4275571212283	603.948575187418	0	0	0	0	0.007765229559663787	0.001365039290094145	0.016166476599185506	6.440205639739323	1.0672157854565973
23.6	4.7671321747275135	4.7671321747275135	4.7671321747275135	0.0910921281695425	37.49070983925806	16.334835361425316	9.602887099915026	3406.427557121224	603.9485751874183	0	0	0	0	0.007765229556468513	0.0013650392895272877	0.01616647659918583	6.440205639811857	1.067215785461921
23.7	4.7671321747275135	4.7671321747275135	4.7671321747275135	0.09109212816954022	37.49070983924941	16.334835361422837	9.602887099915085	3406.4275571214184	603.9485751874414	0	0	0	0	0.007765229170835905	0.0013650392157950357	0.016166476599185436	6.440205648579983	1.0672157861439984
23.8	4.7671321747275135	4.7671321747275135	4.7671321747275135	0.09109212816953977	37.49070983924801	16.334835361422396	9.602887099915101	3406.4275571214507	603.9485751874455	0	0	0	0	0.007765229104007446	0.001365039203037257	0.01616647659918491	6.440205650099674	1.0672157862619212
23.9	4.7671321747275135	4.7671321747275135	4.7671321747275135	0.09109212816953945	37.49070983924689	16.334835361422066	9.602887099915108	3406.427557121476	603.9485751874486	0	0	0	0	0.007765229053096423	0.0013650391933070058	0.016166476599184774	6.44020565125738	1.067215786351904
24	4.7671321747275135	4.7671321747275135	4.7671321747275135	0.09109212816953867	37.49070983924367	16.33483536142118	9.60288709991513	3406.4275571215485	603.9485751874568	0	0	0	0	0.007765228913069893	0.00136503916651401	0.016166476599184642	6.440205654441559	1.0672157865997702
