0	4.7671321747275135	4.7671321747275135	4.7671321747275135	0.09109212816953825	37.49070983924196	16.3348353614207	9.60288709991514	3406.4275571215885	603.9485751874613	0	0	0	0	0	0	0	0	0
0.1	4.7671321747275135	4.7671321747275135	4.7671321747275135	0.09109212816953825	37.49070983924196	16.3348353614207	9.60288709991514	3406.4275571215885	603.9485751874613	0	0	0	0	-0.005324242572916895	-0.8550348354330316	0	-0.027283432537458793	-3.625098604431844
0.2	4.7671321747275135	4.7671321747275135	4.7671321747275135	0.09109212816953825	37.49070983924196	16.3348353614207	9.60288709991514	3406.4275571215885	603.9485751874613	0	0	0	0	-0.025632718980989684	-1.1557059395883726	0	-0.27727357196258356	-10.224370813172234
0.3	4.7671321747275135	4.7671321747275135	4.7671321747275135	0.09109212816953825	37.49070983924196	16.3348353614207	9.60288709991514	3406.4275571215885	603.9485751874613	0	0	0	0	-0.05435419350521403	-1.2614495214658077	0	-0.9185813117526413	-16.856629736940032
0.4	4.7671321747275135	4.7671321747275135	4.7671321747275135	0.09109212816953825	37.49070983924196	16.3348353614207	9.60288709991514	3406.4275571215885	603.9485751874613	0	0	0	0	-0.08426768176830929	-1.2986754651016217	0	-1.9527487110481971	-22.68034844252284
0.5	4.7671321747275135	4.7671321747275135	4.7671321747275135	0.09109212816953825	37.49070983924196	16.3348353614207	9.60288709991514	3406.4275571215885	603.9485751874613	0	0	0	0	-0.11165381920216386	-1.3118274212622183	0	-3.2877922896879426	-27.555816547861514
0.6	4.7671321747275135	4.7671321747275135	4.7671321747275135	0.09109212816953825	37.49070983924196	16.3348353614207	9.60288709991514	3406.4275571215885	603.9485751874613	0	0	0	0	-0.13523407520556283	-1.3165170985027843	0	-4.808880251580648	-31.560365424097583
0.7	4.767132174727514	4.767132174727514	4.767132174727514	0.09109212816953825	37.49070983924196	16.3348353614207	9.60288709991514	3406.4275571215885	603.9485751874613	0	0	0	0	-0.1549251020340456	-1.3182440396770947	0	-6.4129784793770135	-34.82346305976469
0.8	4.7671321747275135	4.7671321747275135	4.7671321747275135	0.09109212816953824	37.49070983924195	16.334835361420698	9.60288709991514	3406.4275571215885	603.9485751874613	0	0	0	0	-0.17111832397565852	-1.318928289639501	0	-8.020242799439393	-37.47347311886035
0.9	4.7671321747275135	4.7671321747275135	4.7671321747275135	0.09109212816953824	37.49070983924195	16.334835361420698	9.60288709991514	3406.4275571215885	603.9485751874613	0	0	0	0	-0.18433311783886502	-1.3192444408919715	0	-9.574240942725732	-39.6225318403161
1	4.7671321747275135	4.7671321747275135	4.7671321747275135	0.09109212816953824	37.49070983924196	16.334835361420698	9.60288709991514	3406.4275571215885	603.9485751874613	0	0	0	0	-0.19507688596705447	-1.3194279790713022	0	-11.038178333598806	-41.36441328769888
1.1	4.7671321747275135	4.7671321747275135	4.7671321747275135	0.09109212816953824	37.49070983924196	16.3348353614207	9.60288709991514	3406.4275571215885	603.9485751874613	0	0	0	0	-0.20379651843426316	-1.319560108859496	0	-12.390516137694148	-42.77609372869342
1.2	4.767132174727514	4.767132174727514	4.767132174727514	0.09109212816953825	37.49070983924196	16.3348353614207	9.60288709991514	3406.427557121589	603.9485751874613	0	0	0	0	-0.21086579426645485	-1.3196679992563516	0	-13.62116608795307	-43.919830220359174
1.3	4.7671321747275135	4.7671321747275135	4.7671321747275135	0.09109212816953825	37.49070983924196	16.3348353614207	9.60288709991514	3406.4275571215885	603.9485751874613	0	0	0	0	-0.21659636464204224	-1.3197616531153573	0	-14.727439011531459	-44.846748581674646
1.4	4.7671321747275135	4.7671321747275135	4.7671321747275135	0.09109212816953825	37.49070983924196	16.3348353614207	9.60288709991514	3406.4275571215885	603.9485751874613	0	0	0	0	-0.22124121710294634	-1.3198443761819765	0	-15.712237734028129	-45.59800347123945
1.5	4.7671321747275135	4.7671321747275135	4.7671321747275135	0.09109212816953824	37.49070983924196	16.3348353614207	9.60288709991514	3406.4275571215885	603.9485751874613	0	0	0	0	-0.22500450862094593	-1.3199175006080386	0	-16.58185600401472	-46.20668606836608
1.6	4.767132174727514	4.767132174727514	4.767132174727514	0.09109212816953824	37.49070983924196	16.3348353614207	9.60288709991514	3406.4275571215885	603.9485751874613	0	0	0	0	-0.22805613468443664	-1.319981982015909	0	-17.344453222197142	-46.70029576698357
1.7	4.7671321747275135	4.7671321747275135	4.7671321747275135	0.09109212816953824	37.49070983924195	16.3348353614207	9.602887099915138	3406.4275571215885	603.9485751874613	0	0	0	0	-0.23052797055871369	-1.3200385070853333	0	-18.009363658588278	-47.100155121490495
1.8	4.7671321747275135	4.7671321747275135	4.7671321747275135	0.09109212816953824	37.49070983924195	16.3348353614207	9.602887099915138	3406.4275571215885	603.9485751874613	0	0	0	0	-0.23253317473559457	-1.3200878257378281	0	-18.586200940587588	-47.42455976384206
1.9	4.7671321747275135	4.7671321747275135	4.7671321747275135	0.09109212816953824	37.49070983924196	16.33483536142071	9.602887099915138	3406.4275571215885	603.9485751874613	0	0	0	0	-0.23415753844195936	-1.3201306316081642	0	-19.084393590403504	-47.68737687658164
2	4.7671321747275135	4.7671321747275135	4.7671321747275135	0.09109212816953825	37.49070983924195	16.3348353614207	9.60288709991514	3406.4275571215885	603.9485751874613	0	0	0	0	-0.2354749824562821	-1.320167636137443	0	-19.51307598669601	-47.90055647396215
2.1	4.7671321747275135	4.7671321747275135	4.7671321747275135	0.09109212816953824	37.49070983924197	16.3348353614207	9.602887099915138	3406.4275571215885	603.9485751874613	0	0	0	0	-0.2365435003767825	-1.320199495601699	0	-19.880685671211257	-48.07347365439461
2.2	4.7671321747275135	4.7671321747275135	4.7671321747275135	0.09109212816953825	37.49070983924197	16.3348353614207	9.60288709991514	3406.427557121588	603.9485751874613	0	0	0	0	-0.23740863487209174	-1.3202268247178428	0	-20.19484316576516	-48.213491763339
2.3	4.7671321747275135	4.7671321747275135	4.7671321747275135	0.09109212816953825	37.49070983924197	16.3348353614207	9.60288709991514	3406.4275571215876	603.9485751874613	0	0	0	0	-0.23811179612697067	-1.3202502141372927	0	-20.462852489660307	-48.327306264882345
2.4	4.7671321747275135	4.7671321747275135	4.7671321747275135	0.09109212816953828	37.490709839242	16.3348353614207	9.60288709991514	3406.427557121587	603.9485751874613	0	0	0	0	-0.23868125782846644	-1.3202701566931299	0	-20.69068949567652	-48.419489333116026
2.5	4.7671321747275135	4.7671321747275135	4.7671321747275135	0.09109212816953828	37.49070983924199	16.3348353614207	9.60288709991514	3406.4275571215876	603.9485751874613	0	0	0	0	-0.23914252424751217	-1.3202871194488304	0	-20.883941467632717	-48.49416555812867
2.6	4.767132174727513	4.767132174727513	4.767132174727513	0.09109212816953827	37.490709839241994	16.334835361420698	9.60288709991514	3406.4275571215867	603.9485751874613	0	0	0	0	-0.2395179267116871	-1.3203015359116734	0	-21.04780679781196	-48.55494669730895
2.7	4.7671321747275135	4.7671321747275135	4.7671321747275135	0.09109212816953827	37.49070983924202	16.334835361420698	9.60288709991514	3406.4275571215867	603.9485751874613	0	0	0	0	-0.23982192413932513	-1.3203137407935792	0	-21.186228816158998	-48.60417169778952
2.8	4.7671321747275135	4.7671321747275135	4.7671321747275135	0.09109212816953824	37.49070983924202	16.334835361420698	9.60288709991514	3406.4275571215862	603.9485751874613	0	0	0	0	-0.24006784214320492	-1.320324050752263	0	-21.302898619574457	-48.64399617093838
2.9	4.7671321747275135	4.7671321747275135	4.7671321747275135	0.09109212816953827	37.49070983924202	16.334835361420698	9.60288709991514	3406.4275571215862	603.9485751874613	0	0	0	0	-0.24026818780116027	-1.3203327684220625	0	-21.401371800781202	-48.67644358637299
3	4.7671321747275135	4.7671321747275135	4.7671321747275135	0.09109212816953834	37.49070983924216	16.334835361420687	9.602887099915137	3406.427557121583	603.9485751874616	0	0	0	0	-0.24043085190699706	-1.3203401152301986	0	-21.484252925992113	-48.702791003225364
3.1	4.7671321747275135	4.7671321747275135	4.7671321747275135	0.09109212816953838	37.490709839242264	16.33483536142068	9.602887099915135	3406.4275571215803	603.9485751874616	0	0	0	0	-0.24056226946694637	-1.320346285814093	0	-21.55374260571963	-48.724079440624706
3.2	4.7671321747275135	4.7671321747275135	4.7671321747275135	0.09109212816953834	37.49070983924215	16.334835361420684	9.602887099915135	3406.4275571215826	603.9485751874616	0	0	0	0	-0.2406688788369292	-1.3203514746291658	0	-21.612039265240295	-48.74135046687224
3.3	4.7671321747275135	4.7671321747275135	4.7671321747275135	0.09109212816953846	37.49070983924245	16.33483536142067	9.602887099915135	3406.427557121576	603.9485751874618	0	0	0	0	-0.2407559171012981	-1.320355834767595	0	-21.661056553471987	-48.75545332682408
3.4	4.7671321747275135	4.7671321747275135	4.7671321747275135	0.09109212816953875	37.49070983924312	16.33483536142063	9.602887099915128	3406.4275571215608	603.9485751874621	0	0	0	0	-0.24082645138578912	-1.3203594785910924	0	-21.70206916841866	-48.76688432979195
3.5	4.7671321747275135	4.7671321747275135	4.7671321747275135	0.09109212816953889	37.490709839243486	16.334835361420605	9.602887099915122	3406.4275571215526	603.9485751874623	0	0	0	0	-0.2408833935251351	-1.3203625253278723	0	-21.73627024185146	-48.77611293742239
3.6	4.7671321747275135	4.7671321747275135	4.7671321747275135	0.09109212816953868	37.49070983924294	16.33483536142064	9.60288709991513	3406.4275571215653	603.9485751874621	0	0	0	0	-0.24092965073933006	-1.3203650927250135	0	-21.764852183571683	-48.783608104856256
3.7	4.7671321747275135	4.7671321747275135	4.7671321747275135	0.0910921281695396	37.49070983924543	16.334835361420552	9.602887099915103	3406.4275571215076	603.9485751874629	0	0	0	0	-0.2409674228083785	-1.320367184213767	0	-21.788822570684147	-48.789740644387436
3.8	4.7671321747275135	4.7671321747275135	4.7671321747275135	0.09109212816954157	37.49070983925062	16.334835361420343	9.60288709991505	3406.4275571213884	603.9485751874648	0	0	0	0	-0.2409979873733171	-1.3203688627733365	0	-21.808810878171695	-48.79471552677926
3.9	4.7671321747275135	4.7671321747275135	4.7671321747275135	0.09109212816954296	37.490709839254336	16.33483536142019	9.602887099915014	3406.427557121304	603.9485751874664	0	0	0	0	-0.24102265507601645	-1.3203702709931717	0	-21.82540634825221	-48.79872879806708
4	4.7671321747275135	4.7671321747275135	4.7671321747275135	0.09109212816954224	37.49070983925237	16.334835361420264	9.602887099915034	3406.4275571213484	603.9485751874655	0	0	0	0	-0.24104273655834726	-1.320371551462722	0	-21.83919822314356	-48.80197650428622
4.1	4.7671321747275135	4.7671321747275135	4.7671321747275135	0.09109212816954158	37.4907098392507	16.3348353614204	9.602887099915051	3406.427557121387	603.9485751874644	0	0	0	0	-0.24105915505974593	-1.3203726227141068	0	-21.85073591390258	-48.8046372240372
4.2	4.7671321747275135	4.7671321747275135	4.7671321747275135	0.09109212816954648	37.4907098392636	16.334835361420065	9.60288709991492	3406.42755712109	603.9485751874678	0	0	0	0	-0.24107210707993781	-1.320373203565778	0	-21.86035146950553	-48.806804399506476
4.3	4.7671321747275135	4.7671321747275135	4.7671321747275135	0.0910921281695506	37.49070983927447	16.334835361419756	9.602887099914811	3406.4275571208404	603.948575187471	0	0	0	0	-0.2410825827179581	-1.3203736827328558	0	-21.868322157579943	-48.808557186745865
4.4	4.7671321747275135	4.7671321747275135	4.7671321747275135	0.09109212816954712	37.490709839265286	16.33483536142	9.602887099914906	3406.427557121052	603.9485751874685	0	0	0	0	-0.24109161566814574	-1.3203744789704976	0	-21.874926630116672	-48.80997557195646
4.5	4.7671321747275135	4.7671321747275135	4.7671321747275135	0.09109212816955031	37.49070983927391	16.334835361420147	9.602887099914819	3406.427557120854	603.9485751874673	0	0	0	0	-0.24109836106831561	-1.3203747805276604	0	-21.88044643054887	-48.8111381297252
4.6	4.7671321747275135	4.7671321747275135	4.7671321747275135	0.09109212816956519	37.49070983931349	16.33483536141973	9.602887099914422	3406.427557119945	603.9485751874723	0	0	0	0	-0.24110272527796334	-1.3203743163210784	0	-21.885048915541823	-48.81208845360994
4.7	4.7671321747275135	4.7671321747275135	4.7671321747275135	0.09109212816957277	37.49070983933362	16.33483536141946	9.60288709991422	3406.4275571194826	603.9485751874754	0	0	0	0	-0.24110671212196433	-1.3203742125255518	0	-21.888843879603733	-48.812854626541274
4.8	4.7671321747275135	4.7671321747275135	4.7671321747275135	0.09109212816955749	37.49070983929307	16.334835361419973	9.602887099914627	3406.4275571204134	603.9485751874695	0	0	0	0	-0.24111197987210123	-1.320375392055845	0	-21.891947763644367	-48.81346631836459
4.9	4.767132174727513	4.767132174727513	4.767132174727513	0.09109212816955731	37.49070983929283	16.334835361420485	9.602887099914632	3406.4275571204194	603.9485751874647	0	0	0	0	-0.24111488512275367	-1.3203756239475197	0	-21.894558127575806	-48.813972145777825
5	4.7671321747275135	4.7671321747275135	4.7671321747275135	0.09109212816956574	37.49070983931556	16.334835361420673	9.602887099914406	3406.427557119898	603.9485751874637	0	0	0	0	-0.2411163972626631	-1.320375308403492	0	-21.896735336278706	-48.81438698898229
5.1	4.767132174727514	4.767132174727514	4.767132174727514	0.09109212816955542	37.49070983928784	16.334835361420648	9.602887099914684	3406.4275571205344	603.9485751874631	0	0	0	0	-0.24111959998066418	-1.3203760887432918	0	-21.8984929587105	-48.81471434927092
5.2	4.7671321747275135	4.7671321747275135	4.7671321747275135	0.09109212816954705	37.49070983926561	16.33483536142077	9.602887099914904	3406.427557121044	603.9485751874614	0	0	0	0	-0.24112213273995314	-1.3203767165064755	0	-21.899952127801622	-48.814981141369856
5.3	4.7671321747275135	4.7671321747275135	4.7671321747275135	0.09109212816954575	37.49070983926222	16.33483536142088	9.60288709991494	3406.4275571211224	603.9485751874603	0	0	0	0	-0.24112358472442758	-1.3203769011613868	0	-21.90117166773831	-48.815200717402405
5.4	4.7671321747275135	4.7671321747275135	4.7671321747275135	0.09109212816954147	37.490709839250684	16.334835361420776	9.602887099915053	3406.427557121387	603.948575187461	0	0	0	0	-0.24112520512236774	-1.3203772517208923	0	-21.902171313678746	-48.81537757390214
5.5	4.7671321747275135	4.7671321747275135	4.7671321747275135	0.09109212816954065	37.49070983924847	16.334835361420794	9.602887099915076	3406.4275571214384	603.9485751874606	0	0	0	0	-0.2411261830227789	-1.3203773767435403	0	-21.90300536765764	-48.815522832290455
5.6	4.7671321747275135	4.7671321747275135	4.7671321747275135	0.09109212816953971	37.49070983924594	16.33483536142076	9.602887099915101	3406.427557121497	603.9485751874608	0	0	0	0	-0.2411270307204036	-1.3203774962331178	0	-21.903693050714377	-48.81564067845853
5.7	4.7671321747275135	4.7671321747275135	4.7671321747275135	0.09109212816953899	37.490709839243976	16.33483536142074	9.602887099915119	3406.427557121541	603.948575187461	0	0	0	0	-0.24112771576482084	-1.32037759189719	0	-21.904262013207504	-48.81573667203565
5.8	4.7671321747275135	4.7671321747275135	4.7671321747275135	0.09109212816953889	37.4907098392437	16.334835361420744	9.602887099915122	3406.4275571215476	603.948575187461	0	0	0	0	-0.24112820784839933	-1.3203776408721948	0	-21.904732829113563	-48.815814883162346
5.9	4.7671321747275135	4.7671321747275135	4.7671321747275135	0.0910921281695389	37.49070983924388	16.33483536142076	9.602887099915122	3406.427557121544	603.9485751874607	0	0	0	0	-0.24112858430788311	-1.3203776721466567	0	-21.905122736367908	-48.81587869886407
6	4.7671321747275135	4.7671321747275135	4.7671321747275135	0.09109212816954024	37.49070983924805	16.33483536142092	9.602887099915087	3406.427557121448	603.9485751874594	0	0	0	0	-0.241128657564651	-1.3203776062851627	0	-21.90545034886415	-48.815931557619386
6.1	4.7671321747275135	4.7671321747275135	4.7671321747275135	0.0910921281695416	37.49070983925233	16.33483536142108	9.60288709991505	3406.42755712135	603.948575187458	0	0	0	0	-0.24112866597971597	-1.320377532663642	0	-21.905720796164598	-48.815974543951484
6.2	4.7671321747275135	4.7671321747275135	4.7671321747275135	0.09109212816954161	37.4907098392523	16.334835361421074	9.60288709991505	3406.427557121351	603.9485751874579	0	0	0	0	-0.24112887969850455	-1.3203775533466797	0	-21.90593838885451	-48.816008604456286
6.3	4.7671321747275135	4.7671321747275135	4.7671321747275135	0.09109212816954003	37.49070983924746	16.334835361420915	9.602887099915092	3406.427557121462	603.9485751874594	0	0	0	0	-0.24112932856293254	-1.3203776798135447	0	-21.90611242701676	-48.81603544398053
6.4	4.7671321747275135	4.7671321747275135	4.7671321747275135	0.091092128169541	37.490709839250634	16.334835361421113	9.602887099915064	3406.4275571213893	603.9485751874577	0	0	0	0	-0.24112924942555933	-1.320377620393766	0	-21.90626628412628	-48.8160588442608
6.5	4.7671321747275135	4.7671321747275135	4.7671321747275135	0.09109212816954211	37.490709839254116	16.33483536142129	9.602887099915037	3406.4275571213097	603.9485751874561	0	0	0	0	-0.2411291380606912	-1.3203775519989824	0	-21.906393805268454	-48.81607801200368
6.6	4.7671321747275135	4.7671321747275135	4.7671321747275135	0.0910921281695405	37.49070983924904	16.334835361421042	9.602887099915076	3406.427557121426	603.9485751874581	0	0	0	0	-0.24112955147975723	-1.320377677221939	0	-21.906487536111573	-48.816091932108
6.7	4.7671321747275135	4.7671321747275135	4.7671321747275135	0.091092128169541	37.49070983925084	16.33483536142123	9.602887099915064	3406.427557121384	603.9485751874565	0	0	0	0	-0.24112947854412028	-1.3203776426824874	0	-21.90657427803352	-48.816104564186524
6.8	4.7671321747275135	4.7671321747275135	4.7671321747275135	0.09109212816954258	37.490709839256034	16.334835361421586	9.602887099915023	3406.427557121266	603.9485751874533	0	0	0	0	-0.24112917687142277	-1.3203775293267153	0	-21.906651014473038	-48.81611561095185
6.9	4.767132174727513	4.767132174727513	4.767132174727513	0.09109212816954138	37.49070983925211	16.334835361421334	9.602887099915055	3406.4275571213557	603.9485751874555	0	0	0	0	-0.24112949552087504	-1.3203776245930767	0	-21.90670135532661	-48.816122847404635
7	4.7671321747275135	4.7671321747275135	4.7671321747275135	0.09109212816954096	37.49070983925105	16.33483536142133	9.602887099915067	3406.42755712138	603.9485751874556	0	0	0	0	-0.24112957866636672	-1.3203776522288033	0	-21.906746997452764	-48.81612922506495
7.1	4.7671321747275135	4.7671321747275135	4.7671321747275135	0.09109212816954285	37.49070983925763	16.33483536142184	9.602887099915018	3406.4275571212293	603.9485751874508	0	0	0	0	-0.24112911834954148	-1.3203775032251168	0	-21.906796443181513	-48.816136001360604
7.2	4.7671321747275135	4.7671321747275135	4.7671321747275135	0.09109212816954262	37.49070983925687	16.33483536142178	9.602887099915023	3406.427557121246	603.9485751874514	0	0	0	0	-0.24112920088431913	-1.3203775238178355	0	-21.906826651930977	-48.81614018765226
7.3	4.7671321747275135	4.7671321747275135	4.7671321747275135	0.09109212816954089	37.49070983925109	16.334835361421394	9.602887099915069	3406.4275571213784	603.9485751874549	0	0	0	0	-0.2411296270092149	-1.3203776594247376	0	-21.906843506962097	-48.81614250304722
7.4	4.7671321747275135	4.7671321747275135	4.7671321747275135	0.09109212816954255	37.49070983925705	16.334835361421927	9.602887099915026	3406.427557121242	603.9485751874502	0	0	0	0	-0.24112916350365057	-1.320377522113124	0	-21.90687575310036	-48.81614668839749
7.5	4.7671321747275135	4.7671321747275135	4.7671321747275135	0.09109212816954304	37.49070983925883	16.334835361422076	9.602887099915012	3406.427557121202	603.9485751874487	0	0	0	0	-0.24112903790260642	-1.3203774824760046	0	-21.906896453698348	-48.81614941886498
7.6	4.7671321747275135	4.7671321747275135	4.7671321747275135	0.09109212816954072	37.49070983925066	16.334835361421423	9.602887099915074	3406.427557121388	603.9485751874545	0	0	0	0	-0.24112967247339148	-1.320377673088847	0	-21.906896841452358	-48.816149576025964
7.7	4.7671321747275135	4.7671321747275135	4.7671321747275135	0.09109212816954157	37.49070983925376	16.33483536142178	9.602887099915051	3406.427557121318	603.9485751874514	0	0	0	0	-0.24112940838038027	-1.320377601501395	0	-21.906914931263373	-48.816151811185456
7.8	4.7671321747275135	4.7671321747275135	4.7671321747275135	0.0910921281695421	37.49070983925564	16.334835361421977	9.602887099915037	3406.4275571212747	603.9485751874498	0	0	0	0	-0.2411292573183031	-1.320377558200382	0	-21.906928283341973	-48.8161534887708
7.9	4.7671321747275135	4.7671321747275135	4.7671321747275135	0.0910921281695402	37.49070983924893	16.33483536142136	9.602887099915087	3406.427557121428	603.9485751874554	0	0	0	0	-0.241129805019076	-1.320377715575247	0	-21.906924082445908	-48.81615306789504
8	4.7671321747275135	4.7671321747275135	4.7671321747275135	0.09109212816954068	37.490709839250805	16.334835361421604	9.602887099915076	3406.4275571213857	603.9485751874531	0	0	0	0	-0.24112963163623913	-1.3203776713522197	0	-21.90693473898962	-48.81615432620369
8.1	4.7671321747275135	4.7671321747275135	4.7671321747275135	0.09109212816954107	37.49070983925222	16.334835361421764	9.602887099915066	3406.4275571213534	603.9485751874516	0	0	0	0	-0.24112951089250934	-1.320377638524335	0	-21.906942989181502	-48.8161553197431
8.2	4.767132174727514	4.767132174727514	4.767132174727514	0.09109212816953975	37.49070983924743	16.33483536142128	9.602887099915103	3406.427557121463	603.9485751874561	0	0	0	0	-0.24112991837447065	-1.3203777513825168	0	-21.906938312458866	-48.81615483401246
8.3	4.7671321747275135	4.7671321747275135	4.7671321747275135	0.09109212816954036	37.49070983924987	16.334835361421593	9.602887099915083	3406.427557121407	603.9485751874532	0	0	0	0	-0.24112969521042502	-1.3203776947400914	0	-21.906947101895874	-48.81615581766136
8.4	4.767132174727513	4.767132174727513	4.767132174727513	0.09109212816954085	37.490709839251856	16.334835361421828	9.60288709991507	3406.4275571213616	603.9485751874508	0	0	0	0	-0.2411295194296006	-1.3203776484835679	0	-21.90695414167535	-48.816156619032085
8.5	4.7671321747275135	4.7671321747275135	4.7671321747275135	0.09109212816953968	37.49070983924745	16.334835361421334	9.602887099915101	3406.427557121462	603.9485751874554	0	0	0	0	-0.2411299078226304	-1.3203777520717155	0	-21.906947866795896	-48.816155961158785
8.6	4.7671321747275135	4.7671321747275135	4.7671321747275135	0.09109212816954043	37.49070983925055	16.334835361421764	9.602887099915083	3406.4275571213916	603.9485751874514	0	0	0	0	-0.2411296191745043	-1.3203776806275072	0	-21.90695647818239	-48.81615687152894
8.7	4.7671321747275135	4.7671321747275135	4.7671321747275135	0.09109212816954138	37.490709839254336	16.33483536142225	9.602887099915057	3406.4275571213047	603.9485751874469	0	0	0	0	-0.24112927342110604	-1.3203775925039856	0	-21.906966005672558	-48.81615789028791
8.8	4.7671321747275135	4.7671321747275135	4.7671321747275135	0.09109212816954013	37.49070983924938	16.33483536142163	9.602887099915092	3406.427557121418	603.9485751874527	0	0	0	0	-0.2411297247712195	-1.3203777081964994	0	-21.906957175043843	-48.81615698077464
8.9	4.7671321747275135	4.7671321747275135	4.7671321747275135	0.0910921281695404	37.490709839250904	16.33483536142187	9.602887099915083	3406.427557121383	603.9485751874504	0	0	0	0	-0.24112957060663748	-1.3203776734984236	0	-21.906961819555757	-48.81615743628195
9	4.7671321747275135	4.7671321747275135	4.7671321747275135	0.09109212816954174	37.490709839256496	16.334835361422634	9.60288709991505	3406.4275571212556	603.9485751874435	0	0	0	0	-0.24112904550026434	-1.320377543979886	0	-21.906974658944794	-48.816158746453894
9.1	4.7671321747275135	4.7671321747275135	4.7671321747275135	0.0910921281695409	37.49070983925305	16.334835361422176	9.60288709991507	3406.4275571213343	603.9485751874475	0	0	0	0	-0.24112936754797137	-1.320377623908989	0	-21.90696813094574	-48.81615809363165
9.2	4.7671321747275135	4.7671321747275135	4.7671321747275135	0.09109212816954017	37.49070983925005	16.3348353614218	9.60288709991509	3406.4275571214025	603.9485751874511	0	0	0	0	-0.24112963688794023	-1.3203776939689245	0	-21.906962665639714	-48.816157515951474
9.3	4.7671321747275135	4.7671321747275135	4.7671321747275135	0.09109212816954122	37.49070983925474	16.334835361422467	9.60288709991506	3406.427557121296	603.9485751874449	0	0	0	0	-0.24112918185151475	-1.3203775855462907	0	-21.90697350258676	-48.816158580211805
9.4	4.7671321747275135	4.7671321747275135	4.7671321747275135	0.09109212816954085	37.490709839253185	16.33483536142225	9.60288709991507	3406.4275571213316	603.948575187447	0	0	0	0	-0.24112933031925235	-1.3203776216430276	0	-21.906970562783282	-48.81615829338265
9.5	4.7671321747275135	4.7671321747275135	4.7671321747275135	0.09109212816953972	37.49070983924853	16.33483536142163	9.602887099915103	3406.427557121437	603.9485751874527	0	0	0	0	-0.2411297678354687	-1.3203777293681895	0	-21.90696099740061	-48.81615733341583
9.6	4.7671321747275135	4.7671321747275135	4.7671321747275135	0.09109212816954027	37.49070983925138	16.334835361422066	9.602887099915089	3406.427557121373	603.9485751874488	0	0	0	0	-0.24112948245758095	-1.3203776635188262	0	-21.906967757900937	-48.816157975710205
9.7	4.7671321747275135	4.7671321747275135	4.7671321747275135	0.09109212816954	37.490709839250215	16.334835361421902	9.602887099915096	3406.427557121399	603.9485751874503	0	0	0	0	-0.24112959569124093	-1.320377690558774	0	-21.906965425626417	-48.81615775093507
9.8	4.7671321747275135	4.7671321747275135	4.7671321747275135	0.09109212816953932	37.49070983924708	16.33483536142146	9.602887099915113	3406.4275571214707	603.9485751874543	0	0	0	0	-0.2411298974372788	-1.3203777633009173	0	-21.906958778379867	-48.81615709759099
9.9	4.7671321747275135	4.7671321747275135	4.7671321747275135	0.09109212816953988	37.49070983924969	16.334835361421867	9.6028870999151	3406.427557121411	603.9485751874506	0	0	0	0	-0.2411296327683	-1.3203777030799673	0	-21.906964941687484	-48.81615767300462
10	4.7671321747275135	4.7671321747275135	4.7671321747275135	0.09109212816953974	37.490709839249035	16.334835361421767	9.602887099915103	3406.427557121426	603.9485751874513	0	0	0	0	-0.2411296973583369	-1.3203777181964176	0	-21.906963606546736	-48.816157546908826
10.1	4.7671321747275135	4.7671321747275135	4.7671321747275135	0.09109212816953924	37.49070983924675	16.334835361421447	9.602887099915115	3406.427557121478	603.9485751874543	0	0	0	0	-0.24112991957286095	-1.32037777088555	0	-21.906958674432065	-48.816157069868055
10.2	4.7671321747275135	4.7671321747275135	4.7671321747275135	0.09109212816953995	37.49070983925025	16.33483536142203	9.602887099915096	3406.427557121399	603.9485751874489	0	0	0	0	-0.24112955983268267	-1.320377689982698	0	-21.90696692494625	-48.816157828971576
10.3	4.7671321747275135	4.7671321747275135	4.7671321747275135	0.09109212816954008	37.49070983925098	16.334835361422154	9.602887099915092	3406.4275571213825	603.9485751874479	0	0	0	0	-0.24112948513260007	-1.32037767310162	0	-21.906968691414033	-48.81615799302443
10.4	4.7671321747275135	4.7671321747275135	4.7671321747275135	0.09109212816953935	37.49070983924735	16.33483536142157	9.602887099915112	3406.4275571214653	603.9485751874532	0	0	0	0	-0.2411298512997578	-1.3203777571612818	0	-21.906960443558564	-48.816157220083944
10.5	4.7671321747275135	4.7671321747275135	4.7671321747275135	0.09109212816954014	37.49070983925167	16.334835361422293	9.602887099915089	3406.427557121367	603.9485751874466	0	0	0	0	-0.24112940088332074	-1.3203776576811819	0	-21.90697071488661	-48.81615814689942
10.6	4.7671321747275135	4.7671321747275135	4.7671321747275135	0.09109212816954072	37.49070983925482	16.334835361422815	9.602887099915073	3406.427557121295	603.9485751874419	0	0	0	0	-0.2411290751396593	-1.3203775851235955	0	-21.906978146888775	-48.816158823368404
10.7	4.767132174727513	4.767132174727513	4.767132174727513	0.09109212816953961	37.49070983924904	16.33483536142187	9.602887099915103	3406.427557121426	603.9485751874505	0	0	0	0	-0.24112966987154616	-1.3203777181720728	0	-21.90696468286202	-48.816157593804434
10.8	4.7671321747275135	4.7671321747275135	4.7671321747275135	0.09109212816953996	37.490709839251295	16.33483536142226	9.602887099915092	3406.4275571213752	603.9485751874467	0	0	0	0	-0.2411294317750783	-1.320377667591016	0	-21.90697011617942	-48.816158065041094
10.9	4.7671321747275135	4.7671321747275135	4.7671321747275135	0.09109212816954076	37.490709839255814	16.33483536142302	9.602887099915073	3406.427557121273	603.9485751874398	0	0	0	0	-0.24112896122996735	-1.320377564619172	0	-21.906980819137246	-48.81615902129121
11	4.7671321747275135	4.7671321747275135	4.7671321747275135	0.09109212816953982	37.490709839250535	16.334835361422137	9.602887099915097	3406.427557121393	603.9485751874479	0	0	0	0	-0.24112951010090325	-1.3203776853271436	0	-21.90696837852912	-48.81615790472425
11.1	4.7671321747275135	4.7671321747275135	4.7671321747275135	0.09109212816953953	37.49070983924941	16.334835361421945	9.602887099915105	3406.4275571214184	603.9485751874498	0	0	0	0	-0.24112962177714145	-1.3203777115420325	0	-21.906965860502318	-48.81615766317986
11.2	4.7671321747275135	4.7671321747275135	4.7671321747275135	0.09109212816954003	37.49070983925264	16.334835361422478	9.602887099915092	3406.427557121345	603.9485751874449	0	0	0	0	-0.24112928108699486	-1.3203776383126427	0	-21.90697360779339	-48.816158342730574
11.3	4.767132174727513	4.767132174727513	4.767132174727513	0.09109212816953939	37.49070983924875	16.334835361421828	9.60288709991511	3406.4275571214334	603.9485751874507	0	0	0	0	-0.24112968890154823	-1.3203777268553032	0	-21.90696435939966	-48.81615752345165
11.4	4.7671321747275135	4.7671321747275135	4.7671321747275135	0.09109212816953915	37.49070983924759	16.33483536142166	9.602887099915117	3406.42755712146	603.9485751874523	0	0	0	0	-0.2411298079693115	-1.3203777537859749	0	-21.90696166580848	-48.8161572746747
11.5	4.7671321747275135	4.7671321747275135	4.7671321747275135	0.09109212816953947	37.490709839249895	16.334835361422073	9.602887099915108	3406.4275571214075	603.9485751874485	0	0	0	0	-0.24112956393884785	-1.3203777019707943	0	-21.906967213912	-48.8161577552492
11.6	4.7671321747275135	4.7671321747275135	4.7671321747275135	0.09109212816953902	37.49070983924697	16.334835361421568	9.60288709991512	3406.427557121474	603.9485751874532	0	0	0	0	-0.2411298724309562	-1.320377768161431	0	-21.90696021486911	-48.81615714266195
11.7	4.7671321747275135	4.7671321747275135	4.7671321747275135	0.09109212816953899	37.49070983924699	16.334835361421582	9.60288709991512	3406.4275571214735	603.948575187453	0	0	0	0	-0.2411298682503155	-1.3203777682177011	0	-21.906960315483495	-48.81615714249367
11.8	4.7671321747275135	4.7671321747275135	4.7671321747275135	0.09109212816953939	37.490709839249774	16.33483536142208	9.602887099915112	3406.4275571214102	603.9485751874485	0	0	0	0	-0.24112957094546514	-1.3203777055112929	0	-21.906967070958956	-48.816157723603915
11.9	4.7671321747275135	4.7671321747275135	4.7671321747275135	0.09109212816953909	37.49070983924756	16.33483536142169	9.602887099915119	3406.4275571214607	603.9485751874522	0	0	0	0	-0.24112980644469065	-1.320377755434612	0	-21.906961726014853	-48.81615726151164
12	4.7671321747275135	4.7671321747275135	4.7671321747275135	0.091092128169539	37.49070983924752	16.33483536142169	9.60288709991512	3406.4275571214616	603.9485751874521	0	0	0	0	-0.24112980730996683	-1.3203777565582249	0	-21.90696171006072	-48.81615725125168
12.1	4.7671321747275135	4.7671321747275135	4.7671321747275135	0.09109212816953954	37.4907098392519	16.33483536142247	9.602887099915108	3406.427557121362	603.9485751874448	0	0	0	0	-0.24112933655019003	-1.32037765811641	0	-21.906972404259445	-48.81615816307165
12.2	4.7671321747275135	4.7671321747275135	4.7671321747275135	0.09109212816953952	37.49070983925166	16.334835361422428	9.602887099915108	3406.4275571213675	603.9485751874454	0	0	0	0	-0.24112936316621345	-1.3203776636986215	0	-21.906971801398775	-48.81615811153266
12.3	4.7671321747275135	4.7671321747275135	4.7671321747275135	0.09109212816953904	37.49070983924819	16.33483536142181	9.60288709991512	3406.4275571214457	603.9485751874511	0	0	0	0	-0.24112973331113538	-1.320377741968846	0	-21.906963396931687	-48.81615738675359
12.4	4.7671321747275135	4.7671321747275135	4.7671321747275135	0.09109212816953964	37.4907098392533	16.33483536142271	9.602887099915105	3406.4275571213298	603.9485751874428	0	0	0	0	-0.24112918607896233	-1.3203776287828737	0	-21.906975828778712	-48.81615843491193
12.5	4.7671321747275135	4.7671321747275135	4.7671321747275135	0.09109212816953996	37.490709839255764	16.334835361423142	9.602887099915097	3406.4275571212734	603.9485751874387	0	0	0	0	-0.24112892197819247	-1.3203775739618326	0	-21.90698182864268	-48.81615894263543
12.6	4.7671321747275135	4.7671321747275135	4.7671321747275135	0.09109212816953914	37.490709839249156	16.33483536142198	9.602887099915119	3406.4275571214234	603.9485751874495	0	0	0	0	-0.24112962943571964	-1.320377721237952	0	-21.906965760272296	-48.816157578901965
12.7	4.767132174727514	4.767132174727514	4.767132174727514	0.09109212816953938	37.490709839251444	16.334835361422414	9.602887099915113	3406.4275571213716	603.9485751874454	0	0	0	0	-0.24112938335054113	-1.3203776713649644	0	-21.90697135223152	-48.816158040652276
12.8	4.7671321747275135	4.7671321747275135	4.7671321747275135	0.0910921281695397	37.490709839254315	16.33483536142294	9.602887099915105	3406.4275571213066	603.9485751874406	0	0	0	0	-0.241129075585608	-1.3203776081270027	0	-21.906978344364795	-48.81615862620808
12.9	4.7671321747275135	4.7671321747275135	4.7671321747275135	0.09109212816953902	37.49070983924844	16.334835361421877	9.602887099915122	3406.4275571214407	603.9485751874504	0	0	0	0	-0.24112970674132742	-1.3203777383848652	0	-21.90696400725552	-48.81615742015258
13	4.7671321747275135	4.7671321747275135	4.7671321747275135	0.09109212816953903	37.49070983924882	16.334835361421952	9.602887099915122	3406.4275571214316	603.9485751874496	0	0	0	0	-0.24112966382862308	-1.3203777303353756	0	-21.906964983486013	-48.81615749463808
13.1	4.7671321747275135	4.7671321747275135	4.7671321747275135	0.09109212816953922	37.49070983925054	16.334835361422268	9.602887099915117	3406.4275571213925	603.9485751874466	0	0	0	0	-0.24112947885494593	-1.3203776926735604	0	-21.90696918636385	-48.81615784333429
13.2	4.7671321747275135	4.7671321747275135	4.7671321747275135	0.09109212816953875	37.49070983924649	16.33483536142153	9.602887099915128	3406.4275571214844	603.9485751874536	0	0	0	0	-0.24112991440198436	-1.3203777819719231	0	-21.906959291792713	-48.8161570165732
13.3	4.7671321747275135	4.7671321747275135	4.7671321747275135	0.0910921281695388	37.490709839247494	16.334835361421725	9.602887099915128	3406.4275571214616	603.9485751874516	0	0	0	0	-0.24112980264160355	-1.3203777596832076	0	-21.90696183177724	-48.81615722289689
13.4	4.7671321747275135	4.7671321747275135	4.7671321747275135	0.09109212816953895	37.490709839249114	16.334835361422034	9.602887099915122	3406.4275571214243	603.9485751874489	0	0	0	0	-0.24112962503487828	-1.3203777236684509	0	-21.906965867329045	-48.8161575563225
13.5	4.7671321747275135	4.7671321747275135	4.7671321747275135	0.09109212816953864	37.49070983924597	16.334835361421447	9.602887099915131	3406.427557121496	603.9485751874543	0	0	0	0	-0.24112996639265025	-1.3203777932138097	0	-21.906958111865354	-48.81615691247795
13.6	4.767132174727513	4.767132174727513	4.767132174727513	0.09109212816953881	37.490709839248005	16.334835361421842	9.602887099915126	3406.42755712145	603.9485751874506	0	0	0	0	-0.241129744640731	-1.3203777487156423	0	-21.90696315103853	-48.816157324388286
13.7	4.7671321747275135	4.7671321747275135	4.7671321747275135	0.09109212816953911	37.49070983925097	16.334835361422414	9.602887099915117	3406.4275571213825	603.9485751874455	0	0	0	0	-0.24112942150332464	-1.3203776834479934	0	-21.906970493503216	-48.81615792859408
13.8	4.7671321747275135	4.7671321747275135	4.7671321747275135	0.09109212816953881	37.490709839247636	16.334835361421778	9.602887099915126	3406.4275571214584	603.9485751874512	0	0	0	0	-0.2411297841194714	-1.3203777567981856	0	-21.906962254306908	-48.816157249572015
13.9	4.767132174727513	4.767132174727513	4.767132174727513	0.09109212816953892	37.49070983924903	16.33483536142206	9.602887099915122	3406.4275571214266	603.9485751874486	0	0	0	0	-0.2411296311453185	-1.3203777265162904	0	-21.906965731081815	-48.81615752984003
14	4.7671321747275135	4.7671321747275135	4.7671321747275135	0.09109212816953943	37.49070983925432	16.33483536142308	9.60288709991511	3406.427557121306	603.9485751874392	0	0	0	0	-0.24112905410441254	-1.3203776105870655	0	-21.906978843554498	-48.81615860296048
14.1	4.7671321747275135	4.7671321747275135	4.7671321747275135	0.09109212816953931	37.49070983925301	16.334835361422826	9.602887099915112	3406.427557121336	603.9485751874416	0	0	0	0	-0.24112919778209266	-1.320377639474915	0	-21.906975578746373	-48.81615833555315
14.2	4.7671321747275135	4.7671321747275135	4.7671321747275135	0.09109212816953892	37.49070983924914	16.334835361422098	9.602887099915122	3406.4275571214234	603.9485751874483	0	0	0	0	-0.24112961838668373	-1.320377724479711	0	-21.90696602180292	-48.81615754864134
14.3	4.7671321747275135	4.7671321747275135	4.7671321747275135	0.09109212816953931	37.49070983925413	16.33483536142308	9.602887099915112	3406.42755712131	603.9485751874391	0	0	0	0	-0.24112907470440115	-1.3203776159533331	0	-21.90697837715914	-48.8161585531662
14.4	4.7671321747275135	4.7671321747275135	4.7671321747275135	0.09109212816953939	37.490709839255096	16.334835361423274	9.60288709991511	3406.427557121288	603.9485751874375	0	0	0	0	-0.2411289683643694	-1.3203775947061558	0	-21.906980793759452	-48.81615874983724
14.5	4.7671321747275135	4.7671321747275135	4.7671321747275135	0.09109212816953882	37.49070983924863	16.334835361422012	9.602887099915126	3406.427557121435	603.9485751874493	0	0	0	0	-0.24112967359518606	-1.3203777360718154	0	-21.90696476799652	-48.81615744130155
14.6	4.7671321747275135	4.7671321747275135	4.7671321747275135	0.09109212816953895	37.49070983925072	16.334835361422435	9.602887099915122	3406.427557121388	603.9485751874453	0	0	0	0	-0.24112944554073293	-1.3203776909812883	0	-21.90696995119806	-48.81615785862615
14.7	4.7671321747275135	4.7671321747275135	4.7671321747275135	0.09109212816953899	37.490709839251345	16.33483536142256	9.60288709991512	3406.427557121374	603.9485751874441	0	0	0	0	-0.24112937728805567	-1.3203776774582543	0	-21.9069715024126	-48.81615798379
14.8	4.7671321747275135	4.7671321747275135	4.7671321747275135	0.09109212816953864	37.490709839246755	16.33483536142165	9.602887099915131	3406.427557121478	603.9485751874524	0	0	0	0	-0.24112987857630586	-1.3203777775307748	0	-21.906960110510052	-48.81615705751322
14.9	4.7671321747275135	4.7671321747275135	4.7671321747275135	0.0910921281695388	37.49070983924826	16.33483536142194	9.602887099915128	3406.4275571214444	603.9485751874497	0	0	0	0	-0.24112971439915218	-1.3203777451573546	0	-21.906963842007745	-48.81615735712001
15	4.7671321747275135	4.7671321747275135	4.7671321747275135	0.09109212816953882	37.490709839248474	16.334835361421984	9.602887099915128	3406.42755712144	603.9485751874493	0	0	0	0	-0.24112969036890283	-1.3203777404361925	0	-21.906964388201114	-48.8161574008088
15.1	4.767132174727513	4.767132174727513	4.767132174727513	0.09109212816953857	37.49070983924578	16.334835361421455	9.602887099915133	3406.4275571215003	603.9485751874543	0	0	0	0	-0.24112998520580628	-1.3203777991278112	0	-21.90695768774282	-48.816156857570654
15.2	4.7671321747275135	4.7671321747275135	4.7671321747275135	0.09109212816953875	37.49070983924824	16.33483536142195	9.602887099915128	3406.427557121445	603.9485751874496	0	0	0	0	-0.2411297198020606	-1.32037774673347	0	-21.906963719906543	-48.816157342472906
15.3	4.7671321747275135	4.7671321747275135	4.7671321747275135	0.09109212816953884	37.490709839249256	16.334835361422154	9.602887099915126	3406.4275571214216	603.9485751874478	0	0	0	0	-0.24112961030290445	-1.3203777250819584	0	-21.906966208588162	-48.81615754285794
15.4	4.7671321747275135	4.7671321747275135	4.7671321747275135	0.0910921281695386	37.49070983924631	16.334835361421565	9.602887099915133	3406.427557121489	603.9485751874532	0	0	0	0	-0.24112993125643326	-1.320377788717313	0	-21.90695891425415	-48.81615695389238
15.5	4.7671321747275135	4.7671321747275135	4.7671321747275135	0.09109212816953885	37.49070983925012	16.334835361422314	9.602887099915124	3406.4275571214016	603.9485751874463	0	0	0	0	-0.24112952544959582	-1.3203777087968345	0	-21.90696813776434	-48.81615769353582
15.6	4.7671321747275135	4.7671321747275135	4.7671321747275135	0.09109212816953911	37.49070983925359	16.334835361423	9.602887099915119	3406.4275571213225	603.9485751874399	0	0	0	0	-0.24112915466529117	-1.3203776356571584	0	-21.906976565095896	-48.816158370435915
15.7	4.767132174727513	4.767132174727513	4.767132174727513	0.09109212816953875	37.49070983924888	16.33483536142207	9.602887099915126	3406.42755712143	603.9485751874486	0	0	0	0	-0.24112966029627048	-1.3203777354469712	0	-21.906965072964823	-48.81615744689153
15.8	4.7671321747275135	4.7671321747275135	4.7671321747275135	0.09109212816953893	37.49070983925084	16.334835361422456	9.602887099915124	3406.427557121385	603.9485751874449	0	0	0	0	-0.24112944933637895	-1.320377694236573	0	-21.906969868294972	-48.816157828244414
15.9	4.7671321747275135	4.7671321747275135	4.7671321747275135	0.09109212816953938	37.490709839256745	16.334835361423625	9.60288709991511	3406.427557121251	603.9485751874341	0	0	0	0	-0.2411288165505777	-1.3203775698108786	0	-21.90698425105933	-48.816158979742866
16	4.7671321747275135	4.7671321747275135	4.7671321747275135	0.09109212816953915	37.49070983925375	16.334835361423032	9.602887099915117	3406.427557121319	603.9485751874396	0	0	0	0	-0.2411291368650763	-1.3203776328305519	0	-21.906976970610263	-48.81615839652185
16.1	4.7671321747275135	4.7671321747275135	4.7671321747275135	0.09109212816953884	37.490709839249746	16.334835361422243	9.602887099915124	3406.42755712141	603.9485751874467	0	0	0	0	-0.24112956988717743	-1.3203777182697753	0	-21.906967128735737	-48.8161576057905
16.2	4.7671321747275135	4.7671321747275135	4.7671321747275135	0.09109212816953915	37.49070983925384	16.334835361423064	9.602887099915115	3406.427557121317	603.9485751874394	0	0	0	0	-0.24112913840032318	-1.3203776337440176	0	-21.90697693653012	-48.81615838800004
16.3	4.767132174727514	4.767132174727514	4.767132174727514	0.09109212816953904	37.490709839252276	16.33483536142275	9.602887099915119	3406.4275571213525	603.9485751874424	0	0	0	0	-0.2411293052828125	-1.3203776665224707	0	-21.90697314335896	-48.816158084657765
16.4	4.7671321747275135	4.7671321747275135	4.7671321747275135	0.09109212816953868	37.49070983924775	16.334835361421852	9.602887099915128	3406.4275571214553	603.9485751874506	0	0	0	0	-0.2411297856640388	-1.320377760944322	0	-21.90696222458939	-48.816157210840124
16.5	4.7671321747275135	4.7671321747275135	4.7671321747275135	0.09109212816953881	37.49070983924972	16.33483536142225	9.602887099915126	3406.4275571214107	603.948575187447	0	0	0	0	-0.24112957623594314	-1.3203777200568199	0	-21.906966985109285	-48.81615758920825
16.6	4.7671321747275135	4.7671321747275135	4.7671321747275135	0.09109212816953868	37.49070983924803	16.33483536142191	9.60288709991513	3406.4275571214494	603.9485751874502	0	0	0	0	-0.24112975568068534	-1.3203777552254903	0	-21.906962906309126	-48.81615726375085
16.7	4.7671321747275135	4.7671321747275135	4.7671321747275135	0.09109212816953856	37.49070983924622	16.33483536142155	9.602887099915133	3406.42755712149	603.9485751874533	0	0	0	0	-0.24112994976795632	-1.320377793350156	0	-21.906958494797042	-48.816156910925756
16.8	4.7671321747275135	4.7671321747275135	4.7671321747275135	0.09109212816953872	37.49070983924845	16.334835361421998	9.602887099915128	3406.42755712144	603.9485751874494	0	0	0	0	-0.24112971708860967	-1.320377747933275	0	-21.906963783860046	-48.81615733119838
16.9	4.7671321747275135	4.7671321747275135	4.7671321747275135	0.09109212816953863	37.49070983924727	16.33483536142176	9.60288709991513	3406.4275571214666	603.9485751874515	0	0	0	0	-0.24112984166712922	-1.3203777722941268	0	-21.90696095209734	-48.816157105761945
17	4.7671321747275135	4.7671321747275135	4.7671321747275135	0.09109212816953859	37.49070983924648	16.3348353614216	9.60288709991513	3406.427557121485	603.9485751874529	0	0	0	0	-0.24112992584122367	-1.3203777888650232	0	-21.906959038915424	-48.81615695240267
17.1	4.7671321747275135	4.7671321747275135	4.7671321747275135	0.09109212816953885	37.490709839250286	16.334835361422368	9.602887099915122	3406.427557121398	603.9485751874458	0	0	0	0	-0.2411295264325306	-1.3203777109841692	0	-21.90696811806071	-48.81615767308289
17.2	4.7671321747275135	4.7671321747275135	4.7671321747275135	0.09109212816953889	37.49070983925085	16.33483536142248	9.602887099915122	3406.4275571213852	603.9485751874448	0	0	0	0	-0.2411294683618273	-1.3203776996556504	0	-21.906969438094105	-48.81615777791323
17.3	4.7671321747275135	4.7671321747275135	4.7671321747275135	0.09109212816953867	37.4907098392476	16.334835361421828	9.60288709991513	3406.427557121459	603.9485751874508	0	0	0	0	-0.24112981060865837	-1.3203777665165866	0	-21.906961658506084	-48.81615715919493
17.4	4.7671321747275135	4.7671321747275135	4.7671321747275135	0.09109212816953907	37.490709839253086	16.334835361422893	9.602887099915119	3406.427557121334	603.948575187441	0	0	0	0	-0.24112924338603842	-1.3203776561162563	0	-21.906974552573107	-48.81615818078351
17.5	4.7671321747275135	4.7671321747275135	4.7671321747275135	0.09109212816953939	37.49070983925725	16.334835361423707	9.60288709991511	3406.4275571212393	603.9485751874334	0	0	0	0	-0.24112881103970238	-1.32037757191102	0	-21.90698438056716	-48.816158959981685
17.6	4.7671321747275135	4.7671321747275135	4.7671321747275135	0.0910921281695389	37.490709839250634	16.334835361422407	9.602887099915122	3406.4275571213902	603.9485751874455	0	0	0	0	-0.24112949839773368	-1.3203777058139936	0	-21.90696875576505	-48.81615772090309
17.7	4.7671321747275135	4.7671321747275135	4.7671321747275135	0.09109212816953896	37.490709839252155	16.334835361422705	9.60288709991512	3406.4275571213557	603.9485751874427	0	0	0	0	-0.24112934172662004	-1.320377675529626	0	-21.906972317481817	-48.81615800111433
17.8	4.7671321747275135	4.7671321747275135	4.7671321747275135	0.09109212816953931	37.49070983925748	16.334835361423757	9.602887099915113	3406.4275571212347	603.948575187433	0	0	0	0	-0.2411287884931675	-1.3203775679789087	0	-21.90698489371113	-48.81615899631412
17.9	4.7671321747275135	4.7671321747275135	4.7671321747275135	0.09109212816953895	37.49070983925216	16.334835361422712	9.60288709991512	3406.4275571213548	603.9485751874427	0	0	0	0	-0.24112934035887224	-1.3203776753206269	0	-21.906972348653344	-48.816158003035106
18	4.767132174727513	4.767132174727513	4.767132174727513	0.0910921281695387	37.490709839249405	16.334835361422158	9.602887099915128	3406.427557121417	603.9485751874477	0	0	0	0	-0.24112962740552252	-1.3203777312789813	0	-21.906965823660173	-48.81615748521537
18.1	4.7671321747275135	4.7671321747275135	4.7671321747275135	0.09109212816953884	37.49070983925202	16.33483536142267	9.602887099915124	3406.427557121358	603.948575187443	0	0	0	0	-0.24112935715730113	-1.3203776788502792	0	-21.906971967159254	-48.81615797034459
18.2	4.767132174727513	4.767132174727513	4.767132174727513	0.09109212816953863	37.49070983924817	16.334835361421913	9.602887099915131	3406.4275571214457	603.9485751874499	0	0	0	0	-0.24112975659712088	-1.3203777564575854	0	-21.90696288694487	-48.81615725222319
18.3	4.7671321747275135	4.7671321747275135	4.7671321747275135	0.09109212816953853	37.49070983924703	16.334835361421685	9.602887099915137	3406.427557121471	603.948575187452	0	0	0	0	-0.24112987623880547	-1.3203777797822345	0	-21.906960167304597	-48.81615703638469
18.4	4.7671321747275135	4.7671321747275135	4.7671321747275135	0.09109212816953859	37.490709839248765	16.334835361422016	9.602887099915133	3406.4275571214325	603.9485751874489	0	0	0	0	-0.24112969873260806	-1.3203777453753485	0	-21.906964202540863	-48.81615735475134
18.5	4.7671321747275135	4.7671321747275135	4.7671321747275135	0.09109212816953846	37.49070983924601	16.334835361421483	9.602887099915138	3406.4275571214957	603.9485751874539	0	0	0	0	-0.24112998424290646	-1.3203778007860218	0	-21.906957712122967	-48.81615684202671
18.6	4.7671321747275135	4.7671321747275135	4.7671321747275135	0.09109212816953843	37.490709839246826	16.33483536142164	9.602887099915137	3406.4275571214766	603.9485751874524	0	0	0	0	-0.2411299003354158	-1.3203777845860876	0	-21.906959619671593	-48.816156991916685
18.7	4.7671321747275135	4.7671321747275135	4.7671321747275135	0.09109212816953852	37.49070983924954	16.334835361422158	9.602887099915135	3406.427557121415	603.9485751874475	0	0	0	0	-0.24112962264963458	-1.3203777307801496	0	-21.906965932320578	-48.816157489781205
18.8	4.767132174727513	4.767132174727513	4.767132174727513	0.09109212816953843	37.490709839247174	16.334835361421703	9.602887099915137	3406.4275571214685	603.9485751874518	0	0	0	0	-0.24112986480111123	-1.3203777777178252	0	-21.906960427490304	-48.81615705546675
18.9	4.7671321747275135	4.7671321747275135	4.7671321747275135	0.09109212816953843	37.490709839248204	16.334835361421895	9.602887099915138	3406.4275571214457	603.94857518745	0	0	0	0	-0.24112976156166488	-1.3203777577995663	0	-21.90696277454462	-48.81615723976517
19	4.7671321747275135	4.7671321747275135	4.7671321747275135	0.09109212816953854	37.49070983925371	16.334835361422947	9.602887099915133	3406.42755712132	603.9485751874403	0	0	0	0	-0.24112919695552876	-1.3203776484890426	0	-21.906975609889347	-48.81615825120927
19.1	4.7671321747275135	4.7671321747275135	4.7671321747275135	0.09109212816953854	37.49070983925402	16.334835361423	9.602887099915133	3406.427557121313	603.9485751874398	0	0	0	0	-0.24112916538086915	-1.320377642372519	0	-21.90697632767878	-48.816158307807726
19.2	4.767132174727514	4.767132174727514	4.767132174727514	0.09109212816953845	37.490709839249334	16.334835361422112	9.602887099915135	3406.4275571214193	603.9485751874481	0	0	0	0	-0.2411296459951178	-1.3203777354947641	0	-21.90696540183824	-48.816157446149646
19.3	4.7671321747275135	4.7671321747275135	4.7671321747275135	0.09109212816953864	37.490709839255565	16.334835361423316	9.602887099915131	3406.427557121278	603.948575187437	0	0	0	0	-0.24112901060901634	-1.3203776126269926	0	-21.906979846444784	-48.81615858302055
19.4	4.7671321747275135	4.7671321747275135	4.7671321747275135	0.09109212816953878	37.4907098392598	16.33483536142413	9.602887099915126	3406.427557121182	603.9485751874294	0	0	0	0	-0.2411285791245845	-1.3203775291557405	0	-21.90698965559043	-48.81615935536546
19.5	4.7671321747275135	4.7671321747275135	4.7671321747275135	0.09109212816953853	37.49070983925142	16.33483536142252	9.602887099915135	3406.4275571213725	603.9485751874444	0	0	0	0	-0.24112943522578023	-1.3203776947992458	0	-21.906970193464876	-48.8161578226877
19.6	4.7671321747275135	4.7671321747275135	4.7671321747275135	0.0910921281695385	37.4907098392521	16.33483536142265	9.602887099915133	3406.4275571213566	603.9485751874431	0	0	0	0	-0.2411293683699609	-1.3203776819789614	0	-21.90697171347835	-48.81615794129645
19.7	4.7671321747275135	4.7671321747275135	4.7671321747275135	0.09109212816953857	37.49070983925528	16.334835361423252	9.602887099915131	3406.4275571212843	603.9485751874374	0	0	0	0	-0.2411290452365593	-1.320377619539751	0	-21.90697905951932	-48.81615851902698
19.8	4.767132174727514	4.767132174727514	4.767132174727514	0.09109212816953842	37.490709839249	16.33483536142205	9.602887099915137	3406.4275571214275	603.9485751874486	0	0	0	0	-0.24112968448578626	-1.3203777431327695	0	-21.906964527062605	-48.816157375450764
19.9	4.7671321747275135	4.7671321747275135	4.7671321747275135	0.09109212816953838	37.4907098392484	16.33483536142195	9.602887099915135	3406.4275571214407	603.9485751874496	0	0	0	0	-0.24112974665347633	-1.320377755213828	0	-21.906963113848956	-48.81615726366538
20	4.7671321747275135	4.7671321747275135	4.7671321747275135	0.09109212816953838	37.49070983924957	16.334835361422172	9.602887099915137	3406.427557121415	603.9485751874474	0	0	0	0	-0.241129629349699	-1.320377732572462	0	-21.90696578064042	-48.81615747315981
20.1	4.7671321747275135	4.7671321747275135	4.7671321747275135	0.09109212816953831	37.49070983924594	16.33483536142147	9.602887099915137	3406.4275571214966	603.9485751874541	0	0	0	0	-0.24112999755432948	-1.3203778037204137	0	-21.906957409954167	-48.81615681484699
20.2	4.7671321747275135	4.7671321747275135	4.7671321747275135	0.09109212816953825	37.49070983924713	16.334835361421675	9.602887099915138	3406.42755712147	603.9485751874522	0	0	0	0	-0.241129878422302	-1.3203777807493655	0	-21.90696011834668	-48.816157027383774
20.3	4.7671321747275135	4.7671321747275135	4.7671321747275135	0.09109212816953824	37.49070983924844	16.334835361421916	9.602887099915138	3406.4275571214403	603.9485751874498	0	0	0	0	-0.24112974631514286	-1.3203777552494473	0	-21.906963121683177	-48.81615726332279
20.4	4.7671321747275135	4.7671321747275135	4.7671321747275135	0.09109212816953824	37.490709839245724	16.3348353614214	9.602887099915138	3406.427557121502	603.9485751874547	0	0	0	0	-0.2411300213401269	-1.3203778083634812	0	-21.906956869282723	-48.81615677187883
20.5	4.7671321747275135	4.7671321747275135	4.7671321747275135	0.09109212816953828	37.49070983924871	16.334835361421945	9.602887099915138	3406.427557121434	603.9485751874496	0	0	0	0	-0.24112972334923335	-1.3203777508851637	0	-21.90696364387949	-48.816157303705026
20.6	4.7671321747275135	4.7671321747275135	4.7671321747275135	0.09109212816953831	37.49070983925221	16.33483536142259	9.602887099915138	3406.4275571213543	603.9485751874438	0	0	0	0	-0.24112937118850641	-1.3203776829330778	0	-21.906971649956304	-48.81615793244211
20.7	4.7671321747275135	4.7671321747275135	4.7671321747275135	0.09109212816953831	37.490709839248666	16.334835361421934	9.602887099915138	3406.4275571214353	603.9485751874498	0	0	0	0	-0.24112972848775907	-1.320377751881452	0	-21.90696352707346	-48.816157294491894
20.8	4.7671321747275135	4.7671321747275135	4.7671321747275135	0.09109212816953832	37.49070983925058	16.334835361422293	9.602887099915138	3406.4275571213916	603.9485751874465	0	0	0	0	-0.24112953863818234	-1.3203777153128764	0	-21.906967843223555	-48.81615763283448
20.9	4.7671321747275135	4.7671321747275135	4.7671321747275135	0.0910921281695384	37.49070983925808	16.334835361423686	9.602887099915137	3406.4275571212206	603.9485751874336	0	0	0	0	-0.24112878872923657	-1.3203775706900973	0	-21.906984891857977	-48.81615897095476
21	4.767132174727514	4.767132174727514	4.767132174727514	0.09109212816953839	37.49070983925819	16.334835361423707	9.602887099915138	3406.4275571212183	603.9485751874334	0	0	0	0	-0.24112877848510395	-1.320377568712426	0	-21.90698512474336	-48.81615898925106
21.1	4.7671321747275135	4.7671321747275135	4.7671321747275135	0.09109212816953834	37.49070983925102	16.334835361422375	9.60288709991514	3406.4275571213816	603.9485751874457	0	0	0	0	-0.24112949544190582	-1.3203777070237697	0	-21.90696882530281	-48.81615770951649
21.2	4.7671321747275135	4.7671321747275135	4.7671321747275135	0.09109212816953839	37.49070983925625	16.334835361423345	9.602887099915138	3406.4275571212625	603.948575187437	0	0	0	0	-0.2411289694141922	-1.3203776056560312	0	-21.906980784268388	-48.81615864740769
21.3	4.7671321747275135	4.7671321747275135	4.7671321747275135	0.09109212816953842	37.490709839258805	16.334835361423817	9.602887099915138	3406.4275571212042	603.9485751874325	0	0	0	0	-0.24112871387977344	-1.3203775564007512	0	-21.906986593692473	-48.81615910313527
21.4	4.7671321747275135	4.7671321747275135	4.7671321747275135	0.09109212816953835	37.49070983925013	16.33483536142222	9.602887099915138	3406.4275571214016	603.9485751874473	0	0	0	0	-0.24112958214663568	-1.320377723801512	0	-21.90696685420646	-48.81615755426606
21.5	4.7671321747275135	4.7671321747275135	4.7671321747275135	0.09109212816953832	37.49070983925069	16.334835361422336	9.60288709991514	3406.427557121389	603.9485751874463	0	0	0	0	-0.24112952477671018	-1.3203777127904002	0	-21.906968158546754	-48.81615765615052
21.6	4.7671321747275135	4.7671321747275135	4.7671321747275135	0.09109212816953831	37.49070983925115	16.33483536142242	9.60288709991514	3406.4275571213784	603.9485751874455	0	0	0	0	-0.24112947948730643	-1.320377704074368	0	-21.906969188198588	-48.816157736799404
21.7	4.767132174727513	4.767132174727513	4.767132174727513	0.09109212816953828	37.490709839246534	16.33483536142156	9.60288709991514	3406.427557121483	603.9485751874532	0	0	0	0	-0.24112994199796473	-1.3203777932151564	0	-21.90695867327921	-48.81615691202668
21.8	4.7671321747275135	4.7671321747275135	4.7671321747275135	0.0910921281695383	37.490709839247614	16.33483536142177	9.602887099915142	3406.4275571214594	603.9485751874514	0	0	0	0	-0.24112983201159746	-1.3203777720467713	0	-21.906961173802056	-48.81615710788269
21.9	4.7671321747275135	4.7671321747275135	4.7671321747275135	0.09109212816953828	37.490709839247465	16.334835361421742	9.602887099915142	3406.427557121463	603.9485751874518	0	0	0	0	-0.24112984707502957	-1.3203777749531302	0	-21.906960831350876	-48.81615708099162
22	4.767132174727514	4.767132174727514	4.767132174727514	0.09109212816953825	37.490709839245554	16.334835361421383	9.602887099915144	3406.427557121506	603.9485751874549	0	0	0	0	-0.24113003890265347	-1.3203778119196385	0	-21.906956470257906	-48.81615673896424
22.1	4.7671321747275135	4.7671321747275135	4.7671321747275135	0.09109212816953824	37.49070983924831	16.33483536142191	9.602887099915142	3406.4275571214434	603.9485751874502	0	0	0	0	-0.2411297601646262	-1.3203777582498877	0	-21.90696280729936	-48.81615723554296
22.2	4.7671321747275135	4.7671321747275135	4.7671321747275135	0.09109212816953824	37.490709839249305	16.3348353614221	9.602887099915142	3406.4275571214207	603.9485751874483	0	0	0	0	-0.24112966045952286	-1.3203777390498548	0	-21.906965074073696	-48.81615741319282
22.3	4.7671321747275135	4.7671321747275135	4.7671321747275135	0.09109212816953823	37.490709839246605	16.334835361421586	9.602887099915142	3406.4275571214816	603.9485751874532	0	0	0	0	-0.24112993215000114	-1.3203777913828227	0	-21.906958897298924	-48.8161569289838
22.4	4.767132174727514	4.767132174727514	4.767132174727514	0.09109212816953818	37.490709839251714	16.33483536142254	9.602887099915144	3406.4275571213657	603.9485751874444	0	0	0	0	-0.24112941506834906	-1.3203776918483887	0	-21.906970653027873	-48.81615784990346
22.5	4.7671321747275135	4.7671321747275135	4.7671321747275135	0.09109212816953813	37.49070983925667	16.334835361423465	9.602887099915144	3406.4275571212524	603.9485751874357	0	0	0	0	-0.24112891512348072	-1.3203775956010175	0	-21.906982019138216	-48.81615874041154
22.6	4.7671321747275135	4.7671321747275135	4.7671321747275135	0.09109212816953818	37.49070983925162	16.334835361422517	9.602887099915142	3406.427557121367	603.9485751874444	0	0	0	0	-0.24112942552119382	-1.3203776938613763	0	-21.90697041537197	-48.816157831269294
22.7	4.7671321747275135	4.7671321747275135	4.7671321747275135	0.09109212816953816	37.4907098392524	16.334835361422687	9.602887099915144	3406.4275571213498	603.9485751874429	0	0	0	0	-0.24112934611683323	-1.3203776786173906	0	-21.90697222065978	-48.81615797230358
22.8	4.7671321747275135	4.7671321747275135	4.7671321747275135	0.09109212816953804	37.49070983926055	16.334835361424254	9.602887099915145	3406.427557121164	603.9485751874283	0	0	0	0	-0.24112852111536986	-1.3203775198454277	0	-21.906990976920916	-48.81615944130681
22.9	4.7671321747275135	4.7671321747275135	4.7671321747275135	0.09109212816953806	37.49070983925961	16.33483536142408	9.602887099915147	3406.4275571211856	603.9485751874298	0	0	0	0	-0.24112861565196875	-1.3203775380400755	0	-21.90698882764498	-48.816159272963745
23	4.7671321747275135	4.7671321747275135	4.7671321747275135	0.09109212816953816	37.49070983925116	16.334835361422467	9.602887099915144	3406.427557121378	603.9485751874449	0	0	0	0	-0.24112947000187349	-1.320377702489319	0	-21.906969404184935	-48.81615775142785
23.1	4.7671321747275135	4.7671321747275135	4.7671321747275135	0.0910921281695381	37.490709839254194	16.334835361423057	9.602887099915145	3406.4275571213084	603.9485751874395	0	0	0	0	-0.24112915987509548	-1.320377642838544	0	-21.90697645491264	-48.81615830333277
23.2	4.7671321747275135	4.7671321747275135	4.7671321747275135	0.09109212816953809	37.49070983925336	16.334835361422897	9.602887099915145	3406.4275571213275	603.948575187441	0	0	0	0	-0.24112924365188454	-1.3203776589639458	0	-21.906974550271	-48.81615815414012
23.3	4.767132174727513	4.767132174727513	4.767132174727513	0.09109212816953818	37.49070983924765	16.334835361421796	9.602887099915142	3406.427557121458	603.948575187451	0	0	0	0	-0.2411298239072516	-1.3203777706268258	0	-21.90696135825853	-48.81615712100673
23.4	4.7671321747275135	4.7671321747275135	4.7671321747275135	0.09109212816953823	37.49070983924869	16.334835361421998	9.602887099915142	3406.4275571214343	603.948575187449	0	0	0	0	-0.24112971933647948	-1.320377750522641	0	-21.906963735685466	-48.81615730701355
23.5	4.7671321747275135	4.7671321747275135	4.7671321747275135	0.09109212816953824	37.49070983924693	16.33483536142166	9.60288709991514	3406.427557121475	603.9485751874522	0	0	0	0	-0.24112989755771225	-1.3203777848117555	0	-21.90695968384445	-48.81615698976121
23.6	4.767132174727514	4.767132174727514	4.767132174727514	0.09109212816953827	37.49070983924571	16.33483536142143	9.60288709991514	3406.427557121502	603.9485751874545	0	0	0	0	-0.24113002096649297	-1.320377808561644	0	-21.906956878168398	-48.81615677001969
23.7	4.7671321747275135	4.7671321747275135	4.7671321747275135	0.09109212816953828	37.49070983924766	16.33483536142181	9.60288709991514	3406.427557121458	603.948575187451	0	0	0	0	-0.24112982130848334	-1.3203777701616581	0	-21.90696141739274	-48.816157125303
23.8	4.7671321747275135	4.7671321747275135	4.7671321747275135	0.09109212816953828	37.49070983924643	16.334835361421565	9.602887099915138	3406.4275571214853	603.9485751874531	0	0	0	0	-0.24112994701821552	-1.3203777943424313	0	-21.9069585593882	-48.816156901575276
23.9	4.7671321747275135	4.7671321747275135	4.7671321747275135	0.09109212816953825	37.49070983924363	16.334835361421028	9.60288709991514	3406.4275571215494	603.9485751874582	0	0	0	0	-0.24113023245438553	-1.320377849247104	0	-21.90695207001515	-48.8161563935836
24	4.7671321747275135	4.7671321747275135	4.7671321747275135	0.09109212816953824	37.490709839242754	16.33483536142086	9.602887099915142	3406.4275571215694	603.9485751874597	0	0	0	0	-0.24113032070156343	-1.3203778662225671	0	-21.906950063719496	-48.816156236522176
